START 364 -1688 9244 551 182 -1568 END
START -1984 3404 20316 714 132 -3578 END
START -504 3268 18628 635 -29 -4127 END
START 348 3032 17852 955 35 -4326 END
START -212 2472 17932 1400 232 -4794 END
START -48 1984 17688 1937 627 -5723 END
START 12 1416 17032 2733 1535 -6911 END
START 1092 1372 15624 3900 2044 -7629 END
START 588 764 16500 5293 1085 -8027 END
START 664 1308 19312 4664 1275 -8279 END
START 776 1068 18852 2351 1031 -8446 END
START 824 232 16236 1579 780 -8638 END
START 1476 8 14876 2316 902 -8764 END
START 676 -1560 15300 3000 620 -9042 END
START 1024 -2632 15312 3233 72 -9414 END
START 1760 -4396 15348 3371 -492 -9466 END
START 3092 -6016 15956 3277 -685 -8893 END
START 4612 -7268 15768 3193 -568 -7284 END
START 4880 -8480 16912 3009 -860 -5139 END