START 9880 -8964 188 -172 63 3451 END
START 496 -2204 18772 1364 -544 2703 END
START 1292 -1548 17864 1472 -920 2678 END
START 1444 -76 18360 1499 -974 2387 END
START 1664 1692 19836 1886 -824 2066 END
START 2108 3388 21144 1396 -968 2096 END
START 1660 4536 21808 447 -978 1548 END
START 720 5600 20804 65 -257 277 END
START 196 5904 19520 945 1035 -1717 END
START 1012 5944 18804 2268 2121 -3468 END
START 1872 5900 19204 3232 3177 -4463 END
START 2552 5384 19124 3675 3059 -4580 END
START 1648 4416 19236 3305 2752 -4816 END
START 1088 3632 17936 2873 2262 -5760 END
START 1140 2720 16400 3537 2366 -6592 END
START 408 1580 17344 3936 2310 -7715 END
START 784 112 17120 3829 1479 -8207 END
START -1100 -1904 16708 3584 1285 -8897 END
START -796 -3456 17088 3148 1002 -10550 END
START 504 -4928 15740 3142 1462 -11307 END
START 1244 -5884 15548 3618 2083 -10961 END
START 716 -7136 15328 3800 1931 -10567 END
START 2196 -8316 14664 3896 1717 -9818 END
START 2684 -9168 16380 3028 1017 -8435 END
START 1004 -9240 16668 1427 -384 -7642 END
START 2688 -8532 15116 808 -201 -7018 END
START 3440 -8696 16364 -143 -550 -5461 END
START 2936 -9072 16692 -1959 -382 -4045 END
START 3532 -9588 14892 -3047 -158 -2611 END
START 3816 -9804 13216 -1812 441 -952 END
START 3716 -9856 13800 -406 860 773 END
START 3836 -9428 14076 536 1048 2711 END