START 3460 920 8880 1628 220 -2956 END
START -408 2124 19492 2357 863 -3999 END
START 1096 2156 18300 2759 1193 -3593 END
START -784 1532 18544 2622 1472 -4049 END
START -880 1236 18452 2534 1160 -5178 END
START -648 1148 18672 2615 1367 -6241 END
START 928 1364 17732 2732 1518 -6448 END
START 204 1184 18816 2667 1534 -6696 END
START -72 468 18448 2174 1368 -7309 END
START 180 -68 17852 2164 1028 -7680 END
START 100 -412 17712 1997 768 -8063 END
START -12 -976 17056 2263 584 -8223 END
START -380 -1624 16748 2435 714 -8658 END
START 212 -2208 16504 2943 886 -9044 END
START 1164 -2900 15668 3641 1541 -9028 END
START 1272 -3648 16388 4233 1719 -8503 END
START 2004 -4352 16928 4124 1970 -7814 END
START 2120 -5888 18056 3251 2080 -6550 END
START 2080 -6904 18540 1516 2418 -5645 END