START -2984 -6700 16048 -1522 -47 -1242 END
START -1076 5220 19556 -1666 -933 -2547 END
START -1004 5956 18388 -1561 -1886 -4478 END
START -1792 5108 16572 -899 -946 -7560 END
START 892 4700 15816 1101 160 -8874 END
START 1272 4112 18636 1427 539 -9180 END
START 1712 3092 18496 654 587 -9212 END
START 1608 1788 17588 458 565 -9040 END
START 660 776 16812 559 966 -9606 END
START -672 -508 16712 784 753 -10863 END
START -124 -1920 16036 1207 740 -11994 END
START 692 -3252 17716 1132 296 -12503 END
START 3276 -4464 18032 164 -75 -12172 END
START 5788 -6444 16020 -218 206 -10596 END
START 7760 -8356 14268 983 983 -7916 END
START 7204 -10292 14548 2351 2106 -4928 END
START 6240 -11508 16200 2920 2473 -2480 END