START -100 -5800 10448 -2090 1209 -3235 END
START 1604 4144 19764 -1143 371 -4404 END
START 2244 3508 19440 -920 569 -5079 END
START 2724 2352 17964 291 2055 -5251 END
START 3288 2068 17148 2220 3205 -5133 END
START 1624 1444 18844 2960 3247 -5256 END
START -916 836 19736 1911 2541 -6417 END
START -884 -16 17636 1012 2201 -8073 END
START 536 -644 16276 955 2341 -8856 END
START 1216 -1644 14648 2013 2356 -9074 END
START 856 -2516 15096 3083 2024 -9323 END
START 736 -3272 15528 3198 2092 -9741 END
START -32 -4232 15924 2904 1600 -10080 END
START 3968 -5316 10100 4098 890 -9955 END
START 4140 -4780 15632 4418 -904 -7995 END
START 4028 -6928 16260 3236 -2376 -7027 END
START 3580 -7232 17976 2223 -1931 -5037 END
START 4600 -8032 15360 1619 -1896 -2936 END
START 2732 -11368 15504 1206 -1058 -2036 END
START 3560 -11632 14224 2778 409 -1394 END