START -2820 -9240 10828 9658 3490 1750 END
START -3268 5716 23384 5619 1224 -2222 END
START -760 5264 20596 2901 173 -3417 END
START -92 5176 18520 2432 370 -3174 END
START -572 5668 19708 2073 215 -3097 END
START -612 6024 19940 1446 -75 -3216 END
START -2828 5500 19568 640 -21 -4348 END
START -2808 4676 17848 486 320 -6760 END
START -1276 4036 17168 1562 936 -8017 END
START -88 3752 17472 1734 956 -8141 END
START -816 2676 17908 1555 -76 -8312 END
START -1348 1756 17680 846 -787 -9010 END
START -1364 700 16104 675 -789 -10195 END
START -864 -452 15488 1257 -1022 -11348 END
START -44 -1588 15400 1770 -1285 -12355 END
START 408 -2632 13804 2820 -1259 -12991 END
START 1064 -3484 17072 3383 -1523 -13654 END
START 3172 -4648 15316 2324 -85 -13020 END
START 4656 -6500 14244 2431 -270 -11640 END
START 5680 -7976 14028 3021 -265 -9271 END
START 5212 -8512 16544 3635 -993 -6825 END
START 3956 -7676 18400 3035 -1501 -4719 END