START -3948 -11596 11592 -937 223 -4741 END
START 556 4416 18920 1822 1101 -5731 END
START 448 4368 19304 1432 1030 -5362 END
START 1148 5036 20864 326 -30 -5731 END
START 1188 6060 22212 -1643 -1354 -6526 END
START 1860 6688 22016 -3800 -2218 -8720 END
START 1856 4148 17736 -3367 -321 -10777 END
START 812 892 15088 -673 2146 -12578 END
START 972 -1336 14548 2189 3395 -13610 END
START 1476 -2728 15412 3644 3234 -13766 END
START 1720 -3788 15740 4434 2548 -13087 END
START 208 -4708 16508 4420 2801 -12418 END
START -636 -5744 17424 3866 2029 -12915 END
START 1344 -6888 16324 3544 1130 -12859 END
START 2840 -7552 17380 3177 903 -12007 END
START 4216 -7748 17236 2399 1392 -10272 END
START 4168 -8672 17008 1813 1430 -8237 END
START 3572 -9312 16992 1259 1362 -6536 END
START 3652 -9712 16748 922 1487 -5026 END