START -56 484 14896 -746 762 -1972 END
START -620 1892 20076 700 1919 -3259 END
START 692 3420 20104 131 1893 -4310 END
START 1564 3168 19204 -387 1921 -5627 END
START 1444 2504 18164 -799 2037 -6465 END
START 1836 2144 17188 -222 1715 -6897 END
START 924 1344 16500 689 1660 -7612 END
START 536 292 17464 1352 1603 -8699 END
START 2004 -392 17280 1045 1939 -9414 END
START 2952 -1676 16248 1284 1403 -9561 END
START 2484 -3124 16276 1833 1502 -9455 END
START 2040 -4748 16292 2160 1525 -9297 END
START 2404 -6016 15924 2594 1823 -8905 END
START 3180 -7016 15260 3405 2362 -7959 END
START 3524 -7460 14532 4387 3121 -6384 END
START 2612 -7640 15600 5219 3348 -4515 END
START 5412 -6636 17588 3941 6754 -2645 END
START -1268 -7868 21016 2421 580 -2537 END
START 1548 -9124 14916 1931 909 -2419 END