START 604 -11676 8344 4 257 -737 END
START -1124 1396 20872 432 -760 -2489 END
START 836 1836 18328 434 -952 -3232 END
START 1812 2372 17896 954 -777 -3512 END
START 2484 2720 17780 1563 -336 -3651 END
START 2436 2824 17796 1533 888 -4138 END
START 2076 2848 17828 1408 1992 -4831 END
START 1864 2128 16376 1984 3205 -5649 END
START 1756 1504 14940 3930 4601 -6299 END
START 856 1028 15960 6325 5751 -7171 END
START 692 916 18320 6651 5475 -7799 END
START 76 304 19244 5175 4196 -8141 END
START -1600 -672 19556 3162 2652 -9106 END
START -636 -1868 16728 2408 1948 -10454 END
START 760 -2884 15844 3336 2438 -11176 END
START 1648 -3388 16916 3706 2767 -11277 END
START 1904 -4052 17008 3755 2751 -10853 END
START 1556 -4680 18944 2760 2444 -10248 END
START 1996 -5908 19944 157 1922 -9492 END
START 3588 -7388 17564 -1379 2158 -7988 END
START 4664 -8600 16276 -1480 3303 -5804 END
START 5244 -9400 14528 -661 4447 -3254 END