START 2616 -4544 7520 256 1401 -1071 END
START 220 3340 17536 1618 906 -2617 END
START 912 3044 15780 3636 1997 -2490 END
START -1536 2880 18740 4050 2275 -3751 END
START -1184 2744 19360 3082 1568 -5687 END
START -1808 1940 19208 2325 1440 -7240 END
START -1080 1300 18600 1808 1768 -8592 END
START 224 300 18240 1819 1971 -9262 END
START 1176 -992 17968 2250 2234 -9374 END
START 1920 -1676 18140 2625 2798 -9248 END
START 1600 -2368 17980 2980 3054 -8989 END
START 984 -2580 18036 3164 3248 -9071 END
START 1160 -2776 17904 2904 2787 -8979 END
START 1288 -3068 17108 2911 2191 -8600 END
START 928 -3380 17376 2828 1513 -8414 END
START 1496 -3964 16564 2853 1334 -8183 END
START 1388 -4608 16628 3277 1355 -7626 END
START 1488 -4840 16908 2913 687 -7351 END
START 2504 -5700 17232 2297 -417 -6575 END
START 3156 -7060 17136 1685 -515 -5016 END
START 3016 -7396 15524 1326 1470 -3476 END