START 3436 -2084 8972 18 313 -2715 END
START 1408 2856 18392 2444 951 -3729 END
START 2412 4148 20232 2604 845 -4039 END
START 4064 4760 20776 1932 1157 -3934 END
START 4028 4636 19336 1006 1806 -3412 END
START 1540 3932 19544 804 2221 -4009 END
START -1004 2352 17648 982 3411 -5893 END
START -476 1440 16876 1843 4267 -8439 END
START -12 760 17332 2848 5433 -10059 END
START 420 604 18924 2583 5608 -10964 END
START 776 -136 18136 1549 5165 -11308 END
START -328 -1744 18300 336 4041 -11523 END
START -84 -3456 17192 -861 3026 -11819 END
START 1488 -5212 14760 -527 2995 -11580 END
START 2808 -6776 13872 829 3534 -10599 END
START 3032 -8388 13628 2345 4168 -9113 END
START 3072 -9492 14364 3640 4000 -7389 END