START 956 3352 9960 -3 644 -3372 END
START 308 2608 17312 2477 1291 -3793 END
START 932 3072 19204 3020 1138 -3784 END
START -552 2772 20692 1832 805 -5037 END
START 104 2012 18520 1181 892 -6549 END
START 1032 1564 17508 1860 1640 -7307 END
START 1304 1440 17924 2518 2418 -7590 END
START 1088 940 17748 2455 2470 -8089 END
START 716 -52 16660 2928 2535 -8543 END
START -204 -520 17808 2866 2110 -9129 END
START -712 -1624 17684 2495 1163 -9986 END
START -480 -2632 16636 1915 896 -10893 END
START 4 -3804 15340 2212 747 -11513 END
START 548 -5024 14296 3329 627 -11803 END
START 1628 -5816 14040 4279 497 -11506 END
START 2416 -6792 16200 4584 -272 -10261 END
START 3552 -7700 16016 3987 -969 -8136 END
START 4692 -8664 14976 3802 -669 -5322 END
START 4708 -9532 15224 4494 -494 -2616 END