START 5120 -7660 3712 908 204 307 END
START 308 2380 19868 1956 129 -743 END
START 84 2876 20548 2140 28 -1904 END
START 824 2860 21104 2075 596 -3372 END
START 1256 3204 19284 2097 451 -4678 END
START 3060 4100 19960 3249 1101 -5446 END
START 3644 4160 19056 4169 2577 -5421 END
START 2952 4040 19980 5172 3414 -5388 END
START 600 3340 20944 5026 3995 -6858 END
START 800 3096 19736 4262 4312 -8834 END
START 932 1612 18736 3852 4278 -10345 END
START 1124 -56 17668 3454 3554 -11396 END
START 2032 -2244 15908 3536 3523 -12089 END
START 3028 -4476 14808 4406 3686 -12043 END
START 6640 -4924 10252 4821 2196 -11241 END
START 4480 -7160 14996 3962 -521 -8811 END
START 1728 -10916 17184 3253 1347 -7780 END
START 4744 -12500 15568 3522 2563 -6343 END
START 5012 -13368 14940 3731 995 -4856 END
START 3920 -14900 17212 3301 922 -2516 END