START -2064 -12452 13132 1598 1002 -145 END
START -1572 3508 18276 2485 231 -2470 END
START 308 3844 17908 3812 1084 -4227 END
START 2144 3820 18488 4046 2262 -4109 END
START 1920 3684 18412 4277 2612 -3199 END
START 884 3932 18348 4408 2034 -2862 END
START -1268 4132 18908 3560 1665 -3784 END
START -1964 3316 16996 3376 1554 -6112 END
START -1712 2036 16832 3976 1471 -7691 END
START -464 1504 17928 3725 868 -8510 END
START 508 844 17852 3258 452 -8874 END
START 704 -152 17532 2772 180 -9133 END
START 264 -1492 17208 2406 254 -9959 END
START 544 -2852 16988 2128 493 -10666 END
START 1140 -4056 17148 1751 658 -10924 END
START 1836 -4828 17744 809 714 -10926 END
START 2532 -5784 17932 -785 969 -10449 END
START 2620 -7204 16456 -1977 1789 -9626 END
START 3228 -8548 15532 -2116 2397 -8582 END
START 3452 -9772 16740 -2103 3178 -7211 END