START -1076 -16340 8476 2824 582 -181 END
START 948 3320 20804 3512 -216 437 END
START -204 3916 21820 2778 -76 747 END
START -1204 3988 21272 1965 -798 77 END
START -1376 3864 19460 1621 -251 -1559 END
START -1192 3664 18368 2794 1379 -3216 END
START -968 3648 18392 3815 2596 -4473 END
START -400 3844 18888 3917 2785 -5463 END
START -680 3024 19640 3604 2103 -6382 END
START 88 2424 18604 2784 1867 -6972 END
START -808 924 16828 2521 1732 -7984 END
START -812 -312 16040 3251 1475 -8953 END
START 72 -1156 15992 3736 1347 -9674 END
START 708 -2196 15376 3987 1536 -9956 END
START 908 -3448 14876 4543 1366 -9993 END
START 1956 -4256 15552 4630 1051 -9463 END
START 2556 -4576 16304 3901 724 -8454 END
START 2072 -5280 16128 1957 1155 -8029 END
START 1588 -6524 15584 114 1379 -8204 END
START 1392 -8492 15840 -1469 747 -8652 END
START 3936 -8644 15748 -2841 -424 -8278 END