START -1696 -8268 12144 -2013 289 -1171 END
START 752 3776 17272 927 551 -1061 END
START -748 4044 19016 1311 505 -1125 END
START -1180 3860 19724 694 195 -2331 END
START -924 3264 18128 694 410 -3781 END
START 116 3096 17872 1438 1001 -5047 END
START 1592 2804 18056 2308 1397 -5516 END
START 1700 2288 18356 2939 1288 -5209 END
START 284 2144 19836 2542 1208 -5789 END
START -464 1792 19824 1449 1167 -7420 END
START 1236 1440 17628 1171 1671 -8727 END
START 1704 916 17408 1731 2100 -9118 END
START 1460 832 16556 2040 2254 -9335 END
START -620 688 17868 1622 1638 -10199 END
START -1980 -48 18096 491 1513 -11812 END
START -1372 -1468 16312 -124 2116 -13794 END
START -308 -3200 15080 817 2903 -15017 END
START 1160 -4464 15076 1834 3443 -15486 END
START 1944 -5556 14964 2424 4021 -15371 END
START 2836 -6680 15360 2444 3828 -14270 END
START 4064 -8380 14808 2168 3515 -12283 END
START 5568 -8884 14488 2197 3169 -9688 END
START 6116 -10004 14172 2840 2873 -6466 END
START 4836 -10360 14792 3287 2264 -3400 END