START 6628 -9944 2476 -427 -832 1139 END
START 2396 3984 18544 1446 -881 415 END
START 236 4916 18828 1699 173 270 END
START -480 5936 18808 1718 194 -1621 END
START -312 6368 18188 2449 -74 -3907 END
START 1772 7332 17736 3626 308 -5096 END
START 1196 6860 19168 3921 557 -5925 END
START 1336 6380 20020 3280 -43 -6834 END
START 1036 5804 19924 2328 -219 -8169 END
START 1260 4656 17636 2350 365 -9606 END
START 924 3360 17120 3399 1633 -10878 END
START 1396 2212 17696 3804 2050 -11893 END
START 1284 332 17952 3818 1826 -12546 END
START 900 -1392 19048 2853 1112 -13368 END
START 1772 -3496 17332 2143 780 -13994 END
START 2896 -5320 16512 2385 1079 -14037 END
START 3556 -6900 15520 3068 1580 -13255 END
START 3388 -8508 15232 3830 1766 -12406 END
START -1112 -10260 17868 4600 -650 -11808 END
START 4380 -10920 13380 6506 490 -9252 END
START 6252 -10556 15368 7420 2173 -6317 END
START 8620 -8492 16464 6582 46 -3231 END
START 3260 -10708 22972 4095 -2434 1784 END
START 2872 -8664 19412 1807 -1904 2762 END
START -1524 -8320 16544 540 -486 1072 END
START -544 -7332 16248 418 2216 -1382 END