START 2748 -14352 2340 -465 -245 1140 END
START 1272 3016 16624 2210 -939 42 END
START 1048 4016 18480 4314 -114 -14 END
START 828 4784 20072 4177 475 -814 END
START 696 4652 20116 2940 350 -1593 END
START 920 4388 18820 2402 314 -2166 END
START -216 3820 17700 2827 630 -3094 END
START -544 3592 17244 3617 1377 -4343 END
START -420 3184 17360 4152 1814 -5512 END
START -1364 2484 19064 3639 1476 -7048 END
START -68 2028 18260 2476 917 -8341 END
START -660 644 17116 2305 1068 -9188 END
START -712 -844 16636 2349 931 -10287 END
START 460 -2308 16244 2436 579 -11018 END
START 1540 -4080 15716 2641 498 -10979 END
START 1900 -5568 15720 2588 258 -10533 END
START 1928 -6884 16520 2051 -222 -9886 END
START 2800 -8136 16608 1438 -501 -9072 END
START 3724 -9012 16808 963 -318 -7631 END
START 4108 -8800 16428 628 493 -5994 END
START 4268 -8876 16052 788 1167 -4781 END
START 3380 -8440 14592 1106 1923 -3283 END