START 2672 -12148 12072 637 1660 -3624 END
START 2236 2100 19572 2809 983 -2125 END
START -564 2304 21132 1267 255 -2257 END
START -1100 2328 18416 384 -5 -4037 END
START 892 2472 16368 1599 1138 -5178 END
START 1252 2816 17564 3009 1623 -5226 END
START 2108 3028 18436 3173 884 -4883 END
START 2272 3104 19356 2708 -175 -4348 END
START 392 2480 19184 1525 -432 -4943 END
START 300 1716 17708 1453 -10 -6672 END
START 1512 968 17584 1757 893 -7727 END
START 2492 700 18584 1756 1246 -8056 END
START 2244 -388 17684 1342 1719 -7801 END
START 1392 -1684 17248 1271 1785 -7927 END
START 1552 -3152 17044 1308 1710 -8159 END
START 596 -6000 22864 1110 1505 -7229 END
START 3124 -5796 17324 355 423 -6411 END
START 1764 -8116 18552 -301 1343 -5186 END
START 1740 -8764 16204 -175 2491 -4080 END
START 1236 -9768 15420 1003 1730 -3510 END
START 4108 -10280 12740 2580 1975 -2640 END