START -1268 -1984 9828 -986 -601 -2688 END
START 780 2568 15836 2900 742 -2934 END
START 384 3416 19952 3542 754 -2564 END
START -292 3336 20484 1127 87 -2970 END
START -668 2512 17980 705 -384 -3862 END
START -672 1944 17020 993 -652 -5223 END
START 40 1452 16592 1859 -192 -6295 END
START 108 548 16704 2920 443 -6910 END
START -80 -192 17616 2982 320 -7489 END
START 188 -548 17092 2849 124 -7990 END
START 108 -1200 17532 2545 -44 -8545 END
START 104 -2608 16904 2547 -2 -8838 END
START 640 -3288 16944 2308 108 -8960 END
START 1164 -4560 16420 2355 237 -8850 END
START 2276 -5372 16680 2354 411 -8336 END
START 3404 -6060 17496 1407 1007 -7135 END
START 3740 -7636 17872 -232 1533 -5481 END
START 3664 -9132 17032 -1491 2435 -3843 END
START 2916 -10296 15916 -1697 2350 -2568 END