START -3328 -11268 10888 594 878 -3546 END
START 60 3916 17084 3551 1712 -5437 END
START -516 3756 17860 4647 2565 -6190 END
START -932 3732 20784 3310 1734 -7346 END
START -964 3016 20148 1301 533 -8280 END
START -488 2036 18328 162 -171 -9431 END
START -248 776 16956 655 248 -10515 END
START -68 356 17232 890 704 -11541 END
START 232 -276 17612 992 542 -12141 END
START 932 -796 17108 950 338 -12370 END
START 416 -1376 17808 479 532 -12558 END
START 640 -2020 16692 34 793 -13075 END
START 476 -2900 16424 426 603 -13530 END
START 112 -3832 16740 177 899 -14006 END
START 268 -5028 16060 -15 996 -14579 END
START 1484 -6156 15808 343 889 -14626 END
START 2840 -7448 16440 147 1173 -14118 END
START 4812 -8512 15548 -76 1247 -12418 END
START 6192 -9748 15236 122 1216 -9472 END
START 6424 -10620 15224 147 1222 -6273 END
START 6300 -11032 14684 616 812 -2975 END