START -124 -11416 7332 248 -206 -649 END
START -748 3968 18488 2370 -639 -2483 END
START -1644 3576 18228 3214 263 -3545 END
START -656 4376 19336 3048 390 -5106 END
START 940 4288 18896 2709 189 -6051 END
START 1044 3560 18476 3136 292 -6480 END
START 560 2384 18272 3089 950 -7078 END
START -16 1996 17716 3411 1982 -7729 END
START 116 1624 18256 4104 2431 -9095 END
START 648 1304 18796 4028 3097 -10599 END
START 1660 872 18844 3493 2845 -10952 END
START 1688 -520 18364 2786 2489 -11104 END
START 1648 -2348 17644 2423 1731 -11424 END
START 2212 -4480 17304 2122 1270 -11777 END
START 2928 -6124 16692 1820 1380 -11692 END
START 4280 -7084 15548 2043 1789 -11001 END
START 4512 -8432 14832 2969 1849 -9468 END
START 4276 -9560 14832 3834 2164 -7659 END
START 4416 -9992 16372 3776 1834 -5977 END
START 3008 -9536 17400 2576 1875 -4724 END
START -672 -9024 19128 1666 825 -5346 END
START 1900 -10376 14560 2233 3792 -5706 END
START 448 -8816 14908 3307 4556 -6179 END