START 3372 -1992 6948 308 -1251 -1129 END
START -352 1524 17264 2174 -891 -2234 END
START -940 1272 18048 2621 -696 -2969 END
START -524 1232 18816 2351 -860 -3837 END
START 424 1160 19056 1992 -865 -4350 END
START 96 1232 19364 1519 -399 -4996 END
START 824 1244 18432 1687 185 -5865 END
START 1744 1292 17564 2588 1324 -6174 END
START 1544 928 17952 3680 2175 -6189 END
START 1316 864 18952 3722 2347 -6258 END
START 1064 912 19476 2685 2306 -6495 END
START 796 716 18372 1793 2237 -7037 END
START 636 156 17472 1504 2082 -7731 END
START 696 -848 16624 2022 2120 -8416 END
START 444 -1968 17008 2428 1825 -8684 END
START -4 -2848 17340 2359 1042 -8938 END
START -484 -3924 16464 2199 562 -9505 END
START 592 -4764 15268 2755 957 -9931 END
START 1560 -5808 12980 4418 1907 -9922 END
START 1684 -7396 12092 7495 4068 -10066 END
START 2840 -8016 15328 9588 5727 -10214 END