START -2776 -9500 14616 793 2702 -4354 END
START 700 2028 18564 2344 3526 -5592 END
START -292 1624 17672 2403 3746 -6253 END
START -1676 788 17824 2219 3346 -7468 END
START -1944 -8 16040 2487 2923 -8603 END
START -2076 80 17040 3206 2507 -10099 END
START -1728 -380 17384 3422 2694 -11743 END
START -1200 -860 17504 3512 3042 -12995 END
START -180 -1368 16680 3425 3101 -13928 END
START -96 -2180 16840 3148 3140 -14512 END
START -8 -3300 17236 2757 2370 -14827 END
START 236 -3996 17624 1787 1713 -14961 END
START 1352 -4704 17304 476 1281 -14973 END
START 2688 -6336 16128 -671 994 -14268 END
START 4636 -7888 13740 -522 1876 -12511 END
START 4796 -9416 13468 817 2837 -10011 END
START 4868 -10260 13768 1974 3076 -7610 END