START -1608 -5820 13560 -1348 -734 -1500 END
START -1724 4216 18052 -307 -38 -3046 END
START -2576 4008 17984 441 1166 -4524 END
START -1408 4284 18332 1109 1482 -5986 END
START -156 4032 17764 1781 2033 -6307 END
START -1016 3700 19232 1643 2555 -6637 END
START -1704 3468 19104 690 1741 -7552 END
START -1472 2900 18316 199 1014 -8805 END
START -504 1924 16756 982 1136 -9646 END
START 748 1396 16836 1882 1768 -9842 END
START 484 620 16292 2459 2361 -9855 END
START -676 -300 16616 3079 2638 -10469 END
START -1128 -1524 16544 3055 2725 -11428 END
START -728 -2732 16376 2827 2366 -12472 END
START 392 -3788 16412 2864 1817 -12962 END
START 1496 -4924 16428 2463 1296 -12801 END
START 2380 -6416 16452 2328 1008 -12021 END
START 4188 -8040 16192 2422 532 -10251 END
START 6368 -9120 15668 2932 993 -7392 END
START 6636 -9696 16716 3146 686 -3701 END