START 2080 -10144 8468 265 -981 2561 END
START 1888 1584 19736 979 -1640 2249 END
START 1588 2288 19992 1097 -1409 2733 END
START 312 3280 20708 846 -979 2124 END
START -84 3824 20336 839 -404 556 END
START 432 4072 20036 1439 368 -892 END
START 1256 4328 19436 2078 1281 -1949 END
START 1000 4132 19420 2711 2194 -2833 END
START 1612 4284 18536 2943 2506 -3515 END
START 1500 3956 18416 3545 2670 -3913 END
START 1140 3752 18540 3802 2765 -4689 END
START 680 3300 17696 3760 2896 -5704 END
START 732 2440 16336 4332 3221 -6720 END
START 228 1460 15744 5172 3347 -7495 END
START -788 -240 15812 5753 3268 -8590 END
START -464 -2048 15864 5695 2827 -9917 END
START 1668 -3524 14584 5847 2654 -10412 END
START 2176 -4604 13812 6546 2026 -9742 END
START 1280 -5496 14104 7287 1303 -9008 END
START 680 -6480 16140 6943 583 -8831 END
START 1316 -7792 18252 5190 -160 -8898 END
START 2836 -8764 18648 3190 70 -8444 END
START 4908 -9892 17172 1955 961 -7557 END
START 15664 -3812 20604 682 5755 -1755 END
START 7196 -12148 16728 1514 30 631 END