START -3636 -13724 15228 854 -952 -400 END
START 828 2840 19060 1652 -953 -2066 END
START 540 3140 19116 1804 -325 -2199 END
START -32 2756 18252 2312 484 -3134 END
START 364 2592 17976 3260 1070 -4138 END
START 704 2420 19524 3374 1397 -5049 END
START 832 2180 19552 2879 1871 -6088 END
START 844 1528 18652 2661 2675 -6985 END
START 428 956 18212 2631 3334 -8073 END
START 896 192 18068 2643 3729 -8912 END
START 2088 -300 16988 3152 3709 -9014 END
START 1456 -208 17004 3854 4011 -8842 END
START -300 -148 17936 3779 4073 -9667 END
START -1896 -1308 17668 3058 3791 -11662 END
START -228 -2776 16364 3101 3548 -13234 END
START 1732 -4044 15936 3357 3284 -13420 END
START 2816 -4836 15264 3821 2986 -12691 END
START 2576 -5600 15516 4456 2632 -11606 END
START 1848 -6628 16536 4406 1833 -10924 END
START 3072 -7500 17812 3684 1255 -9952 END
START 4716 -8376 16980 2589 1271 -8162 END
START 5412 -9580 15656 2762 1817 -5948 END
START 5012 -10136 14728 3946 2635 -3761 END