START 8180 1276 4980 -362 -648 1253 END
START 52 2152 19904 763 -1874 -656 END
START 1956 3416 18640 1496 -1600 -1228 END
START 1960 3760 19684 1778 -632 -1339 END
START 1148 4336 20312 1398 -121 -2131 END
START 1680 4452 20196 1502 348 -3762 END
START 2360 4200 19428 1860 1775 -4940 END
START 2252 4040 19468 2151 2876 -5661 END
START 1560 3632 19560 1819 3260 -6385 END
START 900 2976 18276 1779 3280 -7275 END
START 204 2236 17976 2187 3161 -8430 END
START -208 1708 16900 2496 3377 -9770 END
START -576 428 16640 2900 3183 -11239 END
START -180 -800 15224 3663 3008 -12229 END
START 352 -2240 15244 4257 2347 -12822 END
START 904 -4056 15456 4003 1550 -13053 END
START 2104 -5760 15036 3701 741 -12502 END
START 2348 -7240 16100 3347 313 -11639 END
START 3876 -8120 17868 1984 -415 -10069 END
START 4408 -9316 18252 -97 -676 -7721 END
START 3084 -11776 17920 -1563 -3044 -5777 END
START 3412 -12864 16336 -1173 -824 -3492 END
START 5824 -11936 11892 353 -683 -1862 END