START -2472 -9188 14244 651 231 -1068 END
START -1836 1004 18388 1850 376 -2745 END
START -3272 460 18284 1535 539 -5215 END
START -644 -16 16604 1921 931 -6791 END
START 500 -956 15528 3296 1551 -7125 END
START 596 -1356 17152 3882 1648 -6821 END
START 204 -1864 18788 3564 1570 -6868 END
START -188 -2288 18368 2571 1436 -7559 END
START 112 -3084 16736 2182 1821 -8313 END
START 812 -3468 16268 2233 2054 -8442 END
START 784 -4092 15432 2613 2243 -8200 END
START 540 -4888 16508 2903 1814 -8186 END
START 1140 -5676 16616 2714 1797 -7879 END
START 920 -5928 18384 1874 1157 -7307 END
START 2648 -5420 16248 261 2350 -6943 END
START 2740 -8740 16132 -699 370 -4317 END
START 2004 -9268 16460 -1583 645 -2656 END
START 1944 -10096 14604 -1765 1178 -1607 END