START 656 -7832 13260 -1086 429 -812 END
START 1440 692 18020 455 1178 -1165 END
START 1944 1080 19496 1448 118 -1384 END
START 1008 -164 18428 2449 856 -2237 END
START 444 -56 19008 2447 1195 -3008 END
START 320 420 19052 1914 1898 -4053 END
START 308 224 18268 1965 2301 -4718 END
START -724 -248 17624 2471 2697 -5834 END
START -644 -252 17756 3068 3110 -7035 END
START -428 176 17588 3842 3682 -7908 END
START -1416 -112 17928 3922 4098 -9003 END
START -1928 -944 17516 3446 4059 -10175 END
START -1588 -2112 16892 2910 3573 -11472 END
START -88 -3376 15868 2805 3039 -12373 END
START 1688 -4632 16076 2952 3377 -12260 END
START 3400 -5420 16208 2292 3570 -11245 END
START 4184 -6840 16192 1144 3171 -9383 END
START 4880 -8460 15100 305 3110 -7241 END
START 4480 -9540 13424 873 3343 -5110 END