START -976 -4640 12656 635 268 -2582 END
START 420 2576 19736 1725 642 -3907 END
START 864 2752 21032 1730 702 -4634 END
START 1064 1884 18564 1150 788 -5461 END
START 1484 1536 17264 1856 987 -5864 END
START 316 1040 19560 1793 930 -6921 END
START 1080 268 16844 1436 1468 -7969 END
START 1496 -68 14284 2880 2604 -8733 END
START 1552 -572 14860 5048 3225 -9166 END
START 3028 -468 16984 5179 2531 -8944 END
START 13648 1744 6824 3910 8149 -7660 END
START 1188 -1372 18208 4302 -638 -7916 END
START 1148 -3448 17880 3163 125 -8868 END
START -1936 -4880 19780 3359 793 -9188 END
START -1036 -4832 18968 3522 -247 -9629 END
START 4360 -5744 15716 2811 1033 -9030 END
START 3668 -6464 18476 1590 -874 -7676 END
START 7992 -7328 16332 -761 -1241 -5245 END
START 10448 -10516 12228 -2194 -484 -1532 END
START 8880 -10536 11600 -1810 293 3255 END
START 5636 -13560 12648 -860 -1227 8237 END