START -2216 -10924 11744 -1942 -282 -1348 END
START 1072 640 16156 676 1228 -1293 END
START 40 1500 17476 1390 1640 -1784 END
START -792 880 18172 1701 1352 -3016 END
START -8 1124 18556 1487 689 -4002 END
START -544 716 18640 1321 414 -4827 END
START 276 740 16976 1409 805 -5665 END
START 460 272 17588 2194 820 -6231 END
START 944 -80 18132 2400 1408 -6742 END
START 1820 -348 17184 2441 2133 -6713 END
START 1292 -556 17592 2346 2464 -6326 END
START 700 -1020 16748 1813 1528 -6496 END
START 860 -2060 15536 1756 699 -6810 END
START 436 -3312 14508 2633 795 -7005 END
START -416 -5008 14268 3497 1328 -7682 END
START 2876 -5344 16060 4520 3795 -7036 END
START 2164 -5020 17400 4504 683 -7026 END
START -152 -5724 20388 1457 115 -6897 END
START 1816 -6860 18228 -737 677 -6143 END
START 2024 -8716 14436 -834 793 -4868 END
START 2944 -9792 13584 2124 2711 -3040 END
START 4456 -9796 13384 4010 4063 -1264 END
START 1836 -8844 15528 5415 3216 -401 END