START -1028 2196 15808 -2959 2392 -4182 END
START -216 3132 17904 -1084 1903 -3648 END
START -56 3084 16344 256 1727 -4219 END
START 228 2336 16116 1608 1841 -4164 END
START -752 2584 18384 2244 1800 -4636 END
START -1004 3196 20544 1996 1265 -5138 END
START -2212 2304 21084 445 440 -6362 END
START -712 1760 19196 -512 502 -7192 END
START 16 348 17496 171 567 -7589 END
START 952 -536 16396 1878 828 -7503 END
START 1012 -1516 15160 3942 1706 -7378 END
START -928 -2492 17328 5344 1982 -7774 END
START -824 -2672 19408 3908 1506 -8567 END
START 132 -3864 17724 2341 626 -8628 END
START 844 -5124 16600 1975 -15 -8248 END
START 1860 -6288 15464 2522 68 -7415 END
START 3720 -7664 13160 4546 301 -5866 END
START 5180 -7464 13116 7081 787 -2775 END
START 4280 -7732 15032 8320 1538 -206 END
START 2920 -10232 14736 8398 -992 911 END