START 856 -6512 7352 1307 591 1774 END
START -3156 2816 19472 2298 126 -1011 END
START -476 4616 16872 3529 1058 -2659 END
START -824 4944 19168 4226 1964 -3911 END
START -400 5548 19756 3711 1948 -4868 END
START 96 5304 19892 3090 1197 -5705 END
START -836 4580 19252 2361 1108 -7213 END
START -272 3500 17364 2519 1665 -9013 END
START 828 2660 16720 3577 2291 -9701 END
START 432 2096 18280 4067 2435 -10337 END
START 528 1072 18876 3643 2084 -10915 END
START -256 -276 18412 3029 1686 -11387 END
START -104 -1560 17332 2627 1514 -12194 END
START 256 -3076 16700 3003 1745 -12957 END
START 1376 -4500 17468 3077 1904 -13327 END
START 2736 -5864 18012 2262 1509 -12796 END
START 3644 -6960 17784 1215 1558 -11147 END
START 4596 -7940 17900 304 1077 -9220 END
START 5216 -8552 16660 -299 852 -6889 END
START 4408 -9052 15536 77 1127 -4854 END