START -2752 -16004 12648 -708 -2684 1521 END
START 3000 -7300 14764 3055 -1669 4290 END
START 1036 -6352 16988 3916 -1595 7215 END
START -1816 -5992 17900 3749 -2062 7283 END
START -1912 -5856 18060 2857 -1474 6265 END
START 896 -5544 16176 2619 -1365 6346 END
START 2472 -4600 15832 3407 -1435 8169 END
START 1092 -3236 18452 2996 -1682 9586 END
START 488 -2352 18880 1626 -1837 9758 END
START -116 -2344 18292 696 -1628 9294 END
START 1648 -2584 15780 1072 -1256 8736 END
START 3432 -2940 12816 4033 -348 9427 END
START 3616 -488 17164 5888 -403 10884 END
START 2368 2536 21244 3822 -1060 12349 END
START 220 4676 23176 -152 -2139 11834 END
START 80 5032 20136 -2836 -2309 9854 END
START 1272 5896 16364 -2201 -703 7753 END
START 1500 7492 17008 -225 699 6180 END
START 936 8644 19024 697 1050 4486 END
START 2052 10176 20944 116 1638 3117 END