START -2932 -18040 11468 2614 -2205 2544 END
START -1300 -6536 17480 3698 -1685 2640 END
START -1044 -6748 17072 3129 -1443 2425 END
START 776 -6752 16828 3394 -1479 3072 END
START 444 -6416 17964 3000 -1215 4244 END
START 304 -5220 19064 1717 -1760 5395 END
START -276 -4928 18156 918 -1706 5648 END
START -200 -5684 16580 1547 -1535 6208 END
START -204 -5888 16860 1963 -847 6572 END
START 984 -5700 18924 964 -466 7052 END
START 2796 -5460 17320 102 -935 8505 END
START 3332 -4568 16700 502 -1323 10501 END
START 2156 -3708 16480 1104 -1470 11593 END
START 2276 -2748 16572 2149 -781 12301 END
START 1856 -2072 16876 2880 148 12526 END
START 1488 -1120 17976 3133 1429 11885 END
START -728 736 20396 2118 2878 10871 END
START -1952 3640 20864 -1081 3739 8437 END
START 1024 5776 15608 -1689 2406 6718 END
START 348 4988 17028 838 -586 6042 END
START 1288 6164 18636 919 -61 5636 END
START 1016 6988 20108 -279 6 5418 END