START -2824 -17680 15780 1411 -3071 2245 END
START 304 -5416 17480 2729 -3812 3913 END
START -2572 -6124 16364 2179 -4086 4300 END
START -1424 -6972 14504 2680 -2792 3268 END
START 1952 -7612 14636 3877 -2270 4508 END
START 2760 -8232 16360 4440 -2843 7142 END
START 2324 -8344 18552 3028 -3028 9313 END
START 1896 -7900 18852 1685 -3698 10531 END
START -6884 -6396 29460 -406 -3725 10579 END
START 2512 -7572 14980 1376 -2712 11002 END
START 3636 -6152 17160 2929 -1481 12392 END
START 3248 -3728 19704 2384 -1370 14099 END
START 1836 -1620 20504 457 -1684 15001 END
START -516 -412 20184 -1301 -1122 14633 END
START -1792 688 19668 -2845 -491 12846 END
START -624 2000 17500 -3443 186 10962 END
START -1412 2560 17040 -2635 -269 9109 END
START -548 3708 16132 -1851 536 6813 END
START 736 4344 16620 -641 1185 5468 END
START 1920 5760 18800 -872 1571 4830 END
START 2640 6976 19264 -2494 1879 4830 END
START 2984 6948 16848 -2249 1658 4610 END