START -6240 -19600 15596 941 -2155 2459 END
START 1344 -6912 13976 3552 -514 2626 END
START 2648 -7880 11044 6908 1252 3799 END
START 3492 -7964 15068 9591 2634 5564 END
START 2724 -7352 20536 8424 1800 7267 END
START 3076 -6372 21600 5314 -102 9225 END
START 1464 -5196 20900 2682 -882 10801 END
START -588 -4368 19192 1326 -715 10498 END
START -688 -3648 18636 1188 -191 9738 END
START 600 -2956 18104 972 -5 9381 END
START 1256 -2368 18368 744 154 9860 END
START 1856 -1088 19512 -326 -374 10662 END
START 1788 548 19128 -1613 -1092 11855 END
START 0 1984 19080 -2547 -1060 12049 END
START -228 2684 18468 -3285 -1038 10927 END
START 1360 3588 18220 -3313 -210 10382 END
START 1464 4092 18436 -4161 171 9910 END
START 2380 5480 16924 -4423 121 9757 END
START 2384 6644 16024 -3004 -429 9976 END
START 1804 7228 16756 -1290 -819 9855 END
START 1700 8120 17708 -726 -392 9482 END