START -1872 -19396 6088 1456 -1363 841 END
START -816 -7836 14968 4098 -935 2141 END
START -1660 -7856 17048 4151 -1335 2937 END
START -2596 -8664 17980 3102 -2389 3260 END
START -1960 -8784 16840 1633 -3127 3184 END
START -644 -8724 14384 2063 -2475 3893 END
START 652 -8164 15304 2629 -2851 5282 END
START 1204 -7740 15412 3154 -3229 6975 END
START 672 -6700 16532 3313 -3107 8660 END
START -1720 -5440 18956 1955 -3321 9246 END
START -2292 -4632 18092 84 -3948 8671 END
START -2728 -6356 13424 1251 -3239 7498 END
START -796 -6176 13432 4764 -50 6455 END
START 292 -3636 17576 5578 2344 6587 END
START -204 512 21256 2973 2803 7743 END
START -2140 3640 22228 -1280 651 7975 END
START -3144 5424 19956 -3396 -2069 6959 END
START -2440 6012 16816 -2192 -2941 5107 END
START -1292 5904 16764 1192 -2438 3225 END