START -184 -15360 7656 1807 -5117 5440 END
START -1476 -8248 16892 1859 -3753 5953 END
START -1088 -7468 20356 -397 -4294 6873 END
START 1244 -6736 20332 -5094 -7482 8813 END
START 3084 -6540 11792 -6450 -8314 12423 END
START -1724 -7272 10244 -3261 -6839 13070 END
START -3320 -6980 13884 -671 -7282 11010 END
START -1416 -6748 15224 815 -5423 8799 END
START 2012 -5712 16864 1428 -4388 8257 END
START 3836 -4812 17532 1603 -3004 9571 END
START 3668 -3624 17268 1274 -2015 11080 END
START 2868 -2336 15872 1706 -2321 11652 END
START 1428 -1244 17104 2841 -3250 11271 END
START 2180 1056 17656 3315 -1960 10487 END
START 2632 3288 19512 2889 -701 10074 END
START 3160 4272 18164 2818 395 9981 END
START 1612 5356 20380 1764 682 9274 END
START 1848 6400 20348 1989 502 8295 END