START -1256 -17288 14548 -2821 -2050 -338 END
START 2264 -6092 13104 492 -1011 -16 END
START 340 -7744 12364 3824 32 320 END
START 1484 -7848 15908 5333 810 329 END
START 3916 -8012 17252 4752 952 2049 END
START 4440 -8772 17536 3417 589 4155 END
START 4116 -9772 17048 2114 767 6874 END
START 2000 -9460 18076 690 -656 8665 END
START 1212 -9304 15108 407 -1174 8738 END
START 1604 -7864 15672 1609 -1123 9218 END
START 1532 -6076 17268 1343 -1099 9866 END
START 860 -4640 17384 107 -2153 10673 END
START -188 -3644 17780 -899 -2602 11052 END
START -1124 -2712 17800 -2274 -2882 10165 END
START 716 -1936 16148 -2405 -2791 9491 END
START 868 -916 17016 -1870 -2127 9389 END
START 1504 -664 16200 -1505 -2012 8972 END
START 2364 -428 16388 -390 -1293 8649 END
START 3252 -268 15572 1096 415 8058 END
START 3072 72 15316 3361 2746 7004 END
START 3008 2184 17264 5560 4744 6378 END
START 680 4456 19884 4931 4969 5726 END
START -116 6412 21044 3678 4654 4082 END
START 424 7644 21084 1826 3894 3080 END
START 1432 8924 21480 1017 2654 2731 END