START -5868 -22904 13612 1917 -2281 4547 END
START -472 -9592 14932 4328 -1139 4036 END
START 2320 -9700 12916 5814 -849 4838 END
START 2848 -9732 12944 7967 -309 6987 END
START 1984 -8328 15868 8400 -36 8920 END
START 860 -6564 18664 6794 -518 10218 END
START -1376 -5360 19456 4060 -1570 10289 END
START -636 -5220 14924 2890 -1810 9420 END
START 1200 -4940 13996 4325 -1270 9389 END
START 3616 -3920 15544 5568 -995 10611 END
START 4396 -2896 17236 5129 -1101 12648 END
START 4232 -832 18956 3863 -1928 15138 END
START 1992 1196 20112 1865 -2905 16183 END
START -720 2692 20028 -48 -3257 14889 END
START -1696 4352 18964 -563 -2185 12703 END
START -2884 5648 20072 -1363 -1047 9383 END
START -1256 6732 19780 -2643 112 6648 END
START -80 7416 19048 -2806 1337 5178 END