START 704 -10744 6364 4112 1058 3964 END
START -2392 -6240 18208 6892 125 5044 END
START -4816 -6400 19148 5310 -1504 4462 END
START -3448 -7072 18656 3017 -2546 3387 END
START -852 -8444 15092 2421 -3069 4084 END
START -336 -9196 14772 3417 -2578 5770 END
START 2008 -9312 14072 4131 -1932 7291 END
START 1648 -9544 16092 3534 -1592 9475 END
START 1496 -9232 16576 2420 -1883 11161 END
START 1332 -8364 16780 2202 -2739 12542 END
START 2528 -6964 16336 1679 -1599 13858 END
START 2332 -4328 17676 1029 -1368 15497 END
START 496 -1120 18740 -630 -1388 16550 END
START -2900 1856 18004 -2796 -751 15880 END
START -3788 4804 17364 -4162 -1342 13403 END
START -2820 7380 19008 -5119 -2274 10576 END
START -2076 9640 22828 -6886 -2863 8333 END