START -340 -18528 11332 409 -1981 1816 END
START -508 -9308 15880 4024 -2854 3363 END
START -1144 -10080 16776 4068 -4823 3732 END
START 796 -11076 14452 4479 -4926 4357 END
START 2676 -10528 13628 5392 -3080 6344 END
START 2804 -9204 15896 5513 -2612 8981 END
START 2784 -8064 18864 4365 -2318 11073 END
START 2724 -7236 19092 2272 -3084 12718 END
START 2132 -6908 17800 1428 -3639 13744 END
START 1536 -5936 16628 1579 -2703 14339 END
START 892 -4156 17064 2148 -1865 14363 END
START 780 -1512 19356 1510 -1765 14181 END
START 268 380 20220 -715 -2402 13672 END
START 148 1888 19144 -2532 -2695 13319 END
START 228 3236 17516 -2809 -2729 12580 END