START -4604 -21460 12784 6020 -1190 4603 END
START -3932 -5108 21320 3722 -2622 3286 END
START -2400 -5564 16540 520 -2993 2434 END
START -672 -6440 14004 943 -2647 3102 END
START 504 -6596 16016 1027 -3592 4866 END
START 176 -7800 15500 326 -4646 6251 END
START 788 -8164 14888 499 -5007 7369 END
START -160 -7292 16060 724 -4812 8059 END
START -380 -6476 16800 261 -4321 7802 END
START 900 -5340 16124 -162 -3916 7879 END
START 1812 -4232 15872 352 -3392 8128 END
START 2660 -3000 16184 1331 -2897 8489 END
START 3728 -576 18764 1688 -2800 9313 END
START 3492 1572 20788 808 -2773 10369 END
START 2704 3324 21028 -648 -2479 11127 END
START 1496 3996 19536 -770 -1888 10840 END