START -852 -17868 11612 2880 -474 255 END
START 24 -6368 17332 4825 484 1739 END
START 1992 -6120 17504 4573 1104 3372 END
START 460 -8100 17988 3275 742 4444 END
START 1532 -9432 16508 2865 -702 6134 END
START 1608 -7848 17980 2849 -901 7164 END
START 2456 -8668 14700 3567 -726 8612 END
START 1560 -8696 16128 4187 75 9513 END
START 1252 -7100 17440 3942 -175 10362 END
START -40 -6356 17656 3516 -639 10730 END
START -1472 -5300 18060 2646 -401 10305 END
START -1028 -4640 17632 2122 -193 9565 END
START -400 -4404 16892 2423 -641 9077 END
START 976 -3600 17908 2263 -743 9202 END
START 56 -2244 20056 1053 -791 9604 END
START -916 -688 20828 -1034 -1539 9386 END
START -1348 -392 19616 -2831 -2149 8448 END
START 848 48 16272 -2782 -1726 7727 END
START 980 204 17356 -1499 -1455 7486 END
START 744 1920 19732 -2148 -746 6979 END
START 780 3556 20224 -2759 -639 6546 END
START 2448 6096 19400 -3070 -519 6413 END
START 1616 8084 20884 -3159 14 6692 END
START 320 9416 22672 -4341 -1109 6154 END
START -284 9356 19992 -5146 -1834 4949 END
START -104 8764 18048 -3895 -2548 3501 END
START 656 7800 16628 -2320 -2046 1884 END