START -4164 -20176 16900 -536 -974 3094 END
START -208 -10484 15388 541 -3315 4028 END
START 576 -10756 15556 932 -1775 5370 END
START 792 -11484 15916 1621 -3087 6465 END
START 2700 -12160 12820 3412 -1802 8436 END
START 2368 -11560 15676 4138 -1411 10576 END
START 2148 -10528 17624 2870 -2409 12426 END
START 2592 -9108 16860 1441 -2835 14218 END
START 2444 -6628 18008 354 -2327 15857 END
START 1392 -4040 18296 -1492 -2372 16746 END
START 628 -1324 19212 -2538 -4688 17109 END
START -120 652 19296 -3468 -6105 16774 END
START -12 2572 19144 -3924 -6299 16077 END
START -568 3404 18352 -3111 -6027 14683 END