START -2844 -6540 12320 861 -514 -618 END
START -1028 -3280 18316 1705 -668 -1531 END
START 2404 -3544 16796 2142 -1512 -388 END
START 2404 -5344 15132 3323 -1175 1503 END
START 1296 -6608 15704 4481 -197 2961 END
START -1268 -7840 17284 3997 421 2784 END
START -592 -9764 16228 2592 679 1654 END
START 1044 -10820 15608 1720 -204 1756 END
START 4468 -12252 12240 2074 -679 3543 END
START 4664 -12276 14428 3106 -34 6596 END
START 3632 -10972 16232 2527 -1528 8074 END
START 2144 -9724 17932 1336 -1953 9155 END
START 1824 -7504 18760 502 -2071 9567 END
START 1320 -5436 19280 -629 -1691 10152 END
START 768 -3428 18988 -1702 -1088 10333 END
START -400 -1872 18640 -2650 -197 9758 END
START -360 -160 19244 -3721 511 8920 END
START 208 1292 18740 -4596 556 7983 END
START 1264 2760 17720 -4527 496 7196 END
START 2780 4000 17516 -2818 10 6897 END
START 3308 5916 19480 -1758 772 6841 END
START 2888 6976 20652 -1816 2248 6640 END
START 1420 7488 21784 -2597 2208 6140 END