START -4436 -19648 10436 336 -1519 514 END
START 228 -7040 16240 3144 -1120 836 END
START 316 -6964 18108 3120 -2173 1246 END
START 1520 -7728 18712 2206 -2944 1788 END
START 2456 -8500 17932 1406 -2630 3448 END
START 3048 -9164 16148 2094 -3448 5352 END
START 2436 -9628 16956 2325 -2029 6199 END
START 3360 -9872 15528 2691 -1745 6702 END
START 4312 -9872 14548 4002 -1104 7814 END
START 4536 -9032 16040 4808 -609 9050 END
START 4272 -8260 17188 4265 -1365 9992 END
START 4996 -7464 16104 3957 -1517 10909 END
START 3888 -6204 17220 3486 -1379 11866 END
START 4048 -4932 17468 2845 -1435 12120 END
START 4596 -3176 18644 2213 -1072 12716 END
START 3948 -732 20564 587 -910 13634 END
START 260 444 21072 -1930 -1087 12009 END
START 1572 1036 18048 -2578 -957 9935 END
START 2140 1292 17976 -1777 81 8950 END
START 2568 1784 19132 -1436 1023 8274 END
START 3912 2756 20156 -2589 1164 8279 END
START 4324 3112 19064 -3022 577 9079 END
START 3392 3780 18548 -3404 158 10108 END
START 2496 4568 16884 -3132 -70 10206 END
START 1508 5628 16420 -2227 665 9364 END
START 764 6300 16380 -798 1554 8166 END
START 760 7180 15604 451 2464 7034 END