START -3272 -23288 11820 690 -520 1753 END
START 72 -8336 17152 3636 -856 3192 END
START -1328 -8936 16920 3278 -1514 4537 END
START -1248 -9120 15560 2859 -279 5055 END
START -1136 -9124 14844 3250 -211 5718 END
START -1852 -8796 15848 3038 -1169 5575 END
START 932 -9552 15280 2767 -782 6296 END
START 4140 -9532 15160 2158 -1526 9047 END
START 3724 -8016 15164 1996 -1981 12810 END
START 1352 -4748 15844 893 -3679 15355 END
START -1980 -2876 15968 19 -3605 15744 END
START -4052 -800 15612 100 -3198 14057 END
START -3608 640 16992 315 -2255 11645 END
START -1416 2452 18508 -262 -2562 10307 END
START -616 3196 19084 -1067 -3977 9651 END
START 228 4460 19256 -1563 -3798 9254 END
START 928 4864 17596 -835 -3758 8721 END
START 736 4680 18020 426 -2822 7843 END