START -1412 -19124 10200 1744 -1412 451 END
START -120 -5344 15840 4079 -1110 272 END
START 944 -5708 16656 4358 -2280 -550 END
START 3272 -7116 15972 4645 -1883 206 END
START 4284 -8388 17012 4738 -1741 1632 END
START 5148 -9784 17452 4470 -1986 3652 END
START 6296 -9788 17664 3657 -1856 6045 END
START 5292 -9948 17316 2972 -1450 8067 END
START 4644 -9332 16052 3239 -661 9564 END
START 3408 -8360 16676 3867 -110 10453 END
START 2868 -7104 17128 4149 27 10875 END
START 2580 -5168 18340 3978 156 11637 END
START 1696 -3428 19676 2660 -293 11912 END
START 1688 -2008 19188 1600 -673 12144 END
START 1576 -1164 18460 1219 -556 12203 END
START 1868 -848 18080 889 -138 11900 END
START 3300 96 17844 674 355 11966 END
START 2736 1136 19296 -110 700 12192 END
START 2696 1816 19096 -1566 898 11779 END
START 3720 2792 17604 -2500 1189 11735 END
START 3140 3372 16688 -2513 1594 11691 END
START 4024 4644 14892 -995 3921 11548 END
START 2452 6000 16008 1043 5308 11457 END
START 1556 7460 18908 1323 4505 10897 END