START -4292 -15552 15752 2505 177 2411 END
START -1480 -5372 16900 3978 -749 3280 END
START -2336 -6192 14888 4749 -425 3935 END
START -2644 -6960 16104 4987 69 3564 END
START -1152 -7168 17808 4308 -1204 4054 END
START -508 -7784 18300 2976 -2192 4982 END
START 160 -8288 17328 1890 -2386 5955 END
START 728 -9100 16776 1190 -2122 7223 END
START 304 -9020 17496 922 -2610 8800 END
START -132 -8216 16788 837 -2500 9610 END
START 480 -6680 15396 1242 -2452 10354 END
START -492 -4876 16236 1756 -1952 11066 END
START -1688 -3064 17620 1411 -2010 10675 END
START -1680 -1692 17592 604 -1843 9773 END
START -984 -176 17500 -6 -2041 8660 END
START 60 1668 18076 15 -2538 8058 END
START 56 3140 17936 210 -2253 7753 END
START -216 3744 17248 302 -2412 7038 END
START -348 4088 16832 694 -2091 6203 END