START -7896 -19972 15192 3532 -1043 1545 END
START 700 -7528 16976 4297 -373 1957 END
START 3080 -7620 16404 4993 -2909 6087 END
START 3132 -8648 14624 5042 64 9338 END
START 1600 -9448 17116 5159 -2345 11735 END
START -396 -8852 17096 3467 -2619 12656 END
START -736 -8392 15816 3453 -2321 11988 END
START 488 -7392 14912 3599 -2645 11786 END
START 888 -6144 15800 4085 -2256 12209 END
START 732 -3560 18296 3290 -2488 12738 END
START 0 -1164 20588 830 -3154 12750 END
START -1436 920 21412 -2170 -4224 12334 END
START -1136 2104 18512 -3657 -5057 10950 END
START -224 3608 16696 -2966 -5289 9835 END
START 376 5044 16524 -1490 -4232 9149 END
START -64 5716 16284 -583 -2427 8483 END