START -1796 -23136 9144 2399 -1939 6977 END
START 1672 -7632 16796 4439 -2504 8516 END
START 1048 -6896 16568 5607 -2291 9716 END
START 692 -7340 14132 7465 -1565 9735 END
START 2132 -5864 14512 10223 -295 10462 END
START 1392 -3852 19952 9675 692 11878 END
START 884 -1996 22780 5306 -94 13009 END
START 8 -1240 21540 846 -1236 13671 END
START -1536 -1044 16404 -451 -1269 13107 END
START -1100 140 15660 1152 73 11425 END
START 112 1940 18980 1291 944 10440 END
START 2180 3824 20484 -271 846 10325 END
START 2080 4448 20792 -2471 544 10830 END
START 1492 4928 19564 -3599 -61 11049 END
START 692 5496 17800 -3513 -406 10649 END