START 1164 -7452 5684 -496 -3174 1921 END
START -2580 -5632 16668 2088 -2261 1990 END
START -1580 -5848 16892 2952 -2539 2693 END
START -1820 -6600 16860 2961 -2490 3146 END
START -964 -6636 15692 3375 -2462 3113 END
START 616 -6744 17532 3710 -3260 4124 END
START 3008 -9060 15704 2705 -4886 6648 END
START 2952 -10412 12584 4679 -3314 9269 END
START 1680 -7656 15248 7079 -1121 11339 END
START -840 -4428 18808 6714 -800 12275 END
START -2064 -2676 19800 4365 -72 11571 END
START -1748 -1300 18232 2464 108 10445 END
START 860 300 17040 1776 -939 9983 END
START -16 1232 17812 963 -928 10050 END
START -204 2500 18720 417 -1015 9570 END
START 216 4956 20356 -679 -1805 9123 END
START 88 6680 21196 -2236 -2839 8822 END
START 268 7816 20428 -3466 -4169 8373 END
START 1012 7440 17772 -3613 -4569 7687 END