START -5436 -18568 8368 -556 -3209 1267 END
START -3048 -6832 15700 500 -4649 465 END
START -292 -6832 15304 1734 -4822 1231 END
START 1808 -8004 14836 3259 -4435 3390 END
START 2240 -8528 16456 3721 -4318 6518 END
START -352 -8668 18400 2644 -4158 8063 END
START -1268 -9448 15628 1970 -3610 7968 END
START -124 -9296 15388 2562 -3092 7904 END
START 1608 -8896 14536 2757 -2779 8858 END
START 2244 -8296 14620 3556 -2290 10490 END
START 1544 -7148 15564 3811 -2281 11894 END
START 444 -5824 16648 3026 -2648 12206 END
START -120 -4520 16412 2374 -2566 11813 END
START -36 -2216 17292 1671 -1745 11273 END
START -956 -44 19048 -87 -761 10574 END
START -2368 2468 20328 -2341 -322 9192 END
START -1356 4664 18720 -3881 -1838 7370 END
START -652 6212 18216 -3006 -3297 6430 END
START -844 6880 19156 -1885 -3027 5117 END
START -88 7072 18880 -706 -1694 3739 END
START 1516 7416 18656 775 -442 3202 END