START -1516 -16988 8972 -677 -2967 2103 END
START 68 -7516 14016 560 -3568 2262 END
START 968 -7816 13052 2706 -2357 3782 END
START -8 -7992 14220 4180 -2413 4542 END
START 156 -7468 16808 3565 -2070 5168 END
START 1732 -6620 17244 2570 -2712 6690 END
START 848 -5548 18944 1230 -2959 8379 END
START 528 -4964 17704 124 -3953 9596 END
START -396 -4844 16996 -137 -3350 10137 END
START -1156 -4888 15656 626 -3002 9978 END
START -1116 -4452 16532 882 -2311 9469 END
START 284 -3900 16808 654 -2563 9424 END
START 1508 -2144 17492 399 -2899 10525 END
START 528 -880 16980 171 -2954 11265 END
START -932 -464 16172 1007 -3049 10747 END
START -620 212 15604 2522 -1856 9307 END
START 148 1752 17440 3431 -465 8001 END
START 168 3748 22008 1467 528 7229 END
START 636 5068 23088 -2668 35 6429 END
START 872 4344 17556 -4445 -543 5542 END
START 1184 3088 12780 -399 820 4427 END