START -1452 -13220 10656 500 261 887 END
START -400 -3800 18644 1243 -1106 382 END
START 48 -5096 16604 1002 -464 78 END
START 1588 -5388 16920 947 -267 410 END
START 2088 -6700 16392 1355 -178 1287 END
START 2088 -7820 16796 1954 -380 2333 END
START 3132 -8624 16436 2180 -550 3333 END
START 4184 -9260 15460 2643 -422 4970 END
START 4244 -9444 15984 3049 -496 6673 END
START 4220 -9120 16096 3232 -848 8242 END
START 4224 -8976 16052 3200 -1219 9373 END
START 4576 -7936 16180 3395 -1350 10591 END
START 3772 -7092 16604 3165 -1612 11524 END
START 3080 -6048 16180 2906 -1747 12382 END
START 2372 -4192 16876 2708 -1521 12665 END
START 1692 -2104 18508 1600 -1678 13074 END
START 980 -108 18716 131 -1798 12860 END
START 232 1176 18588 -852 -2075 12057 END
START -276 2312 19460 -1663 -2049 10357 END
START 968 3220 17880 -2036 -952 8859 END
START 2192 3572 17116 -1399 -61 8408 END
START 2916 4140 17848 -483 321 8734 END
START 2940 5064 18232 13 346 9308 END