START -3228 -22712 11300 3143 190 118 END
START -556 -7736 20620 3266 -2005 553 END
START 860 -9964 16264 2644 -2026 2464 END
START 1088 -10760 15956 3320 -1306 4047 END
START 1480 -11404 16896 2906 -1182 5109 END
START 1496 -12044 17500 3184 -3248 7221 END
START 3844 -12560 14704 3727 661 9047 END
START 4668 -11684 15208 4378 261 11035 END
START 5232 -10992 15648 3769 -851 12422 END
START 6328 -10908 13388 4461 -1493 14186 END
START 7168 -9104 15828 4745 -1485 15956 END
START 6836 -5316 18056 3844 -1574 18362 END
START 3300 -2396 18696 2062 -1984 19323 END
START -108 2064 19760 -61 -2451 18193 END
START -3536 4392 20172 -2128 -2627 14515 END
START -40 7140 13860 -1944 -2791 11142 END
START 220 6952 15012 -205 -2710 8995 END