START 2200 -20684 9392 1816 506 3506 END
START 3164 -7036 18660 2949 -1244 5163 END
START 2792 -6992 18412 2086 -2009 6141 END
START 3280 -6736 17696 1749 -2271 7001 END
START 3564 -6136 18664 759 -1092 7589 END
START 4240 -5628 17220 801 -1215 8521 END
START 4732 -4788 17372 1192 -1008 9816 END
START 3772 -4348 19752 666 -1497 11009 END
START 2744 -4492 18960 -652 -1755 11514 END
START 3716 -3696 16916 -484 -1511 12074 END
START 3060 -3200 16604 697 -1056 12684 END
START 2088 -2744 15524 1515 -530 12756 END
START 2768 -1284 14448 3487 -520 12780 END
START 2368 316 16468 4549 -336 12815 END
START 1672 2088 18760 4023 208 12592 END
START -192 4052 19312 2309 1330 11300 END
START 732 4660 17396 565 2753 9476 END
START 1160 7040 17952 467 3161 8688 END
START -172 8076 19140 -548 2387 7900 END
START -28 8204 20076 -1445 712 6590 END