START 7092 1028 17308 -684 -2459 4698 END
START 13884 -1208 4768 -216 -3436 4252 END
START 5604 2516 20564 -327 -1322 2321 END
START 7648 2120 19040 -519 -618 -262 END
START 10256 1316 18320 -273 276 -2765 END
START 11456 1864 17812 -137 -224 -5299 END
START 11724 2408 17484 -44 -1927 -6921 END
START 12280 1848 16968 103 -4191 -7954 END
START 13132 2128 16460 -155 -5292 -9804 END
START 12368 2460 16184 -598 -5355 -11929 END
START 11440 2568 15816 -1106 -4377 -13428 END
START 10000 2348 15388 -1643 -2751 -14286 END
START 9004 1804 15296 -2231 -1279 -14786 END
START 7200 908 14908 -2555 -1297 -15154 END
START 5932 664 15292 -2900 -1959 -15044 END
START 4928 312 16020 -3260 -2134 -14939 END
START 3400 12 16784 -3404 -2054 -15016 END
START 2080 -452 17372 -3206 -2319 -15236 END
START 372 -860 17940 -2748 -2931 -15520 END
START -968 -1108 18092 -2552 -3337 -15903 END
START -3048 -1716 18764 -2505 -3226 -15780 END
START -4772 -2096 19568 -2070 -2762 -15024 END
START -6000 -2344 19840 -1525 -1696 -13838 END
START -7172 -2432 20124 -1070 -3 -12510 END
START -7868 -2536 20156 -544 1378 -11125 END
START -8900 -2732 20184 150 2206 -9583 END
START -9768 -2712 19860 730 2476 -8057 END
START -10332 -2544 19736 1243 2408 -6431 END
START -10968 -2064 19304 1707 2174 -4692 END
START -11496 -1760 18772 2238 1835 -2829 END
START -11232 -1496 18552 2755 1571 -888 END
START -10744 -912 18424 3295 1709 718 END