START 7656 1896 17264 -1097 -1960 2892 END
START 8260 3672 18112 -1087 -2494 2659 END
START 10040 1956 16372 -1489 -1834 1578 END
START 9816 1696 15988 -2436 -2262 122 END
START 10392 1612 16120 -3358 -3875 -428 END
START 11204 1608 16824 -3513 -5325 -1554 END
START 12480 2420 17564 -3140 -5715 -3867 END
START 13124 1908 17588 -2397 -5094 -6627 END
START 12200 1860 17360 -2109 -4654 -8734 END
START 11920 1536 17028 -2024 -4859 -9902 END
START 11652 1716 17020 -1977 -4368 -10749 END
START 10608 1736 16984 -2084 -3016 -11884 END
START 9160 1648 16944 -2091 -1712 -12756 END
START 7704 1224 16636 -2042 -722 -13714 END
START 5496 692 16640 -2070 -723 -14472 END
START 3672 276 16624 -1952 -1429 -14401 END
START 2124 148 16640 -2009 -2278 -14120 END
START 832 60 17000 -2390 -2029 -13940 END
START -256 36 17480 -2656 -1493 -13760 END
START -1352 116 17940 -2653 -905 -13735 END
START -2640 -140 18156 -2348 -490 -13641 END
START -3684 -936 18580 -1849 -489 -13332 END
START -4680 -992 18700 -1373 -344 -12567 END
START -5760 -1372 19128 -792 180 -11687 END
START -6644 -1712 19488 -99 960 -10780 END
START -7568 -2112 19772 508 2038 -9737 END
START -8608 -2192 19812 1042 3325 -8326 END
START -9632 -2304 19748 1422 4465 -6491 END
START -10716 -1860 19764 1992 5036 -4384 END
START -11292 -1468 19164 2831 4908 -2154 END
START -11340 -896 18584 3524 4458 -87 END
START -11056 -832 17452 3872 3873 1784 END