START 8700 2180 17964 -2890 -3474 9514 END
START 11204 3912 10736 -3284 -2737 8954 END
START 12392 3372 14140 -4506 -2645 7377 END
START 13740 4476 16884 -4674 -3123 3994 END
START 14836 4520 18672 -3019 -3085 -584 END
START 14456 4316 18372 -1341 -4000 -3694 END
START 14340 4536 16944 -1004 -4743 -5232 END
START 14408 3964 16252 -1643 -5263 -6718 END
START 14324 4036 16120 -2270 -4704 -8262 END
START 13784 4252 16184 -2595 -3036 -10537 END
START 12540 3472 16584 -2632 -1264 -13250 END
START 11448 2732 16616 -2248 -323 -15486 END
START 9076 1208 16756 -1743 -556 -16890 END
START 7276 556 16712 -1252 -1858 -16844 END
START 6028 792 16816 -1258 -2068 -16637 END
START 4596 528 16608 -1684 -1778 -16372 END
START 2832 556 16428 -2408 -1684 -15542 END
START 1376 348 16696 -3070 -1621 -14505 END
START 684 364 17348 -3495 -909 -13849 END
START -380 440 17952 -3292 -295 -13678 END
START -1584 372 18316 -2671 -73 -13712 END
START -2896 192 18488 -2052 -259 -13850 END
START -4480 -268 18708 -1707 -225 -13761 END
START -5904 -772 18772 -1255 193 -13247 END
START -7280 -1064 18896 -948 1202 -12290 END
START -8536 -1496 19068 -590 2064 -10727 END
START -9540 -1680 19384 -51 2801 -8729 END
START -10160 -1648 19148 448 3811 -6679 END
START -10660 -1432 19388 1081 4940 -4803 END
START -11276 -1324 19268 2193 5811 -3074 END