START 6444 1076 14740 -491 -5794 724 END
START 10764 2092 9992 -345 -6330 387 END
START 6452 3072 20328 -573 -5833 -669 END
START 8692 2388 17960 -1094 -4029 -2150 END
START 9940 2060 17496 -1636 -1714 -3314 END
START 9764 2388 18308 -1814 92 -4416 END
START 10016 2024 18176 -1459 1268 -5170 END
START 9776 2000 18268 -872 1444 -6558 END
START 9108 2044 18164 -346 538 -8214 END
START 7876 2296 17660 144 -984 -9517 END
START 6956 1896 17056 550 -2706 -10227 END
START 5892 1976 16608 384 -4084 -10598 END
START 5512 2056 16228 -117 -4437 -10673 END
START 4904 1940 16444 -563 -3610 -10677 END
START 4048 1684 16456 -1100 -2373 -10397 END
START 3336 1332 16432 -1550 -1463 -10204 END
START 2748 940 16780 -1753 -1070 -10319 END
START 1652 556 17360 -1668 -866 -10927 END
START 560 4 18000 -1316 -987 -11542 END
START -564 -396 18312 -970 -1142 -11865 END
START -2068 -856 18776 -507 -1205 -11790 END
START -3452 -1200 19032 75 -605 -11233 END
START -4608 -1700 19436 670 676 -10448 END
START -5604 -1944 19408 1261 2509 -9593 END
START -6664 -2072 19276 1822 4395 -8697 END
START -7724 -1872 19408 2571 5650 -7791 END
START -8452 -1640 19288 3410 6099 -6837 END
START -9172 -1392 18784 4249 5818 -5797 END