START 12048 1712 18236 -1197 454 4548 END
START 5924 5084 22948 -947 397 3638 END
START 12676 2724 13972 -1201 17 1785 END
START 10332 3164 15240 -1759 -1937 -809 END
START 10932 3060 14788 -2008 -4727 -2166 END
START 11328 2596 15696 -1306 -7607 -3256 END
START 12224 2716 15196 -1292 -9361 -4788 END
START 13096 3080 14432 -2317 -8493 -6134 END
START 13028 3096 14584 -3290 -6427 -7723 END
START 12824 2152 14552 -3504 -4105 -9276 END
START 12156 2332 14844 -3583 -2805 -10832 END
START 11056 1752 14660 -3554 -2225 -12514 END
START 9660 1116 14176 -3894 -2654 -13696 END
START 8688 1068 14304 -4291 -3136 -14519 END
START 7644 960 14768 -4868 -2848 -14985 END
START 6684 952 15288 -5148 -1960 -15649 END
START 4836 616 15844 -5371 -1493 -16007 END
START 3324 228 16388 -5592 -1712 -15950 END
START 2060 140 17520 -5662 -2016 -15941 END
START 588 -112 18676 -5462 -1933 -16206 END
START -1216 -216 19488 -4833 -1927 -16506 END
START -2908 -572 20176 -3878 -2069 -16508 END
START -4500 -1052 20604 -2975 -2088 -16410 END
START -6336 -1484 21004 -2011 -2362 -15692 END
START -7944 -1968 21580 -1223 -2319 -14272 END
START -9168 -1720 21636 -673 -1539 -11787 END
START -9912 -1576 22204 -294 -18 -8977 END
START -9788 -1100 22752 189 2132 -6391 END
START -9932 -80 22584 1175 4833 -4682 END