START 8256 2012 17860 -4221 -1921 7449 END
START 13496 2696 7652 -4234 -659 6159 END
START 8876 3388 17628 -4791 -654 4266 END
START 9976 3012 16764 -4392 -1431 1168 END
START 10288 1948 16728 -2813 -3578 -879 END
START 10572 2776 16752 -1687 -6749 -2122 END
START 12488 2260 16520 -1801 -8179 -3294 END
START 13876 2548 16744 -2150 -7928 -4953 END
START 15056 3348 17384 -2257 -6158 -7499 END
START 15524 2708 17272 -2230 -2949 -10618 END
START 14368 2492 16932 -2089 -786 -13628 END
START 12156 1944 16824 -1754 -171 -15832 END
START 9644 776 16120 -1498 -421 -16885 END
START 7668 656 15716 -1870 -911 -16866 END
START 6384 640 15904 -2507 -202 -16829 END
START 4904 476 16404 -3044 876 -17219 END
START 2772 28 16308 -3292 812 -16965 END
START 1148 -144 16728 -3505 31 -16476 END
START -92 132 16988 -3918 -221 -16050 END
START -1212 296 17908 -3978 -208 -15864 END
START -2320 292 18660 -3330 -305 -16061 END
START -3660 72 19012 -2598 -630 -16365 END
START -5076 -424 19144 -2001 -881 -16282 END
START -6316 -928 19900 -1551 -450 -15790 END
START -7376 -1320 20104 -826 475 -14914 END
START -8140 -1852 20212 -180 1735 -13680 END
START -9248 -2176 20104 513 3432 -11961 END
START -10212 -2268 20144 1082 4992 -9917 END
START -10932 -2092 19396 1841 6062 -7596 END
START -11720 -2028 19016 2489 5998 -5307 END