START 10700 2556 20788 -2100 -9567 2864 END
START 10000 4808 17492 -2061 -8079 1691 END
START 14420 2640 16112 -2397 -6531 -227 END
START 13420 3668 18284 -2324 -4020 -4125 END
START 13024 3252 18684 -2134 -1450 -6887 END
START 12048 3316 18228 -1809 -1437 -8295 END
START 11448 3800 17816 -1590 -2650 -8960 END
START 11224 3148 16668 -2239 -4232 -10418 END
START 10780 2800 16560 -2814 -5310 -11983 END
START 9928 3184 16544 -2712 -5474 -13740 END
START 9088 3088 16664 -2336 -4416 -15448 END
START 7692 2604 16292 -2129 -2549 -16555 END
START 5632 1512 15944 -2147 -1048 -16989 END
START 4692 1316 15752 -2367 -18 -16086 END
START 3848 1784 15944 -2704 657 -15923 END
START 1960 796 16184 -2474 298 -15766 END
START 192 488 16200 -2638 -1008 -14738 END
START -688 688 16644 -3080 -1675 -13738 END
START -1156 604 17480 -3106 -1005 -13297 END
START -2120 468 18012 -2917 694 -13274 END
START -3672 -252 18260 -2795 2182 -12928 END
START -4772 -632 18736 -2663 3248 -12358 END
START -5880 -944 19440 -1954 3903 -11668 END
START -6880 -940 19708 -970 4376 -10625 END
START -7672 -1260 19632 -179 5018 -9296 END
START -8488 -1196 19264 336 5564 -7584 END
START -8960 -1044 18992 638 6029 -5717 END
START -9272 -592 19468 1240 6172 -3892 END
START -9568 -304 19264 2160 6112 -2376 END