START 8040 2084 18372 -794 -535 -586 END
START 8848 2092 17764 -989 -685 -1084 END
START 11268 1172 15732 -1325 -200 -2089 END
START 10568 1312 17348 -1698 -1339 -3572 END
START 10312 1984 18140 -1070 -3230 -4966 END
START 11020 1920 17928 92 -4704 -6145 END
START 10728 1812 17544 412 -4986 -8002 END
START 10240 1816 16320 37 -4357 -9641 END
START 9520 1316 15444 -733 -3268 -10678 END
START 8648 1488 15596 -1558 -2623 -11576 END
START 7688 1540 15932 -2055 -1742 -12030 END
START 6912 892 16284 -2189 -711 -12618 END
START 5344 704 16624 -2114 -488 -12827 END
START 4224 76 16880 -2314 -1498 -12869 END
START 2660 -488 17404 -2467 -2718 -12610 END
START 1480 -336 17976 -2364 -3503 -11934 END
START 896 -436 18428 -2081 -3428 -11384 END
START 132 -732 18728 -1805 -2882 -11042 END
START -784 -672 19108 -1346 -2337 -10598 END
START -1516 -508 19176 -1028 -1386 -10208 END
START -2368 -180 19340 -580 -448 -9985 END
START -3160 -44 19368 -66 187 -9808 END
START -3712 124 19156 436 661 -9582 END
START -4176 276 19132 804 1363 -9384 END
START -4568 204 18952 1130 2262 -9272 END
START -5284 284 18928 1462 3024 -8961 END
START -5756 460 18648 1790 3729 -8458 END
START -6376 364 18324 2021 4300 -7816 END
START -7308 276 18164 2346 4312 -6986 END
START -7808 160 17996 2698 4017 -6040 END
START -8628 88 17888 3046 3397 -5033 END
START -9080 -20 17460 3293 2821 -4017 END