START 7436 2340 17748 -1404 -1503 9174 END
START 1828 5164 27284 -1233 -1444 8616 END
START 10080 2944 13620 -1810 -1542 6988 END
START 7576 3740 17240 -2470 -872 3766 END
START 7848 3144 16532 -2627 -2271 1878 END
START 7600 3052 16884 -2228 -5160 1117 END
START 8780 3092 16868 -1967 -6888 1016 END
START 10300 3576 16680 -2288 -7232 257 END
START 11940 3232 16852 -2399 -6207 -1196 END
START 12804 3248 17192 -2437 -4670 -2983 END
START 13648 3064 16900 -2419 -2551 -5183 END
START 12928 2496 16788 -2512 -1050 -7457 END
START 11720 2044 16620 -2647 -440 -9154 END
START 10228 1128 16652 -2576 -710 -10505 END
START 8620 856 16356 -2480 -1242 -11551 END
START 6800 528 16336 -2649 -1934 -12227 END
START 5620 292 16376 -3158 -2177 -12654 END
START 4060 116 16940 -3394 -1800 -12727 END
START 2924 -196 17412 -3274 -1383 -12716 END
START 1684 -600 17828 -3026 -1206 -12730 END
START 560 -448 18252 -2616 -1463 -12570 END
START -580 -460 18688 -2059 -1817 -12395 END
START -1636 -384 19236 -1394 -1961 -12245 END
START -2400 -156 18928 -950 -1591 -12134 END
START -3300 -232 19380 -670 -775 -12098 END
START -4260 -364 19656 -57 290 -11670 END
START -4468 -352 19712 565 1801 -11129 END
START -5072 76 19720 1240 3669 -10684 END
START -5940 -108 19556 2007 5099 -10145 END
START -6972 208 19268 2571 5522 -9464 END
START -7852 -84 18748 2705 5132 -8608 END
START -8592 -16 18400 2870 4372 -7651 END
START -9348 -100 18312 3180 3364 -6407 END