START 12520 1212 16516 2515 -7853 -938 END
START 7628 2564 21964 2535 -7410 -1644 END
START 9220 2444 19872 2189 -5973 -3193 END
START 10168 2080 18124 1166 -2050 -5071 END
START 9332 2348 16940 -695 211 -4545 END
START 8640 1904 16752 -2274 -126 -3034 END
START 9580 1888 17056 -2808 -1786 -2122 END
START 11228 2536 17208 -2711 -2787 -3925 END
START 11312 2664 17456 -1977 -3161 -7339 END
START 10308 2328 17176 -473 -4164 -10285 END
START 9208 1972 16408 767 -5508 -12268 END
START 7912 1320 15444 1065 -6179 -13116 END
START 6636 1636 15224 476 -5459 -12885 END
START 5604 1296 15572 -624 -3140 -12202 END
START 3944 732 15812 -1726 -1236 -11305 END
START 2636 400 16696 -2250 -770 -10807 END
START 1692 144 17408 -1997 -1013 -11534 END
START -176 -348 17984 -1275 -1670 -12563 END
START -2420 -828 17940 -672 -2550 -12842 END
START -4200 -948 18228 -451 -2532 -12166 END
START -5608 -1188 18632 -442 -1188 -10880 END
START -6828 -1352 18816 -433 1034 -9525 END
START -7736 -1904 19028 -162 2693 -8210 END
START -8528 -2040 19000 425 3202 -6824 END
START -8904 -2148 18832 1164 3257 -5478 END
START -9372 -2128 18576 1960 3074 -4049 END
START -9656 -1928 18272 2674 3244 -2670 END
START -9504 -1124 17572 3313 3734 -1359 END