START 11572 1784 13492 -835 -2802 4840 END
START 10392 2496 15824 -1682 -1423 3170 END
START 10968 2600 17420 -2171 -654 1595 END
START 11964 2564 17760 -2031 -1443 -223 END
START 13056 2168 17720 -1443 -3608 -1859 END
START 14508 2120 17712 -805 -5741 -4174 END
START 15232 2472 17664 -479 -5953 -7116 END
START 14312 2444 17332 -755 -4983 -9553 END
START 13240 2332 16872 -1053 -3623 -10978 END
START 12204 1684 16228 -1412 -2667 -12046 END
START 11184 1188 15776 -1903 -2239 -13055 END
START 9828 756 15556 -2523 -2606 -14303 END
START 8088 508 15612 -2886 -3392 -15127 END
START 6260 244 15996 -3255 -3964 -15534 END
START 4712 -52 16296 -3737 -3567 -15681 END
START 2908 -364 16880 -4313 -2869 -15359 END
START 1832 -492 17816 -4481 -1749 -15091 END
START 304 -768 18732 -4168 -668 -15169 END
START -1456 -1200 19484 -3397 -850 -14971 END
START -2908 -1568 19868 -2311 -1493 -14350 END
START -3856 -1616 20224 -1507 -1215 -13737 END
START -4904 -1588 20352 -1003 193 -13239 END
START -5896 -1512 20724 -412 1910 -12569 END
START -6960 -1640 20580 250 3603 -11729 END
START -7964 -1460 20376 811 4846 -10707 END
START -8916 -1352 19980 1068 5474 -9379 END
START -10012 -1252 19680 1322 5412 -7757 END
START -10596 -836 19348 1607 4827 -5745 END
START -10744 -444 18908 1879 4436 -3756 END
START -10672 -564 18676 2105 3986 -1929 END