START -1716 3020 29276 -1285 -3943 5366 END
START 6660 1616 18804 -1215 -4241 4974 END
START 6212 2376 20564 -1430 -2923 3001 END
START 9048 1716 18224 -2109 95 -233 END
START 9636 940 17992 -2330 1213 -2669 END
START 9444 992 18020 -2003 -14 -4193 END
START 10188 1532 18372 -1266 -2048 -5148 END
START 11916 1556 18980 -375 -3455 -7336 END
START 12076 1824 18484 310 -3454 -9968 END
START 10960 1824 17428 223 -3198 -11706 END
START 9716 1348 17088 64 -2348 -12502 END
START 8608 1340 16588 -275 -1196 -12840 END
START 7340 896 16428 -852 -150 -13070 END
START 6180 660 16280 -1285 75 -13341 END
START 5060 184 16316 -1499 -161 -13665 END
START 3464 20 16580 -1428 -1056 -13650 END
START 2396 -168 16976 -1117 -2164 -13332 END
START 1476 148 16820 -1230 -2588 -13132 END
START 180 144 17316 -1755 -2376 -13195 END
START -1072 -360 17832 -1949 -1911 -13331 END
START -2728 -700 18524 -1852 -1253 -13180 END
START -4612 -988 19180 -1334 -866 -12658 END
START -6268 -1252 19428 -461 -945 -11857 END
START -7460 -1400 19408 292 -1073 -10955 END
START -8072 -1364 19364 741 -788 -9996 END
START -8644 -1344 18960 877 -98 -8996 END
START -9344 -1068 18928 818 911 -7869 END
START -10004 -1112 18884 1034 2024 -6414 END
START -10540 -1320 18540 1520 2612 -4681 END
START -11156 -844 17812 2123 2569 -2892 END
START -11332 -688 17328 2712 2120 -1120 END
START -11156 -500 16808 3115 1401 720 END