START 9508 1508 18160 -1925 -2151 1987 END
START 7840 4304 15836 -1956 -1447 1043 END
START 7988 3976 17788 -2581 -2379 104 END
START 10284 2880 15396 -3316 -2964 -1835 END
START 11064 2920 15392 -3889 -3646 -2994 END
START 12096 2412 16276 -4210 -4421 -4442 END
START 12916 2716 16548 -4075 -4342 -6458 END
START 12908 3068 16416 -4129 -4014 -8320 END
START 12696 2324 16348 -4215 -3489 -10080 END
START 11880 2396 16392 -4113 -3200 -11505 END
START 10828 1532 16396 -3867 -2720 -12938 END
START 9356 1272 15820 -3830 -2425 -13906 END
START 8516 716 15788 -3960 -2381 -14431 END
START 6944 384 15864 -4371 -2396 -14749 END
START 6228 -12 16056 -4912 -2299 -14879 END
START 5120 -132 16648 -5235 -1994 -15219 END
START 3784 -312 17116 -5442 -1521 -15307 END
START 2500 -516 17964 -5075 -1053 -15652 END
START 880 -624 18364 -4383 -1294 -15811 END
START -984 -1060 18852 -3513 -2207 -15603 END
START -2344 -1356 19564 -2539 -2547 -15175 END
START -3604 -1592 20116 -1802 -1179 -14813 END
START -5052 -1936 20668 -975 851 -14298 END
START -6660 -2376 21216 17 2678 -13276 END
START -8112 -2500 21104 699 4726 -11722 END
START -9408 -2208 21204 1376 6574 -9730 END
START -10444 -2016 20936 2141 7554 -7660 END
START -11468 -1584 20480 3125 7297 -5575 END
START -12332 -1164 19776 4141 6071 -3265 END
START -12624 -588 18900 4633 4827 -715 END