START 4912 656 18216 264 -2724 -1815 END
START 11416 -1536 8336 570 -3037 -2082 END
START 4020 1096 18460 363 -2405 -2720 END
START 4940 832 18856 77 -2378 -3504 END
START 6224 688 18264 -503 -1617 -3930 END
START 7172 500 17792 -1390 -782 -4439 END
START 7972 1552 17768 -1859 -498 -5488 END
START 8636 1132 17580 -2126 -850 -7548 END
START 8484 1388 17656 -1652 -1749 -9802 END
START 7624 1448 17508 -853 -4020 -11874 END
START 7172 1212 16788 -111 -5869 -12712 END
START 6524 1072 16560 139 -5609 -12765 END
START 5604 1080 16368 -92 -4323 -12347 END
START 5072 800 16184 -554 -2712 -11815 END
START 4304 888 16068 -1157 -1299 -11782 END
START 3444 880 16524 -1437 -558 -12358 END
START 2400 700 16924 -1303 -202 -13450 END
START 156 212 17320 -1048 -672 -14446 END
START -1592 -96 17488 -764 -1393 -14658 END
START -3532 -580 17996 -499 -1762 -14359 END
START -5256 -772 18464 -71 -1707 -13467 END
START -6156 -1180 18872 336 -820 -12469 END
START -7520 -1332 19236 708 748 -11470 END
START -8340 -1408 19076 901 2013 -10159 END
START -9280 -1368 18812 874 2530 -8723 END
START -9836 -1256 18644 1079 2498 -7119 END
START -10456 -972 18004 1164 2368 -5313 END
START -10736 -732 17360 982 2101 -3505 END
START -11140 -576 17000 643 1738 -1857 END
START -11328 -532 16800 468 1253 -347 END
START -11256 -460 16560 556 851 918 END