START 384 1888 20460 166 -1205 3515 END
START 5200 608 15536 97 -1214 3323 END
START 4192 1192 17924 -27 -175 2468 END
START 4672 1088 18032 -484 1699 363 END
START 5476 724 17860 -1124 2074 -1465 END
START 5944 216 18896 -1135 414 -2836 END
START 6920 192 19016 -18 -3210 -3182 END
START 8652 308 19260 1074 -5579 -3433 END
START 10924 560 18824 1899 -6231 -4273 END
START 12276 1068 18456 2090 -5051 -5432 END
START 13208 876 17932 1689 -3394 -6628 END
START 14120 1008 17632 1226 -1955 -8209 END
START 13916 1288 17664 1000 -987 -10605 END
START 12880 1456 17400 1284 -619 -13247 END
START 10800 1536 16796 1585 -746 -16003 END
START 7848 1352 16172 1714 -546 -18310 END
START 4248 872 15640 1386 -377 -19944 END
START 500 -60 15228 919 -178 -20768 END
START -3684 -1148 15664 785 -508 -20700 END
START -8112 -1992 16024 953 -1545 -19360 END
START -11324 -2660 15976 968 -2280 -17079 END
START -13624 -2844 16388 377 -2020 -14439 END
START -15380 -3360 16944 -298 -1192 -11236 END
START -16188 -3732 17288 -773 -358 -7500 END
START -16580 -3960 17876 -961 292 -3650 END
START -16028 -3732 18164 -648 539 -92 END
START -15608 -3412 18508 -4 843 2949 END