START 5572 1584 17868 1584 -3343 -4119 END
START 7340 892 15992 1391 -3593 -4287 END
START 5996 1336 17516 1116 -5380 -4313 END
START 7020 1536 17696 785 -7892 -3518 END
START 9276 2088 17848 453 -8964 -2887 END
START 12180 3024 17832 -314 -6952 -3627 END
START 13892 3044 17688 -1909 -2400 -6389 END
START 13468 2872 17972 -2642 10 -9950 END
START 12312 2232 18268 -1819 -676 -12703 END
START 10984 2028 17524 -326 -3100 -14895 END
START 9552 1628 16872 309 -5623 -16385 END
START 7672 1336 16196 87 -6625 -16904 END
START 5876 1276 15888 -851 -5597 -16329 END
START 3952 636 16160 -2188 -3059 -15434 END
START 2236 112 16824 -2874 -1257 -14778 END
START 28 -756 17256 -2572 -978 -14826 END
START -2568 -1488 17428 -1759 -2267 -15090 END
START -5984 -2372 17524 -882 -4691 -14744 END
START -8384 -2728 17860 -31 -6463 -13287 END
START -9824 -2828 17932 251 -6313 -11376 END
START -10408 -3192 18540 30 -4061 -9610 END
START -11396 -3220 19204 284 -885 -8089 END
START -12244 -3272 19960 1302 1391 -6490 END
START -12468 -2900 19636 2814 2434 -4830 END