START 5428 2644 18632 1666 -1338 -3291 END
START 8540 1744 16640 1434 -1767 -3737 END
START 9280 1080 15904 862 -2198 -4556 END
START 9548 956 17212 374 -4205 -5548 END
START 10584 1648 18456 332 -5947 -6696 END
START 11792 2296 19148 878 -6291 -8938 END
START 12680 2588 18920 1448 -4521 -11596 END
START 12488 2740 17804 973 -1855 -14326 END
START 11040 1928 17160 -123 282 -16037 END
START 9400 1756 17116 -909 995 -16692 END
START 8176 1400 17400 -1121 1455 -16968 END
START 6220 1136 17624 -980 1840 -17882 END
START 3424 528 17768 -719 1545 -18816 END
START 468 -316 17676 -156 469 -18979 END
START -2244 -896 17812 369 -475 -18633 END
START -5360 -1428 18096 937 -1383 -17741 END
START -8360 -1744 18220 1917 -2697 -16127 END
START -10808 -1964 17700 2440 -3794 -13702 END
START -12420 -2472 17164 1853 -3732 -10549 END
START -13212 -2648 17264 723 -2247 -7036 END
START -13584 -2556 17696 2 -392 -3576 END
START -13532 -2120 18076 30 925 -684 END