START 6168 1380 16640 -1350 -4500 10115 END
START 864 3528 26444 -1114 -5458 10090 END
START 6524 2664 17768 -1331 -4494 8968 END
START 8552 2628 16880 -1531 -2982 6829 END
START 9288 2196 17156 -1891 -1808 4580 END
START 9868 1732 17200 -1838 -2555 2369 END
START 10672 1628 17076 -1510 -4663 686 END
START 11888 1252 17184 -1279 -6852 -925 END
START 13016 1768 17068 -1285 -7731 -2695 END
START 14176 2256 17072 -1497 -6466 -4897 END
START 14456 2172 16836 -1726 -3772 -7569 END
START 13936 2140 16708 -1806 -1347 -9981 END
START 12716 1640 16572 -1584 -171 -12099 END
START 11480 816 16276 -1264 -399 -13831 END
START 9396 256 15464 -1352 -1600 -14941 END
START 7660 436 15388 -2015 -3113 -15250 END
START 6340 384 15860 -2644 -4363 -15648 END
START 5068 16 16364 -2890 -4686 -16304 END
START 3412 -300 16924 -2946 -4135 -16744 END
START 1692 -612 17212 -3332 -2854 -16747 END
START -432 -1060 17812 -3915 -1263 -16109 END
START -2332 -1200 18816 -3818 -381 -14902 END
START -3544 -1444 19584 -2888 -220 -13781 END
START -4584 -1420 20316 -1701 -295 -13302 END
START -5928 -1960 20836 -375 -573 -13000 END
START -7020 -2216 21016 636 -456 -12428 END
START -7952 -2284 21272 1440 196 -11507 END
START -8460 -2440 21324 2431 1364 -10219 END
START -9340 -1256 21020 3168 3771 -8654 END
START -9588 -1544 20448 3646 6282 -6372 END
START -10020 -1316 19772 3992 7885 -4230 END