START 6832 1296 14184 -2136 -4359 6582 END
START 11180 2532 9960 -1972 -5324 6167 END
START 11540 2076 15780 -2135 -5033 4905 END
START 11484 2992 17048 -2812 -4521 2359 END
START 13236 2672 17416 -3366 -3561 -283 END
START 13488 2984 18252 -2836 -2534 -2758 END
START 12948 2768 18212 -1812 -2254 -4734 END
START 12408 2348 17312 -1157 -3553 -5883 END
START 12556 1684 16228 -973 -5002 -6850 END
START 12856 2060 15816 -1236 -5286 -8671 END
START 12268 1812 15996 -1462 -4323 -11180 END
START 10508 1480 15640 -1596 -3329 -12912 END
START 9112 960 15352 -1869 -3037 -13496 END
START 7796 552 15276 -2288 -2422 -13586 END
START 7012 632 15540 -2890 -2140 -13793 END
START 6184 184 15900 -3164 -1776 -14191 END
START 4592 -264 16552 -3440 -1374 -14728 END
START 2808 -632 17192 -3360 -1587 -14877 END
START 1296 -912 17752 -3050 -1935 -14856 END
START -176 -1256 18416 -2750 -1724 -15027 END
START -1892 -1236 19032 -2078 -1307 -14900 END
START -3752 -1492 19212 -1391 -615 -14437 END
START -5532 -1916 19484 -753 392 -13650 END
START -7172 -2164 19784 -79 1592 -12472 END
START -8460 -2580 19892 776 2891 -10940 END
START -9616 -2276 20072 1718 3958 -9432 END
START -10680 -2060 19788 2822 4386 -7908 END
START -11324 -1616 19240 3802 3929 -6281 END
START -11652 -1060 18436 4389 3202 -4372 END