START 7492 1692 21484 354 -2484 2499 END
START 7044 3872 16836 469 -1124 1843 END
START 11244 1280 14184 291 -796 1165 END
START 8976 1936 17072 -4 753 -560 END
START 8872 2216 17704 -128 827 -1521 END
START 9952 1820 17100 -510 -47 -2641 END
START 10128 2376 16784 -1332 -2082 -3810 END
START 10212 2160 16892 -2063 -4355 -4696 END
START 10988 2724 17112 -2433 -5613 -5537 END
START 11388 2596 17620 -2180 -4198 -7012 END
START 10792 2468 17500 -1831 -2056 -8528 END
START 9552 1948 17024 -1579 -827 -9619 END
START 8152 1292 16636 -1543 -967 -10264 END
START 7248 920 16272 -1557 -1800 -10424 END
START 6412 616 16272 -1683 -2606 -10545 END
START 5844 248 16648 -1777 -2880 -10972 END
START 5240 596 16792 -1601 -2752 -11505 END
START 5040 820 17028 -1601 -2465 -12198 END
START 4500 912 17028 -1654 -1539 -13651 END
START 2496 384 17292 -1479 -1147 -14825 END
START 524 -164 17632 -954 -1710 -15247 END
START -1416 -816 17720 -367 -2196 -15147 END
START -3272 -1396 17992 72 -1898 -14849 END
START -5312 -2144 18272 607 -1154 -14249 END
START -7256 -2664 18336 1174 -630 -13099 END
START -9252 -2852 18316 1508 -285 -11497 END
START -10680 -2988 18600 1863 -93 -9337 END
START -11260 -2588 18772 2503 483 -7199 END
START -11924 -1972 18784 3286 1308 -5449 END
START -12388 -1548 18612 4178 1630 -3833 END
START -12432 -1164 18128 4743 1609 -2128 END