START 7544 396 21964 1389 -4955 -1312 END
START 8052 1496 18700 1175 -4011 -1920 END
START 5752 1756 19488 656 -4137 -2502 END
START 6816 1772 18452 -413 -3614 -3060 END
START 8712 812 17380 -1220 -3112 -3171 END
START 9676 1428 18208 -1822 -1821 -3880 END
START 10692 1992 18808 -1974 258 -5897 END
START 10272 1612 19076 -1719 1116 -8400 END
START 8820 1376 18844 -756 -602 -10167 END
START 7792 964 18648 417 -3273 -11270 END
START 6952 1536 18516 1285 -4794 -12075 END
START 5680 1252 18000 1437 -4893 -12763 END
START 4036 1184 17648 1082 -3448 -12647 END
START 2320 1124 17424 338 -1937 -12217 END
START 736 656 17008 -111 -1168 -11608 END
START -880 228 17316 -179 -1562 -11181 END
START -2204 0 17700 115 -2577 -10626 END
START -3048 -180 17804 551 -3175 -10442 END
START -3856 -168 17556 814 -3374 -10260 END
START -4856 -48 17564 906 -3172 -10022 END
START -5716 36 17476 984 -2498 -9404 END
START -6248 -100 17652 909 -1195 -8436 END
START -6684 -356 17652 1003 337 -7375 END
START -6952 -620 17764 1348 1642 -6342 END
START -7320 -784 17868 1913 2798 -5452 END
START -7800 -1100 17816 2757 3791 -4718 END
START -8584 -1000 17968 3716 4278 -3888 END
START -9368 -1232 17088 4520 4215 -2802 END