START 6260 412 21044 -140 -5947 -644 END
START 13476 448 4088 -16 -6304 -1138 END
START 12828 580 12396 165 -6852 -2226 END
START 9580 1896 19412 -119 -4559 -5011 END
START 12080 1716 18696 -847 -1346 -7763 END
START 12932 1524 17928 -1530 669 -10380 END
START 12092 1584 17436 -1624 1053 -11614 END
START 11272 984 16544 -2012 -1012 -12403 END
START 10440 1092 16404 -2439 -3991 -13293 END
START 10036 1736 16616 -1832 -5369 -13889 END
START 9264 1352 16420 -1219 -4579 -15235 END
START 8100 764 15892 -1430 -2894 -16061 END
START 6572 148 15752 -1932 -2309 -16240 END
START 5168 -40 15848 -2097 -2779 -15494 END
START 4388 -328 16164 -2267 -3241 -14868 END
START 3172 -244 16552 -2957 -3245 -14686 END
START 1636 -780 17636 -3169 -3301 -14636 END
START -104 -1296 18352 -2967 -3151 -14821 END
START -2012 -1976 19028 -2730 -2350 -15050 END
START -4536 -2516 19740 -2329 -1654 -14619 END
START -6408 -2796 19992 -1675 -977 -13330 END
START -7900 -2952 20308 -940 -181 -11618 END
START -8896 -3120 20484 -173 665 -9846 END
START -9480 -2872 20480 570 1426 -8159 END
START -10228 -2416 20132 1294 2018 -6499 END
START -10776 -2076 19480 1891 2276 -4825 END
START -10968 -1560 18804 2251 2350 -3122 END
START -11356 -992 18088 2533 2277 -1531 END
START -11860 -408 17484 2782 2069 25 END
START -11692 8 17192 2939 1666 1602 END