START 6980 156 18796 -1156 -5557 4152 END
START 15060 976 6600 -847 -4733 3437 END
START 9084 1684 18912 -894 -5625 2538 END
START 10980 1616 17068 -1019 -5561 959 END
START 11360 1784 17268 -1718 -4895 -1220 END
START 12292 1672 16852 -2893 -3991 -3955 END
START 12644 2136 17480 -3282 -3635 -6671 END
START 12532 1352 17776 -2939 -3132 -9920 END
START 11048 1744 17456 -2043 -3127 -12489 END
START 9372 1412 16920 -1511 -3047 -13920 END
START 8252 1088 16272 -1698 -3049 -14459 END
START 7100 1148 16336 -2104 -2419 -14598 END
START 5996 544 16432 -2449 -1440 -14790 END
START 4884 -288 16432 -2683 -1071 -14898 END
START 3316 -600 16920 -2725 -1914 -14674 END
START 2392 -896 16868 -2903 -2508 -14327 END
START 1516 -900 17320 -3296 -2314 -14203 END
START 176 -1072 18516 -3174 -2132 -14235 END
START -1184 -1392 19144 -2628 -1964 -14129 END
START -2260 -1540 19564 -2155 -1296 -13948 END
START -3548 -1708 20312 -1521 -424 -13705 END
START -4976 -2176 20872 -223 -155 -13323 END
START -5960 -2616 20980 1263 -16 -12797 END
START -7064 -2624 21040 2401 396 -12114 END
START -7968 -2484 21108 3241 946 -11132 END
START -8740 -1528 20508 3905 1901 -9925 END
START -9020 -1444 20004 4534 2583 -8221 END