START 8380 1756 20588 776 -6187 6075 END
START 7580 3936 16788 863 -6727 5924 END
START 9392 3068 16216 121 -6801 5265 END
START 10144 2912 16980 -1458 -6547 4244 END
START 11684 3424 17620 -2474 -4421 3176 END
START 12516 2872 18272 -2765 -2699 1105 END
START 13080 3064 18756 -1877 -1739 -945 END
START 13384 2452 18816 -669 -2137 -3592 END
START 13232 2424 17736 444 -3702 -6368 END
START 12716 2048 16680 527 -5479 -8566 END
START 11632 2488 16364 210 -6443 -10345 END
START 10460 2208 16444 -207 -6089 -11613 END
START 8932 1772 16000 -782 -4746 -12184 END
START 7160 1380 16320 -1434 -3683 -12290 END
START 6076 640 16720 -1449 -3435 -12305 END
START 4480 396 16736 -1365 -3902 -12297 END
START 3432 304 17068 -1372 -4541 -12000 END
START 3184 320 17616 -1289 -4434 -11937 END
START 3360 608 18216 -1121 -3443 -12511 END
START 2520 660 18568 -827 -2279 -13626 END
START 1428 536 18288 -517 -1514 -14399 END
START -24 272 18208 -482 -905 -14843 END
START -1744 -36 18476 -407 -624 -14831 END
START -3240 -24 18684 -96 -314 -14618 END
START -4464 -8 18860 307 316 -14253 END
START -5768 -264 19004 797 989 -13827 END
START -7268 -496 18696 1457 1719 -13081 END
START -8784 -924 18308 1940 2504 -11857 END
START -10412 -1172 18292 2174 3237 -10167 END
START -11484 -1296 17876 2592 3721 -8112 END
START -12372 -1208 17728 2905 4020 -6056 END
START -13240 -1304 17160 3104 4110 -4109 END