START 9116 1364 19144 -3103 -5650 5145 END
START 5944 2916 25896 -2584 -5739 4769 END
START 9316 2076 18032 -2303 -5218 3420 END
START 10068 1864 18152 -1771 -4159 1198 END
START 10768 1500 17832 -1338 -2382 -245 END
START 11140 1196 18232 -1290 -1078 -1443 END
START 11588 1672 18336 -490 -529 -2149 END
START 11632 1524 17788 292 -1504 -2984 END
START 11888 1560 16716 474 -3735 -4184 END
START 12344 1928 16264 289 -5299 -5826 END
START 12196 2020 16232 -173 -5170 -8085 END
START 11336 1988 15752 -736 -3825 -10197 END
START 10112 1148 15500 -1224 -2383 -11712 END
START 8260 1016 15488 -1347 -2235 -12217 END
START 6392 540 15288 -1579 -2625 -12208 END
START 5224 456 15256 -2150 -3131 -11874 END
START 4488 532 15408 -2820 -3153 -11759 END
START 3468 440 15972 -3394 -2735 -12267 END
START 2112 260 16800 -3646 -2416 -12920 END
START 588 -108 17460 -3387 -2326 -13585 END
START -1416 -340 18296 -2718 -2537 -13830 END
START -3008 -612 19148 -1980 -2658 -13539 END
START -4340 -808 19640 -1273 -2109 -13023 END
START -5684 -1300 20328 -596 -634 -12447 END
START -6780 -1768 20480 -16 1375 -11593 END
START -7848 -2016 20576 422 3586 -10346 END
START -8940 -2064 20632 1045 5138 -8832 END
START -10152 -1964 20096 1892 5664 -7042 END
START -10668 -1372 19116 2687 5371 -4946 END
START -10864 -624 18100 3259 5070 -2914 END