START 9808 2212 18508 -807 -3813 3491 END
START 2888 4756 28184 -482 -3742 3088 END
START 10856 2696 16080 -584 -2697 1768 END
START 11756 2744 16348 -647 -521 -1131 END
START 11212 2460 17364 -172 1125 -3407 END
START 10832 2656 16756 -76 29 -4795 END
START 11632 2168 15980 -452 -2329 -5214 END
START 12104 2232 15620 -1318 -4986 -5929 END
START 12376 2244 15408 -2241 -6084 -6902 END
START 12580 2540 15904 -2891 -4877 -7883 END
START 12064 2620 16368 -3019 -2432 -9336 END
START 10944 2032 16564 -2932 -660 -10561 END
START 9392 1604 16172 -2600 -205 -11486 END
START 8496 1568 16108 -2756 -605 -12360 END
START 7172 1264 16396 -3021 -1328 -13327 END
START 5268 1052 16608 -3162 -2453 -14083 END
START 3644 684 17184 -3068 -3410 -14451 END
START 2048 376 17492 -2971 -3583 -14640 END
START 572 236 17932 -2840 -3024 -14504 END
START -1056 -84 18280 -2748 -2069 -14103 END
START -2752 -416 18772 -2399 -1073 -13465 END
START -4040 -652 19020 -2009 -251 -12480 END
START -5048 -968 19332 -1682 487 -11348 END
START -6224 -1052 19464 -1118 1086 -10110 END
START -7104 -1176 19340 -544 1773 -8779 END
START -7696 -1092 19284 -260 2779 -7431 END
START -8480 -1068 19280 31 3926 -5994 END
START -8996 -932 19464 557 4685 -4681 END
START -9456 -584 18920 1413 5030 -3376 END
START -9816 -248 19260 2359 4988 -2157 END