START 2620 2348 19544 3580 -2684 -3760 END
START 5348 1548 15668 3276 -3504 -3926 END
START 5868 920 15076 2303 -4574 -3804 END
START 5824 1088 16636 740 -6394 -3031 END
START 8256 1812 17540 -585 -6220 -2739 END
START 11804 2200 18252 -1667 -3162 -4127 END
START 12788 2664 18624 -2466 372 -7095 END
START 12900 2436 18688 -2320 968 -9843 END
START 12432 2128 19072 -1161 -1242 -12312 END
START 11700 2616 18840 479 -4252 -14546 END
START 10712 2576 18348 1596 -5533 -16525 END
START 8872 2248 17308 1846 -5670 -18255 END
START 5876 1456 16916 1250 -4616 -18977 END
START 2544 720 16896 340 -3076 -18478 END
START -380 -148 17412 -183 -2008 -17337 END
START -2816 -892 18236 -353 -1506 -16015 END
START -5032 -1188 19216 -35 -1206 -14997 END
START -7328 -1792 19884 856 -1318 -13903 END
START -9132 -2332 20092 2271 -2128 -12506 END
START -10380 -2468 19588 3425 -2652 -10933 END
START -11032 -2308 19168 3971 -2375 -9461 END
START -11864 -2156 18792 4194 -1368 -7755 END