START 8484 1344 19460 -1670 -5504 8358 END
START 8720 3392 15016 -1495 -4666 7669 END
START 7020 3688 19728 -1718 -4719 6303 END
START 9704 3148 17320 -2296 -4242 3728 END
START 11360 2984 16844 -2221 -3818 1123 END
START 11824 2760 16984 -1713 -4034 -998 END
START 11644 3184 16620 -1453 -5040 -2459 END
START 11900 2396 16176 -1434 -5941 -3549 END
START 12216 3120 15568 -1667 -6453 -4323 END
START 12984 2816 15336 -1974 -4885 -5669 END
START 13008 2564 15244 -2639 -2505 -7739 END
START 12084 2508 15336 -3071 -1165 -9866 END
START 11092 1940 15468 -2918 -927 -11680 END
START 9572 1008 15420 -2871 -1773 -13260 END
START 7820 132 15352 -2931 -3001 -13805 END
START 6836 -44 15716 -3287 -3131 -13732 END
START 5504 -252 16316 -3777 -2230 -13717 END
START 4440 -576 17296 -3943 -1424 -13842 END
START 3104 -984 18160 -3759 -791 -14468 END
START 1536 -1592 18752 -3439 -585 -14799 END
START 120 -1692 19296 -2960 -543 -14866 END
START -1340 -1704 19824 -2403 -22 -14950 END
START -2484 -1820 20272 -1778 879 -15025 END
START -3648 -2156 20748 -1175 1893 -15187 END
START -4968 -2480 21120 -316 2873 -15489 END
START -6664 -2812 21592 860 3766 -15825 END
START -8512 -3252 21836 2336 4459 -15772 END
START -10300 -3292 21580 3826 5051 -14975 END
START -11820 -3448 21240 5234 5666 -13485 END
START -13092 -2740 20196 6482 6214 -11306 END
START -13664 -2028 18928 7329 6667 -8759 END
START -13588 -856 17800 7589 7437 -5376 END