START 8564 264 20856 -936 -6803 477 END
START 6364 2820 20128 -640 -5892 -207 END
START 11532 1056 15008 -685 -5700 -1075 END
START 8748 1768 19552 -867 -4230 -2971 END
START 10748 1688 18352 -851 -2995 -4081 END
START 10616 1748 18952 -1027 -2011 -5102 END
START 11096 2168 18924 -854 -1774 -5843 END
START 10812 1772 18908 -685 -1742 -7037 END
START 10604 1596 18028 -522 -1963 -8732 END
START 9464 1640 17760 -247 -2116 -10531 END
START 8028 1712 17264 99 -2010 -11958 END
START 6692 1396 17076 312 -1816 -12897 END
START 5092 1512 16884 485 -1650 -13344 END
START 3824 1284 16540 421 -1784 -13392 END
START 2748 972 16096 74 -2257 -13172 END
START 1668 996 16296 -372 -2734 -12813 END
START 680 508 16624 -647 -2924 -12640 END
START -700 252 16912 -907 -3070 -12574 END
START -2148 -416 17396 -796 -3126 -12314 END
START -3460 -676 17688 -676 -2844 -12104 END
START -5084 -860 18196 -490 -2189 -11541 END
START -6476 -1324 18532 -219 -1571 -10464 END
START -7452 -1864 18864 313 -952 -9021 END
START -8140 -2488 19188 870 -297 -7645 END
START -8856 -3024 19300 1679 431 -6189 END
START -9324 -2836 19232 2665 1306 -4506 END
START -9732 -2604 18476 3599 2385 -2729 END
START -9800 -2388 18116 4331 3207 -951 END
START -10224 -1328 16884 4622 3628 665 END