START 6488 1412 19988 -66 -5243 0 END
START 13012 1712 8348 46 -5111 -281 END
START 7460 2832 19892 -409 -4820 -1231 END
START 10760 1340 16512 -1715 -5371 -2018 END
START 11520 2048 18364 -2366 -4758 -2402 END
START 12772 3224 19028 -2622 -2755 -4102 END
START 12732 2956 18904 -1789 -1420 -6924 END
START 11592 2184 18068 -695 -2881 -9474 END
START 10560 1648 17476 294 -5858 -11236 END
START 9784 2012 17096 758 -7035 -12214 END
START 9084 1908 16664 587 -5832 -12929 END
START 7572 1924 16356 -131 -3549 -13058 END
START 6280 1464 16260 -881 -1162 -12618 END
START 4972 1052 16512 -1209 -30 -12363 END
START 3448 580 16504 -1381 -37 -12713 END
START 1608 224 17040 -1187 -671 -12981 END
START 172 -108 17636 -689 -1498 -13231 END
START -1416 -508 17888 -189 -1798 -13578 END
START -3132 -892 18120 35 -1519 -13519 END
START -4692 -1124 18316 -77 -493 -12749 END
START -6056 -1400 18392 -255 1168 -11493 END
START -7680 -1820 18580 -157 2654 -9939 END
START -9064 -2260 18356 258 3290 -8154 END
START -10140 -2328 18436 750 3201 -6252 END
START -10936 -2072 18212 1300 2901 -4360 END
START -11420 -1864 18100 1819 2744 -2466 END
START -11768 -1404 17340 2381 2806 -847 END