START 2300 1800 17820 605 -1361 -17 END
START 9368 2552 6360 665 -1156 -424 END
START 4680 2876 16216 383 -1691 -1271 END
START 4772 2160 15800 -232 -4621 -2307 END
START 5536 1908 16632 -667 -7895 -2189 END
START 8356 2248 17636 -950 -9403 -2017 END
START 11480 2844 18088 -1473 -7596 -2955 END
START 13696 2840 18708 -2476 -3381 -5362 END
START 14496 2272 18676 -3223 -230 -7862 END
START 13840 1936 19200 -2885 -126 -10018 END
START 13544 1824 19288 -1864 -1697 -12132 END
START 12364 1524 19008 -886 -3335 -14759 END
START 10376 940 18440 -146 -4694 -17275 END
START 7632 876 17960 167 -5448 -18890 END
START 4988 616 17484 -171 -5119 -19498 END
START 2412 96 17412 -810 -3806 -19530 END
START -508 -444 17188 -1478 -2803 -19112 END
START -3852 -1116 17404 -1569 -2864 -18185 END
START -7028 -2020 17900 -592 -4165 -16507 END
START -9152 -2220 17784 410 -5434 -14689 END
START -10632 -2572 17336 741 -6107 -12742 END
START -11432 -2640 17540 448 -5995 -10373 END
START -11712 -2356 18132 -89 -3994 -8193 END
START -11848 -2404 18592 -128 -969 -6199 END
START -12124 -2188 19124 675 2051 -4380 END
START -12128 -2248 19036 1745 3824 -2874 END
START -13152 -2184 17996 2700 4998 -1800 END