START 8836 688 19012 -125 -3603 8784 END
START 3240 4216 23200 86 -2136 7878 END
START 10480 2396 14616 -269 -1702 7229 END
START 10632 2644 16488 -1225 -361 4632 END
START 12512 2660 16472 -1540 255 1585 END
START 12696 2432 17216 -1187 -1338 -1978 END
START 12032 2304 16488 -715 -5187 -4709 END
START 11344 2200 16204 -612 -9462 -5817 END
START 12032 2300 15488 -839 -10937 -6198 END
START 12800 2960 14892 -1848 -8143 -7210 END
START 12756 3212 14868 -2740 -3153 -9033 END
START 11632 2576 14740 -3159 16 -11141 END
START 10236 1332 14240 -3103 -278 -12958 END
START 8468 872 14248 -3131 -2384 -13960 END
START 7272 464 14464 -3388 -4154 -14235 END
START 5892 300 15176 -3980 -4429 -14054 END
START 5244 292 15980 -4639 -3346 -13784 END
START 4088 -12 17232 -4811 -1639 -14094 END
START 2364 -508 18140 -4471 -635 -14683 END
START 388 -844 18652 -3933 -692 -15089 END
START -1616 -1268 19528 -3275 -1334 -15100 END
START -3312 -1344 20500 -2315 -1860 -14761 END
START -4288 -1244 20960 -1425 -1685 -14430 END
START -4868 -1132 21060 -853 -286 -14087 END
START -5904 -1136 21268 -399 1838 -13542 END
START -7064 -1032 21544 457 3688 -12579 END
START -8324 -956 21164 1505 4570 -11271 END
START -9596 -1104 20928 2731 4351 -9595 END
START -10676 -904 20212 4105 3302 -7473 END
START -11340 -896 19148 4932 2205 -5354 END
START -11440 -136 18564 5151 1597 -2980 END