START 12208 2108 12584 -988 -2553 2462 END
START 7048 3508 18108 -1447 -2868 1771 END
START 9540 2852 15840 -2585 -3904 604 END
START 10440 1912 15896 -3919 -6664 -809 END
START 11604 2500 17744 -3351 -9583 -1758 END
START 14284 3568 18924 -1125 -10314 -3567 END
START 16300 3868 18216 526 -8003 -7521 END
START 16440 4268 17068 449 -4532 -11502 END
START 15616 2460 15928 -513 -1893 -14895 END
START 12404 748 15476 -1689 -2845 -16205 END
START 10624 1004 15816 -2482 -4985 -15447 END
START 9984 872 16356 -2938 -5328 -15087 END
START 9092 264 16796 -3526 -3666 -15359 END
START 7420 -28 17432 -4064 -1770 -15682 END
START 5380 -612 17756 -4214 -662 -16043 END
START 3596 -1020 18516 -3972 -826 -16227 END
START 1856 -1556 19200 -3443 -1991 -16009 END
START 384 -1848 19760 -2736 -2853 -15414 END
START -1288 -2072 19804 -2462 -2844 -14414 END
START -2664 -2036 20040 -2373 -2038 -13103 END
START -3852 -2116 20220 -2151 -581 -11962 END
START -5052 -1948 20176 -1737 842 -10930 END
START -5952 -1540 19908 -1366 1855 -9994 END
START -6760 -1176 19484 -1051 2656 -9021 END
START -7484 -836 19228 -847 3296 -7811 END
START -8080 -688 18984 -730 3974 -6380 END
START -8644 -416 18440 -779 4504 -4719 END
START -8796 -256 18464 -686 4893 -2891 END
START -9004 64 18104 -380 5010 -1066 END
START -8880 304 17960 -27 4967 466 END
START -8704 456 18096 441 4705 1450 END
START -8252 716 17908 1073 4346 1868 END