START 5348 3000 21500 -3233 -4115 6402 END
START 12308 1236 13464 -3332 -4635 5570 END
START 9916 2408 16936 -3687 -3897 3586 END
START 11088 2380 16740 -4102 -4000 700 END
START 11280 2032 17620 -3752 -5396 -1420 END
START 11456 2100 17968 -2719 -6977 -2574 END
START 12160 1988 17912 -1480 -7475 -3239 END
START 12568 2192 17516 -1089 -5309 -3803 END
START 12204 2092 17060 -1563 -2060 -5068 END
START 11124 1720 17080 -2141 285 -6714 END
START 10224 1272 16676 -2221 1054 -8533 END
START 8644 436 16728 -2114 -20 -10413 END
START 7188 -16 16584 -1821 -2297 -11449 END
START 6144 -308 16500 -1634 -4203 -11742 END
START 5596 -540 16860 -1944 -4234 -11781 END
START 4972 -660 17544 -2374 -2900 -11883 END
START 3992 -804 18116 -2620 -1182 -12224 END
START 2812 -1096 18600 -2426 -136 -12833 END
START 1492 -1592 18988 -2157 -358 -13375 END
START -212 -1964 19376 -1563 -1193 -13539 END
START -1480 -1880 19620 -952 -1758 -13195 END
START -2748 -1956 19704 -571 -1322 -12547 END
START -4184 -1740 19856 -300 -231 -11334 END
START -4892 -1696 19884 22 1049 -9950 END
START -5200 -1436 19900 308 2393 -8928 END
START -5720 -1392 19716 569 3786 -8112 END
START -6152 -1152 19728 1013 4801 -7455 END
START -6872 -804 19596 1729 5573 -6753 END
START -7496 -584 19060 2338 6214 -5920 END
START -7952 -320 18636 2626 6474 -4965 END
START -8500 172 17848 2743 6033 -3724 END
START -8776 496 17676 2902 5337 -2155 END
START -8856 952 17252 2956 4482 -504 END
START -8656 1396 17012 2859 3569 1112 END
START -8044 1376 16800 2691 2773 2655 END