START 15716 3408 424 3605 -2182 -7413 END
START 14288 4372 1976 3096 -4543 -8053 END
START 16964 4096 -924 1706 -7012 -9590 END
START 19840 2380 -1648 -419 -10063 -11955 END
START 21064 2800 -868 -2750 -9404 -15642 END
START 21124 2588 -300 -4549 -6868 -20026 END
START 19692 1284 -208 -5448 -2910 -24479 END
START 16820 312 -1244 -6073 997 -27784 END
START 13040 -1272 -1988 -7381 2444 -29244 END
START 10132 -3312 -2944 -8783 2011 -29362 END
START 6472 -4776 -3128 -11083 1595 -29755 END
START 2476 -6468 -2680 -13922 2313 -29877 END
START -2808 -8392 -2228 -17169 4584 -29434 END
START -8344 -9952 -1340 -20684 6330 -27430 END
START -13860 -11556 96 -23563 5746 -23427 END
START -17276 -12384 1036 -25204 2829 -18493 END
START -19008 -14008 1600 -27436 -530 -12799 END
START -18944 -15500 2860 -31200 -2469 -7356 END
START -17700 -15872 6044 -32768 -2708 -3157 END
START -15688 -15504 9908 -32768 -2928 1064 END
START -12228 -14152 12888 -32768 -3472 5252 END
START -7492 -12516 16196 -32768 -2654 7847 END
START -2952 -10696 20380 -32768 100 7833 END
START 916 -8572 25332 -32768 3094 5321 END
START 3060 -6828 31012 -32768 4886 1051 END
START 3212 -4528 32767 -32768 5026 -4208 END
START 1208 -3700 32767 -32290 3332 -8438 END
START -1388 -2676 32767 -27353 886 -10171 END
START -3864 -1612 32767 -22345 -590 -9934 END
START -5032 -544 32767 -18117 65 -9355 END
START -6068 228 32767 -14829 2287 -9258 END
START -7616 816 32767 -11554 4171 -8876 END
START -8068 908 32767 -7931 5110 -8024 END
START -8620 992 32767 -3663 4662 -7046 END
START -9052 1340 32767 1058 3346 -6103 END
START -9528 1536 32767 5880 1788 -5265 END
START -9848 952 32767 10382 263 -4177 END
START -9968 20 32767 13924 -756 -2791 END
START -9452 -944 32767 16693 -1003 -1360 END
START -8916 -2444 32767 19212 -204 -125 END
START -8776 -3720 32767 21259 819 862 END
START -8668 -4716 31944 23004 1344 1866 END
START -8652 -5520 29380 24639 1131 2799 END
START -7988 -6160 26972 26180 449 3306 END
START -7760 -6476 24820 27647 -631 3551 END
START -7164 -6816 22424 28930 -1840 3803 END
START -6708 -7080 20512 29420 -2547 3987 END
START -6492 -7196 18320 29249 -1725 4420 END
START -6496 -7588 16412 28049 1593 5267 END
START -6952 -7796 14620 26372 5835 6848 END
START -7828 -7896 12560 24863 9066 9142 END
START -8044 -7888 10304 23842 10065 11905 END
START -7756 -7588 7572 22777 9146 14180 END
START -7364 -7208 4704 21324 6744 15771 END
START -7036 -6808 2620 19353 3668 16841 END
START -6724 -6524 628 16968 719 18004 END
START -5892 -6452 -616 14374 -360 19227 END
START -5224 -6344 -1604 11531 -502 20905 END
START -4192 -6780 -2652 8682 382 22950 END
START -2976 -6864 -4204 5607 1393 24756 END
START -1288 -6796 -5156 2173 1744 25832 END
START 448 -7016 -5680 -895 948 26070 END
START 1984 -6584 -5980 -3155 -787 25380 END
START 3768 -6328 -6232 -5354 -3057 23788 END
START 5124 -6096 -6124 -7729 -5048 22150 END
START 6436 -5864 -6292 -10075 -6121 21215 END
START 8216 -5832 -5788 -12888 -5596 20722 END
START 10776 -5444 -5208 -16037 -4610 20380 END
START 14232 -4148 -3940 -19245 -3402 19479 END
START 19032 -1964 -1908 -21984 -2740 17362 END
START 24340 656 484 -24034 -2579 13495 END
START 29512 3052 2608 -25382 -2850 8949 END
START 32767 4660 5348 -26718 -3291 2969 END
START 32767 5548 8476 -28140 -3053 -4710 END
START 32767 5208 12352 -29200 -943 -13608 END
START 32767 3084 16880 -30636 2836 -23442 END
START 32767 -516 21924 -31496 5941 -31355 END
START 26516 -4072 27396 -30231 6053 -32768 END
START 20184 -7388 31264 -26895 3913 -32768 END
START 14520 -10124 32767 -22686 1694 -32768 END
START 8972 -11772 32767 -19174 1217 -32768 END
START 2892 -12660 32767 -17174 2593 -32768 END
START -2252 -14208 32767 -15457 5183 -32768 END
START -7524 -14824 32767 -13129 8170 -30412 END
START -11672 -15652 32767 -9434 9876 -25563 END
START -15524 -16412 32767 -4618 9705 -20106 END
START -17732 -16296 32767 458 8090 -14478 END
START -18712 -15280 32767 4388 6397 -9690 END
START -18848 -13364 31876 7063 5678 -5838 END
START -18192 -11036 27532 8562 5802 -2143 END
START -16796 -8944 23900 9175 5959 1518 END
START -14652 -6964 21356 9383 6018 4758 END
START -12260 -5528 19700 9666 5583 7391 END