START 15464 5900 7368 8830 682 2074 END
START 14900 6236 9008 8564 -527 1005 END
START 16508 6852 7476 8098 -1119 -1216 END
START 19408 5772 6540 7681 -2817 -5208 END
START 20660 4824 6460 6449 -4212 -8252 END
START 21712 5028 6296 4766 -5986 -10589 END
START 22676 4716 6304 3535 -6278 -13423 END
START 23004 4840 5948 2926 -4252 -17445 END
START 22368 4140 4412 2410 -714 -22230 END
START 20424 2424 3192 1170 2553 -26475 END
START 16520 1028 1480 -334 3597 -29454 END
START 13488 -476 772 -1753 2963 -30962 END
START 9264 -1360 -208 -2445 1021 -31775 END
START 5368 -2700 -804 -3237 -1205 -31953 END
START 1944 -3524 -2348 -4571 -3165 -31442 END
START -1460 -4408 -3100 -7566 -2571 -30430 END
START -5628 -5316 -3528 -11832 -190 -28199 END
START -8936 -5956 -3360 -16118 1750 -24935 END
START -12292 -6436 -3092 -19679 1556 -21295 END
START -15176 -8292 -2152 -22622 -694 -17721 END
START -16840 -9780 -344 -24917 -4090 -13767 END
START -17468 -10724 1768 -26769 -6677 -9593 END
START -16604 -11684 4088 -28506 -7462 -5604 END
START -15048 -12176 6664 -30173 -6686 -2227 END
START -13280 -12624 8924 -32035 -5573 783 END
START -11064 -12364 12496 -32768 -5083 3433 END
START -8664 -10960 16220 -32768 -5600 5568 END
START -5960 -9052 19660 -32768 -6156 6756 END
START -2960 -6864 23564 -32768 -5773 6485 END
START -252 -4536 27344 -32768 -4502 5593 END
START 2320 -2460 31920 -32637 -2196 4594 END
START 5060 -316 32767 -31192 482 2667 END
START 6472 1236 32767 -28919 2516 -74 END
START 6568 2440 32767 -25803 3980 -2773 END
START 5384 3036 32767 -21979 4415 -5152 END
START 3580 3636 32767 -17655 3943 -6980 END
START 1864 3624 32767 -13066 2924 -8503 END
START -144 3836 32767 -8591 2195 -9356 END
START -2372 3528 32767 -4466 2193 -9157 END
START -4000 3072 32767 -72 2774 -8009 END
START -5236 2304 32767 3866 3336 -6611 END
START -5772 1572 32767 7463 3697 -5415 END
START -6600 816 32767 11081 3139 -4352 END
START -6836 164 32767 15142 1792 -3198 END
START -6764 -672 32767 18905 163 -2182 END
START -6564 -1440 32767 22167 -1397 -1411 END
START -6168 -2240 32480 24982 -2625 -1120 END
START -6488 -3228 29484 27051 -3052 -922 END
START -6928 -4248 26188 28132 -2336 -416 END
START -7292 -5196 23144 28258 -582 545 END
START -7888 -5956 20776 27906 1091 1729 END
START -8308 -6640 18540 27782 2197 3473 END
START -8452 -7016 16052 27575 2376 5487 END
START -8624 -7628 13672 27309 1998 7362 END
START -8552 -7480 11180 26646 1244 9130 END
START -8344 -7724 8400 25381 393 10800 END
START -8156 -7696 5852 23430 -154 12373 END
START -8308 -7784 3468 21052 -728 14094 END
START -8268 -8012 1284 18548 -1514 16263 END
START -7560 -8120 -816 15709 -1788 18549 END
START -6760 -8236 -2560 12701 -2057 20988 END
START -5372 -8344 -4120 9476 -2701 23304 END
START -3712 -8168 -5404 6062 -3125 24923 END
START -1636 -7844 -6260 2794 -3033 25953 END
START -24 -7588 -6700 -550 -2811 26581 END
START 1640 -7560 -6708 -3599 -2561 26721 END
START 3612 -7700 -6556 -6818 -1914 26319 END
START 4888 -7680 -6232 -9948 -1518 25616 END
START 6356 -8080 -5172 -12825 -1862 24897 END
START 9020 -7628 -4100 -15257 -2595 23955 END
START 12288 -6716 -2024 -17907 -3089 22684 END
START 16756 -4956 472 -19585 -3358 20770 END
START 21660 -2372 2568 -20915 -2845 18445 END
START 26836 -568 5272 -22659 -1982 15176 END
START 32428 2424 8160 -24354 141 9508 END
START 32767 4244 11064 -26084 3107 1360 END
START 32767 4244 15072 -28640 6014 -8535 END
START 32767 3112 20348 -30172 6184 -17543 END
START 28888 1312 25576 -29197 3771 -24274 END
START 24408 12 28728 -26385 1217 -29337 END
START 19476 -2088 30652 -23556 -253 -32768 END
START 14980 -3996 31560 -21375 903 -32768 END
START 9500 -5892 31956 -20108 3654 -32768 END
START 4756 -8136 32300 -19438 7338 -32768 END
START -804 -9808 32767 -17687 9675 -32768 END
START -4260 -11304 32767 -13808 9383 -28260 END
START -6760 -11456 32767 -8230 8193 -22859 END
START -7936 -10984 32767 -3532 6380 -18281 END