START 7832 3656 4048 5315 -3075 10110 END
START 8012 3456 3828 5053 -4834 9465 END
START 8360 3104 4324 4606 -7395 8164 END
START 10284 1768 3648 4012 -11410 6078 END
START 11980 1500 4020 3632 -13868 4888 END
START 14844 1228 4236 3209 -13737 4041 END
START 19216 1252 4716 2445 -11370 2048 END
START 23652 1932 5132 1562 -6899 -1693 END
START 26704 2332 4756 545 -1546 -7405 END
START 27648 2316 4696 -915 2606 -13953 END
START 26644 1524 3940 -2397 4360 -20348 END
START 24308 336 3844 -3362 3948 -25521 END
START 21988 -1100 3300 -3620 3207 -29352 END
START 18564 -2580 2412 -3900 3272 -32343 END
START 14532 -4464 1140 -5004 5162 -32768 END
START 10096 -5636 120 -7093 8560 -32768 END
START 3908 -6860 -896 -9670 11875 -32768 END
START -3332 -7592 -1992 -12297 12641 -32768 END
START -10772 -5140 -960 -13934 8807 -32768 END
START -14048 -10672 -1540 -15412 3137 -30079 END
START -18056 -8740 -1136 -17368 -3107 -24710 END
START -19512 -8924 172 -20066 -6951 -20257 END
START -19984 -9084 2780 -23225 -9092 -15109 END
START -18448 -9200 5564 -26288 -9940 -8567 END
START -14292 -8896 9440 -28967 -8642 -3054 END
START -9168 -7860 13528 -30098 -5630 -364 END
START -5224 -6284 17272 -29799 -2505 -664 END
START -2876 -5656 19664 -28709 -896 -2638 END
START -1656 -4516 20916 -27513 -1113 -5479 END
START -2016 -3772 22280 -26682 -2814 -8438 END
START -2856 -3444 24144 -26350 -4517 -9653 END
START -3612 -3088 25836 -26064 -4059 -9683 END
START -4164 -2664 28336 -25969 -1882 -8945 END
START -4712 -2504 30828 -25441 421 -8080 END
START -5108 -2204 32767 -23455 1566 -7794 END
START -5568 -1944 32767 -20416 1061 -8265 END
START -6192 -1952 32767 -17837 -506 -8392 END
START -6724 -1852 32767 -15544 -1958 -7646 END
START -6348 -1236 32767 -12997 -1939 -6612 END
START -6288 -228 32767 -10014 6 -5919 END
START -6676 80 32767 -7056 2538 -5674 END
START -7724 -32 32767 -4051 5475 -5045 END
START -8696 -40 32767 -910 7635 -3955 END
START -9700 -40 32767 2700 7817 -2441 END
START -10116 -132 32767 6489 6365 -861 END
START -10112 24 32767 10013 4169 538 END
START -9760 -716 32767 12480 2165 1588 END
START -9100 -1308 32767 14633 530 2480 END
START -8384 -1980 31500 16566 -41 2718 END
START -8064 -2972 30380 18236 580 2815 END
START -8468 -4100 28504 19967 1461 3463 END
START -8828 -5072 26580 21554 2145 4686 END
START -8896 -6112 23988 22422 3140 5993 END
START -9504 -6840 21448 22550 4142 7161 END
START -9964 -7592 18708 22084 4834 8363 END
START -10556 -8136 16520 21616 4641 9827 END
START -10944 -8812 14376 21601 3229 11722 END
START -10768 -9424 12292 21641 1083 14151 END
START -10188 -9592 10152 21480 -1417 16406 END
START -9212 -9780 8068 21106 -3402 18611 END
START -8100 -9692 5876 19805 -3589 20483 END
START -6616 -9632 3520 17511 -2347 22119 END
START -5620 -9432 1140 14546 -747 23602 END
START -4412 -9272 -716 11451 628 25155 END
START -2744 -8992 -2360 8427 1301 26433 END
START -848 -8900 -3628 5239 1218 26802 END
START 880 -8612 -4636 2003 47 26335 END
START 2020 -8136 -5008 -813 -2182 25371 END
START 3108 -7952 -5284 -2978 -5690 24379 END
START 4656 -7696 -4980 -4834 -9036 23693 END
START 7140 -7384 -4516 -7130 -11032 23800 END
START 10692 -6272 -3340 -9718 -11111 24399 END
START 15272 -4760 -1940 -12745 -8982 24073 END
START 20728 -2432 268 -15482 -5638 22070 END
START 25620 -188 2576 -17498 -3492 18312 END
START 30144 1852 4976 -18564 -3474 13010 END
START 32767 3480 7408 -19084 -5106 6010 END
START 32767 4252 9484 -19759 -7025 -1992 END
START 32767 3900 12156 -21121 -8171 -10679 END
START 32767 2752 14732 -22744 -7498 -19066 END
START 30148 432 17164 -24538 -5132 -25291 END
START 24996 -2320 20112 -26362 -939 -28582 END
START 20244 -4328 22788 -27434 3906 -30008 END
START 14900 -6536 25984 -27388 7557 -30904 END
START 9252 -8772 29928 -25801 9061 -31650 END
START 4436 -10244 32344 -22439 7965 -31946 END
START -1116 -12928 32767 -17894 5684 -31291 END
START -5444 -13812 32767 -13918 3773 -29255 END
START -8976 -14744 32767 -10270 3147 -25935 END
START -11840 -14644 32767 -7209 4579 -21484 END
START -13460 -13688 32767 -4805 7488 -16340 END
START -14024 -12232 31308 -2620 10620 -11194 END