START 11872 4380 5384 13508 -807 5493 END
START 11972 4316 6108 12802 -2163 4601 END
START 13132 3724 3652 11466 -2648 2890 END
START 14456 2636 3352 9708 -4803 1259 END
START 15800 2652 2068 7679 -6164 69 END
START 17880 3220 1232 5222 -7098 -1858 END
START 19924 3656 68 2795 -5430 -5420 END
START 20296 3672 -600 1085 -3086 -10092 END
START 20036 3004 -1596 -48 -80 -15350 END
START 18196 1752 -2668 -1558 2476 -19528 END
START 15748 588 -3776 -3726 3363 -22533 END
START 13304 -544 -4556 -5820 2630 -24273 END
START 11448 -1572 -4856 -8083 1247 -25819 END
START 9424 -2556 -4720 -10414 346 -27808 END
START 6632 -3836 -4936 -12742 342 -29480 END
START 3116 -5596 -4288 -15213 1137 -30185 END
START -876 -6360 -3868 -18062 2361 -29353 END
START -3844 -7220 -2732 -21030 3056 -27017 END
START -6124 -7780 -1248 -23674 3681 -24162 END
START -7668 -8788 -88 -25868 3611 -21799 END
START -8808 -10312 1592 -28109 2966 -20077 END
START -9844 -11604 3968 -30335 2147 -18540 END
START -11568 -12616 7696 -32209 683 -16741 END
START -12032 -13032 11684 -32730 -1261 -14037 END
START -11900 -12552 15852 -32296 -3763 -10101 END
START -11036 -12380 19928 -31088 -4168 -6062 END
START -10364 -11592 23484 -30377 -1599 -2567 END
START -9208 -10424 26400 -30020 1768 102 END
START -7704 -8932 28648 -29665 4003 1086 END
START -6508 -7524 31324 -28925 4131 635 END
START -5656 -5856 32767 -27039 2872 -115 END
START -4552 -4648 32767 -24260 1406 -846 END
START -3564 -3500 32767 -21374 1208 -1793 END
START -3364 -2268 32767 -18427 2117 -2935 END
START -3504 -1624 32767 -15371 3455 -3674 END
START -4208 -132 32767 -12482 4554 -3999 END
START -5232 1096 32767 -9757 5089 -4124 END
START -6888 3024 32767 -7216 4877 -4068 END
START -7536 3328 32767 -4335 3870 -3885 END
START -8132 2924 32767 -1440 2548 -3604 END
START -8416 2344 32767 1621 1533 -3285 END
START -8604 1020 32767 4865 922 -2702 END
START -8644 16 32767 8267 922 -2101 END
START -9060 -896 32767 11458 779 -1398 END
START -9064 -1944 32767 14985 551 -409 END
START -8816 -2300 32767 18193 169 448 END
START -8656 -3108 32767 20905 -321 1005 END
START -8336 -3604 31424 23317 -755 1483 END
START -8356 -4292 28684 25335 -783 1951 END
START -8220 -5180 25856 26662 -467 2475 END
START -8024 -5488 23708 27340 -79 2931 END
START -8260 -5980 21592 27894 -4 3308 END
START -8572 -6440 19508 28567 -315 4105 END
START -8652 -6848 17252 29104 -1194 5515 END
START -8896 -6844 14816 29288 -2314 7316 END
START -8596 -6960 11820 28848 -2271 9252 END
START -8392 -6296 8940 27418 -1450 11026 END
START -8076 -6652 6324 25017 118 12782 END
START -8160 -6480 3972 22403 1151 14337 END
START -8048 -6724 1608 19716 1327 16206 END
START -7976 -7280 -664 17073 442 18034 END
START -7956 -7956 -3280 14376 -839 19976 END
START -7960 -9184 -5644 11395 -2264 22164 END
START -8140 -10548 -7860 8229 -4234 24400 END
START -7488 -11644 -9752 4579 -6058 27080 END
START -4908 -11708 -11332 -186 -6523 29797 END
START -1668 -11020 -11200 -5747 -5324 31332 END
START 3548 -10164 -9868 -10361 -4029 31279 END
START 9132 -7964 -8164 -13697 -3308 28952 END
START 14324 -6420 -5824 -16202 -4486 25899 END
START 19608 -3636 -3380 -17782 -6859 22480 END
START 23800 -1540 -904 -19473 -9188 19342 END
START 29828 1168 2512 -21338 -9597 15868 END
START 32767 3876 5532 -22160 -6258 9203 END
START 32767 5444 8156 -22954 -1198 -464 END
START 32767 5308 10588 -24432 3493 -9901 END
START 32216 3136 13976 -26038 5803 -18239 END
START 26696 200 18744 -26359 5617 -24235 END
START 21220 -2584 23192 -25256 4091 -27222 END
START 15700 -4664 27416 -24152 2992 -27702 END
START 11964 -5988 30432 -23205 4084 -26914 END
START 8684 -6148 32304 -22247 7652 -26404 END
START 5112 -7036 32767 -21504 11564 -26482 END
START 1640 -7408 32767 -19779 14069 -26474 END
START -2076 -7336 32767 -16726 13646 -25890 END
START -4748 -8584 32767 -12164 10688 -24334 END
START -6628 -8476 32767 -6815 6246 -21930 END
START -7204 -8892 32248 -2621 3958 -20171 END
START -8268 -8728 30116 -677 4682 -18319 END
START -9792 -7824 27756 283 6797 -15835 END