START 13668 3780 4836 14317 1929 3494 END
START 14512 3740 3828 14311 1402 2442 END
START 15624 3848 3804 13962 -58 235 END
START 17516 3392 2720 14079 -1709 -4560 END
START 18228 2708 196 12637 -2447 -9900 END
START 17772 1524 -1488 9015 -3040 -13892 END
START 16772 452 -2416 5059 -3586 -16268 END
START 15864 52 -2688 2374 -3875 -17172 END
START 16032 -24 -3480 558 -2713 -18367 END
START 15928 -456 -3904 -1585 -212 -20837 END
START 15012 -1436 -4148 -3962 2442 -24366 END
START 12584 -2800 -4512 -6395 3770 -27683 END
START 9856 -3824 -4668 -8717 3620 -29967 END
START 7908 -5568 -4552 -11101 3014 -30856 END
START 5176 -6576 -4728 -13764 2905 -30874 END
START 2272 -7988 -4372 -16682 2860 -30014 END
START -548 -9052 -3628 -19580 3032 -28542 END
START -2888 -10080 -2812 -23172 4710 -26987 END
START -5876 -10948 -1772 -27634 7766 -26107 END
START -9368 -11780 216 -31053 9246 -25298 END
START -12312 -11576 2292 -32768 7568 -23473 END
START -12448 -15904 4620 -32768 3950 -20576 END
START -15388 -13896 7356 -32768 341 -16654 END
START -14644 -14764 10740 -32768 -2910 -12472 END
START -13556 -13536 16272 -32768 -4590 -9118 END
START -11808 -11756 23324 -32768 -5594 -7190 END
START -10404 -9296 30076 -32768 -5929 -6415 END
START -9504 -6000 32767 -32768 -6217 -5387 END
START -8172 -3256 32767 -32270 -5990 -4030 END
START -5976 -264 32767 -29775 -4129 -3575 END
START -4424 2316 32767 -27324 -1566 -4445 END
START -4256 4964 32767 -23442 1386 -6942 END
START -5448 5716 32767 -18470 2775 -9536 END
START -7448 5692 32767 -12811 2468 -10880 END
START -10024 5172 32767 -7031 935 -10426 END
START -11644 4440 32767 -1540 -22 -8447 END
START -12728 3304 32767 3681 396 -5977 END
START -12572 2440 32767 8249 1775 -3825 END
START -11916 1456 32767 12296 2852 -2056 END
START -11120 420 32767 16360 2595 -744 END
START -10620 -712 32767 20392 878 246 END
START -9920 -2024 32767 24024 -1766 1109 END
START -9548 -3332 32324 27451 -4467 1823 END
START -9540 -4768 28024 29721 -5968 2383 END
START -9856 -6164 24184 30552 -5584 3103 END
START -10912 -7176 20744 30223 -3823 4841 END
START -11316 -8068 17920 29108 -1141 7776 END
START -10928 -8524 15284 27475 2591 11162 END
START -9932 -8884 12256 25525 5795 14597 END
START -8780 -9708 9492 23606 7245 17073 END
START -7840 -10044 6432 21786 6314 18593 END
START -7332 -10700 3492 20089 2907 19710 END
START -6744 -11560 464 18382 -781 20792 END
START -6272 -12252 -2264 15697 -2419 22499 END
START -5600 -12556 -4436 11952 -1213 24934 END
START -5676 -12416 -6764 7335 1952 28671 END
START -4720 -11992 -8180 2382 5362 32767 END
START -2280 -11640 -8944 -2607 7074 32767 END
START 2916 -9256 -9280 -6838 7054 32767 END
START 6540 -8156 -7880 -10172 4707 31843 END
START 9704 -6168 -6584 -11290 646 25629 END
START 11604 -5636 -5764 -12363 -4224 20275 END
START 13212 -5168 -3968 -14392 -8752 17947 END
START 16264 -3864 -1584 -16695 -11114 18520 END
START 21212 -1740 1168 -19155 -10288 19946 END
START 29496 1528 5156 -21527 -4498 17234 END
START 32767 4536 8860 -22928 2925 8736 END
START 32767 6320 12088 -23386 7066 -2591 END
START 32767 6072 15008 -23778 7379 -15221 END
START 32767 3832 17840 -24196 5627 -26152 END
START 27540 768 21264 -23890 2044 -32768 END
START 21200 -584 24488 -22188 -1414 -32768 END
START 16620 -3420 26724 -20278 -1690 -32768 END
START 11304 -5628 27940 -19706 2345 -32768 END
START 5076 -8492 29900 -19490 6202 -32768 END
START -1188 -10676 32536 -17897 7331 -32768 END
START -5876 -12220 32767 -14004 4662 -32768 END
START -9224 -13116 32767 -9155 779 -31252 END
START -11584 -12764 32767 -5065 -2266 -26526 END
START -12612 -12216 32767 -1777 -3193 -21265 END
START -12556 -11436 32132 -616 -210 -16104 END
START -12668 -10292 30580 -830 4654 -10846 END
START -12404 -9444 29392 -536 8935 -5487 END