START 21296 7376 12240 1917 906 -2306 END
START 20816 7032 12680 1655 -27 -3440 END
START 20300 6880 10976 1006 -570 -5128 END
START 19352 4500 9832 337 -2697 -6192 END
START 19280 3972 8476 -79 -2846 -7051 END
START 20400 2224 6620 -597 -565 -8817 END
START 20668 1356 4376 -1939 3219 -13136 END
START 20072 376 3256 -3899 6103 -19027 END
START 18008 -720 2704 -4826 6419 -23933 END
START 15832 -2008 2380 -4504 3923 -26863 END
START 14032 -3420 1284 -4165 1230 -28776 END
START 11788 -4364 516 -4452 -698 -30115 END
START 9356 -5836 -444 -5508 207 -31041 END
START 6504 -6972 -1312 -7763 4464 -31645 END
START 2496 -7720 -2620 -10641 8838 -31508 END
START -1740 -8080 -3272 -13236 10750 -30210 END
START -5968 -7964 -3208 -15752 8440 -28265 END
START -9104 -6652 -3296 -18133 4780 -27222 END
START -12404 -6708 -2500 -22078 1813 -26870 END
START -15428 -7048 184 -25565 -1443 -25426 END
START -17648 -7744 3620 -27325 -4597 -22032 END
START -17392 -8568 7116 -28775 -6042 -17483 END
START -16904 -8652 10372 -30367 -5304 -13621 END
START -15976 -8996 15552 -31366 -3675 -9950 END
START -14160 -8548 19876 -30890 -2803 -6546 END
START -11048 -7612 22760 -30437 -2237 -4402 END
START -8048 -7204 26324 -30712 -2094 -4451 END
START -7240 -7020 29896 -29680 -2951 -4761 END
START -6892 -6964 32767 -27537 -2952 -4497 END
START -7020 -6620 32767 -25059 -1128 -3877 END
START -7512 -5932 32767 -23169 1597 -2840 END
START -7476 -4880 32767 -21046 3217 -1636 END
START -6524 -3412 32767 -18364 3381 -1084 END
START -5844 -2664 32767 -15681 2499 -1742 END
START -5532 -1664 32767 -12926 1398 -2520 END
START -5656 -916 32767 -9798 542 -3107 END
START -6264 -260 32767 -6579 540 -3471 END
START -7096 124 32767 -2995 1906 -3680 END
START -8716 -204 32767 869 3853 -3501 END
START -10360 -880 32767 4695 5249 -2414 END
START -11576 -1656 32767 8324 5400 -557 END
START -11756 -2520 32767 11908 4277 1286 END
START -11232 -2692 32767 15251 2418 2388 END
START -10292 -3104 32767 18355 131 2768 END
START -9112 -3640 32540 21190 -2255 2587 END
START -8672 -4160 30220 23649 -4614 2217 END
START -8248 -5240 27160 25690 -5985 2076 END
START -8520 -6520 24404 26685 -4882 2552 END
START -9160 -7220 21544 26646 -1594 3505 END
START -9744 -8964 18544 26258 1990 4732 END
START -10540 -10540 15128 25533 4679 6692 END
START -11344 -11980 11932 24639 5435 9329 END
START -11816 -13204 9100 23915 3878 12173 END
START -12024 -13996 5824 23312 731 14887 END
START -12128 -14488 2772 22406 -2343 17367 END
START -11644 -14400 -100 20376 -3709 19959 END
START -11100 -13852 -2788 16831 -2722 22965 END
START -9316 -12852 -5060 12553 50 26186 END
START -6616 -11752 -6796 8213 3660 28345 END
START -3908 -11000 -7948 3519 7198 29413 END
START -1524 -9992 -8752 -895 8608 29400 END
START 1160 -9392 -8860 -4478 6827 28703 END
START 3984 -8632 -8476 -7144 2255 27802 END
START 7688 -7616 -7820 -9431 -3749 27527 END
START 12436 -5688 -6372 -12056 -8903 27380 END
START 17656 -3400 -4244 -14841 -10050 26525 END
START 23560 -488 -1024 -17534 -6527 23803 END
START 29040 2324 2340 -19873 -2171 18937 END
START 32632 3704 5380 -21576 -279 13359 END
START 32767 5064 8384 -22335 -1709 6891 END
START 32767 5780 11848 -22348 -4652 -740 END
START 32767 5272 15264 -22405 -7362 -8829 END
START 32767 3928 18776 -22566 -8515 -16138 END
START 29648 1740 22092 -22073 -7804 -21593 END
START 24892 -1360 25084 -22058 -4601 -24968 END
START 19372 -3500 27596 -22733 167 -26787 END
START 14240 -5264 30036 -21805 3161 -27118 END
START 9668 -6596 32044 -18726 2986 -27118 END
START 6792 -8020 32767 -14866 -335 -27317 END
START 4064 -9348 32767 -11532 -4095 -27693 END
START 1304 -10540 32767 -9205 -4703 -27827 END
START -2156 -11508 32767 -7849 -1348 -26707 END
START -5304 -12628 32767 -7039 4539 -24359 END
START -8760 -13224 32228 -5703 9498 -20962 END
START -11328 -13012 30868 -3278 11432 -17157 END
START -13032 -12104 28656 -14 10838 -13149 END
START -13268 -10592 26028 2992 8678 -9471 END