START 3424 1356 7196 14722 -2045 14545 END
START 3436 1700 6532 14330 -3716 14179 END
START 3900 2644 5936 13783 -5706 13059 END
START 7400 2556 4872 12637 -10814 11570 END
START 10624 3232 3540 10326 -15286 9977 END
START 14264 4044 3932 6769 -18060 8267 END
START 19308 5296 4292 3928 -17535 5438 END
START 23632 6536 5444 2005 -13236 1162 END
START 25644 7200 5872 1578 -7385 -4849 END
START 25440 7044 5216 1272 -1895 -11410 END
START 23576 6240 3852 758 1107 -16948 END
START 20876 4700 2960 284 1773 -20670 END
START 18284 3928 1744 -334 679 -23331 END
START 15896 2396 1088 -1303 -1105 -25791 END
START 13672 992 224 -2830 -2282 -28549 END
START 10656 -580 -404 -4845 -1557 -31074 END
START 6932 -2408 -876 -7097 497 -32550 END
START 2940 -3648 -1784 -9371 2799 -32193 END
START -380 -4696 -2184 -11877 4297 -31055 END
START -2588 -5848 -2416 -14269 4344 -29728 END
START -5676 -6944 -2116 -16441 2643 -28057 END
START -7980 -8048 -1724 -18711 -83 -25778 END
START -10228 -8964 -1156 -21357 -2266 -22823 END
START -12220 -9460 -64 -24178 -3728 -18841 END
START -12944 -10028 1168 -27021 -4204 -13910 END
START -12084 -10932 3484 -30458 -3586 -8472 END
START -9728 -10532 6956 -32768 -2042 -4534 END
START -7184 -10104 11248 -32768 -1365 -2315 END
START -4452 -9312 15504 -32768 -2116 -1507 END
START -2028 -8344 19696 -32357 -3784 -2250 END
START -496 -7784 23188 -31260 -4990 -3456 END
START -348 -7100 26816 -31148 -4565 -4393 END
START -748 -6440 31228 -31825 -2307 -4427 END
START -1068 -5632 32767 -31359 1186 -4035 END
START -1600 -4760 32767 -29803 4733 -3662 END
START -1964 -3648 32767 -27072 7474 -4586 END
START -3672 -2436 32767 -22922 8611 -6345 END
START -5748 -1912 32767 -17962 7282 -6993 END
START -7544 -1180 32767 -13349 4938 -6380 END
START -8784 -224 32767 -9461 3956 -5439 END
START -9524 88 32767 -6193 4317 -4210 END
START -10436 112 32767 -3280 5859 -2628 END
START -11296 -300 32767 -487 7570 -657 END
START -11784 -792 32767 2419 8583 1496 END
START -11984 -1532 32767 5627 8590 3657 END
START -11448 -2420 32767 9139 7669 5594 END
START -10716 -3280 32767 12848 6034 6798 END
START -9828 -4032 32767 16290 4203 7088 END
START -9444 -5024 32767 19290 2905 7300 END
START -9564 -5748 31204 21705 2222 7641 END
START -9824 -6696 27668 23618 2630 8228 END
START -10476 -7576 24328 24817 3394 9210 END
START -10872 -8408 20992 25615 3913 10532 END
START -11048 -8992 17760 26143 3672 12144 END
START -11352 -9972 14808 26574 2331 13877 END
START -11216 -10796 11936 27189 -319 15623 END
START -10452 -11228 8788 27343 -2965 17636 END
START -9472 -11364 5692 26321 -4726 19520 END
START -8100 -11464 2556 24365 -5282 20971 END
START -6748 -11468 332 21548 -4819 22145 END
START -4904 -11152 -1728 18436 -4270 22859 END
START -3376 -10324 -3980 15136 -4067 23114 END
START -1972 -10052 -5540 11536 -4197 23750 END
START -356 -9208 -6676 7994 -5130 24720 END
START 1424 -8176 -7500 5170 -6815 25398 END
START 4100 -7104 -7752 2786 -8613 25017 END
START 5924 -6296 -8096 381 -9773 23246 END
START 8460 -5700 -8000 -2388 -9356 20784 END
START 10332 -4428 -7552 -5816 -7396 18286 END
START 11568 -3620 -6792 -9783 -5873 16809 END
START 13420 -2604 -5312 -13535 -5702 16304 END
START 15764 -992 -4120 -16913 -6625 16013 END
START 19840 1504 -1372 -20047 -8156 15016 END
START 24908 3896 1548 -21402 -9585 11700 END
START 30152 6632 4676 -21512 -10699 5252 END
START 32767 8064 6776 -21719 -11643 -3199 END
START 32767 8764 9624 -23114 -11337 -11355 END
START 32767 7200 12400 -25020 -9167 -18163 END
START 30060 5004 15952 -27028 -5654 -22902 END
START 25716 2176 19976 -28672 -2274 -26381 END
START 21792 -832 24024 -28244 -1783 -29401 END
START 17008 -4504 28860 -24767 -5969 -32620 END
START 12000 -8576 32767 -19458 -12331 -32768 END
START 7704 -11592 32767 -14976 -15374 -32768 END
START 3932 -13188 32767 -12681 -11762 -30718 END
START 260 -14200 32767 -12737 -2072 -25150 END