START 24052 4896 7244 -183 22625 -25996 END
START 23816 4732 5788 -736 21781 -27179 END
START 20036 3268 6680 -1269 20833 -28598 END
START 16968 1380 4496 2031 14335 -27821 END
START 14756 1076 2820 5592 5891 -26587 END
START 13976 88 -348 7142 -513 -27554 END
START 11760 -1648 -3772 6068 -2452 -30229 END
START 5308 -4244 -7172 1895 -1580 -32768 END
START -1508 -7028 -8664 -3353 -35 -32399 END
START -7404 -4732 -9420 -8003 921 -27992 END
START -8908 -15488 -7380 -12367 -58 -23507 END
START -13068 -9376 -5708 -16065 -1775 -16283 END
START -11284 -10788 -4568 -18486 -5240 -11164 END
START -9804 -10760 -2356 -21253 -8312 -8518 END
START -7736 -10332 940 -23605 -10708 -7544 END
START -5848 -9984 4916 -25378 -12371 -7122 END
START -3880 -9300 8764 -26789 -13022 -5952 END
START -1812 -8424 12840 -27856 -11941 -5177 END
START -336 -7396 16608 -28810 -8371 -5837 END
START -140 -5716 20292 -29273 -4595 -7397 END
START -140 -4112 23780 -28934 -1882 -9012 END
START -776 -2148 26568 -27500 -885 -11015 END
START -1964 -436 28844 -25834 -1020 -12372 END
START -3488 1128 31500 -24420 -2111 -13160 END
START -4872 2160 32767 -22937 -3092 -13418 END
START -5852 2000 32767 -20738 -2973 -14179 END
START -8504 1688 32767 -17606 -1739 -14907 END
START -11644 448 32767 -13565 -424 -14534 END
START -15020 -60 32767 -9285 791 -12773 END
START -18028 -1040 32767 -5295 1510 -9523 END
START -19320 -684 32767 -1372 2041 -5294 END
START -19560 -112 32767 2084 2485 -1461 END
START -19124 448 32767 5474 2504 1814 END
START -17508 1028 32767 9311 1576 4474 END
START -14952 1284 32767 13283 109 6162 END
START -12780 1040 32767 16537 -1424 6959 END
START -10572 676 32767 19492 -2454 7071 END
START -8948 0 31696 21845 -2661 7116 END
START -7932 -732 28864 23473 -2083 7158 END
START -7320 -1640 26024 24596 -1055 7361 END
START -6868 -2408 23260 25014 502 7550 END
START -6672 -3308 20700 25001 2011 8089 END
START -6480 -4128 18344 24868 3052 8926 END
START -5944 -4700 16492 24668 3565 9843 END
START -5460 -4860 13804 24344 3198 10606 END
START -4672 -5156 11320 23757 2552 11228 END
START -4408 -5384 8444 22880 1608 12162 END
START -3764 -5468 5956 21418 699 13094 END
START -3376 -6036 3368 19275 601 14073 END
START -3080 -6560 716 16330 1139 14420 END
START -3284 -7148 -1628 13134 2045 15514 END
START -3800 -7968 -3508 9730 2608 17590 END
START -3464 -8344 -5492 6352 2275 20452 END
START -2868 -8624 -7104 2738 1464 23641 END
START -660 -8440 -8184 -1282 124 26000 END
START 2120 -7480 -8072 -4969 -290 25217 END
START 4052 -6960 -7496 -7950 -625 22708 END
START 4348 -6720 -7036 -9976 -2050 20823 END
START 5860 -6780 -5932 -12020 -4416 20435 END
START 8524 -5960 -4872 -14359 -6174 21008 END
START 12956 -4548 -2560 -17166 -6202 21308 END
START 18516 -2020 668 -20365 -3965 19842 END
START 24704 816 4200 -22883 -621 15857 END
START 30020 4156 8976 -24125 1837 9783 END
START 32767 6804 13384 -23854 2403 1834 END
START 32767 7924 17292 -23012 2539 -7700 END
START 32767 7660 21840 -22769 3617 -17620 END
START 29892 5856 25880 -22414 4581 -25378 END
START 23136 3784 29460 -21104 5174 -29829 END
START 16132 1740 32572 -19093 7080 -32390 END
START 10440 -584 32767 -16856 10365 -32768 END
START 4208 -2772 32767 -14301 12208 -32768 END
START -472 -4952 32767 -11206 11311 -32768 END