START 21248 4276 4292 9708 -5820 1020 END
START 19200 5100 5136 9194 -6219 102 END
START 19708 6068 4708 7591 -6913 -1789 END
START 21860 5220 4760 5050 -6436 -5786 END
START 22020 4528 4312 3124 -3018 -10608 END
START 20356 4460 3520 1733 -723 -15141 END
START 19148 3124 3188 1112 606 -18964 END
START 16808 2452 2128 433 977 -22146 END
START 14884 1556 832 -836 241 -24725 END
START 12148 260 -36 -2153 -870 -26591 END
START 10176 -612 -1212 -3703 -1668 -27878 END
START 8172 -1560 -2112 -5814 -2212 -29061 END
START 5020 -2844 -2404 -8130 -2477 -30239 END
START 1884 -4172 -2576 -10488 -2223 -30305 END
START -1628 -5248 -2440 -12922 -1932 -29091 END
START -4176 -6820 -1972 -16020 -1232 -26967 END
START -6872 -7700 -940 -19576 -56 -24413 END
START -9644 -8724 776 -22247 446 -20993 END
START -11128 -9460 2076 -24065 163 -17329 END
START -11316 -10164 3984 -25976 731 -14128 END
START -11484 -10812 5868 -28383 2186 -12402 END
START -12040 -11912 8788 -31094 3787 -11900 END
START -13596 -12536 12116 -32344 3545 -11203 END
START -15300 -12984 15468 -32055 1097 -8341 END
START -15032 -12168 18944 -31348 -1933 -3796 END
START -12284 -10384 22876 -31234 -3235 302 END
START -8004 -7488 26964 -31201 -2305 2362 END
START -4236 -4308 31448 -30388 -248 1489 END
START -1956 -1980 32767 -27866 1287 -953 END
START -1208 168 32767 -24288 1699 -3740 END
START -1616 1332 32767 -20656 1533 -5950 END
START -2984 2312 32767 -17155 911 -7116 END
START -4400 2708 32767 -13645 185 -7042 END
START -5452 3016 32767 -10583 -96 -6437 END
START -5528 3092 32767 -7867 673 -6037 END
START -5380 2888 32767 -5314 1987 -5937 END
START -5744 2820 32767 -2297 3061 -5959 END
START -6652 2236 32767 1398 3466 -5918 END
START -8128 1332 32767 5700 3083 -5350 END
START -9392 380 32767 10154 2212 -4325 END
START -10440 -836 32767 14215 740 -2757 END
START -10788 -2300 32767 17527 -866 -1122 END
START -10888 -3352 32767 20065 -1828 186 END
START -10860 -4184 31672 22012 -1748 1232 END
START -10924 -4860 28864 23579 -955 2128 END
START -10860 -5676 25476 24744 78 2966 END
START -10896 -6332 23140 25584 924 4006 END
START -10632 -6908 20428 26020 1999 5290 END
START -10864 -7180 17900 26016 3212 6900 END
START -10956 -7456 15440 25540 3994 8823 END
START -10784 -7828 13068 24715 4203 10928 END
START -10596 -8032 10780 23618 3980 13324 END
START -9944 -7788 8468 22097 4014 15642 END
START -8980 -7808 5844 20029 4317 17578 END
START -7876 -7716 4288 17696 4155 19171 END
START -6640 -7740 2556 15482 3918 20462 END
START -5088 -7680 780 13420 3430 21394 END
START -3544 -7964 -768 11376 2571 22130 END
START -2284 -8080 -2400 9122 1109 22908 END
START -768 -8188 -3312 6735 -748 23717 END
START 780 -7972 -4116 4426 -2250 24139 END
START 2416 -7612 -4684 2074 -3410 24125 END
START 3940 -7180 -5112 -387 -4153 23754 END
START 5120 -7080 -4892 -3182 -4490 23295 END
START 7320 -6572 -4136 -5930 -4416 22872 END
START 10016 -5428 -3296 -8344 -4299 22409 END
START 13264 -3712 -2300 -10800 -3590 21408 END
START 16480 -1728 -916 -13495 -2791 19138 END
START 19052 200 956 -16028 -2557 16563 END
START 21524 1832 2744 -17743 -2743 13813 END
START 24820 3956 5192 -19062 -2537 10756 END
START 28464 5552 7644 -20196 -1021 6377 END
START 30764 7036 10068 -21351 1036 160 END
START 31104 7488 13220 -22283 2631 -7470 END
START 29728 6376 16356 -22989 3149 -15474 END
START 26656 4688 19896 -23122 2625 -21920 END
START 21908 2364 24240 -21559 937 -25496 END
START 18696 1636 27172 -18802 -748 -27128 END
START 17220 -168 29260 -16349 -1025 -29108 END
START 14860 -2136 31208 -14563 1232 -32338 END
START 10720 -4924 32767 -13632 5321 -32768 END
START 5228 -6836 32767 -12620 9352 -32768 END
START -700 -8660 32767 -10029 10165 -32768 END
START -5632 -10908 32767 -5767 7265 -32768 END
START -10164 -13092 32767 335 3736 -30578 END
START -13876 -12816 32767 4624 3292 -26425 END
START -17024 -12432 32767 5651 8481 -22192 END
START -19744 -11048 29272 4940 15948 -16735 END
START -21360 -9452 25752 4634 19505 -10623 END