START 10564 5600 8884 15212 -17 4827 END
START 10808 5496 9024 14839 -582 4043 END
START 11484 4792 6672 13490 -728 2649 END
START 12172 4332 4540 11259 -1304 752 END
START 12464 3856 2536 8816 -2388 -450 END
START 14880 3596 1820 6809 -3970 -1577 END
START 17512 3712 1000 5571 -4046 -3881 END
START 19348 4084 444 4058 -3183 -7549 END
START 20776 3548 -236 2511 -2202 -12400 END
START 20256 2952 -596 1133 -1790 -17742 END
START 17936 1452 -1444 82 -2527 -21577 END
START 16012 16 -1972 -994 -3569 -23602 END
START 13168 -1208 -2484 -2144 -4082 -24339 END
START 10692 -2568 -3292 -4064 -3149 -25074 END
START 7320 -3804 -3696 -7237 163 -26345 END
START 2084 -5516 -3712 -10168 3301 -26464 END
START -2816 -6688 -3880 -13360 4398 -25140 END
START -7344 -7392 -4052 -16604 3117 -22590 END
START -10680 -7888 -3808 -19959 -295 -19688 END
START -12528 -8852 -2916 -23359 -3364 -16762 END
START -13148 -9508 -1404 -26439 -5611 -14044 END
START -12608 -9668 460 -29405 -6378 -11986 END
START -12000 -10040 2940 -32253 -5713 -9423 END
START -10740 -10256 6804 -32768 -5273 -5994 END
START -8056 -9924 10948 -32768 -5066 -3229 END
START -4928 -8924 15276 -32768 -4403 -2500 END
START -2016 -7792 20136 -32768 -4194 -3539 END
START 212 -6000 26332 -32768 -4817 -6177 END
START 732 -5012 31920 -32768 -5386 -8782 END
START 212 -4232 32767 -30691 -5167 -9941 END
START -488 -3376 32767 -27940 -3387 -9891 END
START -1416 -1808 32767 -25113 78 -9467 END
START -2432 -1112 32767 -22270 3902 -9546 END
START -4536 -708 32767 -18795 6877 -10268 END
START -6964 -768 32767 -14386 7129 -10498 END
START -9640 -680 32767 -9163 5242 -9824 END
START -11452 -276 32767 -3999 3189 -8276 END
START -12928 -108 32767 981 2278 -5851 END
START -13572 -176 32767 4874 2773 -3113 END
START -13860 -460 32767 8176 4292 -141 END
START -13864 -1320 32767 11107 5908 2581 END
START -13592 -2308 32767 14040 7032 5108 END
START -12888 -3232 32767 16929 6610 7147 END
START -11856 -3952 32767 20229 4908 8469 END
START -10812 -4668 29992 23050 2952 9068 END
START -10220 -5592 26648 24562 1931 9436 END
START -10012 -6092 23464 25298 1504 10173 END
START -9864 -6320 20568 25954 1661 11473 END
START -9264 -6724 17144 25925 3345 13286 END
START -8568 -7152 14324 24889 5677 15145 END
START -7796 -7104 11480 23401 7175 17260 END
START -6592 -7200 8892 21789 7220 18696 END
START -4960 -7132 6204 20653 5557 19191 END
START -3256 -7252 3976 19463 2960 18940 END
START -2040 -7648 1692 18122 -17 18388 END
START -1084 -8120 -500 16616 -2690 18211 END
START -256 -8756 -3088 14334 -4137 18738 END
START 676 -9148 -4968 10849 -3972 19586 END
START 1480 -8964 -6168 6930 -3089 20543 END
START 2440 -8752 -6960 3112 -2159 21636 END
START 3660 -8092 -7472 -578 -1481 22235 END
START 5136 -7420 -7660 -4068 -1027 21643 END
START 6520 -6724 -7404 -7123 -1227 20156 END
START 8272 -5948 -6756 -9856 -2731 18451 END
START 10536 -4536 -5644 -12009 -5147 17196 END
START 13560 -2972 -4740 -14373 -7348 16039 END
START 17368 -572 -2708 -17142 -7759 14297 END
START 21868 1656 164 -20142 -6169 12247 END
START 26952 4128 3668 -22435 -3904 8392 END
START 31480 6312 7304 -23952 -1805 2121 END
START 32767 7268 11316 -24960 -367 -6631 END
START 32767 6740 15340 -25581 381 -16619 END
START 29484 4076 20652 -25246 -480 -25119 END
START 23112 1056 25804 -23199 -3127 -30171 END
START 17184 -2192 30228 -20068 -5789 -32421 END
START 12000 -5840 32767 -17679 -5447 -32768 END
START 6192 -8552 32767 -17030 -624 -32695 END
START 284 -9264 32767 -16959 5131 -30148 END
START -4424 -10888 32767 -15872 9287 -26473 END
START -8336 -10772 32767 -13408 11183 -22261 END
START -11300 -10172 32767 -9928 9933 -18595 END
START -12492 -9556 32052 -5809 6393 -14711 END