START 13992 480 488 3692 -8372 7207 END
START 13824 680 424 3170 -9829 6358 END
START 15728 928 -64 2118 -10548 5038 END
START 18300 -928 96 461 -10782 2551 END
START 20288 -824 208 -555 -8029 -626 END
START 22944 -744 -408 -1980 -5147 -4041 END
START 24880 -1056 -416 -3755 -2150 -8374 END
START 26140 -744 -264 -5200 -531 -13393 END
START 26852 -748 -292 -6214 427 -19321 END
START 25388 -1216 -376 -6880 854 -25460 END
START 22716 -2328 -636 -7511 1185 -30877 END
START 18452 -3780 -1396 -8395 2485 -32768 END
START 13768 -5764 -1864 -9819 4953 -32768 END
START 5904 -6824 -2164 -12206 9580 -32768 END
START -2068 -7812 -1944 -15175 13450 -32768 END
START -10348 -8100 -952 -17189 14119 -32768 END
START -14900 -8092 -128 -18245 11478 -27986 END
START -16764 -7636 920 -19964 9228 -23168 END
START -17180 -8116 2648 -22678 8849 -20203 END
START -17596 -7920 4980 -25002 8455 -17747 END
START -17700 -8188 6944 -26884 6973 -14585 END
START -15492 -8116 9016 -28270 4986 -10832 END
START -13220 -7976 12152 -28609 4094 -7522 END
START -10268 -8024 14416 -28009 4868 -5559 END
START -7792 -7480 15468 -28284 7219 -5103 END
START -5668 -6612 16880 -29404 8755 -5894 END
START -4404 -5040 18612 -28944 8007 -7607 END
START -3056 -3772 19856 -27942 5902 -9761 END
START -3184 -3104 21256 -27742 4269 -11330 END
START -3572 -3036 23448 -28028 3980 -12144 END
START -3716 -3188 26224 -27951 5910 -12741 END
START -5132 -3372 29640 -26816 7415 -13216 END
START -6280 -3812 32767 -25011 7149 -13682 END
START -7548 -4560 32767 -22833 4462 -13603 END
START -8400 -4816 32767 -19963 789 -12535 END
START -8548 -4512 32767 -16742 -1357 -11392 END
START -8876 -4036 32767 -13688 -819 -9848 END
START -9620 -3048 32767 -10172 1573 -7972 END
START -10052 -2492 32767 -6043 4781 -6482 END
START -11060 -1580 32767 -1491 7247 -5332 END
START -12112 -1044 32767 3286 7168 -3799 END
START -11924 -596 32767 7889 5094 -2141 END
START -11188 -156 32767 12083 2328 -903 END
START -10372 -652 32767 15782 -267 -176 END
START -9732 -1672 32767 19070 -1974 363 END
START -9348 -2912 32767 21287 -1646 1029 END
START -9204 -4308 31992 22744 333 1939 END
START -9220 -5436 29836 23785 2940 2689 END
START -9400 -6884 27224 24931 4878 3525 END
START -10136 -7948 24908 26015 5230 4421 END
START -10600 -8804 22200 26844 4003 5658 END
START -11248 -9752 19544 27205 1920 7237 END
START -11388 -10024 17100 27303 -445 8887 END
START -11112 -10268 14668 27267 -2154 10345 END
START -11220 -10580 11960 26358 -2244 11760 END
START -11232 -11116 8824 24697 -651 13691 END
START -11356 -11652 5344 22682 1395 15918 END
START -11500 -12448 1836 20370 2722 18590 END
START -10780 -13244 -1680 17674 3264 21472 END
START -9080 -14020 -5452 13585 3266 24039 END
START -7628 -14512 -7836 8961 1769 26013 END
START -5780 -14460 -9300 4783 -1436 27972 END
START -3536 -13476 -10356 1298 -5242 29770 END
START -624 -11864 -11200 -1900 -7648 30410 END
START 1904 -10500 -11816 -5325 -8133 29680 END
START 3788 -9696 -11744 -9202 -6969 28258 END
START 5556 -9104 -10864 -12760 -6503 26910 END
START 7804 -8576 -9580 -16025 -7729 26788 END
START 12596 -7108 -6500 -19206 -10028 27651 END
START 19556 -4692 -2816 -21733 -11440 27764 END
START 27952 -912 1776 -23919 -10660 24453 END
START 32767 2480 6984 -24975 -9247 17095 END
START 32767 4680 11464 -24848 -8411 7618 END
START 32767 5424 15192 -24993 -7318 -2601 END
START 32767 4284 19504 -25507 -5757 -12278 END
START 32767 1444 23800 -24749 -4284 -19277 END
START 29988 -612 25944 -23078 -4494 -23093 END
START 25172 -2576 26904 -22000 -4975 -25749 END
START 20220 -4732 28092 -21583 -3189 -27812 END
START 14664 -6548 29700 -21355 722 -28885 END
START 9636 -8396 31232 -21032 5488 -28576 END
START 5360 -9348 32380 -19596 8360 -27685 END
START 1500 -10776 32767 -16617 7767 -26581 END
START -1848 -12044 32767 -11693 3250 -24347 END
START -3804 -12308 32767 -6595 -1785 -21685 END
START -5136 -12504 32456 -3189 -3668 -18947 END