START 14840 4508 2352 7118 -23479 -5402 END
START 14604 4776 2860 6196 -24233 -5447 END
START 16964 4616 2028 4107 -22060 -6092 END
START 20448 4268 668 1219 -14601 -8265 END
START 22548 4612 20 -2399 -4297 -12527 END
START 22552 4040 212 -5543 3531 -18156 END
START 21264 3100 32 -7137 7158 -23491 END
START 18252 1444 536 -7723 6196 -27199 END
START 14552 -48 440 -7378 1757 -29485 END
START 11788 -1380 -112 -6481 -3206 -30335 END
START 8496 -2772 -1264 -6831 -5247 -30962 END
START 4684 -4660 -1596 -9930 -3144 -31393 END
START -8 -5996 -1876 -14031 815 -30365 END
START -5048 -7124 -1224 -17770 3408 -27372 END
START -8828 -7720 20 -20725 3316 -22234 END
START -10244 -8268 760 -22519 1739 -17516 END
START -10560 -9472 2144 -24499 702 -13475 END
START -10012 -10196 3500 -26975 1536 -11419 END
START -10104 -11068 5220 -29559 3062 -11103 END
START -11216 -11772 7988 -31566 2619 -10258 END
START -11404 -11660 11324 -31931 -970 -7083 END
START -9024 -11164 14828 -30850 -5108 -3005 END
START -6100 -10032 17244 -30474 -6104 -628 END
START -4064 -8988 20312 -31266 -4156 226 END
START -2492 -7724 23848 -32153 -517 -211 END
START -1800 -6256 28508 -31769 2440 -1903 END
START -1416 -4928 32360 -29557 3834 -4354 END
START -2704 -4344 32767 -26757 2662 -6128 END
START -3088 -3936 32767 -23678 392 -6844 END
START -4272 -3072 32767 -20663 -1210 -6775 END
START -4904 -2480 32767 -17455 -804 -6727 END
START -6012 -1552 32767 -14074 857 -6522 END
START -6812 -1464 32767 -10690 3524 -6236 END
START -8508 -1492 32767 -7274 5943 -5623 END
START -10084 -1368 32767 -3416 6445 -4595 END
START -11284 -1652 32767 1105 5378 -3216 END
START -12124 -2084 32767 5795 3045 -1251 END
START -11672 -2420 32767 10019 1107 569 END
START -10884 -2940 32767 13406 399 1683 END
START -10416 -3568 32767 15911 467 2568 END
START -9684 -4588 32767 18538 1146 3384 END
START -9292 -5508 32767 20712 2331 4006 END
START -9328 -6444 30628 22256 3945 4580 END
START -10076 -6952 28132 23384 5539 5329 END
START -10452 -7476 25284 24985 5570 6325 END
START -10360 -7740 21968 26866 3565 7253 END
START -9436 -7576 18780 28831 -64 7383 END
START -8684 -7488 15796 30299 -4176 7331 END
START -7588 -7168 13068 31088 -8397 7548 END
START -6356 -6872 10700 31283 -11584 7570 END
START -5080 -6596 8796 30920 -12864 7589 END
START -3768 -6260 7248 30127 -12802 7207 END
START -2520 -5836 5720 29361 -12094 6533 END
START -1960 -5892 4368 28627 -11793 5818 END
START -1224 -6588 2988 27829 -12265 5820 END
START -1220 -6832 1176 26333 -12890 6767 END
START -348 -7032 -732 23421 -11149 8752 END
START 120 -7220 -1732 18826 -6031 11439 END
START 320 -6828 -3512 12655 1389 14661 END
START 820 -6896 -4120 5595 8861 18537 END
START 812 -6688 -4312 -726 13780 22310 END
START 1784 -6716 -4020 -5690 15069 25371 END
START 2860 -6296 -3572 -9248 13423 27047 END
START 4364 -5864 -2688 -10831 9263 27782 END
START 7132 -4136 -2208 -10801 6094 26515 END
START 9684 -2820 -2952 -11097 3963 24009 END
START 12176 -1640 -3824 -12929 2027 21572 END
START 15060 -124 -3140 -15924 -203 20013 END
START 19732 2984 -1536 -18376 -2401 18612 END
START 26228 5804 1024 -20056 -3432 14821 END
START 32767 9368 4876 -21125 -1968 5670 END
START 32767 12304 5920 -22214 830 -8084 END
START 32767 11508 7848 -23542 1897 -22820 END
START 32767 9304 10512 -24169 -1792 -32768 END
START 29120 7508 14828 -22590 -8367 -32768 END
START 25372 2792 19204 -21095 -12356 -32768 END
START 20160 -1948 24652 -21227 -11945 -32768 END
START 14756 -7252 30544 -22202 -7449 -32768 END
START 9244 -10280 32767 -22524 -441 -32768 END
START 6028 -12288 32767 -23339 7249 -32768 END
START 1604 -13280 32767 -24148 13591 -32131 END
START -4068 -14528 32767 -22698 16106 -29427 END
START -9156 -15176 32767 -17228 13801 -25122 END
START -12904 -14796 32767 -8911 8449 -20257 END
START -15136 -14360 32767 -1278 4381 -14788 END
START -16124 -13340 32592 3177 3402 -8605 END
START -15176 -11572 28468 4331 5674 -3566 END
START -14316 -9988 24780 3406 9198 23 END
START -13832 -8376 22312 2507 10817 3077 END
START -12640 -6728 20096 2427 10295 6625 END
START -10404 -5632 18824 2833 8376 9758 END