START -1136 5208 13036 1710 -977 9599 END
START -740 5360 12028 1351 -1241 9610 END
START -268 5952 13380 527 -638 9627 END
START 1940 5728 12940 -262 98 9080 END
START 2472 6380 13972 -926 918 7762 END
START 3336 6872 14684 -1499 1087 6332 END
START 3916 7360 16232 -1403 816 5086 END
START 5096 8012 17708 -897 -148 4488 END
START 6628 8596 19016 -471 -647 4254 END
START 8384 9052 20328 -91 -769 3813 END
START 10112 9208 21116 424 -256 2227 END
START 11636 9504 21684 1240 900 -1099 END
START 11488 9152 22148 2735 1625 -5153 END
START 10248 8416 21696 4469 1197 -8239 END
START 9080 7548 20544 5896 544 -9748 END
START 8396 7112 18960 6579 530 -10485 END
START 8100 6556 17332 6847 1098 -11068 END
START 7652 6344 15728 7297 1338 -11676 END
START 7792 5736 13704 7766 1198 -12659 END
START 7648 4892 11448 7655 871 -14076 END
START 7120 3768 9252 6557 849 -15736 END
START 6080 2864 7588 5044 914 -17345 END
START 4404 1456 6220 3929 612 -18468 END
START 2436 264 4996 3295 -342 -18742 END
START 600 -1096 3144 2677 -1690 -18481 END
START -1268 -2336 1564 1384 -2947 -17716 END
START -2832 -3428 136 -714 -3790 -16333 END
START -4224 -4444 -636 -3075 -3607 -14706 END
START -5592 -5652 -1876 -6451 -2306 -13286 END
START -7388 -6580 -2796 -9838 -1617 -12246 END
START -9492 -7768 -3220 -12795 -2141 -11228 END
START -11152 -8748 -3884 -15230 -3817 -9718 END
START -11688 -9764 -4120 -17806 -6301 -7752 END
START -11428 -10612 -3828 -21045 -8399 -5898 END
START -10640 -11948 -2864 -24664 -9257 -4254 END
START -10080 -12692 -1200 -28296 -8752 -3442 END
START -9980 -13540 1732 -31061 -8838 -2217 END
START -9184 -13324 5636 -32608 -9725 308 END
START -6996 -12172 9804 -32768 -10478 3442 END
START -2984 -9816 14648 -32768 -9790 5734 END
START 1384 -8300 19412 -32768 -7254 5138 END
START 4500 -7356 25508 -32768 -4804 1224 END
START 4848 -6868 32524 -32768 -4057 -4195 END
START 3176 -7380 32767 -32768 -6029 -9072 END
START 960 -7828 32767 -30968 -8430 -11531 END
START -620 -8364 32767 -25095 -8087 -10823 END
START -1748 -8268 32767 -20721 -3580 -8778 END
START -3476 -9052 32767 -17276 2749 -6978 END
START -5260 -9980 32767 -12567 6391 -5641 END
START -6856 -9848 32767 -6407 7369 -5355 END
START -8504 -9584 32767 371 5769 -4773 END
START -9072 -8404 32767 6572 3755 -3552 END
START -8912 -7220 32767 11831 2331 -1912 END
START -7572 -6548 32767 15777 2968 -544 END
START -7136 -6200 32767 18625 4758 265 END
START -6524 -6380 32767 20998 5930 459 END
START -6472 -7424 32048 23270 5881 130 END
START -6448 -8032 29308 25669 4974 -434 END
START -6512 -8800 26664 27702 3950 -860 END
START -6600 -9616 23888 28791 3263 -886 END
START -7132 -10232 21448 29134 3880 -576 END
START -7748 -11020 19336 28524 5386 386 END
START -8428 -12028 17564 27410 7512 1836 END
START -8936 -12520 16356 26527 9423 3899 END
START -9156 -13024 14512 26286 10382 5743 END
START -9232 -12908 12692 26096 9754 7243 END
START -9136 -12988 10272 25683 8080 8701 END
START -9176 -12408 8480 24725 6364 10139 END
START -8956 -12248 6740 23522 5156 11762 END
START -8800 -11840 5008 21981 4681 13524 END
START -8692 -11684 3432 20227 5000 15023 END
START -8860 -11300 1700 18297 5398 16722 END
START -8668 -11408 -24 15888 5250 18593 END
START -8036 -11104 -1508 13255 4695 20721 END
START -6696 -10588 -2892 9663 3909 22862 END
START -4808 -9688 -3248 6041 3312 24569 END
START -2932 -8912 -3344 2928 3189 25507 END
START -1044 -7960 -3496 281 3367 25872 END
START 828 -7512 -3580 -2117 3387 25794 END
START 2588 -6852 -3288 -4562 3142 24923 END
START 3752 -6504 -2708 -6926 2324 23843 END
START 5280 -6040 -1656 -9063 632 23165 END
START 7200 -4872 -284 -11028 -1199 23194 END
START 10552 -2952 1672 -13163 -2681 23938 END
START 15128 -572 3744 -15479 -2692 24091 END
START 20916 1760 6204 -17435 -464 21856 END
START 25396 5200 8852 -18726 2308 16237 END
START 27796 7428 10900 -19205 1792 9445 END
START 29136 8728 12868 -19025 -1825 3214 END
START 30028 9220 15136 -18305 -5635 -2730 END
START 30096 9056 16476 -18422 -6878 -8067 END
START 29712 8076 17404 -20095 -5016 -12693 END
START 28032 6176 18672 -22354 -1402 -17314 END
START 25060 4000 20396 -22969 1183 -21890 END
START 22068 1840 21452 -21217 488 -26059 END
START 19316 -584 21632 -18164 -2142 -29867 END
START 15716 -2644 21296 -16374 -3915 -32768 END
START 11764 -5368 21552 -17231 -3821 -32768 END
START 6544 -8280 23588 -19476 -1806 -32768 END
START 1016 -12028 26304 -21240 2368 -32768 END
START -6352 -15688 29760 -21316 6935 -32768 END
START -12656 -17964 32340 -17352 8014 -29446 END
START -16488 -20632 32767 -11185 6941 -22474 END
START -18164 -20616 32580 -6211 5360 -15736 END
START -17192 -19932 31308 -2951 4920 -12265 END