START 20168 5580 11500 3008 -5397 -49 END
START 19700 5492 11748 2868 -5321 -1079 END
START 19500 5136 10712 2441 -3386 -3132 END
START 18644 3828 9076 1761 -652 -5511 END
START 16732 2808 8076 1238 588 -6814 END
START 16612 1624 6556 853 640 -7929 END
START 16756 740 5328 293 210 -9963 END
START 16836 44 4248 -354 -80 -13052 END
START 16204 -460 3132 -1451 -762 -16834 END
START 14824 -1508 2792 -2940 -1660 -20686 END
START 12784 -2860 2684 -3945 -1577 -23480 END
START 10452 -4328 2504 -4707 -181 -24288 END
START 7976 -5020 2484 -5260 2096 -23485 END
START 6916 -5060 1800 -5969 4760 -22630 END
START 6164 -4912 776 -7010 7381 -22913 END
START 5108 -4884 104 -8589 9043 -24021 END
START 4144 -4384 -120 -10520 9287 -25824 END
START 1732 -4484 -12 -12721 7862 -27805 END
START -1556 -4436 804 -14833 5859 -28631 END
START -5384 -4268 1912 -16614 3842 -27863 END
START -8100 -4688 3460 -17558 2962 -26176 END
START -10728 -5644 4896 -18783 3933 -24580 END
START -13120 -7224 6316 -20919 6646 -22977 END
START -16096 -8660 7788 -22792 8836 -21234 END
START -19580 -9048 8932 -24139 8044 -18653 END
START -21044 -9752 10188 -24849 4668 -14457 END
START -20632 -9256 11940 -25543 -149 -8676 END
START -17760 -8632 13996 -26518 -2875 -2631 END
START -13376 -7100 16932 -28246 -1915 1476 END
START -9252 -5500 20332 -29635 525 1552 END
START -6920 -4308 24584 -29527 1927 -1290 END
START -6352 -3940 28552 -28019 268 -3915 END
START -5652 -2420 32596 -25865 -3173 -4448 END
START -4104 -1328 32767 -23285 -5198 -3762 END
START -2560 -76 32767 -21368 -3571 -3745 END
START -2364 276 32767 -19648 34 -4520 END
START -2924 160 32767 -17183 3791 -5765 END
START -4136 -156 32767 -13829 6752 -7515 END
START -6760 -336 32767 -9429 7397 -8156 END
START -8752 -732 32767 -3478 5806 -7289 END
START -10180 -820 32767 2311 3497 -5456 END
START -10392 -568 32767 6996 1758 -2940 END
START -10104 -280 32767 10592 1552 -843 END
START -9416 -300 32767 13560 2284 616 END
START -8928 -740 32767 15598 3331 1225 END
START -8696 -1520 32767 17766 3454 1625 END
START -8672 -2524 32767 20267 2305 2153 END
START -8284 -3472 31532 22913 823 2605 END
START -8188 -4444 28848 24872 -318 3103 END
START -8332 -5488 25296 25863 -282 3902 END
START -8356 -6212 22112 25630 1381 4632 END
START -9184 -7456 19116 25113 3400 5547 END
START -10036 -9044 16144 24748 5105 7150 END
START -10964 -10176 12992 23933 5962 9456 END
START -11264 -11120 9664 22552 5427 12313 END
START -11224 -11824 6044 21003 4169 14899 END
START -10796 -12496 2428 19183 2022 17260 END
START -9888 -13160 -1588 16473 156 19471 END
START -8864 -13392 -4948 12593 -209 21756 END
START -6952 -13204 -6896 8062 428 23962 END
START -4772 -12540 -7960 4341 1518 25597 END
START -2032 -11864 -8656 1429 2150 26483 END
START 204 -11072 -9548 -1464 1313 26243 END
START 1964 -10228 -9752 -4552 -1358 25637 END
START 4576 -8852 -9252 -7071 -5481 25295 END
START 8344 -7256 -8524 -9635 -8895 25365 END
START 13432 -5040 -6752 -13160 -9572 25295 END
START 19496 -2156 -3472 -16743 -7575 24300 END
START 25108 520 524 -19367 -4175 21273 END
START 30172 3040 5004 -20687 -1878 16376 END
START 32767 5252 9068 -21201 -2098 9553 END
START 32767 6288 12968 -20963 -4455 2008 END
START 32767 6612 16780 -20598 -7333 -5755 END
START 32767 5688 20724 -20487 -8717 -13134 END
START 29404 4100 24408 -20492 -7599 -18435 END
START 25156 2244 27636 -20175 -5144 -21692 END
START 21360 772 29308 -18944 -2149 -24455 END
START 16284 -756 30420 -17231 201 -27282 END
START 10864 -2744 31520 -14771 427 -28778 END
START 6672 -4528 31748 -11356 -1614 -28986 END
START 2864 -6556 31640 -8589 -3877 -28644 END
START 60 -8176 32140 -7257 -3407 -28167 END
START -3544 -9632 32576 -6744 -228 -26967 END
START -7168 -10384 32452 -5194 3848 -24134 END
START -9816 -11112 30824 -1994 6499 -20203 END
START -11728 -11028 28064 1523 7241 -16157 END
START -12856 -10804 25044 3619 7170 -12349 END