START 12520 3984 6488 11694 -7906 5378 END
START 10132 4736 6672 11437 -9663 4920 END
START 12180 5316 6484 10358 -12634 4126 END
START 15072 4712 4964 8135 -15880 3060 END
START 17604 5820 4528 5547 -14078 558 END
START 19596 6192 4228 2940 -10266 -3288 END
START 20260 6144 4176 983 -5423 -7722 END
START 20272 6112 4276 -235 -1607 -11440 END
START 19352 5268 3632 -1295 167 -14523 END
START 18348 4580 3028 -2392 71 -16881 END
START 16788 3820 3020 -3408 -1278 -18937 END
START 15260 2940 3020 -4076 -2823 -21214 END
START 13304 2076 3012 -4542 -3634 -23217 END
START 11136 896 2596 -5508 -3324 -24571 END
START 8780 -640 2416 -7593 -1214 -25477 END
START 5400 -2036 2464 -9769 1375 -25901 END
START 1280 -3696 2648 -11550 3407 -25683 END
START -3044 -5320 2532 -12861 3813 -24466 END
START -7140 -6320 2316 -14271 2185 -22331 END
START -10172 -6808 1824 -16202 -619 -19852 END
START -12020 -7788 1488 -19449 -3286 -17354 END
START -13384 -8680 2380 -22787 -4873 -15204 END
START -13948 -9644 3464 -25194 -5483 -13161 END
START -14420 -10876 4868 -27198 -5762 -10278 END
START -13820 -11396 6836 -29045 -5894 -6508 END
START -12112 -11240 8836 -30267 -6197 -2830 END
START -9080 -9892 10940 -31185 -6467 13 END
START -6096 -8124 13312 -32409 -5561 1225 END
START -3612 -6304 16284 -32768 -4010 756 END
START -1700 -4808 20412 -32768 -3011 -905 END
START -512 -4552 24108 -32512 -2409 -3101 END
START 176 -4592 28080 -32194 -1987 -4762 END
START 488 -4896 32767 -31039 -1884 -5514 END
START 548 -4940 32767 -28538 -1963 -5770 END
START 248 -5272 32767 -25039 -1871 -6189 END
START -444 -5640 32767 -21549 -403 -7114 END
START -1932 -6096 32767 -18431 2275 -8197 END
START -4384 -6016 32767 -15095 4925 -8731 END
START -7336 -6368 32767 -11191 5951 -7906 END
START -9584 -5776 32767 -6903 5620 -5673 END
START -10300 -4696 32767 -2190 4433 -3172 END
START -10372 -3624 32767 2878 3196 -1320 END
START -10192 -2824 32767 7203 2510 -104 END
START -9760 -2616 32767 10706 2506 945 END
START -9600 -2744 32767 13303 3342 1812 END
START -9760 -3380 32767 15814 4616 2532 END
START -10084 -4480 32767 17958 5671 3370 END
START -10556 -5784 30680 19360 6848 4447 END
START -11724 -7184 27476 20462 7705 5938 END
START -12384 -7956 24440 21462 7841 7499 END
START -13028 -8888 21216 22291 7057 9313 END
START -12364 -9368 18836 22771 5654 11446 END
START -11284 -9448 16632 22884 4963 12799 END
START -10116 -9644 14728 22946 4870 13560 END
START -9168 -9520 12664 23300 4406 14138 END
START -8296 -9820 10740 23569 3353 14844 END
START -7164 -9656 8980 23507 2320 15617 END
START -5664 -9328 6816 23029 1816 16141 END
START -4620 -8956 4872 21675 1447 16568 END
START -3504 -8132 3140 19804 881 17021 END
START -2348 -8176 1684 17392 299 17562 END
START -584 -8596 452 14690 -178 17828 END
START 360 -8440 -192 12012 -495 18142 END
START 1412 -8124 -1300 9393 -742 18649 END
START 2704 -7964 -1680 6712 -433 18560 END
START 3212 -7492 -2732 4343 -868 18792 END
START 3592 -6752 -3556 1710 -1472 18454 END
START 3920 -6720 -4132 -1374 -2071 18349 END
START 4096 -6284 -4096 -4600 -2635 18973 END
START 5340 -5924 -3712 -7517 -3492 20292 END
START 7788 -4708 -3252 -10402 -4268 21425 END
START 11456 -2672 -1920 -13427 -4874 21661 END
START 15776 -612 -260 -15903 -5020 19831 END
START 19568 2060 1900 -17621 -5210 15854 END
START 22888 4152 4124 -18871 -6154 11038 END
START 25628 5968 6264 -20072 -7547 6061 END
START 28228 6972 8968 -21644 -8802 844 END
START 30120 7144 12384 -23305 -8705 -4725 END
START 31144 6908 16020 -25101 -7433 -10945 END
START 31060 5472 20620 -26088 -4736 -17553 END
START 28612 3292 24416 -25207 -2291 -23782 END
START 24120 764 27104 -22759 -1017 -28938 END
START 19428 -1688 28624 -20251 -851 -32191 END
START 14224 -4804 30068 -18819 597 -32768 END
START 9224 -6968 31520 -17647 4061 -32768 END
START 3488 -9480 32767 -16025 7769 -32768 END
START -2316 -12244 32767 -13715 10225 -32768 END
START -8572 -14220 32767 -9958 9273 -31472 END
START -13536 -15724 32168 -6068 6333 -27807 END
START -16648 -16024 30704 -2398 3265 -22831 END
START -17648 -15468 29136 176 1568 -16958 END