START 11224 3560 6060 3594 -9047 13664 END
START 11928 4320 6772 2934 -10215 12729 END
START 15144 5256 6444 1530 -10613 10260 END
START 19172 6388 8556 257 -11025 6228 END
START 22344 7584 10472 137 -10261 2354 END
START 24160 9080 10928 726 -8399 -1536 END
START 24848 9308 10832 1209 -6315 -5464 END
START 24840 9460 9756 1303 -4259 -10017 END
START 23116 8640 8468 356 -2111 -14901 END
START 20244 6652 7400 -714 -866 -19631 END
START 16132 4332 6916 -1696 -429 -23118 END
START 11540 1788 6640 -1223 -549 -24768 END
START 7260 -348 5016 -452 -658 -25149 END
START 4112 -1956 2924 -907 -498 -25226 END
START 564 -3632 1296 -2431 -31 -25166 END
START -3016 -4828 716 -3599 -465 -24223 END
START -5740 -5560 -460 -4670 -1304 -22441 END
START -7872 -6336 -1828 -7069 -1567 -20299 END
START -10200 -7376 -2380 -10987 -756 -17851 END
START -12988 -8256 -2064 -14824 43 -14785 END
START -14992 -9016 -1808 -17358 -584 -11493 END
START -15888 -9508 -1716 -19653 -2508 -7704 END
START -15268 -9444 -772 -21863 -4615 -3966 END
START -13336 -8872 768 -24242 -5899 -998 END
START -10840 -7900 2764 -26800 -5531 394 END
START -8744 -7608 5416 -29607 -4639 1101 END
START -6536 -6868 9160 -32266 -4144 1422 END
START -4968 -6076 12960 -32768 -4919 1408 END
START -3400 -5056 16536 -32768 -6888 1413 END
START -1164 -4372 20532 -32768 -8408 1485 END
START 1228 -3804 26120 -32768 -7711 988 END
START 3144 -3736 31556 -32554 -4640 -716 END
START 4340 -3616 32767 -30639 -1550 -3391 END
START 3644 -3760 32767 -27845 214 -6292 END
START 1712 -4400 32767 -24180 622 -8524 END
START -652 -5096 32767 -20013 381 -9652 END
START -3540 -5404 32767 -16605 984 -9534 END
START -5984 -5620 32767 -13542 2446 -8105 END
START -7676 -5684 32767 -9654 4152 -5909 END
START -8452 -4640 32767 -4240 5325 -3874 END
START -8716 -3376 32767 1812 5476 -2116 END
START -8472 -1880 32767 7167 4633 -835 END
START -7800 -1132 32767 11347 3707 -301 END
START -7256 -972 32767 15063 2754 -531 END
START -7408 -1600 32767 17971 2182 -722 END
START -7704 -2732 32767 20368 2384 -451 END
START -8112 -4124 32767 22498 3168 499 END
START -8528 -5176 31304 24322 4056 1669 END
START -8720 -5988 27924 25885 4785 2802 END
START -9008 -6824 24696 26980 5068 3873 END
START -9048 -7456 21292 27515 4899 4771 END
START -9184 -8032 18612 27167 4834 5425 END
START -9604 -8576 15540 26536 4855 6165 END
START -10152 -9524 12508 25766 4727 7260 END
START -10836 -10244 9464 24516 4354 8559 END
START -11228 -10892 6444 22862 3809 10032 END
START -11704 -11476 4056 21552 3436 11905 END
START -12056 -11916 1012 20465 2985 13738 END
START -11840 -12116 -1992 18296 2309 15538 END
START -10792 -11880 -3904 15290 1640 17919 END
START -8840 -11092 -5596 11945 1405 20191 END
START -6444 -10168 -6796 8286 2183 22053 END
START -3724 -9328 -7928 4518 2922 22867 END
START -1536 -8556 -8860 401 3012 22786 END
START 460 -7696 -9072 -3061 1630 22299 END
START 3192 -6832 -8488 -5744 -1155 21698 END
START 5932 -5824 -7660 -8082 -4435 21040 END
START 9448 -4368 -6124 -10693 -6898 20537 END
START 13632 -2908 -3768 -13549 -7474 19673 END
START 17200 -1836 -1508 -16389 -6877 18975 END
START 21584 100 1480 -19195 -4820 16912 END
START 25656 2080 5220 -21143 -2941 13563 END
START 29836 4404 8760 -21952 -2371 8749 END
START 32767 6852 12588 -21822 -3094 2337 END
START 32767 7636 15680 -21929 -3596 -5757 END
START 32767 7096 18832 -22584 -2554 -13698 END
START 30292 4860 22356 -23473 -83 -19639 END
START 25908 2244 25476 -23996 2814 -23110 END
START 21268 232 28068 -23000 4779 -25518 END
START 16748 -2072 29732 -20221 4505 -27644 END
START 12472 -4316 30812 -16894 2633 -29685 END
START 8920 -5964 31060 -14652 2041 -31266 END
START 5008 -7508 30988 -14303 4620 -32269 END
START 708 -9264 31392 -13932 8346 -32488 END
START -4432 -11300 31672 -12239 10667 -32005 END
START -10500 -14076 31808 -8005 9067 -29151 END
START -14572 -15680 31032 -2731 4446 -24007 END
START -16660 -16084 29512 1407 1300 -18637 END