START 4960 3368 7932 7358 -2764 13372 END
START 5660 3856 8312 6997 -2515 13082 END
START 8044 4556 6396 5939 -2177 11945 END
START 11036 5092 8784 4938 -2028 8353 END
START 12888 6536 9596 4307 -3265 3889 END
START 14020 7224 10316 4291 -7166 11 END
START 14804 7276 10732 5269 -11067 -2158 END
START 15932 7856 11116 7050 -13466 -2990 END
START 17584 8412 10212 7633 -12583 -3697 END
START 19412 8652 9004 5565 -8163 -5538 END
START 20332 8696 8828 1954 -2559 -8275 END
START 19740 8728 9636 -874 1118 -11667 END
START 18420 8048 10424 -1858 2371 -15325 END
START 16024 7056 10924 -1378 1531 -18591 END
START 13064 5820 10860 -75 -235 -20996 END
START 9864 4316 10060 1121 -1742 -22469 END
START 5880 2732 8800 1231 -2348 -23513 END
START 1036 840 7228 708 -2169 -23542 END
START -3372 -796 6044 -510 -2263 -22149 END
START -7104 -1988 5028 -2093 -3321 -19499 END
START -9312 -2932 4300 -3938 -4933 -16047 END
START -10480 -3472 4288 -5447 -6219 -12376 END
START -10432 -3496 3920 -7206 -6416 -9143 END
START -9212 -3804 3652 -9181 -5643 -7431 END
START -8556 -4104 3428 -10579 -4993 -7568 END
START -9052 -4960 2344 -11285 -5930 -8423 END
START -9524 -6032 1272 -12186 -8610 -8103 END
START -9900 -6772 604 -13633 -11251 -6114 END
START -8952 -6752 336 -15522 -12171 -3263 END
START -7784 -6716 244 -18782 -10844 -437 END
START -6244 -7028 1048 -22481 -8303 1870 END
START -4452 -6984 2408 -26065 -5667 2744 END
START -2732 -7096 4392 -28876 -3952 2030 END
START -1548 -7808 7112 -30753 -3458 552 END
START -1556 -8384 9272 -32153 -3997 -1046 END
START -1640 -8700 12192 -32768 -4595 -2203 END
START -1452 -8944 17172 -32768 -4376 -2150 END
START -1380 -8800 22352 -32768 -3496 -1920 END
START -884 -8260 28320 -32768 -1811 -1931 END
START -668 -7660 32767 -32768 91 -2434 END
START -504 -7232 32767 -32768 1806 -2819 END
START -1060 -6348 32767 -30801 3433 -3203 END
START -1996 -5436 32767 -27017 4745 -3661 END
START -3412 -4724 32767 -22519 4810 -4088 END
START -4180 -4108 32767 -17349 3485 -4628 END
START -4868 -3500 32767 -11262 2072 -5649 END
START -6140 -3448 32767 -5333 1133 -6468 END
START -6904 -3700 32767 -402 1147 -6102 END
START -7964 -3976 32767 3698 2316 -4684 END
START -8588 -4624 32767 8218 3515 -2462 END
START -8236 -5204 32767 12288 4714 -587 END
START -7884 -5948 32767 15255 5643 536 END
START -7712 -6624 32767 18026 5298 1350 END
START -7500 -7212 32767 20769 3916 1771 END
START -7380 -7852 30492 23449 2090 2088 END
START -7328 -8408 27272 25424 839 2308 END
START -7680 -9120 23988 26566 879 2652 END
START -8372 -9748 21328 26848 2151 3627 END
START -9008 -11024 18692 26335 4119 5151 END
START -9748 -12184 16324 25206 6302 6959 END
START -10724 -13256 14656 24595 6969 9253 END
START -11112 -14280 12248 24950 5776 11796 END
START -10836 -14548 9220 24839 3607 14199 END
START -10164 -14252 6204 23368 918 15773 END
START -9204 -13640 4204 21687 -1183 17322 END
START -8252 -12764 2340 20391 -2296 18993 END
START -6716 -11676 428 18502 -1975 21097 END
START -4544 -10424 -1580 15282 81 23046 END
START -2604 -9324 -3044 11359 2799 24613 END
START -816 -8268 -4288 7083 4852 25493 END
START 728 -7500 -4348 3689 4878 25590 END
START 2572 -6148 -4556 1351 2893 24811 END
START 4480 -5200 -4428 -507 -318 23620 END
START 6484 -3936 -4280 -2281 -3268 22661 END
START 8976 -2752 -3836 -4275 -5045 21805 END
START 11596 -1676 -3388 -7132 -4801 20969 END
START 13508 -1048 -2324 -10709 -3102 19904 END
START 15672 -556 -940 -14245 -1072 17961 END
START 17184 200 1220 -16845 -641 15400 END
START 18884 1044 3000 -18310 -2277 12481 END
START 21112 2328 5184 -19343 -5358 9036 END
START 23776 3656 7512 -20451 -7682 5604 END
START 26264 4556 10340 -21620 -8216 2060 END
START 28632 5096 13208 -23400 -6083 -2408 END
START 30128 4888 17032 -25680 -1692 -8327 END
START 28832 4048 21688 -26327 2519 -15429 END
START 25364 2396 25700 -24523 4289 -22362 END
START 20492 -152 28256 -21182 2933 -27670 END
START 15004 -2836 29880 -18932 1720 -31161 END
START 9728 -6000 31568 -17948 3692 -32768 END
START 3648 -9360 32767 -16714 7644 -32768 END
START -1776 -11872 32767 -14402 10893 -30939 END
START -5672 -14140 32767 -9735 10863 -27737 END
START -7516 -15076 32767 -4419 8854 -25318 END
START -9312 -15468 31128 -1051 7791 -23681 END
START -11304 -15128 29032 861 6235 -21393 END
START -12844 -14772 26996 2897 4531 -18493 END
START -13564 -13532 25084 4572 3763 -14854 END
START -13420 -11924 23208 5296 3801 -10613 END
START -12308 -10444 21536 5496 4314 -6203 END