START 14212 5156 9276 8591 376 10386 END
START 14276 5768 10448 8194 -580 9750 END
START 16600 6348 9672 7389 -1434 8045 END
START 20900 6496 9488 6700 -3085 3653 END
START 23532 6744 10300 6292 -3944 -2393 END
START 24440 7440 9932 6235 -5248 -9803 END
START 24136 5888 9112 6231 -5244 -16045 END
START 21560 4092 7888 5743 -4240 -20349 END
START 19004 3564 5860 5025 -2190 -22738 END
START 16608 2640 4240 3879 120 -24019 END
START 14612 1800 2488 2384 1534 -25307 END
START 12960 1004 1168 672 2229 -27315 END
START 11092 -364 380 -674 1969 -29890 END
START 8092 -1568 -552 -1397 613 -32083 END
START 4848 -2936 -1980 -2268 -1205 -32768 END
START 788 -4280 -3048 -3996 -3207 -32768 END
START -2868 -5020 -4068 -6430 -3702 -31156 END
START -5944 -6288 -4304 -9496 -3222 -28132 END
START -9184 -6632 -4680 -13240 -3042 -24408 END
START -10892 -7272 -3944 -16960 -3550 -21433 END
START -12776 -7536 -2520 -19941 -5208 -18989 END
START -14284 -8096 -1084 -21973 -8521 -15558 END
START -13736 -8920 376 -24083 -11141 -11196 END
START -12804 -9208 2132 -27305 -11095 -6753 END
START -11840 -9504 5172 -31032 -9005 -2052 END
START -9648 -8780 9532 -32768 -6364 1443 END
START -7308 -8072 14468 -32768 -4743 2990 END
START -4768 -6768 19252 -32768 -4770 2660 END
START -2488 -5624 24592 -32768 -6170 1343 END
START -972 -4052 29400 -31962 -7630 557 END
START 780 -2552 32767 -30318 -7602 285 END
START 1964 -668 32767 -28824 -5402 -193 END
START 2672 412 32767 -27496 -997 -1080 END
START 2000 1644 32767 -25526 2892 -2249 END
START 1848 2592 32767 -22442 5490 -3709 END
START 788 3312 32767 -18015 5912 -5713 END
START -776 3392 32767 -13867 4705 -7851 END
START -3388 2764 32767 -10312 2434 -9222 END
START -6324 2040 32767 -6392 284 -8671 END
START -8576 1852 32767 -2378 -869 -6637 END
START -9448 1972 32767 1302 77 -4169 END
START -9764 1640 32767 4188 2422 -2097 END
START -9696 560 32767 6881 5519 -361 END
START -9780 -156 32767 9492 7576 910 END
START -10116 -796 32767 12949 8030 1783 END
START -10264 -1776 32767 16706 6418 2418 END
START -10172 -2368 32767 20485 3440 2856 END
START -10304 -3164 31972 23684 505 3415 END
START -10240 -4088 28700 25803 -613 4372 END
START -10008 -4812 25308 26917 416 5514 END
START -9728 -5236 22060 27303 2644 6733 END
START -9556 -5900 18808 27270 4694 8262 END
START -9688 -6244 15932 26970 5484 9787 END
START -9120 -6704 12764 26561 5145 11279 END
START -8724 -6964 9728 25796 4100 12809 END
START -8192 -7148 6228 24347 2791 13905 END
START -7680 -7412 3120 22194 1468 14710 END
START -7272 -7732 408 19307 916 15436 END
START -7168 -8044 -1548 16236 1397 16262 END
START -7428 -8940 -3372 12990 2178 17863 END
START -6652 -9612 -4500 9654 2462 19962 END
START -5340 -9432 -5332 7012 2222 21690 END
START -3580 -9364 -6152 4457 1318 22922 END
START -1344 -8884 -6708 1901 246 23486 END
START 308 -8116 -7020 -907 -983 23396 END
START 2196 -7792 -6664 -3537 -2030 23130 END
START 4068 -7540 -6264 -6206 -2746 22798 END
START 6148 -7244 -5744 -9156 -2758 22699 END
START 8672 -6764 -4212 -12329 -2302 22612 END
START 12032 -5316 -2064 -15227 -1541 21673 END
START 15948 -3396 364 -17752 -886 19906 END
START 20336 -832 3316 -19724 -1034 17803 END
START 26224 2336 6228 -20864 -1613 14759 END
START 31772 5276 9644 -21487 -1867 9861 END
START 32767 7480 12924 -21618 -1513 2462 END
START 32767 8148 16108 -22046 -66 -6575 END
START 32767 7900 19504 -23014 1837 -15721 END
START 32444 6148 23412 -23124 2853 -23334 END
START 27180 3276 26608 -21315 1996 -27544 END
START 21584 1388 28348 -18967 255 -29556 END
START 17820 -652 29008 -17098 -538 -31418 END
START 13664 -3008 28844 -16291 200 -32768 END
START 7992 -4784 29232 -15531 1003 -32768 END
START 2796 -6448 29460 -13973 1222 -32768 END
START -1820 -8140 29476 -11979 1495 -32768 END
START -6844 -10420 29660 -10289 2910 -31844 END
START -12216 -12676 30508 -9042 5746 -27626 END
START -16176 -13692 30644 -8161 10013 -21493 END
START -19412 -14712 31100 -8281 14599 -13850 END