START 10900 4544 9400 15001 2552 16763 END
START 10280 5272 11308 14600 3000 15728 END
START 13868 5640 8568 13393 5822 13127 END
START 17092 5040 7844 11105 7022 8779 END
START 18940 5272 7700 8281 3757 5293 END
START 20660 6148 8884 6390 -3366 1941 END
START 22912 6928 9816 7496 -10068 -2237 END
START 24692 7540 9304 9799 -12209 -8326 END
START 25100 6896 7284 10427 -10281 -15190 END
START 23368 5120 4784 8488 -3870 -21496 END
START 20036 3380 3088 5494 2021 -25618 END
START 15896 2164 2228 3652 5017 -27869 END
START 13084 540 1388 2816 5597 -29358 END
START 9436 -920 -100 1848 5055 -30567 END
START 5216 -2444 -1248 975 3392 -31227 END
START 1248 -3164 -2172 -170 1373 -31072 END
START -2988 -4584 -3220 -1721 -578 -29731 END
START -7352 -5532 -4264 -4015 -2067 -26830 END
START -10228 -6508 -4488 -7111 -2647 -22572 END
START -12408 -7544 -4600 -10785 -2365 -18082 END
START -13924 -8828 -4536 -15211 -2194 -13656 END
START -15048 -9976 -3352 -19664 -3392 -8660 END
START -14524 -10708 -1784 -22742 -5416 -3525 END
START -11956 -10868 -124 -24837 -6763 365 END
START -9656 -11120 988 -27051 -6915 2326 END
START -7644 -11304 2176 -29599 -6825 3438 END
START -5868 -11136 4092 -32340 -7131 4361 END
START -3988 -10848 6388 -32768 -8087 5430 END
START -1672 -10384 9116 -32768 -8431 6235 END
START 732 -9808 12924 -32768 -7315 6095 END
START 2732 -8472 18228 -32768 -5186 4594 END
START 4376 -7020 24020 -32768 -2900 2273 END
START 5216 -5180 29684 -32768 -1300 -290 END
START 6092 -3936 32767 -32768 -297 -2395 END
START 6580 -2840 32767 -32768 1489 -4431 END
START 5836 -1992 32767 -32768 3565 -6571 END
START 3412 -1244 32767 -28788 4915 -8780 END
START 1244 -908 32767 -22871 4731 -10659 END
START -828 -764 32767 -16889 2940 -11851 END
START -2568 -1104 32767 -11704 913 -12241 END
START -4144 -1196 32767 -7323 291 -11764 END
START -5808 -1204 32767 -3179 1608 -10413 END
START -7396 -1572 32767 1459 3899 -8263 END
START -8288 -1664 32767 5906 5620 -6074 END
START -8600 -2068 32767 10303 6159 -4242 END
START -8568 -2644 32767 14430 5305 -2743 END
START -8456 -3444 32767 18529 3702 -1620 END
START -8488 -4632 32767 22096 1964 -803 END
START -8752 -5568 32767 25242 526 -81 END
START -9136 -6576 30756 27517 -218 804 END
START -9488 -7536 27788 28846 339 2039 END
START -9720 -8564 24716 29144 2228 3586 END
START -9800 -9312 21860 28515 4912 5252 END
START -9896 -9692 19152 27306 7852 7015 END
START -10156 -10000 17384 26260 9445 8963 END
START -10392 -10228 15560 25810 8990 11119 END
START -9928 -9936 13744 26116 6601 13334 END
START -8944 -9408 11876 26736 3393 15048 END
START -7480 -9016 9656 26928 1046 16012 END
START -6404 -8248 7792 26528 -256 16182 END
START -5724 -7872 5452 25395 -655 16354 END
START -4912 -7620 3232 23430 230 17066 END
START -3696 -7964 472 20680 1841 18295 END
START -2840 -7972 -1612 17179 3475 19865 END
START -1908 -8356 -3904 12944 3845 21471 END
START -636 -8536 -5688 8589 2991 22648 END
START 812 -8472 -6648 4905 1336 23255 END
START 1924 -7932 -7240 2115 -791 23244 END
START 2968 -7688 -7612 -288 -3010 22780 END
START 3604 -7624 -8204 -2762 -4860 22430 END
START 4772 -7508 -8360 -5851 -5627 22482 END
START 6108 -7484 -8472 -9589 -4589 22384 END
START 7360 -7204 -7980 -13769 -2914 22094 END
START 8936 -7264 -6544 -17768 -2098 21520 END
START 11692 -5880 -4304 -20825 -2646 20585 END
START 15240 -4276 -2192 -23064 -4154 18805 END
START 20096 -1736 1372 -24416 -6013 16386 END
START 25776 940 4096 -25387 -6971 13555 END
START 31660 3652 7208 -26446 -6078 8495 END
START 32767 4732 11312 -28104 -3526 1137 END
START 32767 4876 15508 -30333 129 -8612 END
START 32767 3444 21108 -32047 3073 -17976 END
START 32767 600 26752 -32095 4364 -24911 END
START 28128 -2440 31564 -29665 3470 -28369 END
START 22540 -4852 32767 -25378 1631 -29959 END
START 18824 -6808 32767 -22010 1637 -31317 END
START 14340 -7936 32767 -20372 4542 -32396 END
START 9296 -8352 32767 -19149 9105 -32768 END
START 4508 -9176 32767 -17835 13185 -32768 END
START -1316 -10208 32767 -15453 15219 -32768 END
START -7028 -11520 32767 -11650 13363 -31985 END
START -11496 -12832 32767 -6073 9200 -28768 END
START -14232 -13300 32112 -415 4417 -24564 END
START -15520 -13264 29572 3259 1462 -20335 END
START -16196 -12364 26112 4948 1006 -15608 END
START -16880 -11600 24420 5127 3318 -10314 END