START 10516 4440 5812 11885 81 7759 END
START 9176 4824 8316 11089 -865 7356 END
START 10452 4896 6636 9826 -732 6471 END
START 12452 4448 6288 8527 -1066 4579 END
START 14160 4332 5056 8104 -1316 1728 END
START 15588 4340 4012 7099 -2974 -1172 END
START 16868 3936 3028 5396 -5445 -3654 END
START 17936 4196 3168 3969 -7564 -5779 END
START 19288 3852 2924 3122 -8655 -8107 END
START 20040 4204 1992 2143 -7935 -11436 END
START 19832 3692 712 252 -5371 -15655 END
START 18348 2992 336 -1857 -2306 -19685 END
START 15596 1516 -100 -3749 514 -23507 END
START 11340 44 -28 -5338 2118 -26191 END
START 6984 -1388 -540 -6320 2701 -27578 END
START 2408 -2648 -1004 -7715 3305 -28217 END
START -2376 -4076 -1392 -9795 4172 -27811 END
START -7184 -5124 -1700 -12060 4937 -26115 END
START -10900 -5684 -1984 -14551 4578 -23575 END
START -13424 -6508 -2204 -17024 3044 -20454 END
START -14380 -7388 -2172 -19827 1180 -17354 END
START -14536 -7768 -1116 -22830 -318 -14990 END
START -14508 -8152 72 -25546 -1129 -12860 END
START -13756 -7732 1924 -28116 -2293 -9646 END
START -11924 -7524 4556 -30303 -3198 -5528 END
START -8672 -6860 7460 -31514 -3070 -2008 END
START -4920 -6316 9920 -32768 -1598 -1060 END
START -2408 -5672 13852 -32768 -530 -2588 END
START -884 -5316 18576 -32768 -1565 -4949 END
START -296 -4636 23040 -32768 -4520 -7225 END
START 8 -4056 28020 -32307 -7060 -8775 END
START -8 -3188 32148 -31181 -7239 -9426 END
START -160 -2456 32767 -29896 -4604 -9553 END
START -1188 -1584 32767 -28501 -272 -9631 END
START -2764 -1188 32767 -26414 3966 -9592 END
START -4844 -1056 32767 -22971 6852 -9653 END
START -7148 -584 32767 -17639 7113 -9240 END
START -8888 -276 32767 -11686 5080 -8381 END
START -9680 264 32767 -6514 2575 -7261 END
START -10492 732 32767 -2023 675 -5981 END
START -11468 964 32767 2174 -81 -4175 END
START -11464 720 32767 5727 1062 -1936 END
START -11680 404 32767 8686 3163 353 END
START -11608 -160 32767 11602 4948 2330 END
START -11348 -912 32767 15019 6200 4127 END
START -11036 -1952 32767 18184 6216 5452 END
START -10332 -2972 32767 20923 5129 6274 END
START -9828 -4172 30092 23463 3164 6827 END
START -9300 -4980 27220 25266 1186 7130 END
START -9224 -5752 24144 26508 -198 7618 END
START -8844 -6392 21788 27291 -482 8488 END
START -8788 -6892 19040 27658 422 9541 END
START -8472 -7436 16724 27652 1312 10846 END
START -8264 -7864 14180 27400 1953 12539 END
START -7708 -7972 11148 26668 2528 14328 END
START -7076 -7932 8012 25328 3021 16146 END
START -6376 -8248 4892 23200 3127 17594 END
START -5732 -8376 2048 20365 2769 18770 END
START -5220 -8496 -480 16972 2037 19611 END
START -4812 -9304 -2408 14007 1063 20559 END
START -4516 -9868 -4008 11370 -478 22066 END
START -3740 -10020 -5804 8377 -1931 24197 END
START -1452 -9384 -7480 4710 -2827 26145 END
START 652 -8540 -8392 676 -2899 26807 END
START 2772 -7984 -8492 -3207 -2271 26286 END
START 3956 -7564 -8068 -6793 -1548 24903 END
START 5020 -7688 -7692 -9680 -2157 23606 END
START 6612 -7560 -7324 -12153 -3868 22964 END
START 9184 -7072 -6084 -15042 -6222 22567 END
START 12848 -5948 -4528 -17817 -8193 22055 END
START 17496 -4196 -2128 -20429 -8683 20751 END
START 22380 -1924 380 -22884 -7353 17710 END
START 27568 816 3492 -24755 -5480 13369 END
START 32380 2464 7148 -25902 -4013 7842 END
START 32767 4084 10888 -26914 -2582 458 END
START 32767 4244 15044 -28289 -530 -8812 END
START 32767 3216 19816 -29303 1580 -18546 END
START 31336 1048 23880 -28860 2355 -26404 END
START 24284 -1768 27764 -26354 1180 -30779 END
START 18288 -3768 30068 -22801 -806 -32656 END
START 12808 -6596 31392 -20949 153 -32768 END
START 7104 -8404 32284 -20892 4897 -32768 END
START 784 -10344 32767 -20866 10132 -32768 END
START -5376 -11916 32767 -18964 13588 -30067 END
START -9328 -12484 32767 -14738 12698 -26452 END
START -11572 -12524 32767 -9911 8676 -23122 END
START -12476 -11936 32452 -5340 3816 -19685 END
START -12360 -10204 31036 -1400 -502 -16196 END
START -11212 -9008 29356 990 -1870 -12793 END
START -10068 -7912 28084 1924 237 -9304 END
START -9312 -6844 26440 2170 4162 -6121 END