START 16304 4560 2604 4595 -93 -21446 END
START 16088 4348 1816 4021 -1085 -22081 END
START 14972 3828 -172 2917 -556 -23164 END
START 13432 2304 -2120 1690 -1278 -23489 END
START 12392 1340 -3328 -381 -2618 -23578 END
START 12036 528 -4676 -3366 -4033 -24215 END
START 12624 -396 -5676 -7056 -5448 -26455 END
START 11704 -2196 -5520 -11347 -7242 -30283 END
START 9152 -4640 -4444 -14042 -8001 -32525 END
START 5416 -5960 -3740 -15046 -8087 -32001 END
START 3576 -8004 -3820 -16708 -5524 -29688 END
START 772 -9484 -3892 -20174 -560 -27190 END
START -2168 -11168 -3668 -24167 4831 -24933 END
START -5828 -12764 -3060 -28498 7724 -22472 END
START -9080 -13828 -1604 -31406 6504 -19678 END
START -11080 -15384 552 -32768 2725 -17009 END
START -12352 -16280 2864 -32768 -956 -15060 END
START -13604 -17740 6288 -32768 -3394 -12776 END
START -14624 -18436 10932 -32768 -5739 -8527 END
START -14244 -18144 14880 -32768 -7819 -2511 END
START -10752 -17012 20404 -32768 -7671 2921 END
START -6820 -14376 27052 -32768 -4506 5377 END
START -3996 -11084 32767 -32768 -894 5332 END
START -2880 -7624 32767 -32768 1166 3337 END
START -1824 -3944 32767 -32090 1156 709 END
START -1728 -1500 32767 -26905 548 -1411 END
START -1920 1004 32767 -22180 594 -3073 END
START -2168 2300 32767 -18056 1928 -4714 END
START -3548 2820 32767 -14149 3840 -6446 END
START -5868 2100 32767 -9583 4892 -7551 END
START -7844 1224 32767 -4757 5147 -7498 END
START -9208 360 32767 34 4975 -6492 END
START -9964 -160 32767 4360 4883 -5121 END
START -10424 -800 32767 8928 4392 -3293 END
START -9976 -980 32767 13518 3593 -1493 END
START -9128 -1496 32767 17293 2473 -192 END
START -8000 -2088 32767 20534 1490 542 END
START -6812 -3068 32767 23076 554 669 END
START -6716 -3960 31808 25244 -553 336 END
START -6804 -4848 29124 27335 -1457 15 END
START -6836 -5712 26268 29055 -1985 -76 END
START -7404 -6728 23280 30467 -2269 411 END
START -8012 -7468 20484 31299 -2572 1499 END
START -8036 -7936 17428 31431 -2511 3206 END
START -7748 -8212 14596 30744 -1654 5038 END
START -7488 -7752 12024 29094 305 6853 END
START -7352 -7740 9696 27104 2787 8723 END
START -7208 -7464 7540 24927 4745 10749 END
START -6808 -7084 5392 22593 5781 12660 END
START -6784 -6788 3736 20177 5363 14277 END
START -6516 -6524 2200 18129 3861 16014 END
START -6148 -6304 776 16310 1862 17499 END
START -5428 -6132 -744 14374 247 18606 END
START -4792 -6164 -2232 12183 -517 19775 END
START -4524 -6980 -3640 9523 -539 21410 END
START -4112 -7552 -5164 7037 -600 23626 END
START -3452 -8712 -6636 4341 -644 26076 END
START -2652 -9100 -8612 706 -1356 28103 END
START -1128 -9676 -9652 -4079 -2820 28940 END
START 868 -9220 -9600 -8350 -4456 28613 END
START 2940 -8840 -9620 -11248 -5472 27665 END
START 5544 -8912 -9748 -14323 -5653 26550 END
START 9704 -8596 -8568 -17822 -5687 25366 END
START 14536 -7772 -6984 -21521 -6513 24341 END
START 21176 -5584 -4044 -25520 -7721 23515 END
START 29948 -2640 628 -28290 -7679 20518 END
START 32767 1512 5476 -29539 -4998 13412 END
START 32767 3616 10232 -30255 -1131 2005 END
START 32767 5120 15404 -30879 2429 -11143 END
START 32767 2904 20428 -31156 5257 -24508 END
START 32767 -1788 26924 -30671 5330 -32768 END
START 27088 -5604 31336 -27851 3787 -32768 END
START 20064 -9376 32767 -24632 3014 -32768 END
START 15016 -11420 32767 -21905 6087 -32768 END
START 8908 -12628 32767 -20464 11841 -32768 END
START 2600 -11992 32767 -19291 15993 -32768 END
START -2552 -12088 32767 -16277 17644 -32768 END
START -6308 -10920 32767 -11535 16216 -32768 END
START -9220 -10528 32767 -6227 12008 -29849 END