START 21148 7724 10072 8897 -4462 3924 END
START 20864 7928 10276 8075 -5685 2983 END
START 21676 8256 11664 6773 -6111 852 END
START 24620 8336 11676 6632 -5368 -2758 END
START 24940 9080 11484 7616 -2190 -8184 END
START 24832 8732 10100 8354 1237 -14406 END
START 22664 6856 7648 8524 3325 -19884 END
START 19132 4940 5504 8060 2472 -23140 END
START 16148 3664 3372 7688 -532 -24481 END
START 13976 2760 1944 7081 -4396 -25605 END
START 13096 1664 168 6148 -6945 -27426 END
START 11948 704 -1244 4271 -6240 -29889 END
START 9588 -768 -2292 1591 -2848 -31951 END
START 6344 -2916 -2564 -1102 1291 -32267 END
START 3060 -4760 -2844 -3226 3469 -30803 END
START 412 -5872 -3200 -5152 3877 -28805 END
START -1652 -6776 -3456 -7096 3395 -26680 END
START -3440 -7420 -3652 -9181 1960 -24836 END
START -5704 -8052 -4196 -11771 -76 -23018 END
START -7696 -8972 -4252 -14854 -1986 -20627 END
START -9208 -10072 -4128 -18054 -3152 -17553 END
START -10292 -11164 -3304 -21692 -3685 -14060 END
START -10608 -12168 -1808 -25055 -3846 -10397 END
START -10784 -12748 40 -27508 -3685 -7548 END
START -10956 -13448 1772 -29201 -4279 -5138 END
START -10776 -14000 3624 -31379 -5376 -3060 END
START -10560 -13996 6436 -32768 -7743 -1485 END
START -10200 -12616 10616 -32768 -10884 460 END
START -7832 -10736 15216 -32768 -12847 3214 END
START -4224 -7716 21056 -32768 -12182 5080 END
START 4 -4932 27924 -32768 -8305 5244 END
START 3132 -2764 32767 -32768 -3335 2994 END
START 4096 -60 32767 -32768 1187 -1049 END
START 3184 1500 32767 -32756 2697 -4659 END
START 1180 2400 32767 -26922 1830 -7127 END
START -596 2724 32767 -20472 498 -8484 END
START -2348 2788 32767 -15108 255 -9046 END
START -4464 2664 32767 -10905 1560 -8857 END
START -6780 2244 32767 -7548 4463 -7862 END
START -8624 988 32767 -4580 7423 -6323 END
START -10776 392 32767 -1590 9211 -4528 END
START -12452 88 32767 2039 8697 -2517 END
START -13140 -392 32767 6121 6349 -330 END
START -12916 -460 32767 10206 3199 1599 END
START -12136 -652 32767 13565 624 2725 END
START -11336 -1216 32767 16030 -860 3058 END
START -10924 -2168 31672 18119 -1399 2775 END
START -11464 -3240 28692 19877 -869 3063 END
START -11808 -4492 25968 21292 112 4139 END
START -11788 -5352 22928 22282 1085 5752 END
START -11300 -6132 20360 22902 1414 7426 END
START -10844 -6532 17760 23301 1071 8796 END
START -9944 -7188 15640 23338 369 9815 END
START -9056 -7524 14248 23150 -579 10461 END
START -8272 -7808 12900 23294 -1367 11339 END
START -7696 -7884 10996 23114 -1980 12349 END
START -6768 -7796 8792 22372 -1328 13714 END
START -5980 -7944 6508 20852 270 15175 END
START -5092 -8616 4228 18917 1535 16542 END
START -4672 -8932 1464 16537 1919 17882 END
START -4040 -9380 -1040 13511 879 19422 END
START -3300 -9228 -2972 10938 -1550 21008 END
START -2072 -9040 -4328 8109 -3877 22638 END
START -60 -8544 -5324 5246 -5211 23494 END
START 1532 -7540 -5936 2436 -5356 23634 END
START 3264 -7216 -5880 -607 -5237 23706 END
START 5344 -6664 -5432 -3371 -5314 23766 END
START 7372 -5920 -4960 -5559 -5809 23400 END
START 9944 -5420 -4304 -8127 -6375 22697 END
START 12384 -4580 -3292 -11087 -7065 21935 END
START 14928 -3072 -1552 -13866 -7621 20226 END
START 17828 -1424 1152 -15666 -7358 17594 END
START 20096 428 3616 -16571 -6893 14270 END
START 22404 1428 5200 -17778 -5596 11198 END
START 24192 2380 7704 -19947 -3382 7488 END
START 25856 3124 11396 -22073 -1107 3668 END
START 26804 3304 15516 -23422 688 -877 END
START 26992 3496 19780 -23619 1770 -5625 END
START 26432 3044 23160 -22930 1915 -10155 END
START 25552 2580 25828 -21294 1532 -14396 END
START 23960 1944 27616 -19367 980 -18120 END
START 22068 1268 28588 -17901 947 -21357 END
START 19488 496 29104 -16432 1346 -23976 END
START 16440 -492 29296 -15342 2536 -26198 END
START 13092 -2100 29944 -15000 4144 -28067 END
START 8952 -3508 30432 -13766 5479 -29116 END
START 5720 -4892 30572 -11395 5116 -29518 END
START 2692 -6320 30236 -8846 4491 -29453 END
START -184 -6952 29248 -6532 4336 -28553 END
START -3284 -7368 28020 -4450 4237 -27300 END
START -6168 -8124 26864 -2339 3439 -25234 END
START -8564 -8664 25732 -447 2711 -22369 END
START -9912 -9360 25072 734 3076 -19468 END
START -11112 -10216 24268 1140 5041 -16335 END
START -12060 -11128 23532 1121 8004 -12417 END
START -12412 -11732 22904 1234 10201 -8666 END
START -12592 -11560 22604 1916 10651 -5400 END
START -11972 -11008 21380 3354 9871 -2426 END
START -11248 -10032 20248 4535 8387 206 END