START 18952 4956 5284 6101 -3285 -4518 END
START 17660 5292 7012 5496 -4693 -5578 END
START 18380 5192 4724 4095 -5357 -7973 END
START 19276 3456 3580 3268 -6241 -10907 END
START 19040 2980 3284 3081 -5275 -14098 END
START 18336 1940 1768 2641 -3612 -16915 END
START 16604 760 772 2333 -1155 -19240 END
START 14784 -140 -108 1804 387 -20794 END
START 12616 -1840 24 1046 1248 -21500 END
START 11484 -2764 -1132 294 2280 -21810 END
START 10680 -3640 -2624 -2308 3948 -23526 END
START 9668 -4540 -3500 -6700 6430 -26809 END
START 6400 -5436 -2680 -9777 7394 -30295 END
START 2212 -6820 -1880 -11110 6552 -32485 END
START -2380 -7948 -1736 -12260 4747 -32572 END
START -6500 -8852 -1824 -14372 3434 -30478 END
START -9556 -9324 -1056 -17201 3303 -27788 END
START -12348 -9896 196 -20403 4223 -25478 END
START -14896 -10168 1648 -23630 4303 -23687 END
START -17032 -10292 3912 -26416 2234 -21997 END
START -18552 -10624 5928 -28630 -1517 -19884 END
START -19136 -11124 8892 -31197 -5451 -16421 END
START -18680 -11412 13432 -32768 -8389 -11718 END
START -16240 -11096 18276 -32768 -9638 -7569 END
START -13744 -9668 22996 -32768 -9118 -5051 END
START -11336 -7920 27660 -32768 -7753 -3599 END
START -8660 -5288 31972 -32506 -5831 -2768 END
START -6852 -1864 32767 -30368 -4116 -2364 END
START -5064 920 32767 -27609 -2751 -2140 END
START -3588 3224 32767 -25329 -1383 -2362 END
START -2624 4884 32767 -23102 663 -3667 END
START -2756 5908 32767 -20512 2668 -5672 END
START -3448 5904 32767 -16873 4057 -7713 END
START -5488 5916 32767 -13009 4602 -8839 END
START -7236 5368 32767 -8981 4066 -8602 END
START -8828 4724 32767 -4678 2808 -7451 END
START -9468 3688 32767 450 1310 -5863 END
START -9748 2600 32767 5426 110 -4245 END
START -9368 1240 32767 9680 -475 -2890 END
START -8636 60 32767 13458 -552 -1981 END
START -8784 -1268 32767 16328 -243 -1397 END
START -9056 -2740 32767 19065 253 -638 END
START -9572 -4060 32767 21383 357 120 END
START -10248 -5188 29884 23331 260 1030 END
START -10916 -6636 26444 24702 335 2142 END
START -11668 -7180 23416 25272 901 3502 END
START -12236 -8008 20516 25745 1583 5060 END
START -12516 -8592 17432 25820 1978 6981 END
START -12348 -9032 14368 25552 1969 8906 END
START -11804 -9096 11336 24794 1449 10452 END
START -11092 -9044 8784 23964 57 11907 END
START -10672 -8888 6520 23155 -1873 13479 END
START -9884 -8760 4256 22254 -3322 15255 END
START -8856 -8492 1568 20515 -3242 16892 END
START -7348 -8372 -1180 17534 -1146 18440 END
START -5992 -8428 -3840 13832 1987 19846 END
START -4440 -8340 -5172 10033 3791 20692 END
START -3172 -8544 -6456 7133 3726 21395 END
START -1332 -8284 -7864 4668 1746 22063 END
START 672 -7832 -8692 1848 -1147 22358 END
START 2312 -7340 -9160 -1187 -3644 21684 END
START 4112 -6784 -8492 -4219 -5659 20774 END
START 5744 -6364 -7808 -6739 -6853 20555 END
START 8160 -5616 -6752 -9530 -6719 20946 END
START 10772 -4528 -5484 -12719 -5431 21491 END
START 14016 -3340 -3672 -16183 -3639 21585 END
START 18732 -1020 -924 -19372 -1754 20116 END
START 23536 1192 2448 -21400 -761 16524 END
START 27712 3784 5392 -22222 -989 11049 END
START 31328 5296 8908 -22761 -2175 4030 END
START 32767 5840 12316 -23511 -2277 -3490 END
START 32767 5448 16852 -24324 -1440 -11168 END
START 30768 4296 21232 -24320 287 -18068 END
START 27056 2568 24884 -23427 1692 -23352 END
START 22760 148 27704 -21505 1798 -27333 END
START 18848 -1812 29136 -19574 1017 -30447 END
START 15592 -3828 30188 -17944 -34 -32768 END
START 13176 -6776 30800 -18228 -177 -32768 END
START 9288 -9040 32767 -20061 2465 -32768 END
START 4148 -10800 32767 -20380 7151 -32768 END
START -3048 -13460 32767 -17797 11259 -32768 END
START -9164 -14908 32767 -12584 12205 -32768 END
START -12652 -14752 32767 -6191 10100 -26460 END
START -14756 -14328 32767 -506 6320 -21702 END
START -15600 -14220 29316 2983 3113 -18230 END
START -17156 -13180 26636 4857 1638 -13905 END