START 10808 5180 8308 16462 2293 18134 END
START 9648 6388 11308 16285 1157 17055 END
START 12892 6516 8064 15472 79 14243 END
START 17396 5952 6044 13611 -2396 10042 END
START 19324 5920 5720 11196 -6158 6064 END
START 21656 6452 5868 9207 -9216 2399 END
START 23660 6688 5876 8775 -9761 -1876 END
START 24356 6672 4680 8444 -7571 -7377 END
START 24044 5868 2748 7205 -3583 -13056 END
START 22216 4336 484 4736 397 -18275 END
START 19736 2580 -1288 2044 3229 -21777 END
START 16688 1068 -2236 -285 4485 -24111 END
START 13520 -596 -2464 -1578 3675 -25517 END
START 10764 -2012 -3096 -2032 2039 -26792 END
START 7488 -3788 -4216 -3140 166 -28265 END
START 4020 -5388 -5440 -5379 -867 -29136 END
START 556 -6852 -6172 -8400 -690 -28776 END
START -2276 -8004 -6676 -11548 851 -27035 END
START -4484 -8744 -6932 -15045 2465 -24488 END
START -7224 -9972 -7132 -19139 2910 -21423 END
START -9824 -10840 -6260 -22945 1264 -18155 END
START -11744 -11804 -5196 -26327 -1438 -14830 END
START -12396 -12872 -3724 -29710 -3660 -11127 END
START -11796 -13808 -1960 -32768 -4316 -8173 END
START -11572 -14788 692 -32768 -3241 -6217 END
START -11864 -15552 4084 -32768 -3331 -4140 END
START -11088 -16196 9064 -32768 -4930 -1404 END
START -9072 -15580 14664 -32768 -6751 1230 END
START -5964 -13868 21340 -32768 -7005 2922 END
START -2796 -11400 27520 -32768 -4519 3036 END
START -204 -8328 32767 -32768 -553 1715 END
START 1216 -5296 32767 -32768 3349 -291 END
START 1692 -2848 32767 -32768 5766 -2837 END
START 1512 -676 32767 -31232 6881 -5557 END
START 512 1144 32767 -25646 6659 -8109 END
START -1472 2260 32767 -20610 5746 -10274 END
START -3496 2644 32767 -15494 4516 -11512 END
START -5928 2356 32767 -10447 3371 -11675 END
START -7428 1844 32767 -5414 2994 -10850 END
START -8824 900 32767 -509 3244 -9334 END
START -9852 -68 32767 4487 2871 -7352 END
START -9932 -780 32767 9000 2536 -5278 END
START -9748 -1204 32767 12796 2418 -3648 END
START -9572 -1840 32767 16439 2122 -2196 END
START -9080 -2488 32767 20046 1330 -1099 END
START -8704 -3372 32767 23413 268 -472 END
START -8632 -4352 32767 25911 -619 -148 END
START -8732 -5368 29728 27856 -1000 109 END
START -9056 -6316 26548 28934 -760 256 END
START -9512 -7140 24280 29532 -54 833 END
START -10296 -7896 21848 30041 732 2385 END
START -10344 -8856 19604 30480 1568 4464 END
START -10140 -9292 16948 30403 2431 6429 END
START -10228 -9752 14604 29897 2990 8472 END
START -9940 -9792 11996 28977 3452 10670 END
START -9760 -9856 9652 27277 3727 12794 END
START -9552 -9816 7260 25498 3267 14922 END
START -9324 -9932 5240 23623 2089 16957 END
START -9032 -10100 3068 21708 1041 19041 END
START -8528 -10520 1080 19524 45 21618 END
START -7924 -10676 -1168 17138 -766 24611 END
START -6788 -10644 -3380 13800 -1182 28064 END
START -4592 -10424 -5124 9430 -557 31270 END
START -2084 -9848 -6164 5247 1038 32767 END
START 272 -8988 -6960 1410 2343 32767 END
START 2232 -8744 -7132 -2075 2047 32767 END
START 3588 -8540 -7080 -4998 -201 31707 END
START 5576 -8360 -6428 -7276 -3833 30546 END
START 8144 -8016 -5688 -9441 -7021 29521 END
START 11420 -7584 -4284 -12000 -8700 28969 END
START 16024 -6160 -2332 -14885 -7965 28420 END
START 21648 -4432 460 -17747 -5320 26023 END
START 26760 -1908 3968 -19640 -2581 21534 END
START 30940 16 7220 -20431 -900 15899 END
START 32767 1864 9712 -20468 -899 10009 END
START 32767 2964 11984 -20139 -1854 2635 END
START 32767 3632 13512 -20032 -2518 -5686 END
START 32767 2576 15120 -21084 -2168 -14004 END
START 31732 1292 17732 -22582 -447 -20914 END
START 27148 -388 19576 -23769 2705 -25334 END
START 21532 -1464 21988 -24593 6038 -27767 END
START 16968 -2108 23568 -24698 9086 -29669 END
START 12060 -3180 24892 -24340 9981 -31807 END
START 7036 -4692 27196 -22832 8410 -32768 END
START 2576 -6572 29628 -19891 5398 -32768 END
START -1880 -7996 31096 -16769 2103 -32768 END
START -6060 -9332 31716 -13231 -121 -32303 END
START -9400 -9740 32024 -10199 -1102 -28249 END
START -10676 -9932 31640 -7456 284 -23014 END
START -11148 -9916 30804 -6102 4039 -18007 END
START -11400 -9316 29688 -5677 8402 -13251 END
START -10860 -8512 28796 -4863 11322 -9319 END
START -9476 -7164 27452 -2638 11634 -6500 END
START -8224 -5976 25980 298 9660 -5293 END
START -7024 -5184 24380 3053 7310 -4792 END
START -5788 -4184 22504 5207 5261 -4402 END
START -4688 -3152 20816 6190 4876 -4038 END
START -3996 -2568 19880 5963 5974 -3425 END