START 7876 3352 5256 10550 -7798 11167 END
START 8412 3620 5352 9861 -9051 10102 END
START 10192 3772 5332 8792 -9856 7831 END
START 12412 3516 5408 7628 -10104 5293 END
START 14632 4684 5968 6368 -8807 3659 END
START 17476 4788 6000 5917 -6755 2564 END
START 19888 5724 5324 5817 -5088 540 END
START 22252 5992 4396 5357 -3974 -2797 END
START 22852 6568 2984 3931 -3534 -7816 END
START 22380 6260 2044 2130 -4527 -13343 END
START 20800 5724 1768 472 -5270 -19078 END
START 18188 3908 1348 -590 -4957 -23130 END
START 15128 2692 888 -2211 -3465 -25274 END
START 12036 1164 -244 -4765 -887 -25961 END
START 8632 -88 -172 -7452 1058 -25828 END
START 5484 -884 232 -9266 1501 -25505 END
START 2280 -2208 1024 -10438 480 -25003 END
START -456 -3032 1436 -11479 -1022 -24515 END
START -4104 -4620 2016 -12904 -2562 -23768 END
START -8492 -6276 2452 -14593 -4035 -22569 END
START -13328 -8132 3020 -16393 -5566 -20152 END
START -17332 -10300 3248 -18595 -6249 -15859 END
START -19868 -12184 4028 -21179 -6202 -9579 END
START -20232 -13432 4876 -22677 -7028 -2444 END
START -17720 -14280 5288 -23857 -8236 3376 END
START -14360 -14104 5792 -24640 -8939 5229 END
START -12324 -14484 5828 -25412 -10557 5163 END
START -10860 -13656 6524 -26989 -14615 5392 END
START -8636 -12544 9172 -28351 -19190 7824 END
START -4996 -10344 11760 -29980 -20704 11268 END
START -8 -7656 15716 -32583 -17028 13355 END
START 4324 -5876 20488 -32768 -11011 13129 END
START 7948 -3916 26832 -32768 -5275 10419 END
START 10288 -2280 32767 -32768 -2089 5452 END
START 10516 -1932 32767 -32552 -1196 -16 END
START 9216 -1364 32767 -27155 -1642 -3925 END
START 7480 -1184 32767 -22418 -510 -6440 END
START 4372 -1520 32767 -19039 3341 -7607 END
START 956 -1736 32767 -15770 7486 -7453 END
START -2044 -2308 32767 -11608 9476 -6506 END
START -3624 -3052 32767 -6333 8851 -5536 END
START -4556 -3396 32767 -595 6418 -4840 END
START -4940 -2848 32767 5377 3770 -3946 END
START -4560 -2580 32767 10486 2588 -2902 END
START -4232 -2340 32767 14283 3368 -2148 END
START -4392 -2464 32767 17218 4710 -1634 END
START -4644 -3344 32767 20036 4985 -1342 END
START -4848 -4280 32767 22909 4043 -1437 END
START -5324 -5764 31604 25250 2822 -1479 END
START -5872 -6984 28656 27076 1762 -1208 END
START -6444 -7940 25664 28399 1499 -606 END
START -7024 -8944 22448 28654 2929 210 END
START -8112 -9800 19592 28099 5443 1637 END
START -8884 -10536 17052 27150 7967 3829 END
START -9628 -11028 14412 26231 9145 6304 END
START -9308 -11000 11808 25500 8782 7960 END
START -9600 -10668 9640 24828 6729 8351 END
START -10212 -10792 7208 24617 3050 9207 END
START -10080 -10448 5168 24284 -880 10494 END
START -9384 -10216 2848 23190 -2795 12169 END
START -8384 -9764 876 20521 -1739 14112 END
START -6940 -9360 -920 17190 819 16570 END
START -5528 -9296 -2176 13760 3300 19006 END
START -3800 -9224 -3608 10651 4211 21256 END
START -2328 -8684 -5292 8085 2845 22714 END
START -512 -7896 -7028 5629 -309 23514 END
START 1156 -6928 -7872 3099 -3716 23437 END
START 3032 -6476 -8432 -55 -5714 23086 END
START 4716 -6168 -8636 -3870 -5678 22729 END
START 6432 -6100 -7996 -7957 -4745 22439 END
START 8504 -5684 -7008 -11855 -3986 22251 END
START 11164 -5184 -5148 -15238 -3828 21457 END
START 14548 -3876 -2528 -17553 -3970 19145 END
START 17320 -2468 -388 -19218 -4402 15615 END
START 19956 -988 1352 -21197 -4611 11821 END
START 22312 644 3560 -23658 -3863 8100 END
START 24348 2020 6228 -25913 -2004 4271 END
START 25876 2488 9272 -28349 412 -208 END
START 26748 2716 13084 -30307 2537 -4885 END
START 27160 1976 17660 -31509 4500 -9960 END
START 26832 868 22928 -31520 6337 -15655 END
START 24408 -748 27684 -29882 7475 -21900 END
START 20684 -3504 31488 -27371 7894 -26853 END
START 15936 -6792 32767 -25420 9518 -29793 END
START 10892 -9364 32767 -23545 12611 -31075 END
START 5600 -11432 32767 -21241 16594 -30782 END
START -308 -13212 32767 -18197 18822 -29020 END
START -5928 -14100 32767 -13516 16182 -26794 END