START 12412 4308 5848 11009 -2293 9227 END
START 12004 5084 7544 10453 -3860 8294 END
START 15532 5748 5080 9263 -4776 5355 END
START 19076 5260 4224 7905 -5862 -502 END
START 20056 4976 3596 6469 -6414 -6945 END
START 19752 4128 2644 5275 -7822 -12328 END
START 18528 2424 1156 4870 -8498 -16085 END
START 17024 1800 -328 3876 -6997 -17739 END
START 15716 844 -2684 2025 -4400 -18857 END
START 14944 364 -4216 -1007 -1684 -20416 END
START 13916 -588 -5100 -4499 344 -23264 END
START 11336 -1740 -5184 -6961 -46 -26579 END
START 7888 -3648 -5212 -8232 -1925 -29222 END
START 3264 -5284 -5348 -8847 -5503 -30120 END
START -328 -6864 -5940 -10241 -8627 -29161 END
START -3528 -7968 -6304 -13625 -8962 -27061 END
START -6484 -8916 -5928 -19338 -4896 -24036 END
START -10460 -9876 -4596 -25484 410 -20117 END
START -13648 -10472 -2904 -29504 1946 -15393 END
START -15100 -11260 -1480 -32190 -1111 -9905 END
START -14224 -12168 836 -32768 -6375 -4823 END
START -11312 -12964 4060 -32768 -9776 -1863 END
START -8496 -13540 7628 -32768 -10425 -713 END
START -6488 -14244 12336 -32768 -9637 145 END
START -4576 -14592 18428 -32768 -8022 1716 END
START -2952 -13532 24396 -32768 -6117 3585 END
START -1300 -11832 31056 -32768 -3798 5275 END
START 572 -8912 32767 -32768 -1442 6264 END
START 2980 -6144 32767 -32768 1148 5307 END
START 4912 -2672 32767 -31511 4212 2149 END
START 5320 -160 32767 -27147 6559 -1619 END
START 3780 1492 32767 -22860 7682 -4638 END
START 1664 2504 32767 -18431 7445 -6549 END
START -1000 3232 32767 -14186 6326 -7631 END
START -3208 2812 32767 -9386 4751 -7665 END
START -4956 2488 32767 -4140 3321 -6731 END
START -5648 2204 32767 974 3260 -5267 END
START -5984 1680 32767 5059 4645 -3849 END
START -6140 1044 32767 8790 6277 -2525 END
START -6300 320 32767 12373 7168 -1457 END
START -6456 -724 32767 16251 6851 -802 END
START -6488 -2016 32767 20278 5189 -496 END
START -6864 -3592 32767 23965 2442 -427 END
START -7608 -5144 31500 26921 -451 -58 END
START -8152 -6244 28112 28855 -2255 678 END
START -8752 -7440 24732 29926 -2134 1884 END
START -9388 -8240 21164 30007 57 3744 END
START -9920 -8984 18448 29235 3165 6242 END
START -10240 -9556 15336 28072 6023 9442 END
START -10368 -9968 12520 26951 7641 12803 END
START -9408 -10224 8692 25787 7644 15511 END
START -8660 -10088 5736 24245 5918 17237 END
START -7976 -10168 2124 22448 3159 18282 END
START -7504 -10540 -800 20000 543 19273 END
START -7372 -10804 -3224 17054 -1566 20387 END
START -6752 -11208 -5216 13465 -2855 22514 END
START -5772 -11132 -6892 9849 -2592 25795 END
START -3536 -10464 -7980 5564 -1011 28903 END
START -224 -9456 -8636 1036 1172 30286 END
START 1956 -8644 -8492 -3114 2058 29647 END
START 4548 -8232 -7928 -6102 1118 27589 END
START 6516 -7708 -7388 -8269 -1229 25153 END
START 8888 -7116 -6540 -10215 -4528 23089 END
START 11716 -6008 -5308 -12315 -6835 21368 END
START 15308 -4540 -3492 -14674 -7548 19796 END
START 19940 -2504 -988 -17454 -5225 17399 END
START 24952 204 2076 -20100 -408 13482 END
START 29340 2512 5204 -21669 3798 8403 END
START 32767 4616 8192 -22427 6342 2049 END
START 32767 5716 11816 -22800 7330 -6036 END
START 32767 6444 15256 -22822 7760 -15357 END
START 31864 5944 18808 -22145 7079 -23221 END
START 27924 4080 22464 -20512 7280 -29688 END
START 22084 2312 25048 -19164 9841 -32768 END
START 15360 -536 27864 -18660 12845 -32768 END
START 8448 -4968 30952 -17826 14460 -32768 END
START 1600 -9188 32767 -15938 13962 -32768 END
START -4528 -12824 32767 -13011 10685 -32768 END