START -1260 8212 11436 2796 -3058 4422 END
START -1208 8416 11296 2578 -2781 5066 END
START -612 8464 10440 1788 -2138 6380 END
START 960 9104 11580 575 -711 7465 END
START 3212 9624 11984 -366 1180 7162 END
START 5268 10592 12360 -793 2331 5291 END
START 7320 10264 13332 -868 1797 2982 END
START 9172 11080 13940 -244 -507 1001 END
START 11196 10952 14312 714 -3022 -1080 END
START 13020 11340 14668 1672 -4777 -3331 END
START 13816 11360 14224 2731 -5256 -5255 END
START 15280 10884 13104 3322 -4568 -7036 END
START 15856 10404 11548 2867 -1911 -9803 END
START 15204 9568 9976 1409 1268 -12643 END
START 13980 8036 8748 6 3190 -15133 END
START 12584 6260 7944 -1042 4069 -17141 END
START 10128 4092 7180 -1702 4602 -18977 END
START 7592 2136 5840 -1792 4691 -20137 END
START 5132 784 4144 -1803 3737 -20540 END
START 3540 -164 2636 -2291 2489 -20825 END
START 2228 -2816 1320 -4083 2622 -20756 END
START -268 -3092 48 -6281 4071 -19977 END
START -1560 -4148 -1116 -8738 5463 -18876 END
START -3468 -5096 -1884 -11642 6590 -17720 END
START -5256 -5732 -2272 -14258 5541 -16204 END
START -6336 -6444 -2108 -16539 3515 -14588 END
START -6564 -7316 -1576 -18837 1877 -13291 END
START -6176 -7876 -568 -21081 1417 -13030 END
START -5864 -8960 0 -22566 1049 -13611 END
START -6708 -10000 748 -24149 428 -14293 END
START -8668 -10796 2088 -26347 -1295 -13898 END
START -10200 -11304 4396 -28133 -3777 -11588 END
START -11196 -10932 7084 -29214 -5996 -8494 END
START -10380 -11404 10248 -30236 -7709 -5401 END
START -8172 -11732 14080 -31777 -8347 -3140 END
START -5800 -11336 19376 -32768 -7639 -2392 END
START -4064 -10940 25232 -32768 -6414 -2981 END
START -3224 -9304 31832 -32768 -5202 -3646 END
START -3336 -7360 32767 -31607 -4514 -4269 END
START -3456 -5908 32767 -28988 -2977 -4518 END
START -4308 -4316 32767 -26501 -2 -4428 END
START -4880 -3124 32767 -23529 2673 -4457 END
START -5680 -1740 32767 -19228 4012 -4910 END
START -6336 -1088 32767 -13854 3441 -5401 END
START -7360 -276 32767 -8169 2029 -5533 END
START -8400 -360 32767 -2768 1464 -5193 END
START -9336 32 32767 1768 2618 -4524 END
START -10316 -500 32767 5384 4324 -3412 END
START -11256 -1248 32767 9161 6251 -1935 END
START -11712 -2292 32767 13154 7244 -44 END
START -11256 -3276 32767 17235 7069 1652 END
START -10560 -4368 32767 21113 5487 2688 END
START -9832 -5116 32767 24544 3366 2894 END
START -9456 -6396 31908 27109 1917 2689 END
START -9680 -7444 27940 28768 1991 2554 END
START -10192 -8772 24352 29290 3314 2808 END
START -11116 -9992 20804 29244 5004 3450 END
START -12076 -11276 17660 28856 6452 4635 END
START -12776 -12316 14688 28389 7387 6396 END
START -13492 -13436 11568 27563 7452 8632 END
START -13532 -13868 9056 26465 6734 11170 END
START -13172 -14176 6480 25035 5979 13641 END
START -12328 -13964 4828 23330 4767 16000 END
START -11364 -13444 3056 21355 3484 17814 END
START -10268 -12892 1908 19467 2911 19415 END
START -8948 -11996 512 17582 3902 20516 END
START -7908 -11316 -1300 15123 5645 21919 END
START -6264 -10808 -3040 11596 7323 24048 END
START -3932 -9920 -4480 7255 8843 25854 END
START -1780 -9504 -5260 2923 8799 26619 END
START 656 -8628 -5432 -828 7020 26062 END
START 2412 -8168 -5356 -3432 4303 24689 END
START 3992 -7748 -5172 -5498 1487 22731 END
START 4724 -7572 -4892 -7410 -679 21123 END
START 5620 -7656 -4668 -9377 -2199 20679 END
START 7476 -7488 -3752 -11833 -2974 21133 END
START 10480 -6344 -2140 -14887 -2420 21241 END
START 14336 -4476 700 -17965 -1378 20851 END
START 18568 -2536 3948 -20422 -1234 19518 END
START 23200 1032 8272 -21763 -1720 16665 END
START 27324 4296 12176 -21676 -2640 12734 END
START 30916 7548 15404 -20748 -3383 7222 END
START 32767 9428 17744 -19888 -3888 522 END
START 32767 9692 19772 -19752 -4183 -6387 END
START 31852 8976 22404 -20419 -2975 -13315 END
START 28212 7444 26052 -20362 -974 -19128 END
START 24224 6312 28392 -18521 311 -22872 END
START 20508 4964 29152 -15700 -508 -25558 END
START 17184 3404 29012 -12401 -2762 -28529 END
START 13248 1176 28540 -9415 -5126 -31619 END
START 8196 -1192 27944 -8033 -6198 -32768 END
START 3156 -3444 28064 -7811 -5368 -32768 END
START -2048 -6072 28728 -8374 -2816 -32644 END
START -7492 -8372 29984 -8618 24 -29534 END
START -11440 -10372 30396 -7832 1163 -25975 END
START -14152 -11824 30936 -5186 1052 -22112 END
START -15968 -13116 29988 -1854 852 -19295 END
START -17148 -13596 28336 251 927 -16596 END
START -17776 -12964 26392 1836 767 -13711 END
START -16988 -11932 23848 3480 478 -10488 END
START -15660 -10956 21760 4087 1599 -7604 END
START -14128 -9888 20316 3478 3892 -4782 END
START -12644 -9164 18980 2758 5537 -1759 END
START -11052 -7656 18124 2283 6369 1586 END