START 11824 4424 5932 15001 -5478 10672 END
START 10424 5364 6224 14413 -5601 9687 END
START 13152 5816 5704 12998 -5522 7187 END
START 15004 5360 5152 11069 -4070 2713 END
START 16752 4116 4540 9382 -2375 -1712 END
START 16680 3668 4120 8087 -2972 -5367 END
START 15916 3904 2800 7121 -5479 -7748 END
START 16396 2440 1648 6262 -6686 -9634 END
START 16408 2828 216 4951 -5988 -11928 END
START 16644 2112 -1932 2558 -2723 -14832 END
START 15916 1456 -3640 -278 1358 -18219 END
START 13988 424 -4448 -3061 4349 -21266 END
START 11584 -672 -5020 -5467 5415 -23601 END
START 9312 -1508 -5532 -7053 4448 -25595 END
START 7136 -2492 -5916 -8390 2276 -26933 END
START 4832 -3640 -6040 -10076 -291 -27486 END
START 2788 -4480 -6184 -12441 -1667 -27343 END
START 904 -4948 -5740 -15682 -1550 -26520 END
START -648 -5856 -4524 -19423 -365 -25691 END
START -2476 -6924 -2924 -23161 1492 -24188 END
START -4200 -8140 -1152 -26691 2557 -21974 END
START -5800 -9080 1644 -29693 2328 -19496 END
START -6884 -10260 4796 -31831 1040 -17633 END
START -8324 -10804 9276 -32768 -1347 -16013 END
START -8596 -12188 14132 -32469 -3772 -14349 END
START -8340 -12220 18324 -31640 -4807 -12860 END
START -7832 -12512 21600 -31455 -3050 -11443 END
START -8052 -12656 24160 -32149 1138 -10513 END
START -9604 -11668 26272 -32512 5218 -8972 END
START -11584 -10328 27636 -31633 7496 -6600 END
START -11960 -8608 28500 -29527 7521 -3769 END
START -10908 -6324 29020 -27492 6134 -2029 END
START -9436 -3984 30168 -26246 4186 -1825 END
START -8100 -2340 32712 -24999 2536 -2476 END
START -7052 -592 32767 -23145 1152 -3358 END
START -6112 480 32767 -20673 508 -4107 END
START -6004 1112 32767 -18154 807 -4446 END
START -6356 1612 32767 -14590 1525 -5013 END
START -7832 1584 32767 -9740 1904 -5432 END
START -9320 708 32767 -4405 1482 -5263 END
START -10484 -356 32767 331 674 -4273 END
START -11080 -1152 32767 4431 117 -2581 END
START -10864 -1752 32767 8117 278 -776 END
START -10432 -2664 32767 11490 831 874 END
START -9844 -3328 32767 14729 1146 2288 END
START -9004 -3884 32767 18018 1043 3431 END
START -8388 -4564 32767 21342 273 4306 END
START -7588 -5140 31784 23991 -525 4608 END
START -7088 -5616 28796 26149 -1557 4322 END
START -7048 -6100 25664 28040 -2933 4083 END
START -7020 -6588 22796 29772 -4426 4241 END
START -6868 -6968 20204 30839 -5221 4625 END
START -7068 -7240 17488 31018 -5106 5299 END
START -7192 -7524 15492 30684 -4433 6340 END
START -7376 -7528 12812 30015 -3640 7968 END
START -6872 -7416 10672 28975 -2942 9789 END
START -6408 -7032 8108 27504 -2054 11629 END
START -5612 -6460 6168 25238 -1217 13096 END
START -5340 -5844 4040 22281 22 14203 END
START -4656 -5788 2492 19167 1010 15556 END
START -4712 -5580 1108 15954 1390 16820 END
START -4768 -5764 -156 12872 984 18509 END
START -4788 -5680 -1076 10230 -107 20098 END
START -4164 -6300 -2460 7540 -554 21895 END
START -3620 -6316 -2900 4696 -706 23419 END
START -2948 -6820 -3300 2028 -245 25002 END
START -2080 -6748 -3668 -675 564 26283 END
START -580 -6584 -3592 -3475 1404 26933 END
START 48 -6416 -3804 -6246 1798 26918 END
START 1284 -6284 -3424 -8878 1184 26717 END
START 2664 -6196 -2840 -11531 -159 26392 END
START 4856 -6244 -1876 -14056 -2030 26412 END
START 7960 -5452 -168 -16005 -3306 26020 END
START 11892 -4400 1492 -17591 -3444 24405 END
START 16140 -3480 3608 -19151 -2890 21771 END
START 21228 -1484 6000 -19940 -2460 18297 END
START 26308 68 7828 -20539 -2078 14588 END
START 31648 1820 9176 -21843 -903 10245 END
START 32767 2764 11596 -23782 1657 3834 END
START 32767 3708 14788 -25294 4698 -5616 END
START 32767 3684 18064 -25521 7706 -16481 END
START 30992 1592 20492 -24919 9223 -25950 END
START 24772 -1440 22396 -23890 8530 -31913 END
START 18448 -2748 23616 -22543 6671 -32768 END
START 13264 -4416 24836 -21743 5407 -32768 END
START 7720 -6588 26560 -21658 6241 -32768 END
START 2776 -8032 28548 -21310 8526 -32768 END
START -1860 -9836 30612 -20207 10755 -32768 END
START -6108 -11760 32767 -17050 10722 -32768 END
START -9296 -13152 32767 -11957 8780 -30216 END
START -11184 -14108 32767 -7090 6207 -26397 END
START -11940 -14516 32767 -3469 4439 -22283 END
START -11564 -14776 32767 -709 5213 -17883 END
START -12140 -12284 32616 1290 7354 -13115 END
START -11596 -11012 29948 2874 9785 -8356 END