START 144 624 8340 13320 7028 28844 END
START -1052 2064 11408 12324 7607 28619 END
START 888 3400 7880 10012 9131 27298 END
START 5088 3704 6720 7529 8494 23607 END
START 6220 3724 7336 6547 3306 19459 END
START 7736 4272 8376 6653 -6510 16103 END
START 9592 4512 9484 7899 -16041 13774 END
START 13296 4736 9792 9391 -20999 12148 END
START 17164 5564 9352 9733 -19897 10261 END
START 21584 6260 8092 8193 -12964 6958 END
START 24168 6740 7184 5796 -3865 1868 END
START 24520 6644 6348 4084 2293 -4284 END
START 23824 5572 5344 3651 3420 -9909 END
START 22532 4620 4040 3727 1232 -14782 END
START 20016 3532 2824 3571 -2274 -19017 END
START 16972 1776 1612 3263 -4970 -22264 END
START 13848 220 432 2475 -5914 -24948 END
START 10040 -1876 -764 921 -4327 -26940 END
START 5732 -3804 -2196 -1769 -831 -27804 END
START 724 -5372 -2772 -4788 1086 -26719 END
START -2872 -6516 -2824 -6946 6 -24238 END
START -6084 -7276 -2668 -8798 -2520 -21691 END
START -8748 -8264 -3120 -11180 -5329 -19090 END
START -10812 -9472 -3252 -14155 -6536 -16800 END
START -13016 -10460 -3052 -17908 -7368 -14756 END
START -14484 -11572 -1800 -21227 -9782 -11660 END
START -14588 -12216 -248 -23812 -11964 -8045 END
START -13920 -12876 1404 -26235 -12178 -4573 END
START -12312 -13236 2920 -28773 -11218 -1513 END
START -10468 -13112 5244 -31082 -9960 1175 END
START -7952 -12480 7820 -32708 -9484 3478 END
START -4216 -11268 11092 -32768 -8727 4572 END
START -108 -9708 16376 -32768 -6961 3986 END
START 2588 -7140 21740 -32768 -4939 2020 END
START 4648 -4904 27800 -32768 -2648 -1177 END
START 5180 -3112 32767 -32768 4 -5009 END
START 4132 -2056 32767 -32768 2424 -8258 END
START 2048 -1952 32767 -31944 4853 -10905 END
START -1212 -2128 32767 -28246 5909 -11768 END
START -3948 -1772 32767 -23686 5586 -11312 END
START -5984 -1572 32767 -19165 4778 -10189 END
START -7488 -1168 32767 -14522 4475 -8899 END
START -8620 -856 32767 -9843 4653 -7602 END
START -9336 -64 32767 -4775 4784 -6008 END
START -9660 436 32767 461 4195 -4384 END
START -9456 568 32767 5116 3591 -3005 END
START -9220 292 32767 9276 3114 -1767 END
START -8896 -152 32767 12853 2499 -859 END
START -8508 -1064 32767 16050 1271 -218 END
START -7860 -2504 32767 18388 -375 -193 END
START -7524 -3856 32767 19537 -558 -710 END
START -7892 -4624 32000 21155 247 -983 END
START -8484 -5392 28836 23459 973 -658 END
START -8412 -6212 25340 25140 1449 -76 END
START -8160 -6916 21712 25961 1809 356 END
START -8088 -7372 18988 26319 2110 829 END
START -7784 -7936 16520 26029 2290 1316 END
START -7760 -8100 14568 25637 2426 1966 END
START -7644 -8412 12732 25536 2661 2770 END
START -7484 -8760 10892 25005 3012 3519 END
START -7472 -9228 9500 24091 4038 4676 END
START -7676 -9508 7876 22748 5244 6428 END
START -7656 -9620 6664 21510 6102 8559 END
START -7560 -9684 5136 20365 5930 10590 END
START -7236 -9868 3108 18921 4764 12722 END
START -6892 -9464 1260 16956 2928 14862 END
START -5948 -9164 40 14600 1800 16943 END
START -4676 -8808 -1848 11745 2218 18992 END
START -3472 -8804 -3624 7665 3916 21103 END
START -2536 -8620 -4728 3297 5351 23492 END
START -928 -8620 -5472 -655 6102 25742 END
START 332 -7940 -5768 -3871 5996 26998 END
START 1088 -7620 -4844 -6343 4098 27384 END
START 4496 -7296 -6016 -8009 1590 26131 END
START 6044 -6540 -6304 -9842 -1468 23584 END
START 7472 -6816 -6276 -12451 -4523 21931 END
START 9304 -6216 -5132 -15400 -6836 21725 END
START 12196 -5484 -3240 -18466 -7322 22135 END
START 17036 -3576 -776 -21807 -4991 21479 END
START 21820 -1500 2324 -25485 -1938 19447 END
START 27520 512 6600 -27621 390 15236 END
START 32092 2904 10436 -27815 1597 8540 END
START 32767 4548 14728 -27525 1787 -818 END
START 32767 4720 17556 -27899 2386 -10980 END
START 30480 2792 22580 -28974 4304 -20581 END
START 24772 72 27624 -29039 6114 -27699 END
START 17704 -2744 31960 -27132 6263 -31392 END
START 10668 -5688 32767 -24203 5123 -32179 END
START 5164 -8408 32767 -20770 3712 -31274 END
START 1336 -10524 32767 -17287 3807 -30124 END
START -2256 -11568 32767 -14428 5352 -29170 END
START -5796 -12968 32767 -11107 7260 -27481 END
START -8788 -13972 32767 -6875 9149 -24580 END
START -11476 -13076 32767 -2753 10149 -21023 END
START -12836 -11896 32767 1387 10258 -17054 END
START -14368 -10196 30004 4416 8811 -12975 END