START 11652 6800 6312 6730 -1127 -2946 END
START 12496 6784 5460 6164 -2056 -3854 END
START 11632 6812 4976 5117 -2865 -5536 END
START 12328 5540 4248 4223 -4210 -6949 END
START 12576 4736 3768 3583 -3909 -8043 END
START 12976 4964 3024 2665 -3473 -9298 END
START 13492 4408 2084 1465 -2635 -11382 END
START 13224 4364 1556 197 -1999 -14251 END
START 12200 4048 1152 -744 -2441 -17288 END
START 10984 3168 772 -1170 -3991 -19569 END
START 9328 2436 96 -1480 -6120 -20717 END
START 7768 1884 -532 -2330 -7673 -21013 END
START 6484 2008 -1528 -4844 -7063 -21504 END
START 4936 1400 -1424 -9044 -4262 -22190 END
START 2192 908 -596 -13510 -402 -22511 END
START -724 64 1008 -16729 1892 -21725 END
START -3940 -796 2668 -18423 2281 -20431 END
START -6756 -1396 4456 -18851 181 -18495 END
START -9132 -2704 5980 -18594 -3054 -16662 END
START -10788 -3448 7156 -18822 -6060 -15073 END
START -12176 -5108 8392 -19512 -6885 -12729 END
START -13340 -6152 9076 -20510 -6510 -9588 END
START -14268 -7096 8988 -22029 -5964 -6317 END
START -14580 -7680 9156 -24284 -5233 -3233 END
START -14028 -8804 9744 -27127 -4890 -477 END
START -13072 -9000 11864 -28885 -5333 2120 END
START -10684 -8676 14600 -29190 -6700 4779 END
START -7456 -7768 17104 -28509 -8278 6056 END
START -4168 -6668 19044 -27301 -8802 5536 END
START -2676 -6064 20248 -26333 -9348 4363 END
START -1324 -5100 21904 -26174 -8681 3767 END
START 40 -3464 23940 -26866 -6247 3711 END
START 1156 -1544 25992 -27439 -2978 3586 END
START 2400 -736 29040 -27925 476 2754 END
START 3328 328 32660 -27531 2655 1269 END
START 3700 648 32767 -25650 3271 -859 END
START 3740 1024 32767 -22412 2864 -3409 END
START 2932 1076 32767 -18637 1900 -5758 END
START 1100 728 32767 -15233 959 -7247 END
START -984 656 32767 -12261 658 -7424 END
START -3128 756 32767 -9041 1265 -6571 END
START -4804 600 32767 -5419 2724 -5049 END
START -5780 244 32767 -1922 4247 -3349 END
START -6152 -76 32767 1230 5176 -1742 END
START -6492 -452 32767 4878 4904 -502 END
START -6156 -884 32767 9083 3819 324 END
START -6012 -1404 32767 13147 1898 854 END
START -5328 -2028 32767 17162 -548 1286 END
START -4728 -2336 32767 21035 -2722 1209 END
START -3940 -2884 32767 24284 -4134 660 END
START -3432 -3760 30848 26691 -4221 -14 END
START -3172 -4508 27484 28321 -3163 -420 END
START -3312 -5128 24164 29297 -1681 -219 END
START -3408 -5900 21332 29408 83 416 END
START -3576 -6124 18620 29208 1287 1160 END
START -4172 -6360 15992 28919 1584 2199 END
START -4104 -6440 13536 28631 760 3376 END
START -4172 -6264 10740 28150 -518 4172 END
START -3952 -5912 8660 27153 -1494 4886 END
START -4044 -5832 6392 25370 -1876 5611 END
START -4392 -5508 4644 23347 -1993 6694 END
START -4828 -5848 2764 21158 -1954 8152 END
START -5128 -6096 1440 18842 -2361 10023 END
START -5284 -6600 132 16594 -3336 12169 END
START -4984 -6644 -1572 14112 -4041 14457 END
START -4528 -6868 -3260 11013 -4645 16863 END
START -3704 -6928 -4644 7427 -4522 19384 END
START -2188 -6656 -5608 3623 -3813 21322 END
START -600 -6064 -6228 -553 -2404 22305 END
START 252 -5976 -6084 -4487 -1239 22793 END
START 1236 -5848 -5460 -7389 -1294 22909 END
START 2576 -5832 -5208 -9747 -2090 22502 END
START 3580 -5960 -4584 -11902 -3196 21792 END
START 5212 -5908 -3432 -14364 -3985 21309 END
START 7508 -5436 -2136 -17009 -4521 21205 END
START 10800 -4588 -532 -19947 -4508 20904 END
START 15900 -2248 2428 -22432 -3847 20110 END
START 21612 292 5420 -24476 -1984 17671 END
START 27640 2304 9192 -26230 922 12357 END
START 31984 4840 13784 -27644 4172 4710 END
START 32767 5396 17912 -28735 7739 -4918 END
START 32767 4432 22296 -29481 10800 -14939 END
START 27360 1576 27152 -29327 11723 -22678 END
START 21192 -1168 31412 -27616 11650 -26504 END
START 15804 -3212 32767 -25438 13176 -27944 END
START 11620 -5296 32767 -22434 16652 -28829 END
START 6004 -6368 32767 -19419 20401 -28988 END
START 1024 -8000 32767 -16663 21621 -28502 END
START -3932 -8588 32767 -13233 20312 -27396 END
START -7172 -8848 32588 -8780 17197 -25448 END
START -9808 -9396 30724 -4239 13099 -22381 END