START 12604 4052 6172 9902 -4838 16198 END
START 13988 4292 5848 9426 -5477 15214 END
START 16056 4684 5560 8230 -5308 13025 END
START 19448 4840 6108 6238 -5361 8676 END
START 21516 5860 7112 4772 -5556 4636 END
START 23528 6016 7824 4292 -6676 932 END
START 25756 6620 8220 4493 -7120 -3036 END
START 27240 6780 7968 4543 -6338 -7908 END
START 27524 6596 7056 4209 -4342 -13413 END
START 25872 5668 5744 3240 -1462 -19165 END
START 23156 4656 4160 2002 231 -23781 END
START 20516 3132 3220 928 950 -27011 END
START 18000 2048 2224 344 847 -29497 END
START 15316 752 1216 -252 176 -31766 END
START 12876 -452 308 -924 -420 -32768 END
START 10176 -2200 -1088 -2208 -489 -32768 END
START 6464 -3708 -2080 -4658 641 -32768 END
START 2040 -5388 -2836 -7598 2168 -32768 END
START -2308 -6576 -2920 -10437 3036 -32768 END
START -6176 -7300 -2632 -12613 1702 -29702 END
START -8616 -7888 -2520 -14349 -1270 -25598 END
START -10340 -8272 -2060 -16543 -4229 -21546 END
START -11740 -9236 -1888 -19358 -6040 -17257 END
START -11876 -9592 -924 -22443 -5624 -13385 END
START -11080 -10392 -164 -25824 -3641 -10774 END
START -10796 -11744 2044 -29336 -2069 -8943 END
START -10740 -13012 4520 -31651 -2144 -7314 END
START -11500 -13716 7452 -32637 -4108 -5670 END
START -11616 -13884 10356 -32520 -7308 -3427 END
START -10868 -13232 12632 -32385 -9609 -703 END
START -8944 -12360 15324 -32768 -9164 1652 END
START -6452 -10356 19160 -32768 -6413 3419 END
START -3804 -7904 24640 -32768 -3275 4350 END
START -260 -5296 31612 -32768 -837 4110 END
START 2468 -3208 32767 -32768 355 2333 END
START 4432 -1460 32767 -32624 468 -975 END
START 4564 4 32767 -28382 156 -5214 END
START 3448 712 32767 -23282 37 -8500 END
START 1112 816 32767 -18220 630 -10453 END
START -2024 404 32767 -13211 2012 -10600 END
START -5064 484 32767 -8703 3499 -9267 END
START -7244 352 32767 -5160 4602 -7428 END
START -8296 340 32767 -1616 5109 -5436 END
START -8528 224 32767 2050 5060 -3628 END
START -7824 116 32767 5901 4302 -2339 END
START -7344 36 32767 9853 2922 -1395 END
START -6720 -292 32767 13693 1312 -827 END
START -6352 -980 32767 17385 -197 -657 END
START -6592 -2168 32767 20320 -436 -331 END
START -7100 -3312 32767 22361 750 359 END
START -7924 -4596 29868 23459 2921 1182 END
START -9240 -5676 26872 23992 4995 2353 END
START -10464 -7064 23796 24456 6224 4006 END
START -11452 -8096 20612 24807 6384 6016 END
START -11904 -9084 17956 24805 5853 8233 END
START -11976 -9888 14816 24278 5155 10389 END
START -11720 -10524 12496 23456 4584 12394 END
START -11300 -10820 10036 22377 3704 14267 END
START -10364 -10904 7556 21115 2867 16304 END
START -9816 -10776 5252 19749 2412 17996 END
START -8536 -10680 2868 18003 2529 19752 END
START -7472 -10160 924 15788 2662 21242 END
START -6040 -10212 -720 13398 2290 22585 END
START -4284 -9776 -2320 10756 1323 23555 END
START -2596 -8984 -3476 8398 -577 24385 END
START -1032 -8780 -4184 6552 -2832 25199 END
START 1404 -8252 -5544 4603 -4713 25724 END
START 3664 -7904 -6292 1683 -5113 25411 END
START 5568 -7484 -6500 -1636 -4757 24366 END
START 7528 -7024 -6168 -5136 -4257 23633 END
START 10064 -6304 -5128 -8664 -4318 23114 END
START 13388 -4580 -3908 -11926 -4464 22603 END
START 17136 -2768 -2604 -14965 -4494 22037 END
START 22876 -156 -396 -17898 -4539 20306 END
START 28992 2732 2480 -20178 -3710 16304 END
START 32767 5556 5604 -21177 -2822 9558 END
START 32767 7440 8500 -21246 -3020 538 END
START 32767 7944 11348 -21064 -4174 -8963 END
START 32767 6808 13924 -21229 -5355 -18052 END
START 32767 4636 17112 -21601 -5260 -25144 END
START 28312 1956 20300 -21622 -4483 -29482 END
START 22604 -748 23420 -21409 -3095 -32071 END
START 18292 -4116 26472 -20804 -489 -32768 END
START 13400 -7184 30032 -19897 2601 -32768 END
START 7216 -9256 32540 -17489 3117 -32768 END
START 2244 -11192 32767 -14215 1307 -32768 END
START -1960 -12988 32767 -11418 408 -32768 END
START -5752 -14264 32767 -9497 2498 -30201 END
START -10028 -14800 32767 -7900 5404 -26530 END
START -13840 -14532 32767 -5412 8177 -21831 END