START 3308 9524 15428 3253 -3118 6290 END
START 5656 9740 16192 3298 -5161 4811 END
START 7684 10028 15860 4070 -5990 2460 END
START 9100 10560 15248 4534 -5898 132 END
START 10432 10576 14796 4553 -4845 -1962 END
START 11408 10528 13868 4777 -3308 -3921 END
START 11932 10300 12836 5075 -2388 -5688 END
START 13092 9840 11672 5514 -2611 -7961 END
START 13740 9200 10000 5737 -2968 -11028 END
START 13648 7644 8460 4842 -1670 -14713 END
START 12656 5624 6268 2421 1415 -18028 END
START 10344 4092 5804 -367 4937 -20146 END
START 6904 1436 5208 -1910 7200 -21107 END
START 3516 -76 4040 -1827 7143 -20918 END
START 968 -1660 2384 -1144 4872 -20350 END
START -864 -2412 528 -595 1512 -19900 END
START -2252 -3004 -1656 -1137 -1150 -19422 END
START -3088 -3708 -3648 -3865 -2105 -18965 END
START -4344 -4724 -5164 -8238 -1493 -18575 END
START -6044 -5644 -5468 -12830 -1503 -17998 END
START -7372 -6632 -4888 -16535 -2492 -16840 END
START -8356 -7252 -3588 -19229 -4562 -14967 END
START -8044 -7704 -1904 -21080 -7435 -12693 END
START -6600 -7904 112 -22894 -9596 -10970 END
START -4924 -8048 2544 -24887 -9931 -10117 END
START -3584 -8172 4920 -27273 -8885 -10229 END
START -3088 -8296 8316 -29846 -7930 -10840 END
START -2980 -7928 12148 -31705 -7831 -11235 END
START -3104 -7680 17032 -32060 -8296 -11259 END
START -3464 -6652 21656 -31653 -8564 -11070 END
START -3756 -6060 26624 -31128 -8241 -10321 END
START -3064 -5708 31800 -30532 -6415 -9867 END
START -3168 -5788 32767 -30229 -2319 -10333 END
START -4448 -6076 32767 -29346 1943 -10927 END
START -6476 -6452 32767 -26867 5038 -11349 END
START -9016 -6640 32767 -22061 5303 -11101 END
START -11000 -6480 32767 -15794 2975 -10149 END
START -12596 -6112 32767 -9600 28 -8835 END
START -13464 -5352 32767 -5129 -909 -7115 END
START -13896 -4588 32767 -2121 1082 -5182 END
START -14708 -3744 32767 341 3977 -3201 END
START -15036 -3364 32767 3206 5409 -995 END
START -14460 -3436 32767 6629 5269 892 END
START -13716 -3900 32767 10146 4671 2080 END
START -12896 -4256 32767 13774 4105 2761 END
START -12700 -4960 32767 17198 3242 3485 END
START -12316 -5852 31804 20267 2233 4303 END
START -11748 -6708 28700 22682 1416 4959 END
START -11164 -7080 25420 24352 1446 5251 END
START -10804 -7612 22384 25286 1952 5570 END
START -10764 -8020 19308 25761 2467 6453 END
START -10388 -8424 16772 25594 3020 7774 END
START -10048 -8724 14596 25103 3768 9172 END
START -9028 -8748 12648 24455 4571 10579 END
START -8132 -8532 10752 23447 5288 11786 END
START -7292 -8256 9068 22062 5464 12713 END
START -6576 -7876 7272 20735 4966 13506 END
START -5976 -7544 5720 19253 4607 14232 END
START -5396 -7180 4004 17513 4820 15415 END
START -4848 -6932 2268 15273 5221 16535 END
START -4252 -7140 672 12592 5523 17736 END
START -3108 -7136 -1108 9754 5370 18740 END
START -2176 -7212 -2404 6845 4661 19529 END
START -1132 -7256 -3700 3818 3609 20329 END
START 124 -6940 -4580 706 2660 20728 END
START 1012 -6768 -4828 -1976 1544 20848 END
START 2200 -6664 -5236 -4457 58 20873 END
START 3520 -6272 -5792 -6727 -1517 20592 END
START 5324 -5640 -5688 -9319 -2869 19788 END
START 7000 -5168 -5168 -11923 -4328 18706 END
START 9412 -4536 -3916 -14455 -5939 17731 END
START 12824 -3404 -1624 -16653 -6600 16270 END
START 16564 -1320 1376 -18683 -6656 13672 END
START 20040 1264 4576 -20532 -6634 10691 END
START 24216 3632 8456 -21955 -6149 7430 END
START 28304 5956 12368 -22983 -4611 2271 END
START 31200 7192 16328 -23670 -1957 -5204 END
START 30724 6316 20512 -24741 2068 -14862 END
START 25760 4392 24724 -25094 5210 -23282 END
START 19036 1440 28600 -23971 5460 -28280 END
START 12252 -1356 32580 -21068 4332 -30238 END
START 6944 -3520 32767 -16982 3016 -30336 END
START 2816 -5272 32767 -13863 2768 -29784 END
START -1120 -7512 32767 -12766 4204 -29076 END