START 10500 4824 5028 5860 -518 8527 END
START 10972 5568 4416 5114 -2025 7827 END
START 12476 6932 5952 3717 -4262 6187 END
START 15976 7508 8488 2939 -7764 3006 END
START 18200 8128 10256 3565 -9249 -188 END
START 19916 9180 11524 4563 -9428 -3276 END
START 21120 9444 11696 5362 -7825 -6948 END
START 20964 9280 10960 5411 -5050 -10959 END
START 19604 7932 10172 4635 -2039 -14810 END
START 17436 6784 9348 3501 -1 -18627 END
START 14264 5280 8960 2825 621 -21690 END
START 10508 2984 8380 2861 592 -23942 END
START 6876 1324 6980 2845 323 -25581 END
START 2700 -744 5428 2170 249 -26313 END
START -1748 -2528 4196 1054 281 -25968 END
START -6436 -4008 2548 -370 -22 -24208 END
START -10016 -5136 1000 -1695 -708 -21124 END
START -12360 -6072 -764 -3622 -1021 -17159 END
START -13660 -6312 -2180 -6414 -1405 -13022 END
START -13920 -7344 -3948 -9958 -2197 -9509 END
START -13924 -7596 -3916 -13163 -4286 -7217 END
START -12752 -8252 -3628 -15512 -7573 -5164 END
START -11480 -7836 -2944 -17512 -10598 -3221 END
START -9440 -8024 -2240 -19857 -12255 -1177 END
START -7120 -8068 -1024 -22832 -12069 747 END
START -5312 -7472 528 -25921 -10648 2175 END
START -2916 -7028 2720 -28679 -8773 2881 END
START -996 -6392 5408 -31260 -6665 2230 END
START 496 -5828 8688 -32768 -5180 489 END
START 900 -5288 12252 -32768 -4853 -1983 END
START 816 -4804 17260 -32768 -5666 -4016 END
START 604 -4160 23108 -32768 -6361 -4995 END
START 816 -3168 29204 -32768 -5406 -5561 END
START 964 -2860 32767 -32768 -1793 -6524 END
START -92 -2812 32767 -32768 3485 -7779 END
START -2628 -2628 32767 -32213 7770 -9027 END
START -5936 -2480 32767 -28315 8762 -9401 END
START -8292 -2432 32767 -22346 6118 -8356 END
START -9576 -1636 32767 -16307 2401 -7049 END
START -10276 -880 32767 -10856 -482 -5656 END
START -10316 -392 32767 -6321 -1417 -4133 END
START -10472 268 32767 -2252 -585 -2606 END
START -10416 536 32767 1704 1413 -1333 END
START -10484 348 32767 6111 3189 -241 END
START -10640 -164 32767 10179 3965 701 END
START -10784 -1028 32767 14042 3603 1823 END
START -10688 -2032 32767 17990 2424 2997 END
START -10400 -3228 32767 21749 956 3848 END
START -9840 -4540 32767 24728 -100 4409 END
START -9400 -5908 30192 26588 93 4735 END
START -9824 -6924 26980 27358 1245 5291 END
START -10008 -7976 23456 27791 2866 6263 END
START -10540 -8672 20056 27806 4469 7719 END
START -10736 -9208 16336 27428 5163 9461 END
START -10332 -9764 12960 26643 4444 11181 END
START -9872 -10096 10008 25712 2854 12771 END
START -9092 -10212 6864 24484 1219 14154 END
START -8080 -10344 4376 23015 236 15742 END
START -7208 -10564 1684 20940 448 16963 END
START -6584 -10820 -796 18055 1451 18052 END
START -5680 -10840 -2540 14792 2289 19269 END
START -4424 -10720 -3956 11750 2921 20436 END
START -3092 -10148 -5372 8646 2862 21600 END
START -1408 -9340 -6648 5428 2286 22600 END
START 1036 -8088 -7432 2202 1193 22850 END
START 2900 -6884 -7636 -957 152 22192 END
START 4784 -6396 -7516 -3810 -658 21032 END
START 6716 -5684 -6680 -6616 -1265 19675 END
START 9312 -4504 -5724 -8930 -1669 17899 END
START 11704 -3404 -4696 -11369 -2116 16056 END
START 14284 -1696 -3044 -14127 -2918 14586 END
START 17256 -68 -1776 -16886 -3469 12464 END
START 19548 1548 236 -19448 -3842 9356 END
START 21820 3124 2704 -21466 -4216 6030 END
START 24284 4224 5340 -23215 -4523 2143 END
START 27076 5020 8596 -24977 -4406 -2657 END
START 28788 5580 12388 -26476 -3536 -9058 END
START 29000 4536 16908 -27563 -1943 -16689 END
START 25664 2672 22132 -27586 -1461 -23851 END
START 21548 128 26516 -25588 -2907 -28172 END
START 17168 -2856 30584 -22579 -4393 -30758 END
START 12260 -5744 32767 -19715 -3905 -32352 END
START 7460 -7840 32767 -18538 438 -32715 END
START 1928 -10532 32767 -19029 6900 -32352 END
START -4012 -12492 32767 -18982 12183 -30555 END
START -9624 -13416 32767 -15937 12764 -26810 END
START -12860 -14088 32767 -10219 8782 -22035 END