START 4076 3036 -3668 -14966 -5429 2531 END
START 3560 3224 -2640 -15258 -5381 2526 END
START 3884 2940 -2472 -15441 -4994 2374 END
START 3672 1888 -3812 -16017 -4109 2393 END
START 2736 1292 -4852 -18569 -3610 3499 END
START 1260 -52 -5684 -22664 -3790 4536 END
START -348 -768 -4688 -25552 -4763 4873 END
START -1616 -1844 -3852 -26649 -6202 5189 END
START -1948 -2540 -2688 -28114 -7505 5426 END
START -1292 -3128 -644 -30744 -7347 5618 END
START 48 -4736 3124 -32768 -7113 6515 END
START 1160 -5948 6772 -32768 -6756 7578 END
START 2360 -6028 11428 -32768 -6774 8137 END
START 3752 -6040 16908 -32768 -5419 8298 END
START 5132 -5744 22140 -32768 -3543 8852 END
START 6560 -5104 26724 -32768 -433 9357 END
START 7868 -4980 31372 -32615 3365 9977 END
START 8880 -4956 32767 -30632 6817 9715 END
START 9264 -5356 32767 -26777 9610 7888 END
START 9168 -5392 32767 -22995 11217 5532 END
START 8660 -4696 32767 -20781 10725 3655 END
START 8252 -4176 32767 -17404 9337 1781 END
START 7480 -4260 32767 -12938 8008 254 END
START 6864 -3668 32767 -8738 6840 -185 END
START 6720 -3092 32767 -4415 6371 -232 END
START 6532 -2148 32767 130 6120 -334 END
START 6128 -1852 32767 4251 5538 -705 END
START 5760 -1792 32767 8282 4595 -1089 END
START 5664 -1924 32767 12059 3737 -1548 END
START 5444 -2152 32767 15364 3470 -2563 END
START 5020 -2380 32767 18320 3433 -3956 END
START 4128 -2940 32252 21258 2933 -4945 END
START 3172 -3236 28828 23897 2015 -5134 END
START 2188 -3316 25048 25266 1377 -4883 END
START 952 -3120 20984 25040 722 -3915 END
START 388 -2680 17456 23348 -192 -2528 END
START 324 -1892 14532 21158 -999 -1440 END
START -52 -1104 12312 19308 -1705 -829 END
START 428 -368 9656 17358 -3073 -476 END
START 440 120 8112 15126 -4714 -431 END
START 524 36 7336 13697 -6135 245 END
START 816 80 6456 12204 -7130 1385 END
START 1312 468 6524 10125 -7500 2654 END
START 2516 672 7148 8387 -7261 3724 END
START 3668 1180 8368 7099 -6382 4010 END
START 4764 1428 10120 6001 -5215 3666 END
START 5528 1244 12440 5747 -4001 2636 END
START 6452 800 15040 6525 -3096 1642 END
START 7324 192 16632 7732 -2313 609 END
START 8748 -420 18456 8962 -1449 -296 END
START 9776 -260 19724 10565 -589 -1185 END
START 10788 384 19972 12313 750 -2310 END
START 11452 1028 19648 13218 2419 -3892 END
START 11756 1972 18468 13571 4198 -5903 END
START 11508 2472 17136 13450 5229 -8016 END
START 11128 3344 15584 13141 5404 -10359 END
START 10788 3704 13984 13361 5229 -12954 END
START 9720 3804 11992 13417 4138 -14921 END
START 8964 3796 9648 12744 2525 -15901 END
START 8400 4104 8172 11422 1053 -16795 END
START 7588 3944 6200 9585 450 -17881 END
START 6488 4000 4872 7405 -22 -18570 END
START 5480 3936 3444 4933 -126 -18753 END
START 4472 3956 2812 2305 -201 -18718 END
START 3516 3500 2096 250 -276 -18561 END
START 2516 3164 1152 -1638 -695 -18009 END
START 1252 2728 1036 -3943 -1383 -17251 END
START 36 2432 572 -6866 -1569 -16116 END
START -1384 2180 1132 -9516 -908 -14752 END
START -2980 1484 1728 -11732 -160 -13240 END
START -4604 1052 2532 -13704 -296 -11650 END
START -5828 444 3424 -15213 -1455 -10455 END
START -7056 528 5296 -16274 -3235 -9895 END
START -8300 -60 7124 -16450 -4872 -9638 END
START -9680 -944 9100 -15929 -6860 -8790 END
START -10736 -1140 10576 -15394 -8328 -6927 END
START -11240 -1752 11892 -15310 -8102 -3731 END
START -11820 -1892 13680 -15672 -6868 -187 END
START -11848 -2352 15552 -16317 -3711 3217 END
START -12880 -3108 17412 -17090 -469 6574 END
START -13588 -3324 19084 -17063 714 9168 END
START -13904 -3432 20984 -16137 395 11197 END
START -14116 -3496 22216 -14664 -743 13144 END
START -13648 -3144 23084 -13147 -1712 15384 END
START -12940 -3060 23688 -12046 -1922 18181 END
START -10940 -3128 24668 -11204 -1388 21600 END
START -7560 -3160 25500 -11021 174 25284 END
START -3980 -2796 26168 -11879 2860 27924 END
START -516 -2684 27256 -12356 5192 29599 END
START 2852 -2032 28328 -12112 6248 30709 END
START 6700 -1576 29320 -11714 6273 31281 END
START 10580 -876 30492 -11340 6091 30686 END
START 14072 -472 31896 -10298 6317 28528 END
START 17184 324 32767 -7622 7872 24107 END
START 18688 1324 32767 -3909 10252 17912 END