START 1948 704 -2132 -2755 -3353 -1925 END
START 2372 584 -3016 -3245 -3591 -1876 END
START 2412 976 -4512 -4727 -3967 -2156 END
START 1352 180 -6460 -8354 -4866 -2302 END
START 132 104 -6476 -11557 -7527 -819 END
START 168 432 -5736 -12726 -8785 1000 END
START 984 576 -6264 -14047 -8829 1962 END
START 1296 1208 -7248 -17280 -8395 2765 END
START 1012 -240 -5636 -20704 -8080 3000 END
START 356 -824 -2928 -21815 -8155 3644 END
START 712 -1392 -1048 -22718 -9097 4932 END
START 2088 -2216 1180 -25134 -8846 6143 END
START 3556 -3652 3744 -26998 -6572 7227 END
START 2864 -4288 7572 -28190 -4243 7882 END
START 2540 -3968 10956 -29488 -2659 7950 END
START 2896 -3372 16412 -29887 -2764 7946 END
START 4328 -2876 21808 -28989 -3347 7768 END
START 6316 -3156 26696 -27736 -1699 7217 END
START 7024 -4176 30680 -26814 1982 5673 END
START 5864 -5012 32767 -24942 4497 4599 END
START 5752 -5944 32767 -23113 5431 4639 END
START 6028 -6164 32767 -21303 6463 4669 END
START 6140 -6180 32767 -18378 7439 3975 END
START 5272 -5908 32767 -14281 7320 2628 END
START 4248 -4740 32767 -10379 6981 1475 END
START 3500 -4152 32767 -7271 6967 732 END
START 2788 -3816 32767 -4595 5662 799 END
START 3352 -3016 32767 -2816 4616 708 END
START 3484 -2532 32767 -910 3883 357 END
START 3304 -2052 32767 1160 2615 103 END
START 3728 -1744 32767 2962 2137 -346 END
START 2752 -2144 32664 4369 2094 -566 END
START 1456 -2740 31028 5782 857 252 END
START 1256 -3144 29296 6893 -220 1393 END
START 736 -3544 28260 7961 -572 2457 END
START 776 -3924 27108 8979 -744 3337 END
START 1520 -3736 26192 9970 -912 3625 END
START 2132 -3852 25380 10921 -1163 3311 END
START 2804 -3748 24752 11866 -1116 2448 END
START 3176 -3760 24328 13398 -1052 1859 END
START 3216 -3772 23660 14996 -899 1868 END
START 3828 -3636 22352 15939 119 2199 END
START 4276 -3408 21164 16006 1162 2152 END
START 4532 -3080 20316 16668 1347 1744 END
START 5504 -2480 19056 16858 1064 919 END
START 6792 -1812 18000 16554 977 -527 END
START 7568 -1612 17572 16534 813 -2094 END
START 8144 -1232 16844 17180 485 -3688 END
START 8464 -1224 15384 17120 365 -5053 END
START 8832 -936 14460 16532 765 -6207 END
START 9136 -336 13748 16316 1783 -7263 END
START 9152 40 12472 15856 2952 -8442 END
START 8776 292 11500 15128 3585 -9388 END
START 8264 596 10296 14545 4038 -10233 END
START 7660 732 8592 13468 3715 -10860 END
START 7632 1220 7960 12412 3178 -11438 END
START 7588 1412 7156 11472 2963 -12263 END
START 7448 1772 6384 10398 2684 -13046 END
START 7388 2064 5600 9393 2477 -13935 END
START 6896 2496 5088 8241 2492 -14875 END
START 6048 2524 4520 6888 2497 -15793 END
START 5372 2636 4160 5458 2726 -16434 END
START 4104 2268 3868 3927 3201 -16782 END
START 2952 2144 3504 2236 3046 -16729 END
START 1896 1784 3828 252 2892 -16747 END
START 88 1140 4156 -1132 2414 -16319 END
START -1416 1080 4588 -2382 1374 -15055 END
START -2464 928 4848 -4131 1017 -14116 END
START -3844 484 5488 -6027 1168 -13301 END
START -5292 292 6704 -7395 1197 -12279 END
START -5956 -216 7724 -8161 1480 -11562 END
START -7044 -556 8496 -9079 1995 -11105 END
START -8932 -760 9468 -9669 1293 -9752 END
START -10340 -792 10164 -10112 354 -7801 END
START -11384 -952 11184 -10900 -434 -5504 END
START -11156 -780 12196 -11884 -399 -3495 END
START -11264 -652 13548 -12595 174 -2485 END
START -11728 -740 14724 -12605 -123 -1482 END
START -11800 -824 16184 -12582 -418 -252 END
START -11852 -980 17148 -12286 -640 1398 END
START -11672 -1176 17728 -12531 -866 3250 END
START -10900 -1516 18508 -12709 -749 4691 END
START -10684 -2036 19508 -12396 -873 5840 END
START -10388 -2136 20340 -11739 -1372 6771 END
START -10364 -2260 20816 -10922 -1550 7761 END
START -10256 -2408 21060 -9961 -1829 9161 END
START -9784 -2716 20500 -9565 -2052 10490 END
START -9608 -3320 20044 -9480 -3068 12008 END
START -8584 -3640 19904 -9457 -4096 13722 END
START -7128 -3936 20132 -9433 -4400 15194 END
START -5796 -3232 20812 -9291 -3872 15903 END
START -4556 -2836 21492 -8389 -3704 16802 END
START -2812 -2460 21744 -7425 -3380 17795 END
START 68 -2224 22760 -6468 -1988 18433 END
START 4308 -1436 23992 -6095 1227 18993 END
START 8292 -692 25544 -6602 6061 18344 END
START 10380 -116 26972 -6943 9853 17207 END
START 11280 352 28128 -6760 11471 15737 END