START 1440 -4816 -6300 -32768 -12262 11906 END
START 2204 -5008 -6964 -32768 -11987 12170 END
START 928 -5456 -3484 -32768 -10401 12922 END
START -308 -4964 -248 -32768 -7087 12642 END
START -1240 -6340 1892 -32768 -6583 11963 END
START -1552 -8072 5036 -32768 -10928 14977 END
START 1444 -8160 11256 -32768 -15000 19736 END
START 7324 -5176 19576 -32768 -10944 20324 END
START 10404 -3756 24224 -32768 665 15777 END
START 9260 -3764 28900 -32768 6552 13016 END
START 9644 -4000 32767 -32768 6525 12007 END
START 11416 -3248 32767 -32768 6794 11334 END
START 12404 -3308 32767 -32132 9183 9150 END
START 11912 -3568 32767 -26832 11080 6871 END
START 11496 -2612 32767 -20914 11669 4546 END
START 10444 -1548 32767 -14905 11730 2034 END
START 8716 -856 32767 -9297 10571 404 END
START 7364 -360 32767 -4776 8497 -219 END
START 6512 236 32767 -590 6390 -321 END
START 5744 648 32767 3430 4585 -551 END
START 5232 572 32767 7654 3159 -813 END
START 5128 324 32767 12243 2562 -1118 END
START 5136 328 32767 17271 2385 -1451 END
START 5336 176 32767 21986 2611 -2062 END
START 5320 -436 32767 26050 2430 -2799 END
START 4780 -476 30372 29081 1909 -3390 END
START 4632 -340 25676 30338 2077 -4174 END
START 3972 -128 21084 29528 2425 -4948 END
START 3452 52 15744 26501 2060 -5339 END
START 2620 792 11824 22984 1258 -5358 END
START 1168 1304 8484 19836 -457 -5001 END
START -612 1616 5692 17462 -2429 -4197 END
START -1720 1308 3136 15700 -4268 -3092 END
START -2796 924 -124 12475 -6820 -1339 END
START -3132 796 -2028 7170 -9549 917 END
START -2052 192 -928 2538 -10831 3353 END
START 84 300 2000 -85 -9514 4994 END
START 2376 -236 4652 -1081 -7153 5799 END
START 4776 -688 8076 -1837 -4462 5699 END
START 7164 -1168 12568 -1958 -2424 5341 END
START 9136 -1336 17136 -623 -1162 4923 END
START 12036 -1004 21680 2121 880 4181 END
START 14136 -368 24884 5339 4371 2089 END
START 14920 32 26528 8824 7533 -704 END
START 14872 968 26556 12019 9263 -3093 END
START 14148 2028 25108 14774 9941 -5477 END
START 13664 3112 23180 16631 10298 -7995 END
START 12612 4084 20900 17649 10552 -10784 END
START 11668 4464 18232 18058 10429 -13487 END
START 10212 4640 14960 17471 9547 -15525 END
START 9396 4900 12072 16154 8045 -16630 END
START 8836 5328 9296 14309 6949 -17143 END
START 8168 5636 7080 11903 5908 -17884 END
START 7040 5812 5220 9314 4740 -19331 END
START 5592 5604 3832 7102 2805 -20509 END
START 3964 4840 2896 5090 -373 -20578 END
START 2924 4992 1788 3111 -3677 -19954 END
START 2088 5148 920 255 -6201 -19344 END
START 1520 4904 384 -3370 -7213 -18912 END
START 756 3552 716 -6815 -7158 -18140 END
START -124 2304 944 -10062 -7652 -16748 END
START -860 692 3164 -12939 -6846 -15870 END
START -2168 -1260 5176 -13790 -4558 -15262 END
START -4552 -2820 5856 -14495 -3844 -14317 END
START -7236 -3340 7060 -15222 -5011 -13183 END
START -9720 -4476 8836 -15398 -6764 -11611 END
START -11364 -5280 10620 -15363 -8244 -9166 END
START -12908 -6140 12576 -16153 -7541 -5605 END
START -14844 -6516 14532 -17895 -5821 -885 END
START -16868 -6136 16528 -18748 -3879 5010 END
START -18292 -5684 17272 -19467 -3442 11407 END
START -19088 -4980 18456 -19580 -4392 17626 END
START -18736 -4636 18760 -19200 -6988 23393 END
START -17860 -4088 19408 -19363 -10761 28377 END
START -15848 -3732 21016 -18652 -13729 32767 END
START -12232 -3512 22536 -17451 -15180 32767 END