START -68 -3888 -4576 -32768 -7863 8820 END
START -100 -4216 -4464 -32768 -7938 8756 END
START -1220 -4796 -3208 -32768 -8966 9206 END
START -1704 -5796 -436 -32768 -12158 11286 END
START -992 -6780 3340 -32768 -15899 14714 END
START 2608 -6356 7796 -32768 -15654 17200 END
START 6032 -4888 11048 -32768 -8873 16442 END
START 6836 -4252 16024 -32768 -3610 14250 END
START 6492 -5056 22180 -32768 -3258 12897 END
START 8380 -5352 27672 -32768 -3864 12919 END
START 10764 -6744 32767 -32768 -304 12186 END
START 11448 -7136 32767 -32768 5470 10543 END
START 9968 -6756 32767 -30436 10445 7779 END
START 8020 -6184 32767 -25912 13214 4898 END
START 5952 -6788 32767 -20909 13826 2667 END
START 4672 -7012 32767 -15417 12174 2406 END
START 4876 -5724 32767 -10758 11100 2666 END
START 4636 -4672 32767 -6415 10555 2180 END
START 4032 -3948 32767 -832 8922 1549 END
START 4244 -3568 32767 4536 7125 1010 END
START 4832 -3536 32767 9541 5904 85 END
START 5712 -3052 32767 14432 4948 -1057 END
START 6288 -3332 32767 19635 4088 -2960 END
START 6200 -3280 32767 24139 2436 -4572 END
START 6192 -3100 32767 27133 788 -5685 END
START 5624 -2492 28264 28166 222 -5297 END
START 5100 -1916 22736 26537 554 -3804 END
START 3912 -752 18052 23137 1536 -2833 END
START 2548 -200 14728 20926 1832 -2259 END
START 1384 -124 12004 19286 638 -1758 END
START 700 -360 9672 17445 -1693 -1407 END
START 200 -464 7832 15422 -4149 -864 END
START -164 -704 7252 13612 -5769 -8 END
START -416 -760 6628 11690 -6173 1664 END
START -520 -800 6444 9190 -5567 4003 END
START -320 -296 7060 6704 -5140 6293 END
START 472 536 8800 4624 -3758 7771 END
START 1560 840 11028 3257 -1944 8426 END
START 3076 1032 13832 3140 -867 8599 END
START 5088 748 16604 3728 256 7458 END
START 7044 624 19396 4875 1131 5681 END
START 8464 428 21992 7096 886 2953 END
START 9180 908 23384 10210 -472 -279 END
START 9564 848 23836 13329 -2591 -2872 END
START 10184 1352 23624 15251 -3445 -4346 END
START 11096 1872 23328 16333 -1153 -5519 END
START 11580 2452 22656 17104 2640 -6805 END
START 11088 3028 20996 17698 5490 -8375 END
START 10712 3316 19036 18455 6300 -10080 END
START 10564 3740 16676 18922 6597 -12110 END
START 10268 4136 14216 18888 6492 -14255 END
START 9844 4012 11344 18218 6055 -16169 END
START 9316 4088 8072 16499 5359 -17792 END
START 8036 3812 5880 14288 4311 -19334 END
START 6928 3868 3616 12288 3473 -20477 END
START 5496 3516 1300 9503 2290 -21251 END
START 4448 3344 -216 6679 1010 -21444 END
START 3444 3012 -1176 3364 58 -21323 END
START 2276 2444 -1740 325 -98 -20597 END
START 1484 2292 -1904 -2579 94 -19545 END
START 472 1612 -2196 -5657 -293 -18449 END
START -280 1320 -1996 -9042 -1337 -17536 END
START -1128 852 -448 -11304 -1643 -17280 END
START -3076 480 792 -12595 -1701 -17191 END
START -4684 -320 1516 -13595 -2204 -16640 END
START -6400 -1104 2120 -15838 -2318 -15363 END
START -8336 -2528 4220 -18384 -2018 -13487 END
START -10844 -3240 6400 -20047 -2301 -10869 END
START -13372 -3460 9452 -20977 -3085 -7486 END
START -14840 -3612 12808 -20607 -2498 -4873 END
START -16540 -4348 14644 -19951 -1724 -2435 END
START -18336 -5012 15448 -19825 -2940 927 END
START -19036 -5272 15948 -19698 -5987 4922 END
START -18764 -5244 16456 -20453 -8011 9168 END
START -18992 -5304 17716 -21523 -8928 14100 END
START -17864 -4616 19300 -21636 -9944 18826 END
START -16248 -4324 20468 -20896 -8815 21295 END
START -15932 -4972 20156 -20041 -9484 23811 END
START -13808 -5564 20612 -19286 -11980 27437 END
START -9864 -5684 22240 -19107 -13599 32286 END
START -4548 -6236 24620 -19434 -12980 32767 END
START 1520 -6260 27472 -19242 -10127 32767 END
START 8432 -5736 31284 -16988 -4572 32767 END