START 3056 2136 -3888 -25307 -5275 9694 END
START 3208 1368 -3860 -25912 -4720 8842 END
START 3140 -164 -3176 -27169 -3956 6858 END
START 1536 -1240 -3420 -29146 -5822 5507 END
START -536 -3464 -2300 -30487 -10350 5822 END
START -1452 -4620 -804 -30593 -14336 7852 END
START -988 -5868 160 -32358 -16312 10732 END
START -340 -6584 2640 -32768 -17056 13867 END
START 1588 -8260 7916 -32768 -14402 16707 END
START 4420 -8376 11324 -32768 -11140 18439 END
START 6828 -8212 12640 -32768 -10329 18841 END
START 8420 -6504 17416 -32768 -12482 17832 END
START 9056 -4992 22752 -32768 -14274 16017 END
START 11032 -2460 27232 -32768 -11561 15036 END
START 13628 -1656 32767 -32723 -3050 14026 END
START 14572 -2908 32767 -31118 4932 12801 END
START 14068 -3768 32767 -27749 9511 10702 END
START 12784 -3476 32767 -23143 10987 8235 END
START 12328 -3416 32767 -16569 9993 5512 END
START 12848 -3592 32767 -11302 7766 2987 END
START 13348 -3788 32767 -6270 5226 947 END
START 13520 -3192 32767 -755 3888 -834 END
START 13268 -2640 32767 4802 3903 -2293 END
START 12728 -2364 32767 10736 4718 -3793 END
START 11164 -2516 32767 17121 4998 -5085 END
START 9908 -2424 32767 23259 4597 -5694 END
START 8720 -1988 32767 28149 4180 -5946 END
START 7288 -1632 32767 31517 4000 -5962 END
START 6224 -1412 28520 32767 3784 -5904 END
START 5756 -1100 24228 32767 4201 -6063 END
START 5200 -960 20392 31721 5129 -6602 END
START 3508 -1848 16680 30126 4814 -6539 END
START 2340 -1636 12988 28811 2715 -4564 END
START 1512 -624 9692 25463 531 -2679 END
START 1256 -144 7860 21400 -614 -1611 END
START 1228 32 6784 18195 -1617 -554 END
START 1252 280 6224 16112 -2657 1180 END
START 2416 1032 6012 14298 -2809 2836 END
START 4388 1600 6056 12431 -1409 3060 END
START 4956 1788 7468 11713 119 2415 END
START 5800 1980 8120 11465 67 2011 END
START 7240 2296 9652 11407 -60 1198 END
START 8464 2200 11060 11874 114 -188 END
START 9660 2328 12288 12232 132 -1514 END
START 11296 2672 13688 12663 754 -3336 END
START 12348 3320 14352 13279 1815 -5600 END
START 12784 3684 14328 13705 2628 -7992 END
START 12908 4132 13612 13904 3220 -10180 END
START 12748 4316 12468 13581 3771 -12147 END
START 11780 4976 10876 12605 3833 -13391 END
START 10560 5136 9716 11499 3924 -14451 END
START 9712 5656 8004 10281 3722 -15500 END
START 8736 6240 6332 8870 3390 -16427 END
START 8184 6616 5332 7066 3310 -17619 END
START 7372 6788 4364 5266 3583 -19120 END
START 6052 6600 3328 3723 3186 -19880 END
START 4784 6216 2824 2167 2183 -19886 END
START 3588 6048 2176 466 792 -19561 END
START 3036 5904 1680 -1321 -327 -19191 END
START 2388 5532 1372 -3818 -935 -19195 END
START 1420 5100 1640 -6301 -1132 -19062 END
START 568 4472 1912 -8151 -1168 -18343 END
START -240 3472 2132 -10286 -763 -17555 END
START -1416 2536 2368 -12926 -332 -16687 END
START -3536 1784 3500 -15090 -554 -15381 END
START -4884 836 4116 -15962 -1560 -13792 END
START -5548 -48 5116 -16867 -2891 -12528 END
START -6296 -740 6448 -17764 -3464 -11873 END
START -7292 -1464 7956 -18748 -3071 -11114 END
START -9096 -2232 9788 -19824 -2158 -9424 END
START -10864 -2924 11232 -20616 -2094 -6724 END
START -11928 -3516 12508 -20959 -2881 -3732 END
START -12628 -3872 13968 -20798 -3388 -994 END
START -13664 -3716 15672 -20754 -3433 1024 END
START -14972 -3492 17452 -20552 -3723 3266 END
START -15756 -3460 18880 -20194 -4024 6566 END
START -16100 -3240 19924 -19962 -3866 10376 END
START -16088 -3240 20504 -19706 -3937 14648 END
START -16200 -3636 20744 -19472 -4571 18855 END
START -15976 -4360 21268 -19274 -6460 23351 END
START -14468 -4776 22692 -18933 -8713 28788 END
START -11948 -4964 24176 -18176 -9062 32767 END
START -8076 -4616 26012 -17166 -6929 32767 END