START 3520 4132 -3208 -1991 -2131 -1289 END
START 3232 3920 -2900 -2571 -2442 -1359 END
START 3036 3480 -4520 -4085 -3545 -1432 END
START 2372 3696 -6024 -7371 -5161 -1204 END
START 844 3376 -6516 -9459 -6071 -567 END
START 384 2860 -7276 -11790 -6266 563 END
START -640 1720 -7696 -14180 -7134 2038 END
START -992 -336 -7608 -16494 -8418 3815 END
START -1420 -688 -6784 -18439 -10276 5563 END
START -1048 -1596 -5260 -20858 -10967 6871 END
START -640 -2876 -2952 -23065 -10736 8093 END
START 116 -3936 -36 -24562 -11014 9515 END
START 1180 -5256 2868 -25901 -10265 10831 END
START 2660 -6328 4500 -27126 -9019 12067 END
START 3428 -5696 10804 -28119 -7790 13207 END
START 5856 -5180 15880 -28418 -6256 13878 END
START 8240 -4476 21920 -27873 -3640 13584 END
START 9944 -3936 26096 -27005 -993 12134 END
START 11552 -3596 30396 -26575 451 10000 END
START 13128 -4144 32767 -25129 1402 7406 END
START 13260 -4920 32767 -22493 3377 4814 END
START 12212 -6396 32767 -19710 5970 2891 END
START 10276 -6908 32767 -16744 7985 2135 END
START 8880 -7304 32767 -13472 9358 1799 END
START 8012 -7412 32767 -10415 8942 1868 END
START 7476 -6908 32767 -8095 8555 1313 END
START 6220 -6428 32767 -5040 7573 638 END
START 5584 -5640 32767 -2162 6557 19 END
START 4748 -5236 32767 122 5868 -454 END
START 4012 -5148 32767 2273 4711 -339 END
START 3372 -5104 32767 4206 3534 200 END
START 3300 -5004 32767 5919 2706 857 END
START 3268 -5192 31924 7388 2283 1385 END
START 3140 -5276 30736 9090 1299 1805 END
START 3552 -4940 29820 10868 450 1659 END
START 4376 -4732 28828 12654 368 1350 END
START 4940 -4756 26896 13719 840 925 END
START 5308 -4804 25044 13538 456 438 END
START 6020 -4420 24920 14201 -353 -120 END
START 6656 -4156 24284 16038 -54 -1128 END
START 6896 -4084 22828 17342 777 -2258 END
START 7340 -3780 22120 18599 1623 -3048 END
START 7304 -3564 21364 20649 2385 -3654 END
START 7984 -3848 18728 21870 3323 -4202 END
START 8728 -3296 15956 19417 3964 -5505 END
START 8608 -2628 16332 18379 3755 -7314 END
START 9140 -1836 15652 19342 3828 -9562 END
START 9176 -1556 13740 19264 4229 -11791 END
START 8692 -1476 12268 18277 3730 -12715 END
START 8444 -924 11080 17782 2831 -12787 END
START 8668 -64 9604 17006 2858 -12848 END
START 8612 552 7884 15382 3669 -13012 END
START 8060 1200 6648 13746 4078 -13292 END
START 7524 1600 5412 12459 4197 -13737 END
START 7160 1768 4064 10777 3898 -14063 END
START 6540 1736 3052 9098 3133 -14143 END
START 6240 1784 2248 7452 2473 -14083 END
START 5360 1900 1444 5417 2292 -13852 END
START 3940 1804 1152 3040 2845 -13509 END
START 2788 1760 1284 832 3408 -12978 END
START 1804 1620 1412 -1272 3387 -12571 END
START 772 1464 1736 -2968 2590 -12056 END
START 376 1340 2368 -4468 2733 -11777 END
START -928 1276 2324 -6014 3090 -11424 END
START -3124 1168 3936 -7239 2734 -11221 END
START -4864 788 4912 -7904 1416 -11250 END
START -6304 532 6036 -8136 -267 -10788 END
START -6972 252 6920 -8839 -1545 -10029 END
START -7404 -280 8400 -9871 -1931 -9161 END
START -8552 -828 10440 -10512 -2128 -7838 END
START -8976 -732 12112 -11113 -1632 -5646 END
START -9252 -1048 13352 -12552 379 -3260 END
START -9972 -1272 14516 -13772 1098 -1181 END
START -10232 -1264 15976 -13818 564 466 END
START -10528 -1316 17228 -13551 120 1637 END
START -11140 -1116 18304 -12945 -439 2783 END
START -11888 -1064 19120 -12165 -825 3973 END
START -12396 -1532 19908 -11371 -962 5503 END
START -12772 -1916 19184 -11047 -1374 7741 END
START -12784 -2080 18580 -12249 -2448 9658 END
START -12684 -2428 19172 -12319 -4178 11156 END
START -11556 -2292 19292 -11914 -5047 12453 END
START -11392 -2420 19592 -12105 -5203 14099 END
START -9276 -2860 20812 -11586 -5995 16659 END
START -5712 -2864 22128 -11008 -5061 18895 END
START -2776 -3016 23204 -10665 -2584 20381 END
START -80 -3396 24860 -9709 7 21630 END
START 2740 -3312 26184 -8427 2331 22513 END
START 4900 -3380 27188 -7031 5084 22906 END
START 7380 -3556 27584 -6008 7773 22590 END
START 9420 -3436 27764 -5905 10435 21542 END
START 10304 -3528 27900 -5923 11952 19628 END
START 10692 -3068 27584 -5641 11754 16317 END
START 10300 -3484 27224 -4703 9326 12433 END