START 1948 1152 -9756 -20547 -7220 7324 END
START 2508 1068 -10504 -21320 -8175 7890 END
START 1208 884 -8920 -23472 -9778 9461 END
START 968 532 -7872 -27060 -10263 10597 END
START 1168 248 -8152 -29773 -9189 9990 END
START 512 -1300 -7776 -32668 -9564 8720 END
START -936 -2860 -6624 -32768 -12267 8007 END
START -1848 -4896 -5592 -32768 -16835 9440 END
START -340 -6080 -4844 -32768 -19461 12204 END
START 2112 -6972 -832 -32768 -17505 13826 END
START 3072 -8168 5904 -32768 -13364 14902 END
START 5504 -9596 9988 -32768 -10568 15982 END
START 8504 -10520 14584 -32768 -7434 16410 END
START 9908 -10888 20620 -32768 -4796 16656 END
START 12904 -10612 28416 -32768 -2370 16219 END
START 14536 -9924 32767 -32768 1956 13856 END
START 15908 -9940 32767 -31618 5603 10705 END
START 16548 -11300 32767 -27352 10288 6695 END
START 14952 -12904 32767 -21938 12580 4239 END
START 13960 -12468 32767 -16654 12503 3650 END
START 13432 -11528 32767 -11555 12312 3033 END
START 13180 -9796 32767 -6234 12270 1454 END
START 12268 -8984 32767 -504 12332 -427 END
START 10756 -8152 32767 5332 12863 -1780 END
START 9144 -7468 32767 11165 13503 -2368 END
START 7808 -6880 32767 16792 13464 -2732 END
START 7292 -6484 32767 22041 12695 -3706 END
START 6524 -6312 32767 26811 11093 -5267 END
START 5888 -5728 32767 30281 8759 -6372 END
START 5224 -5312 30456 31645 6537 -6920 END
START 4596 -4860 26000 31412 5292 -6971 END
START 4052 -4664 20684 29911 4501 -6370 END
START 2524 -4260 16060 26123 2424 -4994 END
START 1532 -2396 12864 22953 -4 -3293 END
START 492 -1396 10656 21416 -1811 -2366 END
START -844 -1028 7508 19742 -3554 -1493 END
START -1792 -832 5216 16929 -5515 -155 END
START -1468 -420 4036 13846 -6154 1347 END
START -1152 128 3512 10527 -6303 2738 END
START -896 612 3844 8047 -7102 4190 END
START -148 1284 4748 6262 -7964 5211 END
START 1448 1900 6836 4999 -8511 5461 END
START 4584 2160 9512 4599 -8060 4981 END
START 7180 1908 13616 5267 -6911 3844 END
START 9860 1060 16372 6498 -5287 1843 END
START 11784 516 19168 8122 -3754 -922 END
START 12020 76 20576 10580 -2529 -3906 END
START 11620 -584 20824 13239 -1740 -6071 END
START 11292 -220 20008 15210 -783 -7533 END
START 11492 80 18548 16069 595 -8546 END
START 11584 580 16612 15546 2128 -9780 END
START 10764 1416 14768 14176 3295 -11107 END
START 9908 2012 12896 13519 3409 -12000 END
START 9188 2504 11388 13085 2630 -12367 END
START 9332 3328 9800 12254 2260 -13008 END
START 9752 3672 8484 11096 2764 -14234 END
START 9088 4004 6740 9497 3251 -15433 END
START 8328 4052 5320 7543 3236 -16165 END
START 7228 4196 4388 5665 2578 -16739 END
START 6416 4260 3536 4015 1841 -17379 END
START 5300 4072 2796 2410 738 -17654 END
START 4480 3892 2136 507 -549 -17610 END
START 3964 3864 1824 -1873 -475 -17203 END
START 3456 3764 2640 -4506 1987 -16728 END
START 2496 3284 2348 -7029 4832 -16430 END
START 896 2476 2208 -9032 5929 -15806 END
START -776 2032 2304 -10657 4989 -15261 END
START -2476 1344 2784 -11513 2335 -14690 END
START -3504 996 3580 -12191 -870 -14145 END
START -4320 468 4880 -13124 -2486 -14144 END
START -4508 -648 4996 -14132 -2135 -13896 END
START -7264 -1436 7848 -15617 -449 -12726 END
START -9612 -2704 9344 -17029 -399 -10176 END
START -11964 -2788 11464 -17646 -1994 -6118 END
START -13792 -3488 12984 -18188 -5327 -1969 END
START -14648 -3680 14996 -18232 -9474 1864 END
START -13808 -2600 17596 -17780 -10274 4091 END
START -14052 -2396 19872 -16997 -8000 5295 END
START -14632 -2160 20816 -15575 -6019 7366 END
START -14540 -2088 21060 -14761 -3974 10372 END
START -14332 -3584 21420 -14797 -1298 14030 END
START -14584 -4180 21424 -14527 -381 17960 END
START -14016 -4424 21704 -14618 -661 21897 END
START -12580 -4124 22184 -15244 -1288 25698 END
START -9504 -4432 23328 -15859 -1762 29910 END
START -5692 -4808 24420 -16806 -1444 32767 END
START -448 -4824 25872 -17946 -581 32767 END
START 4808 -4908 28032 -18624 142 32767 END
START 10944 -4636 31492 -17847 648 32767 END
START 17128 -3352 32767 -13904 2374 32767 END