START 832 612 -6752 -23482 -5575 10007 END
START 764 -160 -6672 -24445 -6046 10499 END
START 424 108 -7316 -26508 -7086 11533 END
START -212 -380 -6932 -29938 -8520 12109 END
START -212 -2220 -4344 -32312 -8919 10919 END
START -1072 -3248 -2676 -31695 -8940 10731 END
START -1648 -5104 -2576 -31986 -10255 12204 END
START -964 -5504 -1496 -32768 -12018 14223 END
START 768 -6392 2420 -32768 -11458 14853 END
START 2732 -6892 6948 -32768 -10345 15230 END
START 5180 -6108 11508 -32768 -8108 14919 END
START 7392 -5632 14940 -32768 -3971 13679 END
START 8364 -4936 17760 -32768 262 12434 END
START 8772 -5352 20896 -32768 3418 11499 END
START 9652 -4752 25992 -32768 4266 11091 END
START 11260 -4056 31764 -32768 6739 9940 END
START 11396 -3444 32767 -31875 11040 7609 END
START 9288 -3560 32767 -28798 13266 4796 END
START 7380 -4820 32767 -24561 12664 2650 END
START 6344 -6460 32767 -20550 10355 1701 END
START 6836 -6032 32767 -16605 8764 2342 END
START 7392 -4456 32767 -12453 9977 2769 END
START 7412 -2796 32767 -8248 11913 2157 END
START 6336 -1608 32767 -4144 12645 800 END
START 5220 -1044 32767 -145 11857 -424 END
START 4468 -1312 32767 4060 9939 -1252 END
START 4248 -1332 32767 8975 7656 -1825 END
START 4616 -1308 32767 14476 6006 -2904 END
START 4264 -1996 32767 19575 5120 -4012 END
START 2900 -2920 32767 23861 3193 -3727 END
START 2620 -2968 32767 26468 1575 -2065 END
START 3196 -2480 28904 26213 1980 -1335 END
START 2824 -2020 25100 25261 3219 -1575 END
START 1712 -1460 20664 24713 2404 -1691 END
START 1136 -1184 16780 24157 75 -1578 END
START 960 -976 13688 23426 -1557 -1388 END
START 764 -1336 10736 21782 -2679 -1102 END
START 300 -1508 8600 19878 -3689 -296 END
START -180 -1632 6700 17611 -4605 1070 END
START 124 -1372 5900 15227 -5116 3039 END
START 1156 -948 5924 12911 -4046 4419 END
START 2032 -572 6280 11302 -2670 4831 END
START 2680 -220 6768 10109 -1846 4630 END
START 3244 276 7824 8931 -1195 4116 END
START 4020 376 9132 8221 -1026 3386 END
START 5100 208 11100 7875 -1432 2811 END
START 6316 440 13476 7655 -1449 2659 END
START 7964 1068 16036 8037 -27 2135 END
START 9148 1724 18152 9018 2091 1211 END
START 10220 2168 19576 10660 4028 -365 END
START 10752 2588 20008 12423 5040 -2685 END
START 10824 3016 19340 13834 5192 -5371 END
START 10328 3552 18444 15136 4938 -8101 END
START 9984 3844 17084 16004 4988 -10480 END
START 9588 4372 15604 16548 5796 -12465 END
START 8936 4344 13112 16101 6393 -13858 END
START 8512 4848 10800 14310 6166 -14472 END
START 8212 5348 8628 11937 6383 -16034 END
START 7092 5260 6744 9410 6392 -17841 END
START 5452 4856 5280 6971 4997 -18625 END
START 4420 4492 4196 4945 2544 -18631 END
START 3464 4568 3364 2710 311 -18660 END
START 2884 4484 3036 627 -629 -18897 END
START 2152 4488 2084 -1429 -553 -18817 END
START 1512 3984 1604 -4408 -26 -18303 END
START 548 3164 1624 -7400 637 -17644 END
START -896 2088 1844 -9499 752 -16356 END
START -2100 976 2512 -11190 286 -14926 END
START -2764 228 3236 -12519 77 -14121 END
START -4064 -340 4368 -13455 324 -14145 END
START -5876 -1028 4996 -14057 -421 -13705 END
START -7240 -1672 5592 -14387 -1719 -12328 END
START -8360 -2156 6556 -15087 -2956 -10431 END
START -9500 -2368 7820 -16059 -3963 -8282 END
START -10748 -2720 9356 -17340 -4496 -6090 END
START -11680 -2392 11216 -18072 -4326 -3604 END
START -12256 -2352 12764 -18523 -3012 -1160 END
START -13340 -2504 14036 -19723 -296 1036 END
START -15128 -2560 15428 -20910 1443 3831 END
START -16968 -2476 16896 -21121 1693 7233 END
START -18060 -2848 18036 -20529 1081 10725 END
START -18724 -3528 18500 -19622 -1003 14678 END
START -18872 -3812 18572 -18698 -3959 18996 END
START -17828 -3692 19320 -18763 -6349 23668 END
START -14828 -3924 21896 -19672 -7286 28708 END
START -9356 -3732 26300 -19746 -5759 31581 END
START -4792 -3120 30080 -17740 -2469 30862 END
START -1632 -2900 31940 -14391 -1224 29339 END
START 2208 -2800 32767 -10864 -2487 28598 END
START 6016 -2620 32767 -8623 -4845 28099 END