START 168 1024 -7776 -12463 1489 1097 END
START 3436 -428 -12340 -14246 1435 1837 END
START 488 -656 -11468 -18704 48 3291 END
START -552 -960 -12588 -24411 -2350 4153 END
START -1992 -948 -13324 -27655 -5381 4874 END
START -2024 -2244 -13820 -31704 -9597 6720 END
START -1864 -4024 -12776 -32768 -12093 8587 END
START -2692 -6416 -9988 -32768 -12880 10892 END
START -2112 -8444 -8224 -32768 -12307 14000 END
START -1652 -9292 -5332 -32768 -11636 15077 END
START -580 -10376 188 -32768 -11798 16462 END
START 3028 -10944 6616 -32768 -11466 18443 END
START 4104 -11384 14060 -32768 -8596 18798 END
START 10856 -10536 21944 -32768 -3917 18448 END
START 13556 -8820 30004 -32768 914 16987 END
START 14524 -7664 32767 -32768 5765 13968 END
START 13808 -7456 32767 -32203 9829 10034 END
START 11748 -8572 32767 -27170 12300 6375 END
START 10200 -9940 32767 -22609 13510 3741 END
START 8600 -11252 32767 -18194 12952 1859 END
START 7136 -10000 32767 -13793 11181 1106 END
START 5980 -8976 32767 -9411 9953 450 END
START 4760 -7916 32767 -4797 8643 81 END
START 4152 -7124 32767 -495 7625 206 END
START 4096 -6132 32767 3268 7049 611 END
START 4484 -5060 32767 7074 6655 939 END
START 4520 -4176 32767 10856 5995 706 END
START 4360 -3524 32767 14261 5097 -201 END
START 3960 -2944 32767 17410 4275 -1542 END
START 3732 -2824 32767 20366 3611 -2754 END
START 3508 -3340 31056 22546 2827 -3604 END
START 2748 -4012 28136 23882 826 -3846 END
START 2868 -3880 25848 25267 -1236 -3605 END
START 2752 -4028 23528 26341 -2132 -4029 END
START 2732 -3544 20680 26243 -2326 -4200 END
START 2648 -3264 18068 24885 -1301 -4092 END
START 2652 -2576 16048 23102 64 -3848 END
START 2836 -2288 13920 21963 838 -3489 END
START 2504 -1564 11812 20444 132 -3047 END
START 2276 -1156 10220 18942 -1223 -2350 END
START 1864 -544 9220 17335 -3303 -1100 END
START 2272 208 8912 15584 -4750 128 END
START 2780 1272 9120 13923 -5508 986 END
START 4572 1800 10188 12400 -5166 1427 END
START 6320 2620 11640 11341 -3145 598 END
START 7204 2528 12516 10821 -1459 -1067 END
START 7424 2392 13108 10873 -1461 -2509 END
START 7748 2276 13656 11164 -2111 -3566 END
START 8800 2428 14272 11558 -2412 -4514 END
START 9844 2584 14696 12123 -1954 -5985 END
START 10592 2580 14504 12422 -1318 -7486 END
START 11092 2948 14172 12188 -44 -9162 END
START 10792 2924 13376 11805 1068 -10504 END
START 10660 3068 12116 11088 2286 -11630 END
START 10236 3284 11336 10339 3569 -13003 END
START 9288 3324 10184 9968 4290 -14204 END
START 8416 3600 8656 9537 3991 -15201 END
START 7720 3692 7600 8635 3169 -15968 END
START 6552 3700 6412 7439 2016 -16486 END
START 5940 3832 5704 6326 762 -16846 END
START 5380 4156 4868 4833 2 -17373 END
START 5104 4208 4216 3045 -98 -17940 END
START 4460 4252 3560 705 489 -18646 END
START 3308 3468 3244 -1617 1037 -18792 END
START 1820 2992 2384 -4033 316 -18153 END
START 516 2372 2496 -6117 -900 -17213 END
START -616 1908 2728 -7887 -1789 -15887 END
START -1800 1548 3296 -9712 -1898 -14936 END
START -3024 1120 3820 -11503 -971 -14636 END
START -4660 504 4448 -13325 -437 -14596 END
START -6168 -600 4892 -14610 -1476 -13900 END
START -7820 -1372 5648 -16232 -3686 -12546 END
START -9588 -2228 7488 -17562 -4470 -10466 END
START -11928 -2640 9848 -18339 -3957 -7524 END
START -13396 -3224 11552 -18814 -3672 -3642 END
START -14096 -3520 13076 -19348 -2395 -85 END
START -15152 -3412 14792 -19808 -892 2765 END
START -16540 -3444 16960 -20022 -241 5823 END
START -17528 -3248 18864 -19265 -240 9086 END
START -18068 -3408 19936 -17660 -1041 12230 END
START -18000 -4196 20316 -16196 -2591 15465 END
START -17632 -4944 20636 -15319 -4123 18820 END
START -16368 -4916 21324 -14679 -5088 22977 END
START -13520 -4684 22388 -14993 -5860 28163 END
START -8712 -4764 23576 -16235 -7003 32767 END
START -2844 -5176 24956 -17886 -8126 32767 END
START 2032 -5312 26676 -19443 -9245 32767 END
START 10480 -6392 31612 -18432 -9575 32767 END