START 10360 -116 17532 8310 499 -1492 END
START 10692 60 17612 8729 756 -2025 END
START 11332 336 17992 9635 1373 -3247 END
START 11368 1092 17532 11260 2278 -5329 END
START 11472 1800 15744 11584 2551 -6944 END
START 11600 2884 14056 10859 2470 -8575 END
START 11688 3644 12836 10249 2639 -10500 END
START 11312 4196 11436 9808 2574 -12566 END
START 11068 4872 9876 9171 2579 -14717 END
START 10416 5272 8464 7836 3406 -16709 END
START 9208 5048 6980 5939 4390 -18393 END
START 7744 4752 5840 4012 4149 -19521 END
START 6056 4428 4948 2791 2561 -20026 END
START 4976 4160 4084 1756 272 -19885 END
START 4524 3724 3324 -32 -1540 -19649 END
START 3656 3412 3160 -2110 -2071 -19292 END
START 2572 2656 2832 -4704 -1126 -18315 END
START 1224 1816 3080 -7635 320 -16944 END
START -52 944 3696 -9848 1628 -15807 END
START -1576 52 4732 -11237 2535 -15059 END
START -3880 -808 5216 -11893 2236 -14255 END
START -6108 -1536 6036 -12544 335 -13189 END
START -7880 -1992 7136 -13215 -2315 -12162 END
START -9628 -2740 8760 -13661 -4835 -11117 END
START -11308 -3524 10200 -14161 -6829 -9493 END
START -13028 -3972 12320 -15025 -7040 -6369 END
START -14872 -4568 14512 -16409 -4661 -1819 END
START -16956 -5052 16372 -17359 -1615 3957 END
START -18488 -4684 17472 -17760 -276 9905 END
START -18796 -4296 18664 -17526 -732 15658 END