START 1580 1180 -6912 -32768 -6251 7704 END
START 1540 588 -6588 -32768 -6613 7902 END
START 1132 -556 -5288 -32768 -7677 8041 END
START 1224 -2456 -4308 -32768 -9733 7641 END
START 1808 -4688 -3388 -32768 -12606 7308 END
START 2412 -6600 -820 -32768 -14854 6967 END
START 2864 -8124 2072 -32768 -15122 7662 END
START 3556 -9224 5360 -32768 -13080 8811 END
START 5072 -10536 8116 -32768 -9807 10384 END
START 6000 -10152 12000 -32768 -5509 12181 END
START 6600 -9224 16224 -32768 -898 12623 END
START 6448 -7944 21208 -32768 1227 11144 END
START 6676 -6652 27152 -32768 1573 8212 END
START 6352 -7272 32752 -32768 836 5102 END
START 6528 -9088 32767 -32768 494 3957 END
START 6884 -10812 32767 -32022 2231 4086 END
START 6696 -11060 32767 -28235 5138 5103 END
START 6544 -9976 32767 -23655 7916 6197 END
START 6972 -8752 32767 -19064 9546 6440 END
START 7620 -7880 32767 -13790 9816 5122 END
START 7480 -6832 32767 -7309 8890 2618 END
START 7196 -6116 32767 -611 7462 146 END
START 6320 -5728 32767 5470 6429 -1337 END
START 5856 -4828 32767 11647 5870 -1629 END
START 6012 -4104 32767 17596 6066 -1707 END
START 5900 -3556 32767 22484 6076 -2108 END
START 6144 -2832 32767 25375 5694 -3048 END
START 5588 -1896 30868 26071 5348 -4572 END
START 4656 -2804 25204 25210 4363 -5412 END
START 3104 -3372 20260 23901 2342 -4919 END
START 1684 -3428 15800 22607 135 -3106 END
START 860 -2824 12828 20386 -835 -1486 END
START 96 -2232 10016 18103 -1051 -495 END
START -688 -2196 7792 16010 -2602 516 END
START -292 -1608 5548 13836 -4223 1652 END
START 16 -812 4276 10827 -5088 2559 END
START 440 -780 4144 8277 -5191 3529 END
START 340 -296 5036 6277 -5210 4924 END
START 588 -244 6496 4533 -4849 6303 END
START 1304 -436 8496 2981 -4079 7810 END
START 2988 -288 11944 2110 -1974 8410 END