START -568 -244 -4948 -28045 -2084 8846 END
START -632 -680 -5164 -28608 -2169 9326 END
START -1280 -1332 -5436 -29745 -3403 10813 END
START -2476 -2744 -5204 -32138 -7918 12968 END
START -1896 -3512 -3176 -32768 -12028 14252 END
START -1360 -5608 -900 -32768 -13785 14960 END
START -420 -5900 1220 -32768 -13961 15784 END
START 1532 -6084 3636 -32768 -11884 16529 END
START 3008 -6564 6180 -32768 -9507 17385 END
START 5172 -7180 8568 -32768 -7945 17826 END
START 7008 -7480 11816 -32768 -6094 17490 END
START 9244 -7868 16260 -32768 -3916 16720 END
START 11204 -7336 21292 -32768 -204 15382 END
START 12288 -5700 25968 -32768 4212 13185 END
START 11604 -4832 29800 -32768 7725 10692 END
START 10856 -5068 32767 -32403 10257 8725 END
START 10080 -6796 32767 -29398 11292 7621 END
START 9772 -7632 32767 -25146 11285 6805 END
START 9124 -7180 32767 -20918 11292 5907 END
START 8080 -6228 32767 -16442 11331 5020 END
START 7352 -5188 32767 -11550 11032 4049 END
START 5860 -5076 32767 -6201 9973 3066 END
START 7492 -3668 32767 -229 8550 2249 END
START 8036 -3324 32767 4320 8068 1216 END
START 7956 -2224 32767 9579 6725 -515 END
START 7876 -2168 32767 15370 5580 -3246 END
START 6704 -2632 32767 20805 3118 -5664 END
START 5720 -3048 32767 24302 20 -6786 END
START 5016 -2868 32328 25490 -1771 -6518 END
START 4700 -2708 28800 25489 -1756 -5220 END
START 4428 -2360 25920 25349 -244 -3985 END
START 4652 -1948 23216 25552 1913 -3412 END
START 4600 -1732 20564 25684 3955 -3541 END
START 4076 -2200 17252 25277 4973 -3783 END
START 3204 -1988 14092 24328 3785 -3142 END
START 2784 -2016 10680 22133 1116 -1925 END
START 2308 -1044 8660 19083 -1115 -815 END
START 1296 -964 7204 16045 -2612 396 END
START 848 -712 6176 13670 -3444 2350 END
START 1720 152 6088 11125 -3229 4211 END
START 2620 1000 6892 9443 -1967 4553 END
START 3844 1628 7344 8651 -626 3811 END
START 4748 1392 8148 7993 39 2648 END
START 5572 676 9156 7660 -426 1548 END
START 6404 24 10540 7284 -1650 877 END
START 8008 -424 12896 7204 -2378 482 END
START 9432 248 15472 7614 -1827 -298 END
START 10712 468 17592 8240 -362 -1702 END
START 11764 944 19000 9398 1833 -3602 END
START 12232 1272 19704 10772 4293 -5846 END
START 11852 1344 19032 11845 6032 -7680 END
START 11480 1780 17956 12425 6692 -8817 END
START 10988 2452 16744 12662 6912 -10174 END
START 10616 3256 15396 13069 7534 -12504 END
START 9800 4008 13804 13565 7878 -14971 END
START 8492 3896 11832 13500 7329 -16584 END
START 7420 4340 9596 12490 5763 -17356 END
START 6364 4496 8336 10651 4118 -18383 END
START 5464 4560 7292 9097 2536 -19115 END
START 4572 4244 6200 7678 1078 -19504 END
START 4248 4340 5460 5529 205 -19946 END
START 3780 4276 4616 2827 600 -20635 END
START 3140 3864 3696 -181 1171 -21117 END
START 1944 2976 2996 -3582 861 -21180 END
START 708 2064 2956 -6543 290 -20717 END
START -612 1376 3180 -8695 -275 -19720 END
START -1960 848 3500 -10765 -547 -18500 END
START -3396 424 3848 -12706 -601 -17300 END
START -5392 -292 4596 -14480 -729 -16280 END
START -7196 -1184 4960 -15781 -1530 -14686 END
START -8984 -2536 5620 -17814 -3266 -12535 END
START -10464 -3180 7400 -19448 -4204 -10050 END
START -11736 -3944 8760 -19858 -4122 -7368 END
START -14840 -4008 12032 -19465 -3545 -4365 END
START -16740 -3732 13600 -19171 -3059 -383 END
START -17884 -3808 14936 -19648 -2071 4119 END
START -18868 -3984 16980 -20064 -1314 8765 END
START -19192 -4148 18964 -19504 -1133 12846 END
START -19000 -3984 20540 -17934 -2550 16239 END
START -18544 -3488 21796 -15940 -5326 19166 END
START -17488 -2760 22548 -13477 -7629 22483 END
START -15516 -2372 22068 -12045 -9101 26461 END
START -12572 -1996 21388 -13200 -10111 30703 END
START -9064 -2108 21848 -15511 -10842 32767 END
START -3280 -2120 24492 -16436 -10763 32767 END
START 3768 -932 28024 -13996 -7998 32767 END
START 9236 604 29488 -9822 -3612 32767 END