START 1524 600 -7792 -21515 -8046 2857 END
START 1524 76 -7836 -22603 -8152 2783 END
START 1668 -1936 -7792 -24837 -8425 2732 END
START -796 -4316 -6656 -28689 -11645 3891 END
START -2680 -7152 -4384 -30217 -17133 7030 END
START -3084 -7904 -1376 -29210 -22121 11193 END
START -836 -8744 -192 -28577 -21456 12993 END
START 1476 -8560 -848 -31630 -18663 14057 END
START 1460 -8316 5520 -32768 -13570 16648 END
START 3232 -8212 9460 -32768 -8052 19138 END
START 4772 -7132 13776 -32768 -4088 20352 END
START 6428 -5704 18896 -32768 -2180 20487 END
START 8900 -4176 24976 -32768 -565 18940 END
START 11708 -2924 31128 -32768 1733 16140 END
START 14856 -636 32767 -32768 6480 12260 END
START 16128 -384 32767 -31079 13294 7173 END
START 14020 -2576 32767 -26532 17672 3339 END
START 10920 -4720 32767 -22310 18192 1847 END
START 8368 -5616 32767 -17522 14646 1905 END
START 8068 -4604 32767 -11953 10537 2437 END
START 8504 -3052 32767 -7067 8982 2043 END
START 8716 -2288 32767 -2533 8272 1202 END
START 8264 -1600 32767 2449 7551 316 END
START 7332 -876 32767 6946 7203 -587 END
START 6276 -876 32767 11269 6662 -1331 END
START 5316 -1240 32767 15372 5123 -1745 END
START 4528 -1288 32767 19140 3374 -1668 END
START 4512 -1584 32767 22178 2276 -1770 END
START 4612 -1576 30788 24358 2207 -2432 END
START 4464 -1868 27660 25871 2603 -3547 END
START 4152 -2300 24084 26862 2944 -4403 END
START 2904 -2920 20148 27408 2426 -4681 END
START 1732 -3004 15916 26880 507 -3356 END
START 880 -1240 11932 24762 -2369 -1363 END
START 584 -204 9256 21308 -3701 -138 END
START 188 112 7800 17850 -3735 407 END
START 32 28 6992 15688 -3675 1225 END
START 364 620 6924 14289 -4074 2110 END
START 1188 1044 7336 13097 -3808 2695 END
START 1940 1160 7712 11946 -2977 3425 END
START 2940 504 8956 10425 -2367 4253 END
START 4428 296 10980 9247 -2182 4761 END
START 6628 260 14272 9187 -1789 4152 END
START 9244 604 17152 10268 -730 2169 END
START 11232 1268 19120 11805 705 -391 END
START 12396 1776 20204 13314 2634 -2998 END
START 12840 1840 19952 14526 4261 -5168 END
START 12676 1948 19484 15935 5119 -6845 END
START 12480 2832 18360 17399 6150 -8895 END
START 11944 3632 16796 18596 7506 -11699 END
START 11024 4244 14108 19077 8461 -14566 END
START 9544 4320 11396 18251 8133 -16700 END
START 8580 4144 8816 16333 6420 -17682 END
START 7812 4168 7132 13897 4574 -18568 END
START 6448 4204 5804 11891 2845 -19497 END
START 5244 4384 4384 10110 920 -19997 END
START 4068 4236 2912 7887 -837 -20250 END
START 3788 4348 1824 5044 -1443 -20352 END
START 3000 3908 1008 1583 -1608 -20407 END
START 1624 3660 776 -1047 -2191 -19819 END
START 1116 2988 68 -3414 -3584 -18224 END
START 320 2928 392 -6351 -4521 -17002 END
START -716 2084 820 -8729 -4654 -15933 END
START -2028 948 1352 -10550 -5293 -14221 END
START -2736 408 2132 -12605 -5042 -13174 END
START -3980 -524 3288 -14356 -3220 -12792 END
START -5560 -1660 3940 -15898 -1923 -11847 END
START -7656 -2148 4940 -17543 -2728 -10366 END
START -9800 -3008 6456 -18467 -5567 -8754 END
START -11480 -3484 8808 -18662 -7929 -6771 END
START -13492 -3864 11564 -18105 -8226 -4174 END
START -14960 -4440 12164 -18758 -6908 -565 END
START -16744 -3944 13200 -20261 -5566 4403 END
START -18308 -3376 14252 -21970 -5140 10364 END
START -18704 -3856 15872 -23411 -5444 16597 END
START -18840 -3988 18368 -24790 -5094 21533 END
START -18352 -4036 21048 -24533 -5575 25197 END
START -15104 -3852 25504 -21330 -6156 27819 END
START -9956 -2592 28900 -16586 -3215 28183 END
START -5532 -996 30404 -13523 934 28426 END
START -1716 -180 30072 -12618 3610 29008 END
START 2148 436 30532 -13140 4213 29447 END