START -20 -876 -11464 -31558 -7301 3597 END
START 404 -1568 -11232 -32768 -7337 3318 END
START 1264 -1744 -10536 -32768 -8167 3804 END
START 116 -3256 -8492 -32768 -9068 6342 END
START -480 -4936 -7384 -32768 -10907 8006 END
START -992 -6576 -5984 -32768 -13174 10210 END
START -464 -8796 -3184 -32768 -13841 11661 END
START 468 -9904 1480 -32768 -12746 12473 END
START 1540 -10596 6292 -32768 -10655 13224 END
START 3296 -10480 10992 -32768 -8259 14098 END
START 4984 -9584 15816 -32768 -4409 14669 END
START 5896 -8688 22112 -32768 -315 14871 END
START 7336 -8372 29036 -32768 3555 14275 END
START 8580 -9608 32767 -32768 7557 11714 END
START 8448 -8836 32767 -32768 9136 9072 END
START 8560 -7992 32767 -30931 9965 6326 END
START 8176 -7344 32767 -27256 10653 4331 END
START 7508 -6216 32767 -23039 10600 2987 END
START 7504 -4980 32767 -18839 10087 1971 END
START 7124 -3300 32767 -15633 10628 974 END
START 5888 -2152 32767 -12885 11420 581 END
START 4576 -1600 32767 -9251 11287 130 END
START 3644 -1944 32767 -5158 9832 -401 END
START 3144 -2200 32767 -820 7321 -353 END
START 3408 -2032 32767 3124 5079 -899 END
START 2988 -2084 32767 6862 3510 -1692 END
START 2116 -2444 32767 10875 3262 -1824 END
START 1364 -3044 32767 14832 4085 -1358 END
START 840 -4100 32767 18801 4619 -840 END
START 688 -4068 32767 22293 4095 -129 END
START 912 -4000 29776 24654 3440 268 END
START 1204 -3620 25192 25198 2716 520 END
START 1120 -3028 20820 24272 1516 570 END
START 856 -2280 16704 23140 -23 473 END
START 548 -2172 12348 21174 -1859 -63 END
START -168 -2480 9348 19068 -3584 -870 END
START -1056 -2724 6600 17595 -5157 -687 END
START -864 -2528 4776 15294 -5713 124 END
START -480 -2052 3396 11729 -5445 851 END
START -244 -1960 3536 8391 -5585 1976 END
START -108 -1224 4556 6236 -6440 3528 END
START 1416 -640 6604 4611 -6446 4999 END
START 2616 652 10588 3048 -4530 5991 END
START 5356 484 14292 2470 -2276 5815 END
START 7488 348 18836 3776 -616 4694 END
START 9232 -68 22636 6904 -640 2700 END
START 10788 -456 24972 10593 -1160 84 END
START 12144 -600 26208 14119 -944 -3080 END
START 12600 -408 26188 16924 671 -5481 END
START 12188 -24 25296 18850 3377 -7078 END
START 11432 484 23464 20188 6258 -8390 END
START 10344 800 20948 21025 8383 -9791 END
START 9432 1232 17780 21477 9187 -11050 END
START 9020 1580 14256 20811 8724 -12469 END
START 8936 2376 11500 19292 8092 -14003 END
START 8540 3040 9224 17876 7802 -15777 END
START 7288 3420 6504 16281 7336 -17182 END
START 5956 3356 3992 14438 5724 -18039 END
START 4612 3492 2264 12567 3409 -18495 END
START 3756 3272 700 10583 1205 -19052 END
START 2840 3276 -548 8099 -575 -19566 END
START 1712 2852 -2024 4786 -2280 -19745 END
START 684 2760 -2496 386 -3191 -19127 END
START -392 1960 -1832 -3530 -2152 -18102 END
START -2284 1220 -976 -6797 358 -16449 END
START -3900 500 -352 -8906 1903 -14809 END
START -5532 -280 -268 -10355 839 -13462 END
START -6628 -896 608 -11787 -1877 -12697 END
START -8088 -1528 1612 -12712 -5147 -12272 END
START -9288 -2140 2816 -13477 -9035 -11947 END
START -10268 -2564 4632 -14587 -11218 -11277 END
START -11780 -3128 6800 -15752 -9878 -8970 END
START -13660 -3960 8100 -17445 -7136 -5351 END
START -15624 -4584 9468 -19222 -5382 -1016 END
START -17560 -5192 11592 -20410 -5173 3529 END
START -18792 -5524 13860 -20000 -6878 7720 END
START -18496 -5696 16524 -19337 -8927 10491 END
START -18388 -6068 19412 -18716 -9978 12565 END
START -18276 -6228 22240 -17720 -9875 15869 END
START -17012 -6288 24668 -17329 -8242 20672 END
START -13320 -5640 26856 -17704 -5908 26256 END
START -7528 -4912 29080 -17806 -4105 31320 END
START -1216 -3936 31160 -17714 -2499 32767 END
START 5720 -3008 32767 -17263 -1622 32767 END