START -116 -1880 -4856 -28631 -3499 4233 END
START -584 -2176 -4564 -29196 -4233 4596 END
START -740 -3468 -4312 -31144 -6498 5615 END
START -608 -5092 -2648 -32768 -9062 7290 END
START -36 -6308 -440 -32768 -10716 8231 END
START -424 -6496 3356 -32768 -11557 8108 END
START 132 -9600 6912 -32768 -12023 8087 END
START 196 -11040 10728 -32768 -14476 8954 END
START 2444 -11260 15456 -32768 -15650 10936 END
START 5096 -10308 21188 -32768 -10981 13296 END
START 6148 -8948 27168 -32768 -3153 15206 END
START 5932 -7044 31008 -32768 3295 15632 END
START 5216 -4500 32767 -32768 7009 14053 END
START 5472 -2556 32767 -31424 6862 12084 END
START 7748 -984 32767 -28948 5095 9711 END
START 9800 116 32767 -26359 5584 6386 END
START 10024 1448 32767 -23161 7207 3231 END
START 9592 1124 32767 -18895 7999 1402 END
START 9660 640 32767 -14603 8213 1157 END
START 9812 464 32767 -10696 8445 1480 END
START 10012 280 32767 -6575 8240 1152 END
START 9924 -232 32767 -1541 7365 -49 END
START 9796 -444 32767 4757 6325 -2297 END
START 8704 -1056 32767 11498 5220 -4765 END
START 7524 -1864 32767 17983 4456 -6636 END
START 5796 -2620 32767 23612 3952 -7297 END
START 4808 -2756 32767 28483 4067 -6975 END
START 4000 -2656 32767 31688 5276 -6535 END
START 3396 -2160 27492 32338 6677 -5880 END
START 2536 -1620 21428 29761 7446 -5212 END
START 932 -1568 17072 25969 6034 -4219 END
START -272 -1464 13564 23583 1940 -2040 END
START -164 -1208 11376 22095 -2233 -299 END
START 232 -1128 9568 19487 -4325 190 END
START 136 -944 8948 16969 -4528 965 END
START 396 -984 8968 15109 -3913 2057 END
START 876 -764 9076 13659 -3202 2914 END
START 1376 -1156 9516 12640 -2420 3696 END
START 2200 -788 10412 11713 -1375 4666 END
START 2988 -644 11848 11150 177 5161 END
START 3608 -308 13096 11096 1333 5033 END
START 4488 256 14732 11999 1809 4136 END
START 5752 808 15792 13387 1720 2202 END
START 6856 1216 16484 14672 1778 -230 END
START 7676 1444 16316 15258 1642 -1764 END
START 8640 2284 16404 15119 1598 -2673 END
START 9544 3428 16492 15083 2432 -4043 END
START 10548 4612 16364 15627 4326 -6677 END
START 11060 4188 15224 16659 6288 -10397 END
START 9840 5008 13412 17517 6822 -13286 END
START 8688 5108 11624 17431 6275 -14770 END
START 8252 5800 9772 16578 5387 -15571 END
START 7840 6216 8072 14935 5102 -16589 END
START 7612 6996 6564 13008 4832 -17924 END
START 6908 6016 5300 10783 4712 -19484 END
START 5932 6180 4256 9165 3782 -20423 END
START 6104 6912 3304 7590 2845 -21253 END
START 4480 6080 2960 5202 2719 -22319 END
START 3652 5852 2212 2934 1325 -22956 END
START 3444 5900 2244 585 -116 -23447 END
START 1804 4552 2664 -1323 -1107 -23969 END
START 712 3948 2700 -3176 -2233 -23163 END
START -420 3228 3324 -4638 -1664 -21198 END
START -1348 2568 3284 -6659 -149 -19509 END
START -2432 2132 3484 -9170 1638 -18449 END
START -3724 1300 3888 -11476 2104 -17888 END
START -5644 88 4524 -12676 393 -17211 END
START -7236 -408 5104 -12725 -2974 -15500 END
START -7936 -1716 5956 -14101 -4858 -12997 END
START -8088 -3028 6760 -16333 -4848 -10681 END
START -9428 -2764 9156 -18078 -3833 -7815 END
START -10496 -2608 10768 -19242 -2830 -6258 END
START -11544 -3112 12508 -19627 -3143 -5305 END
START -12832 -3640 13380 -18539 -5643 -3200 END
START -13436 -4356 14028 -18042 -9237 121 END
START -13968 -3908 15692 -18416 -11134 3146 END
START -14228 -3208 17492 -18309 -9938 5523 END
START -14832 -2880 18376 -18255 -7959 8053 END
START -15800 -3176 18492 -18373 -6587 11305 END
START -16528 -3108 17968 -19321 -7782 15435 END
START -16524 -3496 17840 -20309 -9672 19586 END
START -16444 -4052 18196 -21227 -12489 24299 END
START -15440 -3656 19048 -21937 -15156 29918 END
START -12348 -3660 20788 -22453 -15953 32767 END
START -7288 -3312 23760 -22508 -13269 32767 END
START -784 -2088 27780 -20437 -7216 32767 END