START -1916 1808 -5508 -12899 -2572 1421 END
START 2648 148 -9668 -14309 -2829 1801 END
START -812 832 -7808 -17224 -3981 2615 END
START -204 176 -8864 -20201 -5842 4210 END
START -480 -244 -7884 -22927 -6454 5614 END
START -908 -2492 -7048 -25084 -6250 6221 END
START -2324 -3396 -6376 -26303 -7775 6963 END
START -2560 -4780 -6460 -27785 -10926 8398 END
START -2200 -6296 -5084 -31301 -14421 9677 END
START -724 -7020 -1368 -32768 -15497 11523 END
START 2356 -7268 3616 -32768 -13383 13496 END
START 5476 -7688 8768 -32768 -9017 14203 END
START 8484 -7996 13852 -32768 -3814 13657 END
START 10192 -8372 19820 -32768 -660 12087 END
START 11168 -7812 25976 -32768 770 9975 END
START 11576 -7328 32112 -32768 3116 7290 END
START 11076 -7212 32767 -32644 6800 5257 END
START 9848 -7712 32767 -28951 10817 3600 END
START 7600 -9416 32767 -24352 14145 2378 END
START 5180 -9832 32767 -19567 14631 2020 END
START 3820 -8608 32767 -15406 13059 2206 END
START 3428 -6964 32767 -10927 11274 2059 END
START 3456 -5244 32767 -7053 9163 1805 END
START 3744 -3964 32767 -3505 7547 1269 END
START 4196 -3100 32767 615 6908 293 END
START 4072 -2476 32767 4844 6417 -1002 END
START 3972 -2356 32767 9971 5074 -2356 END
START 3612 -2592 32767 15343 2921 -3587 END
START 3192 -2748 32767 20372 526 -3987 END
START 2984 -2636 32767 23906 -852 -3564 END
START 2784 -2504 31020 25852 -869 -2778 END
START 2896 -2204 26208 25785 158 -2097 END
START 2856 -1784 22196 24537 965 -1803 END
START 2688 -1652 18012 23053 1050 -1794 END
START 2244 -1112 14604 22038 527 -1775 END
START 1648 -912 11552 21117 5 -1874 END
START 392 -1096 8836 19837 -683 -2013 END
START -744 -1468 5824 17874 -2207 -1556 END
START -1784 -1592 3936 14710 -4381 -224 END
START -2052 -1592 3320 11243 -6688 2127 END
START -1448 -1440 4060 8251 -8175 4579 END
START -980 -960 6864 5652 -8489 5785 END
START 1956 52 7628 3843 -6229 5376 END
START 3256 140 10584 3347 -5047 4024 END
START 4260 -92 13424 3895 -5416 2523 END
START 5668 -692 16196 4777 -6040 1563 END
START 7484 -1268 19244 5636 -5447 1093 END
START 8692 -1288 21528 6689 -3923 927 END
START 10148 -676 23116 8322 -1783 188 END
START 10896 -152 23712 10255 539 -1637 END
START 11256 552 23160 12285 2480 -3759 END
START 11360 1380 21964 13906 3944 -6135 END
START 10696 1892 20108 15258 4358 -8271 END
START 10220 2152 17332 15408 3464 -9751 END
START 10048 2844 15104 14357 2546 -11257 END
START 9520 3100 13468 13215 2394 -12978 END
START 8868 3540 11672 12498 2453 -14381 END
START 7720 3760 9768 11478 2679 -15622 END
START 6516 3728 8076 10298 2513 -16311 END
START 5404 3708 6896 9255 1873 -16625 END
START 4812 3468 5304 8033 1266 -17065 END
START 4216 3460 4096 6070 314 -17561 END
START 3700 3172 3236 4071 -698 -17946 END
START 3100 3016 2588 1835 -1157 -18014 END
START 2452 2812 2184 -919 -864 -17873 END
START 1424 2444 1968 -3586 -160 -17343 END
START 376 1716 1920 -6019 684 -16349 END
START -764 1256 1968 -8031 1452 -15620 END
START -2444 756 2664 -9606 1564 -15104 END
START -3896 84 3112 -10788 1004 -14635 END
START -5236 -912 3824 -11967 -356 -13974 END
START -6572 -1424 5044 -12941 -2183 -13157 END
START -7532 -2180 7024 -13868 -3864 -12396 END
START -8460 -3024 7676 -14635 -4703 -11268 END
START -11008 -3288 11372 -15763 -3675 -9308 END
START -13796 -3232 14144 -17011 -485 -5875 END
START -15908 -3276 16048 -17462 2706 -1624 END
START -17220 -3084 17128 -17025 3745 3056 END
START -17488 -3172 18328 -16692 2972 7020 END
START -17716 -3116 19888 -16291 1285 9885 END
START -17916 -2880 21684 -15261 -1095 12340 END
START -17916 -2592 23016 -13198 -3239 15589 END
START -17124 -2404 23376 -11342 -4637 19604 END
START -15316 -2664 22776 -10755 -5282 23820 END
START -12744 -2776 22648 -12204 -5280 27988 END
START -8296 -2712 23716 -14653 -5061 32767 END
START -1984 -2428 25804 -16682 -4456 32767 END
START 5756 -1748 28884 -17486 -1645 32767 END
START 12360 348 31584 -15674 4123 32767 END