START 1404 680 -5680 -29378 -2140 7541 END
START 1188 328 -5632 -29482 -2785 7571 END
START 704 -152 -5232 -29240 -4188 7704 END
START 280 -1660 -4508 -29731 -6415 8264 END
START 172 -4136 -3556 -31194 -8272 9069 END
START 612 -4988 -1448 -32369 -8960 9951 END
START 2348 -5996 544 -32184 -6638 8308 END
START 1936 -7352 1172 -32620 -5690 6071 END
START 1024 -8388 2716 -32768 -7980 5294 END
START 2080 -9176 6248 -32768 -12439 6690 END
START 4536 -8616 11940 -32768 -15742 10073 END
START 7584 -7964 19468 -32768 -14647 13331 END
START 11776 -6148 26476 -32768 -7776 14477 END
START 13092 -5080 32604 -32768 993 12983 END
START 12752 -3912 32767 -32768 5733 11591 END
START 12332 -2924 32767 -31761 8216 9697 END
START 11808 -3176 32767 -27110 10257 7191 END
START 10296 -3604 32767 -21992 11032 4400 END
START 8304 -3880 32767 -16423 9811 2088 END
START 7448 -3020 32767 -11103 7808 1241 END
START 7352 -1512 32767 -6901 6928 1175 END
START 7100 -736 32767 -4458 7305 1536 END
START 6160 -428 32767 -2144 7323 2173 END
START 5660 -96 32767 889 6246 2817 END
START 5832 384 32767 4344 4594 2754 END
START 6356 460 32767 8500 2698 1625 END
START 6820 588 32767 12886 592 -243 END
START 6608 324 32767 16777 -1413 -1884 END
START 6396 -612 32767 20227 -2756 -3072 END
START 6208 -1640 31256 22518 -2552 -3315 END
START 5908 -2100 27912 23716 -843 -2976 END
START 5372 -2416 24272 23142 913 -2802 END
START 4404 -2364 21212 22478 1734 -2533 END
START 3548 -2156 18564 22035 1974 -2644 END
START 2652 -1956 15732 21752 1262 -2805 END
START 1856 -1772 12312 21049 -404 -2313 END
START 1344 -1620 8964 19082 -1973 -1636 END
START 376 -1512 6800 16284 -3091 -610 END
START -524 -1588 5116 13916 -4220 1002 END
START -696 -1088 3804 10703 -5473 2913 END
START 560 -392 4140 7681 -5523 4200 END
START 1516 100 4892 5983 -4831 4226 END
START 2352 380 6164 4943 -4324 3780 END
START 3080 672 7108 4075 -4379 3560 END
START 3976 924 9044 3325 -4571 3982 END
START 5520 1148 11668 2919 -3695 4375 END
START 7688 1452 14532 3114 -2064 4700 END
START 10092 2008 17780 4077 343 4273 END
START 11880 2540 20112 5426 2961 2625 END
START 13104 2948 21856 7787 5139 222 END
START 13400 3264 22388 10154 6266 -2759 END
START 13136 3220 22060 12211 6259 -5400 END
START 12808 3692 20816 13707 5889 -7496 END
START 12728 3988 19564 14492 6484 -9687 END
START 12428 4228 17480 14867 7882 -11963 END
START 11604 4484 14552 14123 8710 -13578 END
START 10800 4836 11992 12319 9094 -15247 END
START 9432 4992 9468 10459 8742 -17010 END
START 7868 4500 7344 8803 6961 -18412 END
START 6164 4288 5796 7692 4399 -19320 END
START 4916 4152 4352 6744 1894 -19619 END
START 4212 3896 2680 4885 -122 -19760 END
START 3432 3968 1332 2038 -1294 -19687 END
START 2232 3640 632 -1229 -1810 -18768 END
START 1056 3124 188 -4312 -1937 -16937 END
START 656 2476 28 -7459 -1255 -14838 END
START 120 2144 428 -10341 258 -13891 END
START -724 1448 652 -12908 1013 -13868 END
START -2348 652 1820 -14286 393 -14143 END
START -4276 -432 2544 -14848 -1249 -14168 END
START -6152 -1764 3240 -16676 -4032 -13625 END
START -8284 -3548 5788 -18200 -5765 -12000 END
START -10428 -5008 8340 -18557 -5987 -9165 END
START -13076 -5844 10112 -19208 -5506 -5439 END
START -15332 -6332 13424 -20329 -4095 -955 END
START -17356 -6340 16204 -20858 -2439 3921 END
START -19064 -6452 17944 -20156 -2413 9160 END
START -19904 -6100 19692 -18614 -3435 14339 END
START -19660 -5572 20820 -16318 -4460 18960 END
START -18992 -5096 20940 -14813 -5636 23306 END
START -17796 -4700 21036 -14428 -6587 27762 END
START -15048 -4904 21200 -14886 -8091 32767 END
START -9724 -4932 21804 -16540 -9523 32767 END
START -2744 -5224 23548 -18996 -10015 32767 END
START 4572 -4700 26492 -19831 -9555 32767 END
START 11280 -4768 29636 -18276 -9845 32767 END
START 18872 -2836 32767 -13969 -8341 32767 END