START 296 40 -2920 -20823 -7298 8080 END
START -44 -84 -2816 -21388 -7923 8803 END
START 60 -596 -2992 -22198 -9118 10306 END
START 688 -1184 -2108 -22985 -10281 12133 END
START 1400 -1832 -1016 -22992 -9676 12026 END
START 1908 -3280 -392 -22710 -8595 10551 END
START 1604 -4912 -576 -23133 -9422 9184 END
START 1096 -5260 -844 -24614 -12050 8976 END
START 1456 -5036 852 -26762 -13082 9328 END
START 1652 -5084 2752 -29948 -12741 10739 END
START 2472 -4428 5824 -32768 -11014 13054 END
START 4500 -3696 9560 -32768 -8279 14032 END
START 6004 -2700 13704 -32768 -4812 12859 END
START 6376 -2624 17080 -32768 -2411 10753 END
START 6696 -1964 20928 -32768 -3302 9963 END
START 8280 -2016 26588 -32768 -3690 9793 END
START 10028 -2132 32208 -32768 -583 9498 END
START 10428 -2428 32767 -31727 5435 8470 END
START 10524 -2524 32767 -28573 10818 7367 END
START 10944 -2984 32767 -24336 13309 5466 END
START 10896 -3908 32767 -19219 11404 2357 END
START 10584 -4360 32767 -13351 7776 -246 END
START 9856 -3364 32767 -7863 5840 -1289 END
START 9868 -1924 32767 -3189 6074 -1351 END
START 9316 -960 32767 1383 8118 -1240 END
START 8488 -304 32767 6120 9435 -1529 END
START 7260 112 32767 10979 9049 -2442 END
START 6092 384 32767 15263 7390 -3664 END
START 5264 -116 32767 18890 5349 -4880 END
START 4712 -560 32767 22146 3604 -5574 END
START 4304 -956 32652 24657 2933 -5760 END
START 4328 -1104 28440 26138 3561 -5365 END
START 4392 -916 24060 26204 4914 -5499 END
START 3852 -1396 20248 25074 5446 -5689 END
START 2544 -1464 16468 23372 3603 -4869 END
START 1684 -1560 13784 22169 1116 -3736 END
START 1280 -1328 11620 21218 -1089 -2850 END
START 876 -1284 9924 19796 -2396 -1773 END
START 568 -876 8836 17842 -2840 -10 END
START 796 -340 8092 15680 -2632 2178 END
START 1308 480 8260 13582 -1760 3581 END
START 1900 684 8588 12032 -1121 4189 END
START 2836 784 9404 10557 -1008 4646 END
START 4192 1072 10848 9508 -937 4456 END
START 6176 1376 12996 9210 -784 3509 END
START 7856 1624 14620 9588 -506 1702 END
START 9200 1932 16468 10770 62 -485 END
START 10112 2012 17652 12256 856 -2410 END
START 10384 1964 18136 13614 1568 -3914 END
START 11012 2188 17396 14631 2224 -4955 END
START 11564 2844 16804 14819 3609 -6480 END
START 11380 3288 15276 14664 5532 -8981 END
START 10776 3760 13492 13749 6821 -11251 END
START 9744 3964 11752 12232 7171 -13201 END
START 8708 3788 10240 11053 6118 -14833 END
START 7840 3848 8820 10201 4448 -15670 END
START 7064 4156 8140 9571 3180 -16167 END
START 6320 3920 6440 8733 2424 -16734 END
START 5536 4172 5132 7310 1605 -17423 END
START 4608 4140 3932 5205 738 -18131 END
START 3792 4152 3288 3158 539 -18584 END
START 2784 3636 2440 1110 632 -18603 END
START 1948 3092 1652 -1330 20 -17958 END
START 1196 2856 1320 -4246 -946 -16954 END
START 420 2496 1464 -7588 -1421 -16234 END
START -576 1636 2120 -10669 -1158 -15223 END
START -1728 720 3176 -12996 -242 -13906 END
START -3124 140 4584 -13927 905 -12947 END
START -4100 -656 5436 -13723 1154 -12550 END
START -5688 -1244 6084 -13396 90 -12260 END
START -7304 -1636 6532 -13539 -1656 -11336 END
START -8716 -2512 7544 -14442 -3365 -9358 END
START -9716 -2332 8484 -16013 -4773 -6705 END
START -9640 -2532 10552 -18109 -4053 -4572 END
START -10480 -2620 12944 -19682 -1438 -3039 END
START -12344 -2856 14868 -20064 704 -453 END
START -14272 -3644 16360 -19540 612 2891 END
START -16036 -3928 17016 -18638 -1500 7011 END
START -16800 -4028 17784 -18311 -4450 11419 END
START -17276 -4368 18448 -19129 -7187 15862 END
START -18016 -3104 19664 -19789 -9431 21365 END
START -17128 -2312 20740 -20287 -10204 27590 END
START -15156 -2184 21436 -21202 -9657 32767 END
START -11748 -2208 23240 -22166 -8267 32767 END
START -5912 -664 26936 -20438 -4866 32767 END
START -400 516 29348 -16564 -1213 32767 END
START 3976 888 29748 -13040 390 31417 END
START 7404 1248 30064 -11295 50 28353 END
START 10680 1092 30636 -10153 -866 25034 END