START 2324 3868 -6376 -22885 -4343 5918 END
START 1976 3632 -6216 -24655 -4414 6011 END
START 1348 2884 -6004 -27939 -4985 6532 END
START 1068 1704 -5028 -30301 -6277 8435 END
START 472 60 -3876 -30476 -6420 10309 END
START 356 -1588 -4612 -31648 -6843 11662 END
START 356 -3736 -7140 -32768 -8192 13213 END
START -1196 -6316 -6196 -32768 -11167 15229 END
START -2188 -7712 -2520 -32768 -15941 19127 END
START -1224 -7952 2804 -32768 -18709 22075 END
START 2824 -7028 5688 -32768 -15437 22386 END
START 4996 -7132 7488 -32768 -9437 20731 END
START 5704 -6436 10208 -32768 -5007 18709 END
START 5704 -7132 12652 -32768 -3776 17135 END
START 6884 -6932 14624 -32768 -3612 16584 END
START 9204 -6608 19356 -32768 -2796 16169 END
START 11696 -5876 24184 -32768 198 15125 END
START 13160 -5076 29160 -32768 5160 12448 END
START 12388 -5264 32767 -30688 9229 9229 END
START 11584 -6692 32767 -26903 11128 6762 END
START 11176 -8324 32767 -22877 11567 5172 END
START 11200 -8060 32767 -19753 11018 4232 END
START 10368 -7052 32767 -16892 10964 2523 END
START 8852 -6020 32767 -12460 9520 750 END
START 7712 -5536 32767 -8379 7901 -803 END
START 6772 -5596 32767 -4220 6380 -1796 END
START 6648 -5892 32767 1223 5585 -2058 END
START 6168 -5480 32767 6122 5198 -1496 END
START 5928 -4652 32767 9578 4221 -408 END
START 5912 -3424 32767 12535 3566 -288 END
START 5632 -2800 32767 16222 2832 -1002 END
START 5876 -2296 32767 20652 2086 -2310 END
START 5952 -2188 32767 25073 1978 -3875 END
START 5952 -2652 28924 28200 1680 -4624 END
START 6152 -2376 25024 28534 1621 -4435 END
START 6500 -1832 22048 27072 2208 -4871 END
START 6524 -1520 19660 26387 3166 -5586 END
START 6280 -1484 16172 25091 3474 -6294 END
START 5076 -1748 13168 22543 2319 -5887 END
START 4560 -1368 11360 19708 285 -4209 END
START 4776 -972 10256 17364 -339 -3122 END
START 4996 -336 9996 15524 -6 -2578 END
START 5604 -4 9708 14047 621 -2656 END
START 6008 240 9908 13175 1122 -3293 END
START 6584 424 10312 12887 1057 -3700 END
START 7160 668 11036 12833 499 -4266 END
START 8064 720 11952 13114 -70 -5110 END
START 8936 600 12416 13288 -408 -5664 END
START 10340 696 13092 12788 488 -6373 END
START 10976 1228 13756 12336 2647 -8068 END
START 11012 1320 13588 11616 4016 -9882 END
START 10624 1752 13088 10695 4059 -11164 END
START 10568 2176 12888 9921 3905 -12561 END
START 10652 2492 12692 9455 4629 -14295 END
START 9600 2284 11820 9101 5292 -15975 END
START 8296 2364 10680 8971 4886 -16667 END
START 7324 2636 9424 8483 4204 -17152 END
START 6152 2788 8272 7254 3467 -17797 END
START 4900 2756 7168 5650 2433 -18273 END
START 3748 2836 6468 4039 1428 -18130 END
START 2844 3160 5564 2254 871 -17779 END
START 2040 3196 4920 38 558 -17466 END
START 1000 3108 4756 -1797 387 -17201 END
START 196 2944 4780 -3081 89 -16617 END
START -528 2616 4680 -4355 264 -16067 END
START -1628 1896 4468 -6233 137 -15427 END
START -3032 1072 4228 -8250 -773 -14262 END
START -4000 336 4784 -10449 -1527 -12862 END
START -5136 -380 5712 -12203 -1264 -11699 END
START -6360 -580 6472 -13686 -739 -10579 END
START -7292 -956 7616 -14679 -272 -9777 END
START -8320 -1696 8368 -14935 -438 -8848 END
START -9076 -2076 8976 -15622 -1201 -7554 END
START -9852 -2948 10188 -16424 -2006 -5875 END
START -10948 -3224 11960 -16800 -2549 -3747 END
START -11492 -3296 13872 -16754 -2596 -1311 END
START -12088 -3588 15540 -16840 -2272 1016 END
START -12436 -3544 17364 -16396 -1840 3157 END
START -12860 -3260 18540 -15533 -937 5587 END
START -13528 -2960 19612 -15326 -126 8140 END
START -14500 -2868 20828 -15266 89 10741 END
START -15120 -2460 21680 -14334 -897 13476 END
START -15448 -2152 22080 -12777 -2510 16598 END
START -14996 -1976 21968 -11456 -3950 20007 END
START -13504 -1628 21300 -11353 -5042 23747 END
START -10404 -1184 21476 -13679 -6124 28241 END
START -6208 -968 23228 -16491 -7081 32767 END
START -968 -248 26324 -17404 -6383 32767 END
START 4620 484 29424 -16083 -3685 32767 END