START 1432 352 -5992 -17099 -10068 8262 END
START 1488 -828 -6732 -18110 -9152 8482 END
START 952 -760 -6724 -20939 -7997 8885 END
START 412 -2156 -7140 -25763 -7268 8778 END
START -368 -3052 -5860 -28423 -8552 9041 END
START -372 -3188 -4564 -28994 -10587 9716 END
START 28 -2848 -2808 -29902 -10706 8802 END
START -356 -3896 -1036 -30714 -8800 8093 END
START -1316 -5280 948 -31596 -7345 8855 END
START -668 -5940 3460 -32768 -6192 11405 END
START 1784 -5432 7784 -32768 -3948 13587 END
START 4760 -4888 13916 -32768 113 13529 END
START 6924 -4496 19364 -32768 4211 11182 END
START 7436 -4712 24396 -32768 5720 8765 END
START 8268 -6856 29884 -32768 5732 6468 END
START 9912 -8628 32767 -32768 5884 5442 END
START 11632 -8036 32767 -30756 7219 5409 END
START 12896 -5948 32767 -26573 10364 5029 END
START 12224 -3316 32767 -21738 14117 3070 END
START 9572 -1936 32767 -16691 16297 248 END
START 7160 -2104 32767 -12005 16250 -1771 END
START 5116 -2604 32767 -7891 14240 -2579 END
START 3736 -1960 32767 -3846 11495 -2139 END
START 3296 -1148 32767 483 9580 -1640 END
START 2632 -504 32767 3518 8842 -1413 END
START 1564 -400 32767 6395 7289 -1133 END
START 800 -644 32767 9361 5415 -670 END
START 380 -1272 32767 12148 3133 74 END
START 284 -1392 32767 14806 588 1042 END
START 912 -1596 31176 16775 -1318 1776 END
START 1408 -1788 28164 18153 -2642 2138 END
START 2224 -1444 24188 17929 -3373 2044 END
START 2284 -1004 21440 17588 -3529 1333 END
START 2356 -388 17836 17767 -4060 460 END
START 2240 0 14524 16875 -4312 -445 END
START 1816 -60 11780 15745 -4245 -1080 END
START 1108 -560 9576 14729 -3829 -1137 END
START 296 -1020 7532 13364 -3683 -524 END
START -256 -1480 6156 11783 -4256 864 END
START 188 -924 5436 9881 -4613 2653 END
START 660 -584 5876 7727 -4256 3553 END
START 1024 136 7292 5965 -4362 3973 END
START 1676 584 9324 4843 -4403 3902 END
START 2628 504 12344 4273 -4242 3626 END
START 3696 580 16152 3970 -3422 3696 END
START 5412 380 20248 4387 -1600 3590 END
START 7396 -336 24012 5832 40 3006 END
START 9048 -584 26636 7698 1143 1924 END
START 10224 -788 28780 10384 1675 255 END
START 10884 -700 29364 13730 1115 -1387 END
START 11736 192 28744 17070 635 -2988 END
START 12076 800 27400 19387 1115 -4970 END
START 11988 1440 25212 21029 2548 -7050 END
START 11304 1396 22804 22375 3714 -9252 END
START 10688 1880 19972 23302 4326 -11059 END
START 10460 2196 16652 23212 4935 -12807 END
START 10320 2236 13432 21832 5354 -14542 END
START 9124 2388 10236 20022 4955 -16039 END
START 7924 2840 7628 18293 4098 -17330 END
START 6632 2876 5076 16349 3319 -18824 END
START 5220 2992 2960 14354 2210 -20256 END
START 4152 2820 1240 12438 1117 -21289 END
START 2648 2416 -568 10225 -665 -21421 END
START 1644 2448 -1776 7700 -2674 -20770 END
START 896 2564 -2816 4498 -3616 -19699 END
START 156 2644 -3736 250 -3526 -18184 END
START -500 2292 -3848 -4637 -2310 -17073 END
START -1784 1740 -2988 -8992 -1020 -16200 END
START -3164 1148 -1572 -11540 -89 -15768 END
START -5256 324 -336 -12143 -320 -14973 END
START -6772 -136 424 -12825 -1542 -13477 END
START -8040 -760 800 -14970 -3252 -11819 END
START -9440 -1824 2404 -18159 -4866 -9994 END
START -11060 -2616 5400 -20104 -5315 -7880 END
START -12376 -2772 8604 -20804 -4102 -5326 END
START -13892 -2876 11204 -21296 -1815 -2911 END
START -15640 -3824 13532 -21242 -146 250 END
START -17036 -5208 15824 -20811 -559 3523 END
START -18240 -5376 17692 -20197 -2299 6912 END
START -18692 -4480 18780 -19481 -4350 10659 END
START -18116 -2980 20028 -18851 -6629 14935 END
START -17036 -1568 21828 -18376 -6154 18914 END
START -15204 -1240 23028 -17961 -3219 22239 END
START -13528 -1520 23608 -17597 -1073 24734 END
START -10576 -1776 23860 -17428 -1756 27285 END
START -5856 -2092 25048 -17835 -3477 30063 END
START -920 -2136 26776 -18020 -4748 32767 END
START 4004 -2076 28676 -17514 -4519 32767 END
START 8424 -1792 30124 -16386 -2897 32767 END
START 13468 -1156 32488 -14183 -269 32767 END
START 18460 -292 32767 -9933 3545 28865 END