START 2644 2156 -6540 -20546 -5507 10008 END
START 3204 2404 -13476 -21941 -5339 10438 END
START 800 1096 -8016 -25610 -5346 11756 END
START -164 -1248 -7656 -31319 -4905 12626 END
START -832 -2292 -7912 -32768 -5529 14241 END
START -2564 -3656 -6072 -32768 -7533 15962 END
START -2948 -6240 -3912 -32768 -9473 17457 END
START -2116 -6252 -1696 -32768 -11295 18867 END
START 88 -6620 196 -32768 -11551 18902 END
START 2676 -7160 2692 -32768 -10456 19259 END
START 6404 -7528 8252 -32768 -7899 19680 END
START 9016 -6888 13304 -32768 -3872 18671 END
START 10920 -7100 18388 -32768 584 16606 END
START 12424 -6984 24156 -32768 4587 14844 END
START 13556 -6136 31888 -32768 8715 12668 END
START 13592 -5716 32767 -32768 12586 10383 END
START 12640 -5308 32767 -29302 17606 7266 END
START 9392 -5680 32767 -25237 20633 4009 END
START 5928 -6832 32767 -20867 18196 2517 END
START 4832 -6644 32767 -15348 13198 1825 END
START 5296 -5332 32767 -10330 10029 1160 END
START 5144 -4332 32767 -6178 8992 714 END
START 4596 -3308 32767 -2164 8731 627 END
START 3688 -2584 32767 1642 8415 648 END
START 3064 -1668 32767 5429 7186 620 END
START 3068 -1060 32767 9399 5515 116 END
START 3328 -1048 32767 13326 3783 -567 END
START 4064 -1384 32767 17384 2001 -1147 END
START 4920 -1352 32767 21599 1008 -2094 END
START 5336 -2300 32767 25145 848 -3290 END
START 5164 -1988 29940 27779 375 -3899 END
START 4836 -2072 26076 29292 413 -4374 END
START 4352 -2252 22592 29120 445 -4540 END
START 3580 -1500 19840 28184 732 -4153 END
START 2920 -1220 17448 27074 870 -3729 END
START 2784 -1528 15264 26056 333 -3250 END
START 3456 -1008 13336 25064 -701 -3005 END
START 3872 -744 11212 22494 -1744 -3150 END
START 4360 44 10096 19499 -2781 -2699 END
START 4780 548 9608 17297 -3108 -1876 END
START 5340 1320 9676 15587 -2713 -924 END
START 6408 2268 9808 14457 -778 -716 END
START 7524 3028 9828 13459 1709 -1910 END
START 7912 3256 9832 12690 2741 -3551 END
START 7876 3332 10360 12192 2410 -4644 END
START 7812 3440 10892 11882 1440 -5454 END
START 7980 3672 11608 11730 566 -5978 END
START 8320 3712 12444 11691 486 -6706 END
START 8644 4052 12660 11796 1767 -8200 END
START 8584 3848 12360 11689 3093 -10117 END
START 7792 3448 11668 11544 3759 -11628 END
START 6668 3620 10656 11004 3565 -12385 END
START 5988 3256 9480 9971 2810 -12659 END
START 5708 3296 8872 8169 1893 -12865 END
START 5812 3460 8468 6539 1397 -13859 END
START 5132 3572 8032 5754 1405 -15236 END
START 4144 3264 6836 5224 704 -16040 END
START 3360 3344 5420 4289 -881 -16259 END
START 2820 3380 4516 2670 -2536 -16495 END
START 2300 3208 3300 726 -3962 -16634 END
START 1944 2976 2920 -1660 -4931 -16899 END
START 1524 2288 2844 -3922 -4696 -17170 END
START 20 1424 2868 -5591 -3701 -16756 END
START -1160 684 2324 -7584 -1856 -15503 END
START -2936 68 1564 -10736 -62 -13874 END
START -5048 -360 1452 -14450 69 -12200 END
START -7144 -992 2664 -16686 -457 -10353 END
START -8904 -1596 3704 -17767 -794 -8834 END
START -10860 -2444 4664 -18963 -1332 -7833 END
START -13292 -3372 5792 -20203 -2155 -6501 END
START -16048 -4288 7712 -21739 -3559 -4294 END
START -19104 -4728 10336 -23371 -4982 -493 END
START -21896 -5008 14068 -24575 -6549 5320 END
START -22764 -5744 16488 -24936 -7808 12769 END
START -22432 -5984 19328 -25092 -8528 20959 END
START -19568 -5964 22224 -24997 -6976 28921 END
START -15140 -5212 25732 -24873 -4008 32767 END
START -9132 -4472 28436 -24353 -1042 32767 END
START -1732 -4236 32016 -22665 1656 32767 END