START -1128 292 -3828 -16097 -4027 2860 END
START -1348 132 -3692 -16440 -4313 3186 END
START -1504 644 -3468 -17805 -4521 3946 END
START -1704 -404 -2296 -20529 -4239 5277 END
START -1888 -548 268 -23055 -3905 7365 END
START -1272 -296 2184 -24512 -3338 8392 END
START -992 -788 4548 -25920 -4643 8493 END
START 184 -1656 7684 -26655 -6589 8275 END
START 2784 -2580 10032 -27177 -7606 8017 END
START 4116 -4060 15324 -27581 -6792 7188 END
START 4800 -4876 18880 -27940 -5179 6372 END
START 4452 -5840 22876 -27377 -3549 6038 END
START 4068 -6540 26132 -26653 -2589 6540 END
START 5216 -7068 29484 -25271 -1955 6910 END
START 7012 -7096 32616 -23782 -566 6758 END
START 8160 -7452 32767 -21813 1637 5856 END
START 8496 -6920 32767 -19189 3854 4582 END
START 7492 -6120 32767 -16136 5444 3033 END
START 6592 -5212 32767 -13107 6354 2011 END
START 6000 -4824 32767 -10211 6662 1325 END
START 5792 -4344 32767 -7747 6581 690 END
START 5636 -4036 32767 -5827 5917 -31 END
START 5008 -3800 32767 -3814 4777 -579 END
START 4368 -3804 32767 -1471 3849 -971 END
START 3476 -3624 32767 752 2964 -769 END
START 2636 -3372 32767 2543 2402 -339 END
START 1824 -3100 32767 4113 1785 422 END
START 2116 -2520 30892 5277 1306 1107 END
START 2180 -2496 29608 6414 917 1520 END
START 2648 -2344 28496 7465 538 1405 END
START 3064 -2672 27364 8580 206 932 END
START 2880 -2932 26384 9958 -347 595 END
START 3200 -3260 25712 11458 -721 512 END
START 3360 -3448 24712 12876 -698 809 END
START 3916 -3092 23476 13616 -12 926 END
START 4288 -2904 23276 13745 1251 672 END
START 4616 -2752 22620 14619 2210 27 END
START 5524 -2796 21588 14954 2132 -1103 END
START 6116 -2428 21008 15704 1353 -2691 END
START 6668 -2656 20488 16929 807 -4408 END
START 7236 -2740 19692 18032 1346 -5703 END
START 7216 -3008 19036 18786 2974 -6359 END
START 7040 -2820 17916 19066 4395 -6306 END
START 7560 -2740 15856 17874 5483 -6577 END
START 7572 -1932 14696 15554 5686 -7429 END
START 7396 -1304 14632 14735 4988 -8613 END
START 7464 -772 13860 15342 4017 -9970 END
START 7172 -304 12336 15344 3157 -10974 END
START 7408 328 11344 14975 2734 -11754 END
START 7452 652 10052 14259 3257 -12659 END
START 6988 688 8636 13023 3738 -12966 END
START 6696 968 7332 11569 3918 -13116 END
START 6448 1328 6460 10167 3800 -13442 END
START 5832 1792 5544 8947 3633 -14166 END
START 5132 2072 4520 7744 3228 -14907 END
START 4316 2100 3952 6531 2396 -15569 END
START 3636 2488 3224 5258 1340 -16361 END
START 2888 2400 2952 3598 871 -17235 END
START 1932 1924 2660 1711 244 -17424 END
START 700 1764 2676 -330 -385 -17149 END
START -660 1660 2984 -2373 -682 -16455 END
START -2332 1248 3464 -4602 -316 -15376 END
START -3836 772 4036 -6583 647 -14150 END
START -5356 304 5384 -8607 2348 -13168 END
START -7184 -576 6356 -10048 3194 -12362 END
START -8648 -1280 7864 -10646 2317 -11390 END
START -9988 -2116 9312 -10799 970 -10309 END
START -11320 -2468 10484 -11241 -528 -8629 END
START -12216 -2916 12380 -11861 -1682 -6334 END
START -12716 -2996 14008 -12063 -1499 -4016 END
START -12612 -2856 15232 -11715 -498 -1835 END
START -12872 -3188 15612 -11432 484 8 END
START -12912 -3068 15796 -10818 233 1721 END
START -13260 -2952 15456 -10351 -603 3248 END
START -13860 -2532 16124 -9855 -1867 5056 END
START -14248 -2152 16520 -9306 -2909 7291 END
START -13480 -1728 16752 -9912 -2728 9328 END
START -13128 -1816 17788 -11217 -1793 10980 END
START -12224 -1932 19752 -11532 -1857 13583 END
START -9744 -1660 22056 -11441 -1481 16720 END
START -6412 -1096 24224 -11629 483 18820 END
START -2768 -452 26348 -11366 3283 19393 END
START -348 -56 27504 -10165 5274 18638 END
START 1388 156 28120 -8465 5618 17792 END
START 3108 296 28256 -7010 5470 16865 END
START 5156 344 28496 -6036 5597 16064 END
START 6468 436 28500 -5758 6013 15240 END