START -1428 3120 2428 -6207 -3388 1442 END
START 3936 1508 -7564 -7227 -3382 1786 END
START 2632 1536 -9160 -10005 -4083 2926 END
START 1156 1436 -9556 -14953 -5562 5009 END
START 1032 1032 -9224 -19262 -5931 5934 END
START 1528 1248 -8400 -21484 -4516 5194 END
START 76 -204 -7536 -22111 -3021 3946 END
START -1368 -1556 -9016 -23602 -4742 4081 END
START -2356 -3404 -8940 -27031 -8813 5886 END
START -3788 -4260 -6408 -30035 -12413 8765 END
START -2468 -4784 -3044 -32341 -13536 11677 END
START 112 -5564 -36 -32768 -12690 13955 END
START 1216 -6532 5216 -32768 -10611 15422 END
START 3428 -7136 11288 -32768 -7079 15992 END
START 6544 -7592 17248 -32768 -5678 16426 END
START 10584 -7280 24488 -32768 -4103 15790 END
START 13320 -6096 31016 -32768 -1801 13794 END
START 14460 -4920 32767 -29997 746 10196 END
START 15084 -5200 32767 -25923 3232 6802 END
START 14976 -5932 32767 -21917 7037 3864 END
START 13260 -6712 32767 -18319 11318 1910 END
START 9948 -6348 32767 -13944 12927 908 END
START 7500 -5704 32767 -9646 11958 135 END
START 5872 -4580 32767 -6398 9044 -395 END
START 4964 -4008 32767 -3361 6295 -680 END
START 5060 -3704 32767 -788 4296 -603 END
START 5044 -3336 32767 1523 3082 -337 END
START 4772 -2996 32767 3997 1827 87 END
START 4616 -3072 32767 6133 1117 534 END
START 4120 -3396 32767 7903 450 1265 END
START 3908 -3688 32767 9448 -711 2066 END
START 4012 -3800 31724 10872 -1477 2559 END
START 4384 -3800 29552 11934 -2018 2372 END
START 4756 -3440 27480 13324 -2482 1772 END
START 5036 -3380 25796 14772 -2526 898 END
START 5624 -2812 24092 15938 -2305 438 END
START 5944 -2576 22864 17259 -1348 -121 END
START 5812 -2476 20728 18628 -674 -603 END
START 6172 -2480 18928 18574 -1403 -624 END
START 7188 -1964 18232 17938 -1360 -1038 END
START 8064 -1816 17536 17584 -578 -2187 END
START 8844 -1456 17244 17497 49 -3869 END
START 8868 -836 16816 17930 489 -5349 END
START 9120 -552 16080 18328 861 -6455 END
START 9052 -472 15212 18649 1437 -7436 END
START 9308 -600 14152 18639 2046 -8171 END
START 9528 -188 12488 17586 2042 -8847 END
START 10024 -188 11948 16280 2198 -9548 END
START 10536 552 11944 15499 2919 -10346 END
START 10752 1208 11704 15034 4844 -11926 END
START 10076 1176 10828 14583 6425 -13276 END
START 8916 1160 9768 14341 6507 -13750 END
START 8496 1724 8752 13920 6227 -14072 END
START 8768 1788 7904 12426 6594 -14960 END
START 8368 1632 7632 10995 6797 -15802 END
START 7428 1536 7028 10276 6088 -16530 END
START 6364 1908 6512 9596 4865 -17366 END
START 5528 2284 5604 8659 4492 -18058 END
START 4420 2548 4392 6442 4593 -18226 END
START 3564 2512 3856 3889 5138 -17905 END
START 2896 2524 3588 1586 5801 -17241 END
START 2152 2460 3224 -431 5643 -16795 END
START 1236 2316 3004 -2020 4307 -16638 END
START -16 2440 3176 -3467 2135 -16744 END
START -1132 2456 3168 -4337 368 -16832 END
START -2136 2576 3216 -5842 534 -16424 END
START -3164 2236 2768 -8213 1905 -15687 END
START -4660 1596 3724 -10492 3558 -14419 END
START -5936 1124 4540 -12159 3633 -12603 END
START -7264 1040 5680 -13047 2453 -11175 END
START -8520 792 7092 -13656 883 -10142 END
START -9420 276 8304 -13871 -516 -8945 END
START -9788 -208 9240 -14716 -1578 -7552 END
START -10036 -764 10860 -15584 -1642 -5909 END
START -11012 -1080 12708 -15657 -903 -3981 END
START -11920 -1680 13452 -16034 -1073 -1806 END
START -12736 -2492 14972 -16003 -1668 338 END
START -13652 -3052 16204 -15360 -2162 2294 END
START -14456 -3380 16776 -14787 -2635 4202 END
START -14768 -3024 16888 -14940 -3542 6279 END
START -14808 -3208 16772 -15580 -4635 8356 END
START -14784 -3084 17368 -16028 -6139 10642 END
START -14500 -3544 17704 -15962 -7612 12995 END
START -14044 -4108 17920 -15453 -9251 15285 END
START -12792 -4704 18648 -15003 -10170 17506 END
START -10384 -4748 19652 -14515 -9900 20033 END
START -7720 -5456 20380 -13954 -8614 22042 END
START -4244 -5892 21780 -13733 -7320 24216 END
START 532 -6168 24288 -13014 -4642 26545 END
START 5900 -6004 26456 -12352 556 28560 END
START 9568 -5516 27964 -11699 6240 28810 END
START 12580 -4288 29344 -10356 10950 26894 END
START 13284 -2900 30656 -8692 13273 22334 END
START 13196 -2928 32268 -5976 12626 17411 END
START 13596 -2852 32704 -3249 10135 13365 END