START 1468 3520 -7120 -4508 -895 2659 END
START 1360 3572 -7880 -5260 -441 2454 END
START 1276 3508 -9824 -7292 531 2012 END
START 444 2000 -12468 -11791 1093 362 END
START -1976 64 -13696 -16506 -1572 -52 END
START -4196 -1496 -12016 -19123 -7964 1334 END
START -3384 -1948 -10360 -21055 -12647 3827 END
START -2432 -2852 -7816 -24663 -13704 5385 END
START -2040 -3980 -3996 -27264 -13373 6313 END
START -1792 -4660 496 -28725 -14095 7634 END
START 1092 -5072 5740 -30004 -14623 9752 END
START 5216 -5184 11228 -30356 -12631 11684 END
START 9344 -4636 14716 -30280 -8710 12339 END
START 10172 -2728 21788 -30143 -3425 10905 END
START 9920 -3200 27380 -28690 630 7989 END
START 9320 -3448 31712 -26480 1506 5999 END
START 9548 -4828 32767 -23939 2729 4593 END
START 9632 -5496 32767 -21443 4663 3739 END
START 8436 -6112 32767 -18931 7610 2426 END
START 5700 -6304 32767 -15979 8114 1767 END
START 4376 -5764 32767 -13057 7151 1320 END
START 3852 -5232 32767 -10676 6098 670 END
START 3528 -4752 32767 -8175 4929 616 END
START 4004 -4112 32767 -5952 3995 847 END
START 4312 -3148 32767 -3997 4275 911 END
START 3504 -2776 32767 -2035 4663 827 END
START 2468 -3024 32767 4 4174 735 END
START 2004 -2956 32664 1306 3273 818 END
START 1468 -3028 31532 2680 2265 994 END
START 1248 -3240 30432 4213 1200 1539 END
START 1632 -3340 29224 5397 612 2200 END
START 2084 -3348 28476 6386 374 2419 END
START 2872 -3132 27784 7811 89 2143 END
START 3672 -3060 26916 9199 -29 1479 END
START 4024 -3256 26188 10478 35 811 END
START 4124 -3252 25572 11933 -185 655 END
START 4760 -3440 24500 13000 133 771 END
START 5412 -3276 23896 13682 1084 648 END
START 5884 -3200 22892 14071 1960 122 END
START 6380 -2788 22248 14577 1915 -837 END
START 7040 -2496 21984 15443 1860 -2263 END
START 7416 -2356 21004 16423 2415 -3784 END
START 7620 -2140 20196 17211 3615 -5072 END
START 7688 -2248 19216 17848 4830 -6101 END
START 7424 -2352 17592 18126 4972 -6747 END
START 7460 -2140 16464 18143 4712 -7531 END
START 7432 -1672 15384 18128 4683 -8467 END
START 7408 -1372 14192 17896 4421 -9476 END
START 7584 -892 12764 17438 3804 -10652 END
START 7336 -492 11592 16803 3073 -11948 END
START 7256 12 10464 16208 2631 -12751 END
START 7052 488 9140 15029 2804 -13438 END
START 6336 344 7796 13453 2688 -13724 END
START 6196 604 6560 11752 1357 -13535 END
START 6528 1584 6348 10385 900 -14248 END
START 6152 1812 5484 9210 900 -15033 END
START 5432 2032 4160 7315 583 -15104 END
START 4836 2272 3488 4909 405 -15085 END
START 3988 2424 3304 3091 625 -15475 END
START 2808 2048 3308 1796 19 -15819 END
START 1568 1488 2636 87 -494 -15729 END
START 252 1332 2864 -1709 155 -15205 END
START -1620 732 3028 -3762 883 -14124 END
START -3160 580 3560 -5685 1763 -12845 END
START -4804 68 4068 -7171 2400 -11650 END
START -5816 -68 4660 -8602 2245 -11090 END
START -7432 -516 5628 -9546 1113 -10739 END
START -8572 -908 6596 -10267 -285 -10256 END
START -10148 -1456 7904 -10853 -1757 -9037 END
START -11212 -1832 9412 -11690 -2775 -6956 END
START -12024 -1744 11352 -12550 -2317 -4432 END
START -12436 -1804 13000 -13398 -732 -1691 END
START -12976 -1748 14512 -13434 802 620 END
START -13376 -1628 15828 -13071 1484 2631 END
START -13972 -1212 16948 -12677 1637 4701 END
START -14056 -1304 17460 -12758 941 6542 END
START -14352 -1844 18384 -12385 -640 8293 END
START -14176 -2120 19376 -11533 -1934 10264 END
START -13656 -1840 19760 -10945 -2574 12207 END
START -12796 -1296 19952 -10788 -2997 14147 END
START -12204 -660 19916 -11058 -3141 16018 END
START -11620 -812 19960 -11534 -3538 17499 END
START -10432 -1528 20632 -11354 -4435 19521 END
START -6712 -1968 21908 -11022 -4263 22140 END
START -1256 -2240 24732 -10651 -2016 24519 END
START 3520 -2268 27324 -9558 2503 25498 END
START 7472 -2176 28500 -7962 7255 24280 END
START 10064 -1584 28392 -7243 10917 21126 END