START 5524 632 2044 3394 -2249 481 END
START -1564 1864 14768 3414 -2954 471 END
START 844 1432 14048 2956 -4092 149 END
START 1332 364 12044 2695 -4687 -924 END
START 408 -88 9764 3653 -5010 -1487 END
START -392 -464 6852 3930 -5158 -757 END
START -480 -380 3752 2394 -4580 308 END
START -96 -1788 916 1196 -3079 1628 END
START -612 -556 -1032 895 -3814 3298 END
START 408 720 -3656 -384 -4698 3888 END
START 560 812 -4768 -2313 -5617 3313 END
START 232 1356 -5308 -3757 -7124 2815 END
START 568 1368 -5376 -5681 -8363 2764 END
START 908 724 -4444 -8009 -8037 2854 END
START 1688 692 -1992 -10081 -7899 3630 END
START 3820 652 608 -12220 -6255 4471 END
START 5376 372 2968 -14120 -3356 4435 END
START 4112 -752 6268 -15294 -1969 4062 END
START 3828 -144 8860 -16092 -1457 3233 END
START 3224 -756 10944 -16357 -1089 1876 END
START 2228 -1212 14236 -17044 -2425 1518 END
START 3416 -1880 18916 -17292 -3068 2035 END
START 4704 -3012 23472 -18148 -858 3032 END
START 4652 -4148 27612 -17517 2030 2958 END
START 3952 -3888 30340 -16202 2334 2151 END
START 3936 -3712 32767 -14555 1555 1244 END
START 4720 -3520 32767 -13020 1889 1350 END
START 5204 -3768 32767 -11837 4187 1444 END
START 3972 -4160 32767 -10274 5286 1141 END
START 3156 -3560 32767 -7953 4980 458 END
START 2152 -3384 32767 -5767 4228 -461 END
START 1660 -2700 32767 -3908 2382 -437 END
START 2356 -2128 32767 -2246 832 -614 END
START 2572 -1804 31812 -1255 1310 -772 END
START 1672 -1632 30312 -520 910 -388 END
START 1572 -1560 29252 243 536 82 END
START 1272 -1368 28336 1029 291 139 END
START 652 -1196 27524 1941 -268 499 END
START 408 -1076 26808 2608 -747 996 END
START 192 -1168 26664 3071 -1157 1656 END
START 44 -1600 26924 3637 -1197 2702 END
START 300 -1824 27280 4171 -446 3723 END
START 768 -1796 27792 4922 229 4293 END
START 1724 -1408 28848 6147 444 4043 END
START 2204 -1720 29412 7870 40 3103 END
START 2352 -1980 29724 10105 -1035 2281 END
START 2872 -1896 29720 12330 -1615 1783 END
START 3232 -2268 29204 13704 -1294 1946 END
START 4180 -2784 29288 14680 -576 2610 END
START 5844 -2408 30116 16678 560 2150 END
START 6696 -3356 27592 18469 1239 1061 END
START 7496 -3260 26384 18077 986 -130 END
START 7768 -3120 26052 19425 879 -1556 END
START 8104 -3316 24348 21408 679 -2802 END
START 8872 -3212 21952 21594 991 -4027 END
START 8584 -3084 19528 21198 1391 -4781 END
START 8968 -3164 17384 21023 1511 -5452 END
START 9456 -3004 14328 20776 1658 -6393 END
START 9628 -2768 11100 19847 1288 -7665 END
START 9736 -1764 8004 18984 345 -9039 END
START 9784 -1136 5440 17983 -1055 -10668 END
START 9356 -316 3012 16666 -3619 -12661 END
START 9012 296 1008 15679 -5686 -14016 END
START 9012 680 -1608 13743 -5820 -14472 END
START 9108 740 -3724 10541 -5483 -14697 END
START 8896 1224 -4844 7282 -4137 -15030 END
START 8032 1384 -5592 3957 -1472 -14991 END
START 7140 1036 -6372 464 837 -14871 END
START 5868 896 -6144 -2208 1316 -15546 END
START 4228 584 -5428 -4295 159 -16938 END
START 2316 488 -4220 -5871 -1764 -18390 END
START -88 144 -2700 -7208 -3723 -19526 END
START -2876 -108 -1152 -8414 -4999 -19595 END
START -6012 -1072 724 -10276 -5332 -18112 END
START -8048 -1692 2896 -12974 -3463 -15449 END
START -10672 -2404 5052 -15414 -1721 -12454 END
START -12996 -2480 8956 -16943 -1143 -9258 END
START -14708 -2432 12188 -17323 -1401 -6405 END
START -16008 -2664 14844 -16876 -2169 -3502 END
START -17072 -3100 17348 -15991 -2235 -263 END
START -17336 -3720 18740 -15080 -1465 3086 END
START -17592 -4292 19160 -15271 -602 6221 END
START -18408 -3908 20136 -15777 -1027 9678 END
START -18608 -3872 21368 -16321 -2026 12624 END
START -18432 -4376 21808 -15734 -3180 15400 END
START -17648 -4896 22212 -15052 -5237 18543 END
START -14512 -5068 23296 -14479 -6302 22283 END
START -9888 -5156 24172 -14113 -5080 25971 END
START -4364 -5068 25564 -13754 -3007 29229 END
START 1976 -4776 27736 -12559 515 30896 END
START 7216 -4544 29332 -10989 5156 31017 END
START 10944 -4280 30484 -9223 10902 29871 END
START 13652 -3996 31452 -7599 15079 28347 END
START 15580 -3004 32156 -6549 17649 26284 END
START 16140 -3316 32767 -5536 18992 23683 END
START 16000 -3156 32416 -4419 18827 20868 END
START 14072 -3220 31112 -4623 16226 17096 END