START 1624 1636 -3080 -18811 -2565 5738 END
START 3436 872 -5896 -19513 -2289 5784 END
START 2140 36 -6264 -20937 -2721 5863 END
START 1192 -52 -5792 -22958 -4723 6094 END
START 684 -1484 -6768 -25588 -7556 5767 END
START -952 -3352 -6488 -28992 -11439 5342 END
START -2924 -4644 -5740 -31830 -17042 6533 END
START -3960 -5188 -2556 -32768 -22008 9233 END
START -1804 -5616 -220 -32768 -21310 11950 END
START -92 -5916 2864 -32768 -15755 14129 END
START 1956 -7276 6512 -32768 -10301 16871 END
START 4696 -7152 10028 -32768 -5475 19108 END
START 7568 -6644 14948 -32768 -690 18809 END
START 9184 -5608 21364 -32768 2125 16685 END
START 11020 -5160 28160 -32768 3446 14553 END
START 13196 -4096 32767 -32768 5857 12447 END
START 14588 -4024 32767 -30690 10689 9184 END
START 12904 -5012 32767 -27631 15070 5739 END
START 9684 -7056 32767 -23918 15407 3101 END
START 7620 -8696 32767 -19493 11475 1830 END
START 7740 -8244 32767 -14685 7042 1385 END
START 8116 -7104 32767 -9975 5915 990 END
START 7816 -5860 32767 -5890 6173 788 END
START 7400 -4756 32767 -2227 6310 691 END
START 6744 -4124 32767 1608 6177 405 END
START 5952 -3736 32767 5811 5745 37 END
START 5444 -3652 32767 9975 4811 -76 END
START 5372 -3792 32767 14004 3536 141 END
START 5392 -3792 32767 16952 2681 321 END
START 5344 -3592 32767 19190 2335 129 END
START 5072 -3840 31368 21195 2040 -130 END
START 4404 -3396 28616 23244 1438 -439 END
START 4324 -3548 26140 24914 884 -903 END
START 3536 -3332 23484 26587 230 -1047 END
START 3560 -2804 20728 27847 -453 -888 END
START 4292 -1988 17280 27731 -544 -1155 END
START 4560 -888 13616 24976 -379 -2237 END
START 4344 -520 11312 21539 -533 -3248 END
START 2880 -120 9136 18449 -2782 -3020 END
START 2916 176 8272 16218 -5500 -2244 END
START 3056 736 7376 14415 -6596 -2105 END
START 3544 948 7024 12556 -5710 -1980 END
START 3376 1212 6628 10853 -4053 -1438 END
START 3440 1268 6732 9150 -2600 -533 END
START 3384 1108 7140 8128 -1770 -14 END
START 3340 1112 7808 7600 -1790 501 END
START 3404 1220 8792 7000 -1764 967 END
START 3576 1596 10048 6145 -975 849 END
START 3724 1576 11984 5965 -356 437 END
START 3960 1372 13828 6542 -669 235 END
START 5568 1176 15604 7308 -693 -154 END
START 7084 1336 17584 7803 308 -489 END
START 9008 1768 19416 8498 1457 -1017 END
START 10752 2308 20620 9887 3131 -2466 END
START 11700 2932 20804 11671 5013 -5100 END
START 11668 3492 20076 13429 6193 -7845 END
START 11264 3712 18288 14567 6476 -10178 END
START 10444 4224 16372 14971 6164 -11923 END
START 10036 4460 14328 14614 5943 -13470 END
START 9308 4820 12132 13463 5908 -15224 END
START 8164 4960 9948 11740 5848 -16377 END
START 7232 4976 7576 9298 5342 -17087 END
START 6432 4888 6648 7087 4811 -18010 END
START 5476 4584 5748 5862 3909 -18670 END
START 4664 4088 4288 4417 2032 -18961 END
START 4220 3940 3268 2415 110 -19326 END
START 3648 3548 2676 126 -370 -19679 END
START 2624 2952 2168 -2421 -12 -19128 END
START 1584 2496 1548 -4868 722 -17757 END
START 420 2088 1212 -7837 1159 -16035 END
START -776 1776 1136 -10412 570 -14287 END
START -1772 1496 1828 -12688 -728 -13097 END
START -2664 1084 3404 -14157 -1117 -13187 END
START -4000 608 4508 -14796 -1335 -13904 END
START -5804 -388 5232 -15365 -2723 -14209 END
START -7600 -1392 6104 -15905 -5542 -13871 END
START -9176 -1708 7876 -16108 -8196 -12564 END
START -11232 -2368 9924 -16706 -9107 -10515 END
START -13792 -3396 11652 -17478 -9065 -7621 END
START -15972 -3916 13208 -17725 -9332 -3807 END
START -17724 -4328 14116 -18150 -9796 1024 END
START -19096 -4536 14704 -18836 -10545 5940 END
START -19820 -4992 15828 -18705 -12174 11317 END
START -19512 -5404 17040 -18479 -13675 16996 END
START -17904 -6536 18920 -18691 -13214 22864 END
START -14548 -7648 22284 -19127 -10064 28988 END
START -8920 -7172 26672 -18609 -5094 32767 END
START -1960 -6028 30384 -17033 1026 32767 END
START 4924 -4232 32767 -14797 7411 32767 END
START 10376 -2924 32767 -12433 10644 32767 END
START 14376 -1568 32767 -9387 10796 32767 END