START 348 -888 -6452 -27977 -1241 8789 END
START -140 -512 -6372 -28501 -1843 9083 END
START -680 212 -6960 -30035 -3462 9475 END
START -584 -1668 -6192 -32768 -5737 8693 END
START -928 -2052 -3836 -32768 -8027 8719 END
START -592 -3388 -1360 -32768 -10320 10707 END
START 996 -3756 712 -32768 -11632 12560 END
START 3192 -4152 3368 -32768 -9650 12277 END
START 3392 -4392 6680 -32768 -7239 11036 END
START 3520 -6124 10264 -32768 -7238 10562 END
START 5512 -7728 13984 -32768 -9080 11390 END
START 9588 -8440 17548 -32768 -9319 12082 END
START 12128 -7240 22512 -32768 -5043 10911 END
START 11356 -7700 28868 -32768 1720 8384 END
START 8776 -8048 32767 -32768 6992 7478 END
START 7180 -7892 32767 -31879 10489 7257 END
START 6404 -7528 32767 -29027 12368 7127 END
START 5748 -6416 32767 -25568 12538 6909 END
START 5412 -4968 32767 -21770 10922 6095 END
START 4908 -3368 32767 -17621 8483 5019 END
START 5388 -2620 32767 -12623 6273 4485 END
START 6636 -1580 32767 -7242 5347 3914 END
START 7292 -868 32767 -1664 4813 3045 END
START 7544 -680 32767 4340 3616 2069 END
START 8020 -624 32767 9711 2753 1073 END
START 8000 -592 32767 14257 2518 -48 END
START 7728 -740 32767 18277 2408 -1244 END
START 7176 -976 32767 21671 2113 -2462 END
START 6448 -1128 32332 23775 1597 -3085 END
START 5436 -1408 27420 24342 1044 -3215 END
START 4560 -1708 23064 24069 461 -2891 END
START 3584 -1900 19348 23546 -398 -2251 END
START 3024 -1572 15624 22680 -1364 -1934 END
START 2160 -1208 11916 20808 -2644 -1787 END
START 1516 -1132 9524 18418 -4198 -1801 END
START 832 -1424 7632 16570 -5563 -1497 END
START 188 -1784 6384 14384 -6708 -658 END
START -168 -1896 5748 12203 -7826 677 END
START -148 -1948 5684 9484 -8222 1869 END
START -424 -1776 7284 6727 -7598 2813 END
START -288 -1252 8536 5022 -6953 4322 END
START 1444 -676 10592 4137 -6339 6167 END
START 3884 296 12732 3108 -4391 7734 END
START 6468 336 15496 1859 -808 8136 END
START 8792 840 18428 2294 2620 7531 END
START 10448 1092 21000 4917 4637 5447 END
START 12024 1520 21856 8693 5213 1934 END
START 13160 1492 21452 12145 4086 -2053 END
START 13356 1676 20588 15165 1329 -5146 END
START 13692 2136 19552 17216 -426 -7226 END
START 13876 2536 18264 17501 129 -9063 END
START 13944 3316 17092 17171 1815 -11171 END
START 13536 3864 15508 16839 4272 -13821 END
START 12120 4140 13120 16203 6245 -15707 END
START 10908 4008 10836 14916 7155 -16605 END
START 9480 4004 8792 12869 7340 -17136 END
START 8288 4428 7420 11172 7174 -17742 END
START 6964 4188 6036 9940 6505 -18763 END
START 5988 3984 4680 8715 5091 -19831 END
START 5144 3596 3260 7027 3341 -20740 END
START 3936 3172 2352 4922 1346 -21022 END
START 2984 3276 1792 2647 -165 -20669 END
START 1936 2896 796 -544 -703 -19963 END
START 572 2420 144 -4649 -1303 -18718 END
START -364 1664 632 -8005 -1439 -16727 END
START -496 1268 1284 -10539 -461 -15353 END
START -1600 808 1832 -13155 1592 -15322 END
START -3584 -52 1968 -15704 2035 -15209 END
START -6500 -688 3076 -17878 357 -14433 END
START -9144 -1416 4904 -18002 -1925 -12465 END
START -11020 -2336 5964 -18089 -4763 -9694 END
START -12364 -3224 8036 -19075 -5778 -6035 END
START -13960 -3556 11024 -20403 -3707 -2454 END
START -15816 -4620 12596 -21273 -1650 2246 END
START -17620 -5292 13856 -22396 -2113 8262 END
START -18552 -4980 15488 -23245 -3385 14419 END
START -18864 -5452 16772 -24865 -4633 19684 END
START -18540 -5664 18976 -26077 -6755 24365 END
START -16784 -5488 22588 -24672 -6559 26207 END
START -15148 -5468 24192 -21478 -6212 26410 END
START -12940 -5452 24504 -19012 -9113 27555 END
START -9184 -5316 26024 -17062 -11965 29684 END
START -4644 -5160 28240 -14591 -12766 32211 END
START 576 -5176 29376 -12534 -10924 32767 END
START 6288 -4976 30296 -12000 -7937 32767 END
START 12844 -3760 32767 -10526 -3774 32767 END
START 17544 -2380 32767 -6647 1340 31833 END