START 1580 1004 3356 -4058 2006 648 END
START 644 348 900 -4510 1443 908 END
START 4148 -444 -12400 -5093 -343 1380 END
START 88 484 -10464 -6392 -4268 2544 END
START 124 1520 -12336 -8544 -6458 3430 END
START -400 1936 -13412 -11899 -6741 4127 END
START 400 1920 -13720 -15843 -6350 3983 END
START 248 1484 -12868 -18466 -7396 3507 END
START 1024 1004 -12112 -20579 -8667 3778 END
START 1056 172 -10516 -24061 -9437 3448 END
START 1260 -1312 -7664 -27064 -10531 2867 END
START 1452 -3216 -2964 -28886 -12050 2658 END
START 2768 -4036 2680 -30738 -12596 3572 END
START 4540 -4568 9956 -32768 -9785 5151 END
START 5544 -4980 18888 -32768 -5873 7177 END
START 7424 -4792 28456 -32768 -1706 9386 END
START 9556 -4836 32767 -30326 2587 10357 END
START 11164 -4988 32767 -27378 6584 8501 END
START 10160 -5520 32767 -23223 8686 4608 END
START 8024 -6604 32767 -18286 9044 920 END
START 5348 -7808 32767 -14879 9359 -1156 END
START 2700 -8520 32767 -11263 8295 -956 END
START 1432 -7536 32767 -8139 6964 -38 END
START 644 -6028 32767 -5922 5573 492 END
START -60 -4424 32767 -3710 3609 804 END
START -136 -3188 32767 -1523 1794 670 END
START -356 -2676 32767 167 -282 629 END
START -248 -2488 32520 1646 -1896 1082 END
START 256 -2164 30824 2828 -3338 1924 END
START 668 -2076 29568 4073 -4031 2790 END
START 1704 -2236 28164 5160 -4619 3528 END
START 2952 -1932 27612 6106 -4720 3841 END
START 4688 -1788 26980 7320 -4425 3385 END
START 5652 -1632 26608 8821 -3843 2301 END
START 6532 -1844 26268 10541 -2720 870 END
START 6716 -2356 25848 12801 -1685 -101 END
START 7328 -2920 25512 15364 -110 -396 END
START 7848 -3064 24728 17198 2521 -623 END
START 8412 -3252 22740 17734 5096 -809 END
START 8736 -2700 20868 16404 6399 -1494 END
START 9056 -1944 20644 15464 6022 -2813 END
START 9488 -1444 20248 16612 5178 -4652 END
START 9972 -1228 19216 18150 5287 -6903 END
START 9528 -1552 17616 19197 5099 -8546 END
START 8944 -1460 15760 19781 4720 -8910 END
START 8832 -836 13668 19034 5097 -9154 END
START 9180 -492 11600 16647 5754 -9716 END
START 8948 -240 10972 14953 6191 -10826 END
START 8620 340 10288 14799 6474 -12338 END
START 7908 612 8420 14380 6333 -13910 END
START 6844 520 6620 13274 4809 -14812 END
START 6184 1080 5176 11768 3113 -14972 END
START 5800 1400 4668 10339 2765 -14955 END
START 5640 1708 3816 8831 3053 -15257 END
START 5160 2020 2784 6652 2671 -15964 END
START 4260 2464 2560 4509 2267 -16643 END
START 3152 2568 2552 2765 1726 -16987 END
START 2188 2672 2568 904 1592 -16784 END
START 1116 2104 2184 -1396 1492 -16090 END
START -212 1760 2720 -3698 1211 -15078 END
START -1212 1480 3908 -5461 1198 -14142 END
START -2320 1592 4708 -6754 1324 -13760 END
START -3472 1728 5072 -8034 362 -13839 END
START -4664 1604 5992 -9333 -298 -14006 END
START -6140 1040 7216 -10564 -282 -13373 END
START -7344 320 8392 -11613 -312 -11999 END
START -8104 -380 9640 -12380 -821 -10324 END
START -8260 -1084 10900 -12853 -978 -8807 END
START -8988 -1648 12356 -13432 -23 -7202 END
START -9668 -1976 13796 -13749 127 -5420 END
START -9764 -2048 15528 -13479 4 -3970 END
START -9548 -2292 16272 -12926 -36 -3063 END
START -9652 -2408 16868 -12653 -163 -2035 END
START -10020 -2720 17504 -12427 35 -677 END
START -9984 -3180 17868 -12641 763 1214 END
START -10212 -3300 18668 -13154 1483 2788 END
START -10600 -3196 19596 -12548 1174 3717 END
START -10720 -3548 20048 -11514 81 4306 END
START -10880 -3560 20604 -10589 -1415 5165 END
START -10852 -3992 21184 -9369 -2360 6594 END
START -10588 -4228 21584 -8270 -2397 8394 END
START -10368 -4120 21268 -7566 -2730 10335 END
START -9284 -3752 21348 -7715 -3248 12192 END
START -7792 -3172 21944 -7846 -3064 13823 END
START -6416 -2828 22372 -7660 -2301 14642 END
START -5920 -2892 22252 -7197 -2118 14709 END
START -6008 -3108 22044 -6039 -2598 14500 END
START -5264 -3420 22264 -4843 -3129 14880 END
START -3532 -3196 22624 -4074 -2497 15619 END
START -1476 -3136 23160 -3407 -507 16469 END
START 1856 -14304 32767 7277 -2802 14143 END
START 2940 -3632 25324 4162 742 13885 END
START 3504 -3480 20424 -9511 8066 14033 END
START 2168 -732 26744 -7766 10162 17626 END
START 4764 -1976 27640 -2669 7999 19986 END
START 7504 -1224 26848 -2443 5998 18663 END
START 7740 -1424 27184 -3071 3654 15711 END