START 3368 1556 -6740 -19190 -5313 2955 END
START 3556 892 -6980 -20234 -4675 2695 END
START 2640 -348 -7412 -23254 -3806 2014 END
START 1688 -2224 -9476 -28624 -4435 2280 END
START -332 -3068 -8696 -32768 -8292 4617 END
START -780 -5160 -6584 -32768 -11077 6940 END
START -1076 -5876 -4980 -32768 -12847 8631 END
START -976 -7524 -1944 -32768 -10892 9908 END
START -856 -8976 0 -32768 -6525 11243 END
START -1420 -9408 2668 -32768 -4529 12813 END
START 240 -9672 8544 -32768 -3669 14514 END
START 3256 -9984 13172 -32768 -2696 14852 END
START 4456 -10168 19256 -32768 -535 13455 END
START 4972 -9500 26496 -32768 2243 11274 END
START 5984 -8596 32767 -32768 5439 10279 END
START 7320 -8616 32767 -32768 10414 9518 END
START 8292 -10128 32767 -31425 14485 9358 END
START 9000 -10676 32767 -27152 15146 8500 END
START 9388 -9764 32767 -22523 12870 5500 END
START 8888 -8044 32767 -16516 9422 2389 END
START 8596 -6168 32767 -10845 8107 841 END
START 8132 -4308 32767 -6282 8517 520 END
START 7568 -2684 32767 -2731 9640 591 END
START 6300 -1492 32767 289 9773 244 END
START 4808 -612 32767 2932 8248 -115 END
START 3612 -48 32767 5333 5591 -271 END
START 3328 -76 32767 7821 2952 -365 END
START 3144 -680 32767 10535 743 -622 END
START 3276 -1204 32767 13551 -860 -747 END
START 3376 -1864 32767 16301 -1020 -1160 END
START 3416 -2328 32767 19168 82 -1696 END
START 2848 -1972 30668 21392 1045 -2206 END
START 3072 -1288 28772 23662 1903 -3262 END
START 3132 -1232 26564 25635 3138 -5577 END
START 2368 -1428 23636 27034 3548 -7291 END
START 1512 -1816 20560 27257 3159 -7481 END
START 740 -2892 17780 26426 2127 -6490 END
START 112 -2812 14764 25281 3 -4382 END
START 104 -2160 12572 23839 -1809 -2280 END
START 616 -1244 10688 21974 -2092 -698 END
START 940 -436 9048 19855 -886 173 END
START 1032 72 7552 17617 208 801 END
START 1392 568 6636 14986 403 1179 END
START 1788 1168 6644 12096 474 1292 END
START 2428 1380 7200 9979 323 1631 END
START 2720 1212 8304 8602 -1086 2608 END
START 4336 1640 10180 8150 -2620 3209 END
START 6468 1340 13220 8434 -2627 2382 END
START 8072 944 15180 8997 -1240 903 END
START 9676 1236 17280 9969 791 -701 END
START 10516 1096 18388 11216 2532 -2557 END
START 10692 1348 18076 12463 3263 -4353 END
START 10736 1732 17424 13185 3153 -5793 END
START 10796 2180 16716 13253 3096 -7521 END
START 10464 2416 15884 13653 3437 -9732 END
START 9612 2996 14072 13946 3201 -11424 END
START 9224 3448 12672 13612 2821 -12788 END
START 9008 3488 10756 12602 2744 -14033 END
START 8032 3788 8752 11144 2280 -14548 END
START 7024 3980 7200 9216 1518 -15004 END
START 6428 4320 6016 7260 559 -15817 END
START 5800 4520 5124 5677 145 -16948 END
START 4840 4216 3820 3864 -93 -18239 END
START 3860 3816 2732 1498 -1013 -18606 END
START 2760 3700 1708 -1302 -1746 -18231 END
START 1448 3288 1416 -4512 -2236 -17782 END
START -92 2792 1448 -7382 -2825 -16857 END
START -1396 1988 1936 -9935 -3399 -15621 END
START -2172 908 3228 -12016 -2932 -14676 END
START -3520 128 4560 -13075 -1257 -14331 END
START -4760 -796 4612 -14282 -645 -14263 END
START -7260 -1604 5308 -15443 -1900 -13684 END
START -9488 -2784 6144 -15938 -3893 -11777 END
START -11760 -3288 7336 -16829 -5913 -9106 END
START -12708 -3872 8436 -18302 -6958 -5656 END
START -13860 -4208 10504 -20573 -5894 -1824 END
START -15676 -3904 13436 -22105 -3133 2681 END
START -16960 -3916 15612 -22424 -1437 7215 END
START -18252 -3868 17156 -22063 -1186 11311 END
START -18576 -4652 18164 -21223 -3208 15096 END
START -18468 -4812 18900 -20047 -7217 18870 END
START -17216 -4200 20548 -18791 -10384 22468 END
START -15308 -3232 22380 -17254 -11281 25965 END
START -12752 -2104 23696 -16103 -10209 28523 END
START -10188 -1672 24372 -15356 -8635 29694 END
START -6164 -1472 25248 -14315 -8176 30485 END
START 168 -1512 26216 -13867 -7148 30890 END