START 2592 1332 1460 -9834 -4894 2316 END
START 1044 1592 944 -10707 -5083 2454 END
START 2488 708 -2404 -12216 -5923 2911 END
START 2228 344 -2088 -13307 -7370 4175 END
START 1944 500 -2164 -13288 -6858 5784 END
START 1576 -356 -2380 -13709 -5424 6430 END
START 776 -1064 -2932 -14872 -4152 6720 END
START -652 -1680 -3828 -17190 -4355 7250 END
START -1352 -2172 -3904 -20141 -6610 7987 END
START -1404 -2636 -3448 -23107 -9224 8486 END
START -764 -2680 -1652 -26203 -11868 8696 END
START 1336 -3124 2020 -28049 -12940 8784 END
START 3252 -3852 5628 -28800 -10714 8472 END
START 3820 -4600 8236 -30024 -7769 8517 END
START 4644 -6176 11484 -32133 -6482 8896 END
START 5864 -5988 17624 -32671 -7389 10209 END
START 8392 -4980 24680 -31871 -7254 11735 END
START 10948 -2752 30876 -31014 -3101 11566 END
START 12108 -2140 32767 -29236 3541 9296 END
START 11836 -2872 32767 -25813 7505 7141 END
START 11900 -3708 32767 -21905 9465 4816 END
START 10576 -4076 32767 -17427 10546 2938 END
START 8664 -4236 32767 -12338 10020 1932 END
START 7424 -3612 32767 -8361 8781 1596 END
START 6624 -2900 32767 -5595 8018 1447 END
START 6548 -2032 32767 -3897 7201 1112 END
START 6160 -1084 32767 -1868 6060 318 END
START 5720 -580 32767 582 4640 -458 END
START 5524 -288 32767 2198 3219 -835 END
START 4808 -388 32767 3861 1877 -884 END
START 4584 -980 32767 5856 629 -417 END
START 4292 -1492 32076 7547 125 18 END
START 4188 -1668 30936 9298 -44 325 END
START 3996 -1584 29580 11225 -185 416 END
START 3904 -1500 28368 13171 -11 159 END
START 3856 -2016 26756 14558 157 -235 END
START 3452 -2028 24880 14942 -182 -276 END
START 3012 -2340 23608 14779 -1043 -216 END
START 3124 -2040 22952 15309 -1707 52 END
START 3516 -1800 22676 16148 -1005 -311 END
START 3288 -1828 21808 17070 -114 -595 END
START 3584 -1796 21012 18106 397 -457 END
START 4336 -1368 20600 18990 1106 -620 END
START 5460 -1412 19552 19599 1937 -1069 END
START 6132 -1100 18188 19223 2559 -1758 END
START 6616 -1180 17256 18694 2714 -2717 END
START 6672 -932 16400 18388 1482 -3214 END
START 7528 -660 15776 18243 724 -3969 END
START 8640 -132 15344 18184 1671 -5234 END
START 8864 256 14596 18158 3190 -6531 END
START 8836 836 13428 18035 4193 -7688 END
START 8808 980 12360 17678 4483 -8811 END
START 8580 1484 11308 17034 3997 -9594 END
START 8308 1424 10224 16195 3159 -10451 END
START 8088 1804 9440 15134 2103 -11017 END
START 8012 2084 8724 13991 1646 -11340 END
START 7796 2488 8128 12701 2343 -12041 END
START 6972 2808 7236 11300 3133 -12427 END
START 6504 2980 6388 9774 3011 -12368 END
START 6476 2992 5884 8391 3012 -12510 END
START 6252 3292 5120 6755 2686 -12659 END
START 5908 3412 4824 5076 2395 -13316 END
START 4884 3356 4628 3823 1827 -13969 END
START 3640 3444 4132 2697 900 -14308 END
START 3120 3448 4044 1395 729 -14492 END
START 1876 3508 3780 -218 774 -14402 END
START 1124 3456 3680 -1800 514 -13980 END
START 364 3436 3848 -3193 -126 -13459 END
START -596 3520 4020 -4928 -1272 -13140 END
START -1500 3544 4704 -6479 -1693 -12889 END
START -2436 3076 5236 -7635 -1614 -12798 END
START -3388 2648 5908 -8956 -1579 -12676 END
START -4372 1964 6728 -10219 -1253 -12237 END
START -5816 1104 7568 -11433 -1644 -11389 END
START -7112 788 8972 -12313 -2657 -9900 END
START -7748 352 10408 -12805 -2778 -8432 END
START -8316 380 11736 -13131 -1956 -6787 END
START -8856 296 12196 -13620 -616 -5116 END
START -9512 92 12816 -13955 84 -3459 END
START -9684 -284 13344 -13920 361 -2203 END
START -9876 -904 13516 -14859 -57 -1441 END
START -10500 -1368 14172 -15425 -1569 -609 END
START -10872 -1164 15280 -15303 -3114 897 END
START -11268 -872 16168 -15277 -3436 2683 END
START -11644 -1348 17136 -15479 -2781 4857 END
START -12268 -1548 18032 -15628 -2114 7493 END
START -11844 -2068 18512 -15229 -1955 9822 END
START -11736 -2488 18868 -15324 -2149 11300 END
START -12524 -2368 20020 -14854 -3136 13088 END
START -12436 -2632 20732 -14023 -4107 15332 END
START -11404 -3092 21976 -13314 -5133 18152 END
START -9360 -3592 23080 -12320 -5244 21305 END
START -6180 -3976 24624 -11306 -3829 24758 END
START -1728 -4264 26460 -10310 -856 28127 END
START 2652 -4212 28304 -9672 2652 30787 END
START 7152 -3632 29424 -9755 5368 31461 END
START 10232 -2544 30600 -9750 6660 29776 END
START 12604 -1828 32240 -8325 6250 26409 END
START 14228 -1132 32767 -4916 5363 21628 END
START 14668 -860 32767 -1049 3723 16507 END