START 5152 3212 -7736 -5933 -3460 181 END
START 3084 3532 -3364 -6192 -2952 129 END
START 2492 3296 -988 -6982 -2472 -464 END
START 3452 2064 -1912 -8290 -1664 -1243 END
START 3064 1464 -3120 -9676 -720 -1605 END
START 892 1056 -3720 -11209 -1052 -1309 END
START -428 -348 -5224 -13899 -2215 -317 END
START -1852 -1188 -5144 -16979 -4006 610 END
START -1856 -2152 -4676 -19479 -5002 1486 END
START -1676 -2192 -3288 -22221 -5562 1878 END
START -1168 -2560 -1220 -23548 -5248 2391 END
START -588 -3696 1124 -24910 -5317 2952 END
START 212 -4352 4312 -26218 -6190 3714 END
START 904 -4712 8356 -27020 -6628 4894 END
START 2388 -4380 12648 -27552 -5868 6125 END
START 3680 -3900 16948 -28434 -2974 6595 END
START 4128 -2576 22036 -28977 152 6774 END
START 5164 -1836 27388 -28910 2021 6674 END
START 6140 -2060 32008 -27616 3462 5666 END
START 6216 -2724 32767 -25630 4620 4496 END
START 5100 -3072 32767 -23041 6176 3345 END
START 3792 -3236 32767 -20321 7583 2467 END
START 2808 -4028 32767 -17246 8159 1859 END
START 2112 -4520 32767 -14719 7095 1478 END
START 1900 -3924 32767 -11626 4772 1028 END
START 1944 -3244 32767 -7683 2272 -38 END
START 1964 -2532 32767 -4379 121 -950 END
START 2212 -1580 32767 -2065 -1029 -1624 END
START 2252 -1312 32767 -499 -654 -1557 END
START 2292 -1312 32767 908 542 -450 END
START 2332 -1352 32767 2148 1316 539 END
START 2392 -1924 32036 3722 1119 1151 END
START 1984 -2252 30408 5426 -83 1368 END
START 1916 -2184 29216 7088 -1407 1374 END
START 1740 -2360 28332 8853 -2150 1236 END
START 1964 -2472 27460 10473 -2167 1207 END
START 2320 -2792 26512 11760 -1277 1612 END
START 2640 -2752 25612 13020 160 2095 END
START 2940 -2380 25128 14358 1739 2372 END
START 3284 -2156 24380 15604 2794 2110 END
START 3600 -1780 23228 16294 2986 1806 END
START 3928 -1680 22608 16896 2331 1393 END
START 4468 -1336 22224 17805 1550 659 END
START 5640 -1616 21160 18734 1358 -496 END
START 6068 -1292 20184 19482 1023 -1634 END
START 6576 -924 19044 19866 1003 -2823 END
START 6736 -636 18040 19992 1774 -4340 END
START 6880 -64 16644 19942 2866 -5660 END
START 6804 388 15816 19764 3720 -6789 END
START 6880 552 14500 19514 4029 -7745 END
START 7276 140 12980 19176 3749 -8548 END
START 7304 1064 12144 18576 3202 -9181 END
START 7308 1580 11144 17448 3073 -10271 END
START 7284 1396 10336 16453 2878 -11370 END
START 6896 1996 9604 15596 1848 -11589 END
START 6872 2408 8528 14478 1079 -12127 END
START 6920 3036 7812 13324 1633 -13268 END
START 6416 2884 6984 11664 2236 -14161 END
START 5860 2776 6356 10016 2381 -14583 END
START 5436 2668 5668 8528 2164 -14930 END
START 4448 2712 4748 7081 1403 -15277 END
START 3604 2992 4220 5620 92 -15795 END
START 2756 3004 4240 4106 -954 -16718 END
START 1836 2980 4000 2604 -1972 -17449 END
START 984 2808 3828 765 -2903 -17617 END
START 428 2792 3784 -1129 -2701 -17265 END
START -496 2580 4012 -3429 -2150 -16633 END
START -1920 1872 4072 -6048 -1771 -15694 END
START -3380 1320 4664 -8048 -2065 -14071 END
START -4844 1004 5536 -9647 -2157 -12600 END
START -5916 536 6860 -11421 -1889 -11774 END
START -7236 424 8196 -12590 -1089 -11521 END
START -8440 -412 9020 -13193 -1384 -11348 END
START -9912 -1304 10312 -13551 -2743 -10386 END
START -11096 -2208 12032 -14081 -3757 -8199 END
START -12036 -3280 14000 -14789 -3384 -5249 END
START -12968 -3540 15448 -15135 -2591 -1771 END
START -12968 -3556 16588 -14781 -2075 959 END
START -12972 -3616 17132 -14031 -1473 2465 END
START -13280 -3560 17188 -13376 -1458 4182 END
START -13732 -3324 17176 -13276 -2320 6156 END
START -13668 -3036 17516 -13221 -4077 8610 END
START -13288 -2656 18156 -13101 -4915 11070 END
START -12584 -2960 18532 -13286 -4547 13235 END
START -12336 -3256 18916 -13382 -4304 14970 END
START -12092 -3388 19420 -12876 -4800 16558 END
START -11116 -3476 20144 -12352 -5541 18319 END
START -9348 -3712 21508 -12018 -5637 20787 END
START -6952 -3972 22912 -11400 -4632 23271 END
START -3712 -3880 23920 -10969 -3479 25946 END
START 1380 -3444 25732 -11373 -1956 28522 END
START 6608 -2912 27556 -12496 427 30743 END
START 10104 -2440 29692 -12933 2909 30681 END
START 13440 -1520 32064 -10606 5834 27727 END
START 15064 -344 32767 -6174 9184 21903 END
START 14668 236 32680 -2162 10690 16401 END