START 1796 328 -4444 -20541 -6478 9969 END
START 2116 -496 -5324 -21469 -7085 10233 END
START 2152 -1728 -5756 -23399 -7528 10881 END
START 2060 -2148 -6548 -27417 -9445 11630 END
START 1480 -2664 -5824 -32599 -11043 10368 END
START 1448 -6140 -4220 -32768 -11139 9554 END
START -900 -8072 -1388 -32768 -12880 11206 END
START -1260 -7924 1192 -32768 -14350 14865 END
START 124 -7936 3204 -32768 -13519 15912 END
START 1408 -8276 4680 -32768 -12209 15619 END
START 3860 -8056 9152 -32768 -11566 15662 END
START 6800 -7060 13684 -32768 -9187 15576 END
START 8660 -6600 19116 -32768 -5258 14758 END
START 9848 -5180 24560 -32768 -497 13324 END
START 10092 -5088 29348 -32768 5330 11624 END
START 9444 -5264 32767 -32768 8630 10659 END
START 9916 -5440 32767 -32768 10311 9676 END
START 11088 -5480 32767 -30144 12353 7367 END
START 10556 -5064 32767 -25924 12416 5024 END
START 9984 -4548 32767 -20297 11726 2708 END
START 9272 -4228 32767 -14408 11499 885 END
START 8444 -3256 32767 -8735 11198 -104 END
START 7784 -1484 32767 -1664 10700 -889 END
START 7848 -1616 32767 4179 11185 -1888 END
START 6908 -1420 32767 11073 10760 -3059 END
START 5648 -1408 32767 17719 9360 -4266 END
START 4008 -1344 32767 23387 6333 -5273 END
START 3232 -1232 32767 27869 3442 -5827 END
START 2476 -1244 32767 30973 2148 -5764 END
START 1596 -2148 30784 32505 1622 -4921 END
START 1264 -2272 25428 32613 1039 -3440 END
START 1256 -1948 20496 30925 818 -2527 END
START 1164 -1720 16580 28375 696 -2264 END
START 656 -1916 12564 26242 -297 -1965 END
START -140 -952 9252 24300 -2326 -1123 END
START -412 -928 6984 21999 -4887 -79 END
START -1120 -480 5120 19398 -7552 1222 END
START -60 -780 3492 16376 -10023 3233 END
START 584 768 3540 13837 -11059 4854 END
START 2716 1616 3868 11524 -9855 5099 END
START 4168 2348 4940 9093 -5954 4100 END
START 4996 2568 5900 6454 -2165 3278 END
START 5900 1688 7824 4279 718 2819 END
START 6140 632 10340 3227 1906 2911 END
START 7584 4 13072 3502 2537 3702 END
START 9060 -468 15872 4098 3669 3236 END
START 10668 152 18032 4941 5006 1567 END
START 11832 476 19660 6523 6108 -1348 END
START 12040 1180 20048 8779 6658 -4702 END
START 11848 980 19048 10388 5861 -7435 END
START 11256 1540 17700 11117 3929 -9132 END
START 11076 2476 16420 11858 2688 -10650 END
START 10928 3424 15060 12579 3589 -12807 END
START 9996 4072 12712 12472 5236 -15246 END
START 8296 4364 10296 11617 5892 -16957 END
START 6848 4848 8256 10241 4944 -17477 END
START 5356 4860 6324 8387 3005 -17512 END
START 4724 5044 4668 6049 875 -17379 END
START 3916 5024 3308 3076 -1443 -17340 END
START 3236 5048 2924 294 -3425 -17396 END
START 2932 4736 2796 -1987 -3849 -17234 END
START 1912 4144 2872 -4379 -2491 -16806 END
START 552 3228 2564 -6842 -1098 -15337 END
START -504 2196 2420 -9358 -385 -13476 END
START -1668 860 2376 -12150 -387 -11682 END
START -2964 172 3452 -14594 -1284 -10327 END
START -3944 -448 5392 -15603 -1511 -9662 END
START -5068 -952 6740 -15430 -920 -9850 END
START -6980 -1588 6912 -15613 -1037 -9903 END
START -9136 -2364 7396 -16693 -2629 -8879 END
START -11396 -3064 9300 -17324 -4904 -6818 END
START -12860 -3024 11160 -17439 -5592 -3551 END
START -14156 -2964 12656 -18878 -4895 166 END
START -15248 -3240 14264 -20386 -3447 4320 END
START -16816 -3316 15484 -21707 -2143 9571 END
START -18224 -3584 16612 -23286 -2536 15156 END
START -18612 -3636 18436 -23836 -3918 21000 END
START -17572 -3872 20644 -23741 -5364 26525 END
START -15272 -4140 22756 -23134 -5422 31608 END
START -11952 -4100 24904 -22051 -5015 32767 END
START -7384 -4276 26548 -20379 -5498 32767 END
START -720 -3956 29892 -17715 -6827 32767 END