START 9464 -1392 26148 11308 1841 -1932 END
START 9532 -1428 26228 12409 1426 -2692 END
START 9572 -1600 26296 14774 477 -4129 END
START 9776 -1196 25524 17605 -53 -5529 END
START 9972 -668 24228 18950 1005 -6265 END
START 10688 320 23200 20059 3152 -7353 END
START 10980 1544 21108 20949 5649 -9487 END
START 10524 1920 17952 20127 6934 -11420 END
START 9492 2396 15444 18747 5840 -12602 END
START 9304 2856 13576 18436 4424 -13179 END
START 9044 3088 11672 18165 4003 -14115 END
START 8604 3172 9228 17191 4094 -15553 END
START 7380 3320 6732 15568 3828 -16732 END
START 6440 3268 4464 13264 2521 -17168 END
START 5544 3336 2996 10477 1420 -17265 END
START 4936 3132 2076 7953 1183 -17356 END
START 4060 2912 876 5415 700 -17370 END
START 3352 2924 -252 2390 -107 -17145 END
START 2524 2820 -692 -873 -435 -16657 END
START 1280 2396 -444 -3906 -592 -15904 END
START 244 1784 -244 -6432 -661 -15085 END
START -372 1352 364 -8665 -535 -14613 END
START -1564 512 1384 -10445 -333 -14860 END
START -3116 -400 2244 -11317 -557 -15237 END
START -4820 -1368 2820 -12637 -1908 -15264 END
START -6660 -2116 4072 -14211 -3289 -14798 END
START -8960 -2912 5600 -15000 -4769 -13753 END
START -10904 -3612 7176 -16061 -6042 -12184 END
START -13252 -4444 9496 -17691 -5573 -9507 END
START -15720 -5312 12312 -18909 -4246 -5391 END
START -17584 -5408 14416 -19394 -2917 -133 END
START -18560 -5700 16212 -19528 -2164 4750 END
START -19456 -5800 18340 -18958 -2058 9117 END
START -20024 -5956 20020 -17275 -3218 13180 END
START -19940 -5456 21088 -15561 -5533 17371 END
START -18856 -5096 21776 -14468 -6874 21936 END
START -17072 -4624 22212 -14136 -6543 26599 END
START -14172 -4240 22260 -15152 -5389 30669 END