START -9808 524 21968 16135 -1846 2203 END
START -17672 3860 32767 16009 -3405 3022 END
START -9284 864 16788 15092 -3549 3630 END
START -10552 716 18876 14036 -1192 3950 END
START -10316 176 17500 14508 565 4205 END
START -12460 820 16512 15802 850 5357 END
START -12500 240 14640 16981 31 7674 END
START -12856 444 12440 17058 -1166 10299 END
START -11508 572 10008 15004 -1142 12872 END
START -9888 1212 8720 12719 443 14571 END
START -8820 1456 8092 11599 2162 15046 END
START -8224 1612 6968 11147 2684 15383 END
START -7692 1708 5520 10645 1032 16688 END
START -6584 1592 4120 10053 -841 18713 END
START -5152 1564 2832 8682 -963 20726 END
START -3912 1732 1156 6407 -264 22287 END
START -2912 2408 472 3961 182 23082 END
START -1884 2780 148 2639 -80 23191 END
START -688 2744 -300 1691 -933 22820 END
START 40 3472 -588 586 -2298 22708 END
START 1616 3636 -752 -537 -2922 22607 END
START 2632 3828 -1456 -2178 -3439 22429 END
START 3588 3708 -2296 -4844 -4229 21672 END
START 4700 3208 -1772 -6829 -4593 21117 END
START 7080 2080 -816 -8615 -4432 21475 END
START 9128 1332 644 -10722 -3242 21592 END
START 10476 472 1840 -12646 -1731 21013 END
START 10440 -404 2416 -13774 -538 20377 END
START 10444 -764 1976 -15306 344 19902 END
START 10944 -1416 2528 -17875 472 19069 END
START 13184 -2544 4828 -20271 -1381 18809 END
START 15744 -2684 7268 -21451 -2663 17985 END
START 17704 -2952 9364 -21775 -2351 16322 END
START 18212 -3092 10000 -21804 -874 13547 END
START 18520 -4468 10908 -22496 -439 10882 END
START 20808 -5724 13628 -23189 -1839 9253 END
START 24472 -6508 16352 -23707 -2129 6982 END
START 26964 -6932 19676 -23586 -56 2943 END
START 26196 -7136 21396 -21825 2024 -1694 END
START 25328 -7232 22080 -20439 3250 -6047 END
START 24000 -7544 23000 -19530 4850 -9835 END
START 22428 -8644 24048 -18943 5807 -12836 END
START 21288 -9448 25776 -18101 6417 -15672 END
START 19388 -9200 27748 -16832 7967 -18627 END
START 16184 -8656 29268 -15436 10549 -21301 END
START 11324 -8092 30988 -14547 12619 -23830 END
START 5896 -8824 32767 -12929 13122 -25735 END