START -10460 7744 16160 4034 622 -771 END
START -11392 8036 16380 3857 799 -597 END
START -11976 7776 16448 3322 1134 64 END
START -13320 6848 16388 2383 2061 1776 END
START -14752 6064 16240 1569 1062 4527 END
START -15208 5224 16044 959 198 7359 END
START -15532 4488 14664 -144 -299 10552 END
START -14028 3656 13748 -1478 -202 13981 END
START -12252 3196 13536 -2115 2019 15391 END
START -11464 2704 12108 -1606 2765 15887 END
START -10220 1912 9408 -1176 560 16193 END
START -8340 1456 6832 -1778 -1305 16844 END
START -6176 1312 4620 -3735 -1315 18077 END
START -4588 1576 3044 -5945 -753 19718 END
START -3096 -20 1428 -7966 -1072 20691 END
START -2336 -248 200 -10160 -1871 21444 END
START 88 -1236 484 -12243 -2933 22070 END
START 2516 -1032 1016 -13272 -3693 21291 END
START 5040 -2052 1532 -14528 -4749 20042 END
START 6452 -1608 2600 -15104 -6326 19617 END
START 8472 -2164 3048 -15563 -5863 18898 END
START 9116 -3576 3832 -16976 -5156 18237 END
START 11120 -1920 6868 -17625 -4975 17183 END
START 13712 -1108 9664 -17134 -4424 14483 END
START 14852 -648 11820 -16646 -4647 11033 END
START 16172 -456 14356 -16156 -6535 8573 END
START 18864 -248 16572 -16517 -5316 7194 END
START 21964 956 19480 -17042 -2273 6500 END
START 25480 108 22984 -17009 1114 4422 END
START 28764 1532 25924 -15432 3017 758 END
START 29852 1932 27392 -12866 4647 -5648 END
START 27780 2448 26712 -10372 4717 -12233 END
START 25012 2800 25272 -9969 4967 -17045 END
START 20528 1200 25080 -10230 5591 -19738 END
START 17004 -156 23940 -10506 6032 -19808 END
START 14172 -1808 24048 -11219 7798 -20070 END
START 10460 -3156 24252 -10795 6852 -20769 END
START 8620 -3900 24616 -9630 4810 -22658 END
START 5292 -4688 25044 -7741 1590 -25200 END
START 2932 -4752 25380 -5819 -1423 -26823 END
START -300 -5932 25440 -4907 -1614 -27058 END
START -3180 -7528 26180 -3876 520 -25445 END
START -5580 -9440 26584 -2928 4924 -23484 END
START -9424 -11288 27164 -2057 8549 -20898 END
START -13048 -11496 27436 -42 8787 -17802 END
START -14432 -11752 26976 2065 6660 -14316 END
START -14432 -11408 26008 4066 5626 -10807 END