START -5812 228 26032 1634 1321 -3321 END
START -13172 3352 32767 2456 680 -3211 END
START -6376 180 20748 3986 -1847 -2807 END
START -9552 444 24596 6051 -2161 -1821 END
START -9980 376 23796 7672 -1919 -219 END
START -9816 732 22612 7947 604 1139 END
START -10116 24 21472 6843 3446 2308 END
START -11112 -72 20672 6207 5025 3617 END
START -11944 -668 19636 6991 5467 4955 END
START -12296 -752 17908 7710 5656 6298 END
START -13036 -256 16156 7826 4934 7498 END
START -12616 532 13960 7807 4364 8739 END
START -12744 -40 12476 7477 3387 10193 END
START -12024 172 10620 7068 2278 11999 END
START -10944 564 9788 6091 1440 13347 END
START -9340 748 9316 4997 874 14170 END
START -7720 716 8952 4329 -18 14621 END
START -5908 708 8540 4042 -1094 14680 END
START -4440 1064 8176 3818 -1988 14321 END
START -3616 1312 7244 3345 -2832 14225 END
START -3188 1376 6520 2715 -3518 14307 END
START -3100 1668 5416 1821 -3991 14762 END
START -1948 1604 5844 382 -4714 15731 END
START -124 1500 6136 -1169 -4747 16700 END
START 1588 1584 6768 -2903 -4184 17218 END
START 2512 1436 7364 -3629 -4135 17421 END
START 3736 1364 7160 -3938 -4150 16962 END
START 3980 1280 6464 -4492 -3992 15509 END
START 3004 1276 5924 -5215 -5446 14175 END
START 1752 720 5728 -5334 -8834 14134 END
START 2928 -164 5972 -5437 -12270 14906 END
START 4760 -484 6708 -6916 -13166 15825 END
START 5960 -412 8124 -9228 -10831 16683 END
START 7160 -716 9420 -10880 -7321 17190 END
START 8260 -852 9960 -11832 -4117 16466 END
START 8048 -1784 9796 -13130 -3417 15065 END
START 9720 -3308 11984 -14298 -5609 14410 END
START 12176 -3764 14388 -14092 -6336 13769 END
START 13916 -4296 15740 -13774 -5162 12169 END
START 14800 -4672 15888 -13502 -4242 10807 END
START 15348 -5176 16084 -13664 -3144 9237 END
START 16480 -6328 17184 -13947 -2991 8361 END
START 18984 -6588 19192 -14084 -2045 7279 END
START 20920 -6492 20916 -13595 1015 4740 END
START 21000 -6412 21560 -12642 3654 1739 END
START 20476 -6396 21132 -12045 5358 -1016 END
START 19832 -6116 21640 -12036 6351 -3651 END
START 19216 -6256 22304 -11350 7074 -6280 END
START 18200 -6212 23416 -10674 7039 -9055 END
START 16416 -5900 24468 -9887 6759 -11654 END
START 14204 -5756 25368 -9016 5849 -13731 END