START -10588 1252 16140 4626 646 -4856 END
START -11404 844 16208 4881 249 -4420 END
START -12768 492 15888 5568 -1115 -3145 END
START -13992 -16 15824 6889 -2350 -308 END
START -13888 -600 15548 7596 -1908 2819 END
START -12780 -784 15168 6899 672 6013 END
START -12572 -1156 15140 6457 3525 8698 END
START -11884 -1280 15192 6489 4831 10822 END
START -10856 -852 14192 6340 5069 12492 END
START -9848 -928 13132 5491 4182 13614 END
START -9232 -744 11776 4908 2317 14872 END
START -8212 -184 10464 4043 637 16008 END
START -7284 320 9332 3090 -755 17053 END
START -5704 884 8784 2131 -2028 18343 END
START -3696 1448 8388 1340 -2900 19279 END
START -1412 1936 7724 327 -3595 19289 END
START -52 2020 7544 -1175 -4051 18370 END
START 680 1892 8032 -1958 -4207 17483 END
START 1260 1500 8504 -2652 -4337 16856 END
START 1712 788 8788 -3674 -5461 16963 END
START 2724 420 9784 -4572 -5936 17571 END
START 3732 -4 10752 -4857 -5262 17904 END
START 4456 -568 10720 -5004 -4271 18009 END
START 4664 -748 9808 -5784 -4358 17975 END
START 5000 -908 9740 -6848 -5240 17755 END
START 6172 -1340 10812 -7935 -6580 17682 END
START 7868 -1768 12580 -8821 -6579 17005 END
START 8664 -2596 13728 -9015 -5627 16194 END
START 8812 -2864 13920 -8284 -5565 16057 END
START 9124 -2732 13108 -7651 -5137 15643 END
START 8836 -2732 12204 -7948 -4850 15052 END
START 9412 -3116 12784 -8556 -6067 14846 END
START 11836 -2828 13512 -8894 -8200 14270 END
START 14080 -2300 14360 -9405 -8490 12432 END
START 14976 -2092 14316 -9647 -7547 10463 END
START 15620 -2276 14068 -10171 -6368 8515 END
START 16216 -2340 14960 -10764 -4846 6174 END
START 16876 -2672 15728 -11185 -4782 4392 END
START 18192 -2888 16284 -11760 -4849 2712 END
START 18980 -3012 17416 -12145 -3328 717 END
START 19252 -3032 17584 -12405 -1005 -1514 END
START 18472 -3152 18036 -12552 1391 -4568 END
START 17120 -3604 18044 -12374 3340 -7093 END
START 15932 -4128 19124 -12565 4715 -9100 END
START 14824 -4632 20436 -12145 6018 -10785 END
START 13464 -4920 21280 -11475 7326 -12570 END
START 11068 -4864 22728 -10175 7850 -14755 END
START 8048 -4400 23608 -8358 6855 -17016 END
START 4620 -3884 24928 -7556 5880 -18960 END
START 1400 -3564 26692 -7461 7191 -19708 END