START -2772 928 21144 1785 727 -5674 END
START -7224 3412 23972 1876 -257 -5137 END
START -1712 952 15492 1769 -301 -4095 END
START -6032 1668 20716 1889 -469 -2487 END
START -5784 1476 20656 2909 177 -1558 END
START -6348 1412 20912 4422 347 -1111 END
START -6700 952 19920 5703 214 -743 END
START -8600 572 18748 5932 -730 199 END
START -9856 712 18760 5472 -1217 1292 END
START -11772 1164 18948 5724 -85 2842 END
START -12380 984 18132 6437 1799 4849 END
START -13356 1136 16284 6956 3329 6534 END
START -14508 1680 14656 7245 3550 7854 END
START -14684 1928 12780 7312 2314 8799 END
START -13596 1748 10880 6519 31 9579 END
START -12156 1756 10404 5600 -2378 10457 END
START -10676 2044 10752 5196 -3273 11384 END
START -8352 2084 10444 4897 -3369 12611 END
START -6524 2248 9484 4265 -2561 13600 END
START -5992 1680 8484 3325 -1892 14234 END
START -5376 1628 7544 2836 -2107 14456 END
START -4164 1048 6484 1969 -3575 14741 END
START -1732 384 6112 789 -4960 15005 END
START -180 -736 6216 -120 -5339 15270 END
START 948 -1476 5568 -826 -4635 15761 END
START 1380 -1972 4252 -1972 -3330 15985 END
START 1232 -2216 3580 -3627 -3595 16228 END
START 2180 -2200 3876 -4653 -5292 16645 END
START 4580 -2468 4592 -5455 -7045 17157 END
START 7488 -2516 5424 -6506 -6973 16907 END
START 8848 -2648 5908 -7480 -5579 15977 END
START 9280 -2592 6100 -8629 -5060 15366 END
START 10384 -2776 7508 -10226 -5310 14968 END
START 13176 -2736 10140 -11141 -4773 14300 END
START 15688 -3104 12492 -11565 -3298 13230 END
START 16956 -3732 14036 -12031 -1918 12007 END
START 17672 -4356 15408 -12536 -345 10753 END
START 17552 -5528 16392 -12769 1269 9638 END
START 17884 -5924 17852 -13179 878 9228 END
START 19364 -5944 19772 -13383 696 8852 END
START 20492 -6128 21188 -13478 1423 8089 END
START 22352 -6372 22808 -13083 2895 6328 END
START 23164 -5764 23588 -12735 4012 3749 END
START 24424 -5176 25272 -12434 4880 727 END
START 25700 -5204 26604 -11086 6944 -3364 END
START 24780 -5440 26396 -9777 8282 -7419 END
START 22876 -5192 26200 -8791 9025 -11048 END
START 19828 -4360 26096 -8319 9858 -13880 END
START 16160 -3944 25924 -7993 10777 -15807 END
START 12140 -3788 25148 -7966 11419 -16907 END
START 6796 -4304 24868 -8422 12487 -17227 END
START 1148 -4812 25132 -8463 13286 -16956 END
START -4632 -4996 25536 -7609 13094 -17077 END
START -9768 -4680 26308 -5788 11252 -17584 END
START -14108 -4816 26632 -3091 8189 -18489 END
START -17316 -5728 26312 -158 3373 -19373 END
START -18736 -5680 26152 2343 -1452 -18902 END