START -12928 4304 32767 6222 1977 366 END
START -812 156 15020 6203 1101 1510 END
START -6796 1768 19556 6000 1765 2410 END
START -5588 1592 17224 5997 3408 3768 END
START -6908 1680 18168 6345 5053 3964 END
START -7408 1644 17928 7117 6695 3235 END
START -9328 988 16940 8781 6054 2853 END
START -10416 656 15436 9929 3808 3970 END
START -10576 420 13740 9637 2105 5813 END
START -10724 456 13128 8024 1040 7759 END
START -10792 444 13140 6960 1257 10091 END
START -10152 464 13124 6677 1857 12452 END
START -8916 876 12644 6647 2844 14250 END
START -7888 924 11892 6675 3171 15469 END
START -6712 760 10340 6504 2618 16537 END
START -6164 964 9424 5784 1388 17395 END
START -5584 1136 8936 5124 -4 17901 END
START -4468 1672 8980 4829 -1742 18649 END
START -3000 2016 8720 4702 -3566 19386 END
START -1364 2140 7948 4056 -4160 19823 END
START -36 2452 7180 3049 -3889 19991 END
START 904 2644 6544 1689 -3475 19822 END
START 2324 2392 6672 194 -3697 19988 END
START 3732 2436 7056 -932 -3874 20213 END
START 5020 2400 6936 -1849 -4080 20248 END
START 6164 2436 6688 -2806 -4304 19723 END
START 6532 2360 6548 -3348 -3705 18781 END
START 6084 2020 6228 -3959 -2546 17945 END
START 6320 1332 6408 -5395 -2672 17685 END
START 7776 1284 7412 -6607 -3195 17908 END
START 9388 1044 7944 -7970 -2588 17454 END
START 10284 820 8072 -9585 -2119 16620 END
START 10068 640 8280 -10928 -1799 15358 END
START 9308 404 8044 -11737 -1527 13836 END
START 9416 -884 8644 -12615 -2217 13184 END
START 10420 -1656 10152 -13450 -2651 13192 END
START 11700 -2216 11188 -14331 -2434 13255 END
START 12616 -2600 11052 -15824 -1686 12876 END
START 12668 -3092 11200 -17396 -987 11697 END
START 12368 -4016 12400 -18394 -620 9990 END
START 13296 -4532 14444 -18866 -1670 8818 END
START 15592 -4700 16896 -18772 -1711 7392 END
START 16652 -5336 18028 -18334 -1161 5469 END
START 17400 -5984 18404 -18147 -666 3145 END
START 17548 -6844 19740 -18083 -519 770 END
START 18384 -7760 21692 -17662 103 -1212 END
START 19616 -8072 23348 -17178 1943 -3203 END
START 20388 -7912 25400 -16146 5543 -5652 END
START 20424 -7480 26020 -14555 9511 -8390 END
START 19212 -6812 25940 -13255 12935 -11852 END
START 16636 -6364 25648 -12003 15251 -15808 END
START 13584 -6608 25328 -11160 14902 -19604 END