START -1852 1088 15784 2493 -2328 -1283 END
START -1792 888 15920 2531 -2182 -1243 END
START -1884 1156 16052 2607 -1835 -1258 END
START -2164 1628 16196 2774 -1808 -1173 END
START -1720 2200 16076 2770 -1561 -763 END
START -1548 3372 16148 2661 -708 -761 END
START -1672 4340 15924 2814 -632 -916 END
START -2212 5328 16108 2589 -235 -988 END
START -3056 5656 16824 2596 -51 -860 END
START -4028 5752 17252 2864 360 -868 END
START -5140 5388 17340 3193 248 -1103 END
START -6536 4956 17696 3647 26 -1618 END
START -8412 4512 17984 4564 48 -1692 END
START -9808 4224 17288 5201 -82 -878 END
START -10916 3888 16420 4856 547 733 END
START -11692 3380 15572 4154 955 2774 END
START -12056 3444 14716 3393 393 5149 END
START -11384 2936 14176 2858 -206 7136 END
START -10060 3256 13568 2562 -291 8121 END
START -9428 3424 12992 2805 -1234 8680 END
START -8304 2864 11652 3232 -2246 9026 END
START -7788 2444 10176 3116 -2313 9530 END
START -7568 2028 8620 2670 -2637 10456 END
START -7172 1456 6596 2127 -3233 11661 END
START -5768 1036 4544 1131 -3157 12777 END
START -4968 16 2248 -401 -3611 12959 END
START -4868 -500 1124 -1901 -5210 13389 END
START -3112 -828 1120 -4137 -6383 14908 END
START -976 -624 1296 -6067 -6396 16689 END
START 2192 -848 1668 -8149 -6338 17670 END
START 4616 -796 2976 -9225 -6304 17500 END
START 7296 -1032 3600 -9120 -7038 16011 END
START 9060 -1776 4260 -9403 -7435 13716 END
START 10528 -2020 5516 -10109 -6701 12573 END
START 13064 -3168 7316 -11321 -5520 12032 END
START 14832 -2928 9044 -12814 -4627 11404 END
START 16620 -2120 11324 -14744 -2474 10614 END
START 18564 -1648 13908 -16618 407 9223 END
START 19732 -448 16496 -17071 1947 7220 END
START 21512 168 18716 -16580 2548 4368 END
START 22924 252 19868 -15953 3252 1238 END
START 23388 112 21132 -15588 4147 -1560 END
START 23224 -872 22184 -15739 6367 -4210 END
START 21744 -2068 24364 -15509 8420 -7210 END
START 19144 -2352 26192 -14070 9172 -10285 END
START 16124 -3060 27016 -12060 8213 -13440 END
START 14612 -3416 27892 -10362 6688 -15633 END
START 12908 -3660 28644 -8818 7053 -18279 END
START 10372 -4428 28448 -7062 6817 -20819 END
START 6684 -5992 28220 -5414 6656 -23092 END
START 2384 -7612 27440 -3789 6733 -23743 END
START -1860 -9092 26512 -3148 7406 -23123 END
START -6720 -10332 26364 -2576 7859 -21364 END
START -10784 -11500 26020 -1843 7670 -18911 END
START -14116 -11548 25204 -766 6802 -16300 END
START -15980 -11752 24144 249 5545 -13287 END
START -17116 -11300 22988 1052 4862 -10179 END
START -16896 -10228 21760 1603 4225 -7108 END
START -15240 -8584 21040 2161 4353 -4828 END
START -14056 -7828 19948 2762 3377 -3096 END
START -12400 -6640 19192 3383 1932 -1008 END
START -10436 -5788 18008 3446 1841 1352 END
START -8604 -4160 17384 3213 3172 4056 END
START -7060 -2752 17360 3124 4528 6260 END