START -14344 1804 19408 5466 -3691 5206 END
START -14768 1040 20332 5284 -3693 6082 END
START -12964 -8 21304 4599 -2241 7809 END
START -11544 -1140 21212 3853 2739 10093 END
START -10356 -2484 20088 4495 6699 11524 END
START -10192 -2552 18584 5747 10013 12670 END
START -10976 -3176 16432 6161 10156 14614 END
START -11156 -4364 14536 6735 7549 16973 END
START -10732 -4352 12940 7405 4637 19165 END
START -9792 -3564 11512 7380 3565 20659 END
START -8964 -3036 9908 6490 2802 21224 END
START -7736 -3280 8772 4697 1321 21744 END
START -6032 -3256 9068 2974 -556 22686 END
START -4468 -3392 9372 2815 -2917 23960 END
START -2472 -3108 8828 2995 -5133 25375 END
START -284 -2720 8020 2003 -6398 26031 END
START 1328 -2056 7636 903 -7065 25705 END
START 2408 -1556 7036 155 -8172 25448 END
START 4636 -1484 6856 -996 -10394 25485 END
START 7084 -1404 7540 -2483 -11684 25146 END
START 8732 -1072 8072 -3371 -10774 24711 END
START 9608 -1036 7600 -4076 -9120 23861 END
START 9732 -1340 6700 -5345 -8644 22777 END
START 10200 -1512 6712 -6670 -9682 21900 END
START 12032 -1612 8028 -7746 -11177 20949 END
START 14336 -1832 8908 -8187 -12154 20263 END
START 16128 -1644 9572 -8609 -10621 18753 END
START 16644 -1960 9392 -8942 -8142 16565 END
START 16716 -2752 9856 -9722 -6698 14780 END
START 17820 -3612 10928 -10272 -6441 13852 END
START 19616 -4028 12492 -10924 -5875 12495 END
START 20756 -3936 13732 -11326 -4199 10251 END
START 21152 -4104 14588 -11207 -2037 7647 END
START 21104 -4308 14868 -11836 -92 5229 END
START 21436 -4368 15956 -12149 1770 2771 END
START 22268 -4360 16936 -11972 3077 -130 END
START 22760 -4088 17812 -11576 4430 -4204 END
START 22516 -4324 18772 -11119 4719 -8623 END
START 22328 -4364 19264 -10498 4012 -12979 END
START 22060 -4632 19668 -10372 3164 -17578 END
START 20988 -4932 21064 -9895 4255 -21832 END
START 18928 -4720 21780 -9251 7339 -24691 END
START 16004 -4592 22288 -9302 12489 -26586 END
START 11808 -4796 23056 -9617 18124 -27802 END
START 6820 -5296 23876 -8922 21402 -28775 END
START 1632 -5072 24516 -7221 22380 -29935 END
START -3852 -5112 25128 -5295 21120 -31374 END
START -9484 -4820 25640 -2464 17165 -31939 END
START -12940 -5392 25532 171 11999 -31270 END