START -3832 3792 16092 2743 668 -5199 END
START -3944 3612 16336 2780 389 -5513 END
START -5124 3268 17424 2964 -551 -5760 END
START -5492 2924 17188 3686 -1678 -6031 END
START -7368 3048 16336 4272 -1045 -5570 END
START -10016 2492 16632 4486 -2137 -3140 END
START -10472 2848 15808 4702 -2252 -133 END
START -11472 1928 14628 3766 -1163 3009 END
START -11976 1716 14136 2860 -372 6369 END
START -11376 1036 13600 2261 347 9209 END
START -11768 1368 13128 2355 -929 11156 END
START -11092 1008 12044 2585 -3259 12792 END
START -8692 1844 10780 2044 -3273 13267 END
START -8412 1268 10452 1722 -4647 13593 END
START -6952 1928 9436 1650 -6602 14818 END
START -4856 2128 7912 583 -5893 16082 END
START -3724 2248 6624 -1035 -4763 17324 END
START -2752 2284 4780 -2778 -3831 18247 END
START -1928 1100 2920 -3963 -4899 19225 END
START -536 392 696 -5360 -4784 19508 END
START -476 -800 -1408 -7374 -5757 19557 END
START -832 -1236 -2760 -9562 -7372 20210 END
START 1048 -2160 -4260 -12304 -8021 21128 END
START 3556 -2104 -4196 -15724 -7963 21671 END
START 8364 -456 -1904 -18503 -6824 20976 END
START 12432 96 452 -19401 -6663 18054 END
START 15456 -580 2204 -19235 -9409 14007 END
START 17172 -108 4340 -18536 -12448 9845 END
START 19196 -152 6748 -18544 -12495 6826 END
START 20160 -188 9248 -20406 -9138 5192 END
START 22356 -916 13772 -22141 -7163 4570 END
START 25388 -156 18328 -22761 -4378 2110 END
START 27880 -352 22292 -22701 -1722 -2278 END
START 28104 -2000 26972 -22077 1395 -6748 END
START 27672 -3060 30708 -19676 3428 -11181 END
START 27096 -5120 32767 -16892 6382 -16432 END
START 22176 -6700 32767 -12435 7929 -20977 END
START 17384 -7796 32664 -9247 7277 -23845 END
START 12692 -8144 31272 -8096 8131 -25089 END
START 8104 -8944 30584 -7056 9786 -25666 END
START 3428 -10072 29740 -5935 11018 -25701 END
START -592 -9248 28940 -4109 11360 -25528 END
START -4052 -10924 28232 -3182 11267 -24966 END
START -7512 -12500 27544 -1211 9497 -23255 END
START -9624 -13524 26336 466 7882 -19881 END
START -10668 -14900 24888 1691 6943 -15475 END