START -16448 3456 14948 1471 1595 6579 END
START -16304 3044 14528 1502 1268 7634 END
START -15648 2828 13928 1209 1519 9993 END
START -13664 1944 12660 -1141 5787 13027 END
START -12484 1000 12200 -4777 12112 14025 END
START -11968 -280 12456 -6656 14768 13929 END
START -12756 -988 12188 -4743 11017 13125 END
START -13020 -1236 10440 -732 2608 12714 END
START -13404 -912 7484 2570 -4900 13470 END
START -12376 -556 3436 2653 -8792 15603 END
START -10960 -260 80 -1249 -8870 19010 END
START -8400 224 -1024 -7109 -6308 23623 END
START -4260 -268 836 -11855 -3444 27107 END
START 264 -440 3372 -14302 -2922 28541 END
START 4536 -276 6256 -14074 -4683 27746 END
START 8432 92 8168 -12784 -7572 24690 END
START 10144 808 8940 -11333 -10164 21482 END
START 10756 1748 9720 -10626 -12136 18756 END
START 11220 2744 10284 -11012 -11855 17605 END
START 11180 2680 10344 -12458 -9749 17349 END
START 10796 2624 11024 -14424 -7446 18204 END
START 12056 2128 12108 -15833 -5277 18639 END
START 12908 1764 13480 -16434 -3542 16932 END
START 13448 1980 14748 -16194 -4024 14510 END
START 13820 2356 15912 -15213 -5031 11593 END
START 13652 2636 15948 -14731 -5986 9155 END
START 13712 2892 16216 -14755 -5795 6835 END
START 12780 2324 16164 -14769 -4936 4946 END
START 12484 1948 16552 -15075 -4288 3512 END
START 12668 1812 17684 -15379 -3346 2323 END
START 13288 2088 19036 -15154 -2504 1199 END
START 13992 2020 20152 -14891 -1416 -697 END
START 13848 1856 21272 -14087 -1066 -2851 END
START 14028 1952 22164 -13390 -1316 -5340 END
START 13512 1572 22776 -12559 -1448 -7662 END
START 13044 1228 23032 -11758 -1239 -9638 END
START 12104 964 23412 -11198 -512 -11161 END
START 11232 832 22932 -10902 898 -12138 END
START 10396 292 22888 -11259 3062 -12661 END
START 9004 -564 23348 -11320 4832 -13033 END
START 8456 -1268 24156 -10547 5569 -13790 END
START 7188 -1712 24644 -8958 4978 -14989 END
START 6304 -1864 24716 -6972 3506 -16313 END
START 5216 -1932 24516 -5391 2371 -17652 END
START 4116 -2596 23880 -4214 2021 -18570 END
START 2668 -2928 23928 -3464 2284 -18963 END
START 996 -3516 23712 -2888 3302 -18707 END
START -912 -4572 23528 -2136 4188 -17840 END
START -3060 -5272 23728 -1107 4280 -16667 END
START -4704 -6284 23688 280 4158 -15374 END
START -5992 -6908 23036 1389 4029 -13918 END
START -6972 -6908 22232 2105 3677 -12274 END
START -7652 -6956 21776 2176 3427 -10328 END
START -8068 -6612 21800 2281 3369 -8072 END
START -8036 -6168 21652 2782 3632 -5776 END
START -7756 -5584 21164 3499 3902 -3715 END