START -10968 360 18220 8051 -1984 2802 END
START -11168 432 18308 8304 -2130 3227 END
START -10852 564 17784 8682 -1862 3912 END
START -11132 392 16596 8109 -483 4553 END
START -11372 224 14820 6793 -376 5483 END
START -11712 112 14012 5790 -1508 6623 END
START -11180 456 13700 5496 -3361 7755 END
START -10320 768 13880 5747 -4217 8446 END
START -9524 948 13840 6568 -4021 9170 END
START -8272 908 12284 6283 -3839 10462 END
START -6800 948 11164 4524 -3221 12103 END
START -6020 920 11180 3193 -2356 13905 END
START -4828 1480 10968 2885 -1840 14807 END
START -3676 1652 10208 2651 -2369 14781 END
START -2832 1728 9964 2316 -4440 14213 END
START -1560 2184 10216 2391 -6504 14323 END
START 704 2396 9780 1522 -6769 14385 END
START 1788 3000 9908 632 -5879 14114 END
START 2800 2932 9360 -51 -5725 13891 END
START 3628 2780 8924 -670 -6031 13405 END
START 4184 2708 8688 -1282 -5810 12817 END
START 5484 2388 8816 -2656 -5552 12835 END
START 6760 1776 9148 -4199 -5689 13381 END
START 7828 1476 9508 -5014 -5834 13649 END
START 8048 520 9340 -5534 -5511 13382 END
START 7228 -96 8512 -6384 -4894 13242 END
START 6164 -1188 7612 -7710 -4617 13318 END
START 6432 -2508 8444 -9436 -5657 14360 END
START 8428 -2808 10184 -10568 -6082 15131 END
START 9708 -3228 11044 -11190 -5969 14969 END
START 10528 -3484 10700 -11646 -6768 14384 END
START 11296 -3512 10612 -12234 -7372 12896 END
START 12376 -3924 11596 -12543 -8802 10842 END
START 14904 -4444 13940 -12738 -10074 9394 END
START 16920 -4784 15536 -13020 -7732 8079 END
START 17624 -4648 16892 -13282 -5247 7066 END
START 19200 -3880 17424 -13447 -2932 5779 END
START 20572 -3620 19044 -14170 -394 4188 END
START 21432 -3676 20548 -13785 1680 1800 END
START 21768 -3444 21636 -13120 2845 -1567 END
START 21072 -3260 22456 -11924 3989 -5256 END
START 20020 -2920 22580 -10632 5399 -8740 END
START 18604 -2848 22500 -9467 7537 -12003 END
START 15900 -2720 22720 -8646 9890 -14815 END
START 12472 -2900 22856 -7712 11229 -17103 END
START 8200 -3952 23228 -6912 11488 -18558 END
START 3584 -4656 23684 -6491 10673 -18314 END