START -8708 2308 17360 5616 -4063 -284 END
START -9224 1940 17572 5943 -3908 299 END
START -9956 1708 17324 6731 -3566 1983 END
START -10820 1816 16140 7695 -2380 5224 END
START -10656 1472 14704 7789 -904 7921 END
START -10084 1588 13260 7317 475 9433 END
START -10080 1680 12228 6819 1156 10386 END
START -10044 1372 10932 6958 677 11682 END
START -9304 1332 9584 7268 -366 13636 END
START -8196 1264 8320 6905 -786 15637 END
START -6976 1880 6856 5904 -62 17665 END
START -6000 2140 5776 4530 537 19123 END
START -4604 2172 5008 2853 75 20064 END
START -3092 2280 4944 1264 -1024 20506 END
START -1112 2500 5132 413 -2668 20454 END
START 412 2660 5080 -348 -3997 20045 END
START 1600 2880 4948 -1097 -4607 19522 END
START 2312 2748 4792 -1994 -4340 19171 END
START 2784 2368 4396 -3016 -4351 19143 END
START 3716 1976 4492 -4509 -5077 19387 END
START 5892 1132 5244 -6195 -6161 20036 END
START 7796 904 6196 -7560 -6294 20450 END
START 9588 600 7008 -8909 -5703 20066 END
START 10168 736 7472 -9854 -4452 18915 END
START 9816 688 7464 -10055 -3796 17521 END
START 10044 276 6972 -10666 -4297 16518 END
START 11504 -932 7800 -12117 -5738 16302 END
START 14036 -1748 8896 -13863 -6653 16574 END
START 16032 -2168 10368 -15539 -5773 16093 END
START 17580 -1976 11724 -16050 -3081 14122 END
START 17072 -2376 12032 -15809 -1301 11081 END
START 17124 -3260 12540 -15734 -1960 8797 END
START 18284 -4316 14196 -15931 -2878 7466 END
START 19712 -4496 16028 -16316 -2714 6386 END
START 21084 -4396 16960 -16799 -845 4275 END
START 21864 -4544 18524 -17106 1309 1241 END
START 21832 -4416 20000 -16955 2278 -2140 END
START 21228 -4372 21364 -16101 2712 -5740 END
START 20416 -4068 22104 -15257 3606 -9401 END
START 19128 -3868 22944 -15087 5167 -12603 END
START 17440 -3904 24336 -15119 7771 -15224 END
START 14824 -4276 25888 -15406 11219 -17274 END
START 10572 -4648 27836 -14839 14512 -18576 END
START 5284 -5364 29376 -12868 15905 -19270 END