START -6744 -1988 16260 -210 2032 2751 END
START -10696 -1680 20312 1 2600 3026 END
START -12844 -760 20440 1031 2358 4249 END
START -12944 -788 17800 3254 1984 6643 END
START -11772 -1240 16468 3796 1298 8441 END
START -10616 -1600 15344 2589 2969 9518 END
START -9768 -2096 14804 1412 4745 10344 END
START -9748 -1996 14320 1566 5312 11775 END
START -8856 -952 13000 2530 4767 13747 END
START -8960 -368 12268 2686 3650 15078 END
START -6996 260 11420 1229 3693 16892 END
START -5348 208 11140 -771 5430 17959 END
START -4296 300 11376 -2148 6557 18906 END
START -3216 828 10772 -2737 5338 19166 END
START -2396 1284 9908 -3113 2415 18725 END
START -1812 2264 9592 -3317 -497 17874 END
START -456 2392 9776 -3569 -2379 16903 END
START 692 2312 10296 -4242 -4264 16563 END
START 1984 2148 11440 -4638 -5765 16456 END
START 3428 1804 12256 -4519 -5839 15514 END
START 3860 1372 11496 -4577 -5860 14344 END
START 3912 1216 11000 -4873 -6527 13233 END
START 4208 720 11560 -5179 -8102 12456 END
START 5384 124 12592 -4968 -10974 12038 END
START 7028 -172 13044 -4302 -13318 11175 END
START 8340 -288 13024 -4015 -13233 10124 END
START 8300 -628 12236 -5046 -10297 10015 END
START 7608 -1232 11148 -6659 -7116 10440 END
START 7712 -1824 11064 -8045 -6020 10763 END
START 8812 -2608 11896 -8824 -7443 11010 END
START 10464 -2796 12612 -8871 -9470 10873 END
START 12440 -2776 12692 -9283 -10707 9943 END
START 13832 -2516 13192 -9733 -9948 7589 END
START 14060 -2940 13740 -9816 -8037 5248 END
START 14412 -3480 14616 -10236 -7113 4316 END
START 15676 -3164 16000 -10514 -5706 3642 END
START 16804 -3284 16608 -10633 -3625 2507 END
START 17620 -3096 16272 -11122 -3561 1040 END
START 18176 -2476 15748 -11921 -4417 -1521 END
START 18192 -2796 16636 -13318 -5648 -4822 END
START 17764 -2772 18740 -13057 -4677 -7413 END
START 17548 -2476 19828 -11988 -1513 -9799 END
START 16900 -2712 20028 -11750 2345 -12758 END
START 15484 -3536 20816 -11674 4760 -15726 END
START 12672 -4192 22240 -11105 7144 -18193 END
START 8648 -5228 23836 -10426 9621 -19501 END
START 4052 -5996 24984 -9529 9954 -19527 END
START -192 -6080 26560 -7867 8764 -18785 END
START -3732 -6280 28124 -6026 8519 -17693 END
START -6600 -6516 29056 -4882 10405 -15630 END