START -1792 3540 9316 1349 1516 -3954 END
START -3752 5328 13124 1087 142 -3610 END
START -6832 4852 21100 766 792 -3687 END
START -3908 3244 15800 642 602 -2641 END
START -5800 3508 17304 1091 769 -1598 END
START -6664 3540 18284 2166 1577 -783 END
START -7564 3112 17904 3517 2765 110 END
START -8624 2376 17436 4681 3818 1191 END
START -9924 1816 16412 5024 4194 2241 END
START -11188 1780 15592 5052 4181 3028 END
START -12400 1184 14380 4760 3722 3971 END
START -13312 892 13324 4176 2710 5044 END
START -14040 660 12796 4282 1499 6306 END
START -13864 468 11928 4975 420 7946 END
START -13164 832 10784 5113 123 9697 END
START -12624 740 10140 4717 -274 11184 END
START -11596 536 9408 4542 -1136 13018 END
START -9732 860 7924 4066 -2036 14543 END
START -9056 500 7340 2958 -2034 15404 END
START -8228 212 6016 1782 -2368 16038 END
START -7416 200 5816 245 -3619 16339 END
START -5976 -396 6844 -446 -5106 17221 END
START -3916 -484 7548 -537 -4943 18261 END
START -2380 -724 7160 -1260 -3807 18669 END
START -1984 -1136 6456 -2163 -3487 18792 END
START -1556 -1400 5824 -2746 -4329 18608 END
START -964 -1728 5548 -3489 -6267 18093 END
START 1004 -1744 6132 -4138 -10549 18029 END
START 5440 -1912 7832 -4365 -13490 17362 END
START 9244 -2284 9024 -4897 -13570 16035 END
START 10828 -2348 9724 -5828 -9326 14958 END
START 9348 -2728 8868 -7387 -4247 15010 END
START 7168 -2380 7788 -9289 -2316 15642 END
START 6520 -2124 8440 -10751 -3116 16155 END
START 9136 -2060 10292 -12088 -4908 17576 END
START 13812 -1812 12588 -13634 -3850 17925 END
START 16640 -2124 14320 -14506 -492 16419 END
START 17352 -3260 15164 -14779 1418 13495 END
START 17752 -4776 17092 -14754 1029 10415 END
START 18672 -5572 19232 -13321 889 7700 END
START 19732 -6300 19812 -12629 1265 6025 END
START 20984 -6320 21036 -12692 2408 4768 END
START 21804 -6472 22784 -12303 4309 3037 END
START 23420 -6540 24004 -11702 5694 525 END
START 24512 -6620 25144 -10829 7181 -3078 END
START 24432 -6160 26432 -9285 8876 -7792 END
START 22952 -5808 26372 -7473 9934 -12839 END
START 20504 -6140 26016 -6262 10445 -17632 END
START 17520 -6696 25752 -5145 10723 -21232 END
START 14096 -6764 26004 -4218 10856 -23676 END
START 10068 -6164 26272 -3105 11014 -25293 END
START 5044 -5584 26788 -1832 11431 -26869 END
START -1164 -5660 27488 -588 10789 -28401 END
START -7492 -5768 28132 725 8749 -28580 END
START -12992 -5724 28668 1544 8134 -26725 END
START -17556 -5196 28764 2308 8219 -22931 END
START -19996 -4044 27876 3282 7517 -18187 END