START -14160 1224 9364 1901 2978 17400 END
START -14260 1404 8864 959 4222 18209 END
START -14584 1900 7712 -1323 6402 20079 END
START -14276 1364 6328 -5365 8086 23788 END
START -13392 484 5188 -7870 5271 26747 END
START -11900 616 5292 -8736 442 28348 END
START -9584 924 5112 -8612 -3562 28693 END
START -7172 1748 4320 -8434 -5769 28299 END
START -5148 1676 3788 -9130 -6435 28150 END
START -2292 1700 3328 -10413 -5879 27833 END
START 264 996 3264 -12368 -4928 26854 END
START 1508 344 3828 -13565 -4889 25308 END
START 2356 -328 3532 -14118 -7382 24011 END
START 3164 -696 3644 -14500 -10659 22936 END
START 3860 -1100 3272 -15194 -12445 23079 END
START 5736 -1764 3184 -17033 -13096 24451 END
START 8940 -1812 4204 -19415 -11131 25111 END
START 11796 -1952 6164 -20829 -8615 23369 END
START 12824 -2164 7648 -20211 -10117 19928 END
START 13964 -2592 9104 -18374 -13913 15877 END
START 14368 -1856 9316 -16821 -16966 12814 END
START 15428 -936 10056 -17132 -17543 11129 END
START 16404 -456 11528 -18424 -13767 10740 END
START 18164 164 13456 -20768 -6794 10307 END
START 19696 420 16240 -22105 -2026 7822 END
START 21180 600 20516 -20860 -1357 3784 END
START 22080 592 23712 -18057 -1471 -1284 END
START 21300 472 25700 -15186 -2180 -5966 END
START 20484 324 27348 -12509 -2558 -9404 END
START 18964 -108 28812 -10220 -1177 -11792 END
START 17032 -920 28288 -9212 2529 -12402 END
START 14964 -1540 27504 -10108 6449 -11886 END
START 13160 -2360 27664 -10839 9422 -11710 END
START 11040 -2564 28168 -9772 9596 -13150 END
START 8944 -3152 28008 -7094 7645 -15479 END
START 6992 -3444 26608 -4653 5142 -17904 END
START 4796 -3560 25200 -3614 3680 -19647 END
START 2892 -4096 24676 -3036 3724 -20068 END
START 1004 -4452 23848 -2957 5726 -18947 END
START -1060 -4996 23824 -2740 7269 -17464 END
START -3356 -5724 23844 -1581 6851 -15936 END