START -10236 2164 12104 9899 -8 4529 END
START -11112 2196 12288 9632 -513 5328 END
START -10372 1944 10192 8795 -1046 7088 END
START -9776 2120 8880 6212 -1363 9985 END
START -9608 2328 8880 4427 -1238 12022 END
START -8676 2124 8744 4651 -1147 13887 END
START -7564 2188 8036 5620 -1505 15062 END
START -6872 1876 6784 6416 -2267 16295 END
START -5584 2368 4788 6225 -2860 17123 END
START -4224 2012 2908 4160 -3213 17624 END
START -3188 1864 2024 1273 -3679 18176 END
START -2280 1748 2060 -930 -3986 18766 END
START -1384 1436 2608 -2099 -4239 19588 END
START 832 936 3088 -3511 -4689 20617 END
START 2808 1152 3428 -4702 -4847 21466 END
START 4324 1792 3500 -5651 -4517 21255 END
START 5316 2028 2772 -6841 -4346 20205 END
START 5624 1900 2276 -8134 -5192 19097 END
START 6712 1168 2728 -9511 -7052 18684 END
START 8700 440 4360 -10621 -8080 18156 END
START 11012 -656 5912 -11515 -7989 17811 END
START 12876 -1092 6952 -12391 -6680 17433 END
START 13572 -1236 7064 -13885 -4577 16622 END
START 13268 -1476 7396 -15265 -3392 15142 END
START 13960 -2420 8364 -16240 -4729 14105 END
START 16352 -3288 10088 -17414 -6016 13098 END
START 18572 -4220 12392 -18322 -5758 11554 END
START 19720 -4484 13804 -18466 -3541 9690 END
START 20036 -5076 15080 -18743 -746 7370 END
START 20668 -5928 17060 -19009 -157 5665 END
START 22048 -6396 19716 -18435 -817 3864 END
START 23484 -6440 21836 -17026 -988 1037 END
START 23716 -6528 23032 -15186 -610 -2689 END
START 22284 -6044 22776 -13599 632 -6760 END
START 20124 -5400 22908 -12930 3182 -10659 END
START 16892 -4692 23160 -12536 6296 -14317 END
START 13980 -4628 23528 -12448 8895 -17108 END
START 11012 -4504 24632 -12481 10963 -19300 END
START 7700 -4976 26096 -12291 13332 -20748 END
START 3336 -5680 28116 -11083 15601 -21028 END
START -1048 -5836 29276 -9148 17068 -20506 END
START -5692 -5980 29932 -6346 15749 -18889 END