START -10120 1940 20088 3113 11902 5691 END
START -17044 4764 30332 3139 11395 6663 END
START -13396 1932 21056 2409 13282 7700 END
START -10780 484 15612 496 13396 8948 END
START -11676 -204 15888 21 9438 10529 END
START -12516 -536 16248 1667 3796 11703 END
START -12420 -936 16472 3790 -789 12293 END
START -11832 -1292 15960 5181 -3253 13408 END
START -10988 -1824 15444 5864 -3591 15284 END
START -9744 -2548 14588 5455 -1603 17308 END
START -7840 -2144 13040 3663 867 18608 END
START -7032 -2292 12088 1549 2103 19120 END
START -6572 -2256 11264 -117 1032 19052 END
START -5692 -2120 11128 -648 -2015 18184 END
START -4904 -2140 10756 20 -4921 17249 END
START -4096 -2300 10116 636 -6996 17149 END
START -1980 -2668 9656 111 -7870 17980 END
START -536 -3028 9992 -949 -7772 19131 END
START 1232 -3536 10668 -1618 -7480 20141 END
START 2328 -3428 10520 -2119 -6860 20755 END
START 3240 -3168 10100 -2943 -6408 20419 END
START 3848 -3392 10408 -3816 -7009 19573 END
START 5152 -4064 11328 -4402 -8636 19113 END
START 7368 -4168 12784 -4322 -9789 18892 END
START 8976 -4524 13292 -4125 -9275 18057 END
START 9472 -4464 12720 -4290 -8960 17222 END
START 9540 -3984 12424 -4483 -8787 16653 END
START 9664 -3992 12632 -4627 -9036 16223 END
START 10960 -4036 12896 -4921 -10552 16340 END
START 13904 -3404 13552 -6035 -11273 15886 END
START 15908 -2804 14100 -7172 -10283 14388 END
START 16692 -2312 14396 -7467 -9188 12995 END
START 17684 -1984 14136 -8177 -8095 11081 END
START 18104 -2116 14720 -9242 -7398 8628 END
START 18588 -2036 15868 -8988 -6670 6113 END
START 19164 -1848 16312 -8457 -5178 3385 END
START 19224 -1840 16048 -8813 -3333 543 END
START 18644 -1860 16284 -9845 -1976 -2189 END
START 17780 -1904 16504 -10694 -1086 -4929 END
START 17700 -2592 15948 -13124 -1393 -8107 END
START 16568 -3044 19140 -14966 -1339 -12024 END
START 14708 -2660 22580 -12150 1226 -14418 END
START 13076 -2224 23240 -10112 7100 -15336 END
START 10352 -1456 23508 -10134 14056 -15271 END
START 6960 -1272 23928 -9746 19202 -14943 END
START 3368 -1128 24360 -8186 20514 -15456 END
START -88 -928 24472 -5665 18107 -16477 END