START -4616 6152 11016 7442 -3898 5429 END
START -1384 4792 6748 6675 -2735 5315 END
START -3724 5856 8320 4737 -417 5819 END
START -4676 4636 6820 1338 1280 8443 END
START -6196 4440 6560 -1277 -325 12415 END
START -5400 4108 7072 -2359 -1449 16358 END
START -3936 4308 7340 -2962 -287 17638 END
START -3800 3768 7420 -2900 588 17279 END
START -3216 3396 7316 -2489 -1332 17362 END
START -2416 2864 7912 -1902 -3626 17954 END
START -1288 2504 7700 -1969 -4478 18531 END
START -648 2040 7536 -2573 -4356 19139 END
START 376 2292 7116 -2977 -3271 19810 END
START 796 2456 5900 -4295 -2312 19552 END
START 1440 2728 5676 -5932 -3456 19195 END
START 2764 2460 6292 -6882 -5912 18714 END
START 4132 2472 7220 -7344 -8689 18433 END
START 5900 2188 7520 -7666 -10419 18107 END
START 7788 2248 7244 -8296 -9613 17305 END
START 8464 1688 6588 -9396 -7676 15543 END
START 8272 748 6756 -10780 -7207 14274 END
START 8880 -108 7680 -12231 -8072 14376 END
START 10496 -552 8544 -13265 -8107 14287 END
START 11524 -920 9088 -14164 -7039 13267 END
START 11692 -1392 9524 -14811 -6099 12309 END
START 12128 -2020 10064 -15619 -5483 11586 END
START 13720 -3008 12204 -16314 -5489 11414 END
START 16052 -3600 14980 -16336 -4480 10534 END
START 17604 -3720 16628 -16023 -2387 8238 END
START 17656 -3500 17392 -15707 -1223 5639 END
START 16980 -3344 18356 -15626 -741 3327 END
START 17612 -3544 19832 -15473 -616 1511 END
START 18568 -3628 21532 -14952 -148 -170 END
START 19540 -3800 22616 -14282 554 -2401 END
START 20180 -3648 23440 -13245 1098 -5591 END
START 19584 -3076 23792 -11804 1123 -9648 END
START 17756 -3004 23796 -10370 822 -13686 END
START 15624 -3504 23700 -9706 1568 -16052 END
START 13972 -3964 23744 -9668 2975 -16937 END
START 12584 -4136 23344 -9713 5420 -17112 END
START 10804 -4192 22608 -10130 7575 -17090 END
START 7484 -3972 22608 -10062 6877 -17033 END