START -9204 3052 15660 9199 5802 4498 END
START -9564 3300 15856 9341 5887 5110 END
START -9700 3120 15440 9656 5960 6360 END
START -9568 2152 13768 10214 6238 8332 END
START -9896 2016 11752 10073 5824 10468 END
START -9408 1524 9928 9243 5366 12300 END
START -9676 1624 8496 7592 4837 13438 END
START -9568 1200 7408 6190 3585 14606 END
START -9260 1240 6412 5296 1111 15855 END
START -8344 1148 5304 4807 -1552 16619 END
START -7168 1232 4292 4522 -3365 17089 END
START -6144 920 3264 4136 -4723 17863 END
START -5200 760 2016 3178 -5698 19217 END
START -3540 932 1436 1424 -6052 20498 END
START -1496 888 1572 -974 -6200 21834 END
START 300 892 1988 -2966 -6431 23219 END
START 2352 908 2540 -4670 -6752 24283 END
START 4456 1556 2960 -6252 -5843 24151 END
START 5760 1760 3276 -7467 -3757 22585 END
START 5328 1388 3216 -8052 -2607 20764 END
START 5156 1288 2996 -8818 -4484 20202 END
START 6296 1456 3532 -9657 -7813 20981 END
START 8412 1240 4480 -10950 -9853 21849 END
START 10672 1576 5376 -12645 -9355 21859 END
START 12184 1512 6412 -14362 -7446 20775 END
START 12696 1020 7268 -15912 -5168 19625 END
START 13760 72 8788 -17268 -4436 18803 END
START 15200 -332 10544 -18133 -4782 18332 END
START 17248 -448 12096 -18634 -3984 17256 END
START 18308 -428 12644 -19063 -1830 14913 END
START 17992 -1140 13036 -19132 -315 11828 END
START 17804 -1968 14504 -18971 -1477 9124 END
START 18504 -2920 15904 -18660 -4182 7170 END
START 20020 -3708 17704 -18618 -5822 5275 END
START 21172 -4196 19464 -18413 -4791 3171 END
START 21396 -4652 20464 -18183 -2003 464 END
START 20892 -5328 21480 -18035 409 -2012 END
START 20544 -5968 22536 -17790 2143 -3986 END
START 19848 -6076 23840 -17313 3744 -5881 END
START 19316 -6380 24804 -16312 5285 -7713 END
START 18492 -6572 25348 -15085 6892 -9922 END
START 16748 -6760 25540 -13957 8296 -12450 END
START 14296 -6848 26268 -12605 9614 -14566 END