START -11480 3532 15792 3484 386 -1945 END
START -11420 3020 14660 3431 -367 -1820 END
START -12620 2864 14260 3684 -1440 -1056 END
START -14152 2456 13496 4621 -3093 1490 END
START -14356 1760 12232 5465 -3924 4012 END
START -14752 2384 10236 4856 -3859 6008 END
START -15816 1464 8692 3050 -5459 8387 END
START -15344 1928 7400 2035 -6716 11630 END
START -14144 2136 5752 713 -6163 14495 END
START -13780 2060 3628 -718 -7423 17577 END
START -11216 1588 2056 -2865 -7435 20061 END
START -9060 360 1040 -5282 -7100 21648 END
START -6216 -196 1064 -7550 -7882 22862 END
START -2152 -1232 1644 -8646 -8743 22544 END
START 1140 -1764 1996 -8459 -9936 20658 END
START 2352 -2124 752 -7928 -12406 18962 END
START 3668 -1920 -1712 -9184 -12965 18418 END
START 4320 -2736 -2408 -11834 -12803 18938 END
START 6856 -3180 -2032 -13983 -13599 19502 END
START 12336 -2740 168 -16368 -13011 19401 END
START 17284 -2472 3424 -17598 -11028 16380 END
START 19236 -912 6580 -18248 -11441 13793 END
START 21544 840 9408 -19421 -9119 11556 END
START 21732 -340 12296 -21201 -5937 10561 END
START 24288 -220 15976 -21250 -4502 9084 END
START 27716 800 19988 -19941 -1901 3700 END
START 28132 740 23880 -16828 -1697 -2957 END
START 29140 964 25560 -13947 -462 -9188 END
START 26940 1492 26012 -13148 2624 -12538 END
START 24352 156 26476 -14423 8022 -13393 END
START 19132 -2132 27452 -15677 10082 -13353 END
START 14436 -3676 28436 -15176 8432 -12311 END
START 10092 -5700 28404 -13899 5938 -11381 END
START 10004 -5608 29044 -12821 6861 -13385 END
START 8036 -5928 29788 -9512 6687 -18018 END
START 5892 -6996 28396 -6211 4464 -22014 END
START 3064 -10728 26836 -4967 3049 -24165 END
START -1000 -12620 26132 -4790 895 -22780 END
START -3948 -11804 26372 -5042 3171 -18508 END
START -5752 -12792 26904 -4656 6690 -14237 END
START -7768 -13396 25816 -2773 8330 -10090 END
START -9724 -11956 25048 -7 8980 -5769 END