START -1576 3348 16472 1707 -2116 -4596 END
START -4712 4612 15700 1426 -1862 -4882 END
START -4000 3864 15380 1283 -4141 -5210 END
START -7644 3852 20588 2845 -4765 -5548 END
START -7952 2936 19464 5290 -3477 -5738 END
START -10000 1652 19388 6818 -2193 -4719 END
START -12516 1224 18352 7443 -2185 -2058 END
START -13220 1456 17960 8189 -1634 619 END
START -13724 1192 17976 9658 848 2336 END
START -14464 952 16332 11305 3374 3689 END
START -14736 88 13656 12173 3664 5115 END
START -14256 -44 10640 11558 2329 6857 END
START -13368 -12 9084 8758 425 8750 END
START -12596 508 9232 5815 -1047 10519 END
START -11140 604 9908 4265 -2765 12234 END
START -9288 1112 10508 4470 -3881 13556 END
START -7796 1544 9984 4733 -3796 14194 END
START -6500 1572 8492 4517 -2893 14852 END
START -6248 1372 7000 3197 -3152 15555 END
START -5252 1380 6460 1591 -4623 16846 END
START -3648 1440 6596 138 -5522 18054 END
START -1720 1384 7408 -1166 -5581 19036 END
START -176 1128 7892 -2014 -4451 19503 END
START 936 820 7540 -2865 -3036 19235 END
START 1484 -20 7152 -3481 -2345 18889 END
START 2148 -540 6960 -4517 -2848 19136 END
START 3632 -1024 7888 -5383 -3301 19702 END
START 5084 -1448 7908 -6115 -2808 19875 END
START 6088 -1724 7840 -7478 -2071 19571 END
START 6724 -1968 8560 -9212 -2224 19092 END
START 7716 -2424 10268 -9915 -3170 18942 END
START 9428 -2964 11384 -9754 -3805 19012 END
START 10708 -3348 11600 -9809 -3599 18662 END
START 11264 -3612 11432 -10218 -2595 17712 END
START 12264 -4176 12140 -11345 -2543 16457 END
START 13652 -4736 13908 -11767 -2786 15288 END
START 14132 -4736 14892 -11478 -2535 13921 END
START 13596 -4612 14912 -11483 -2606 12805 END
START 13104 -4448 14592 -11605 -3087 11586 END
START 13180 -4852 14404 -11926 -3499 10319 END
START 15200 -5324 16008 -12854 -4337 9696 END
START 17412 -5224 18120 -13322 -3521 8565 END
START 18208 -5236 19168 -13569 -2022 7434 END
START 18328 -5108 20080 -13595 -775 6069 END
START 18892 -5016 21168 -13067 703 3885 END
START 19104 -5288 22000 -12384 2044 925 END
START 19120 -5420 22676 -11514 2649 -1883 END
START 19260 -5004 23316 -11079 4326 -4686 END
START 18716 -4604 23980 -10672 6002 -7356 END
START 17668 -4632 24028 -10003 7219 -10169 END
START 15684 -5332 23860 -9376 8183 -12952 END
START 13196 -5868 23504 -8666 9273 -14670 END
START 10020 -6104 23468 -8315 10501 -15519 END
START 6956 -5600 23448 -7961 10631 -15338 END
START 3428 -5128 24360 -7999 10769 -14654 END
START 188 -5352 25032 -7893 11614 -13994 END
START -3612 -6156 25956 -6789 11857 -13331 END
START -6904 -6732 26696 -4057 9800 -12501 END
START -8720 -5208 26432 -1891 8684 -12208 END
START -10296 -3080 27328 -886 9526 -12102 END