START -5916 768 12224 409 -4978 -125 END
START -10772 1520 20532 546 -4733 -104 END
START -10296 816 21552 1009 -5722 216 END
START -10440 160 21524 2840 -5673 864 END
START -10708 20 21624 5213 -5323 1705 END
START -10500 160 21840 6996 -3195 2458 END
START -10944 -76 21836 8927 313 2893 END
START -11492 -532 20712 11300 2915 4110 END
START -11460 -1000 18088 12595 4108 5722 END
START -11844 -608 15612 11625 4142 7054 END
START -12484 -1332 14412 10319 3199 8341 END
START -12464 -532 13744 9766 2251 10087 END
START -11796 -320 12776 9716 1794 11538 END
START -11584 -76 11228 9234 841 12811 END
START -10564 148 9304 8776 -441 14096 END
START -9208 52 7552 7228 -2302 15444 END
START -7796 180 6488 5436 -4374 16450 END
START -5948 464 5808 4072 -6292 17336 END
START -4372 472 4696 2641 -7928 17849 END
START -2952 796 4028 1221 -8335 18389 END
START -1396 612 3020 -275 -7775 18842 END
START -244 264 2104 -2304 -7175 19695 END
START 1628 -276 1732 -4541 -6650 20977 END
START 2644 -1788 1328 -7342 -6352 22010 END
START 4648 -2200 1328 -10087 -6331 22294 END
START 5224 -2448 2016 -11444 -5780 22099 END
START 5904 -1104 1804 -11996 -6649 22030 END
START 7212 308 1676 -12677 -8174 20964 END
START 8736 344 3204 -13473 -9739 19467 END
START 11476 -60 4888 -13939 -9292 17935 END
START 12344 -1348 6468 -15084 -5899 16829 END
START 12056 -2712 7528 -16594 -2727 16139 END
START 12580 -4324 9604 -17332 -2614 15573 END
START 14596 -5252 12088 -17384 -2990 15117 END
START 17016 -6180 15040 -17240 -1879 14089 END
START 19212 -6980 17536 -16497 -50 12502 END
START 20352 -7464 19088 -16192 1909 10148 END
START 21152 -7740 21632 -15254 3443 7459 END
START 21620 -7796 23412 -13483 4997 4431 END
START 21344 -8072 23780 -12292 5837 1632 END
START 21312 -8544 23936 -11699 5885 -685 END
START 21724 -8364 25184 -11778 6487 -3065 END
START 22172 -7692 26912 -10697 8692 -5819 END
START 21816 -6520 27692 -9745 11325 -8791 END
START 21200 -5720 28680 -8873 13745 -13013 END
START 19012 -5608 29248 -7033 16519 -18213 END
START 15056 -6108 29196 -4890 19233 -22987 END
START 9188 -6408 28708 -2839 20314 -26200 END
START 3628 -6316 28172 -1311 19653 -27794 END
START -2316 -6840 27812 62 18660 -28806 END
START -7120 -7716 27752 1473 16642 -28835 END
START -12196 -7388 27224 3655 12248 -27872 END