START -6688 6888 23396 4825 5462 -5488 END
START -3708 5240 16620 5028 5803 -5898 END
START -3556 4804 17680 5815 5647 -6868 END
START -6812 4916 18240 7669 4846 -6633 END
START -8720 4228 17868 8934 3177 -4688 END
START -9992 4572 16060 8534 2732 -1744 END
START -10256 3604 14600 6144 2747 729 END
START -11360 3600 15000 3565 2669 3333 END
START -11904 3868 15292 2348 3413 5802 END
START -12064 3388 15164 1819 3099 7607 END
START -12448 3172 14640 2156 2202 9590 END
START -13300 3540 12716 1865 185 12298 END
START -12180 3456 10528 446 -727 15672 END
START -9968 3816 9208 -1643 879 18012 END
START -9068 4440 8072 -3556 2503 19118 END
START -8168 3884 6960 -4337 1612 19401 END
START -6892 3488 5712 -4179 -1314 19124 END
START -5820 3092 3984 -4440 -3558 18446 END
START -5112 2300 1636 -5835 -5059 18733 END
START -3884 2364 -300 -8599 -5491 19651 END
START -2316 1344 216 -11779 -5593 20818 END
START 432 1028 1236 -13907 -5178 22039 END
START 2600 180 2064 -14792 -5596 21205 END
START 4240 -380 2740 -14543 -7765 19448 END
START 5940 -728 3500 -14148 -9883 16548 END
START 6648 -780 4320 -13740 -12474 14038 END
START 8448 -336 5688 -14121 -12926 12742 END
START 10060 68 7144 -15645 -10549 12414 END
START 11136 -256 8756 -17092 -8473 12000 END
START 12372 -724 11492 -17945 -6902 10538 END
START 13580 -1504 14220 -17838 -6283 8603 END
START 14172 -1908 16348 -16573 -5874 6358 END
START 14456 -2420 18148 -15539 -6257 4012 END
START 15780 -2184 19920 -14631 -5955 1384 END
START 15620 -2152 20908 -13748 -4787 -1050 END
START 14916 -2492 21308 -13981 -2139 -2252 END
START 14116 -2984 22792 -14979 1275 -2138 END
START 13740 -3652 24692 -14760 2890 -2135 END
START 14192 -4212 26060 -13563 3479 -3535 END
START 13988 -4260 27168 -11826 3679 -5899 END
START 12916 -4700 27000 -9911 3089 -8542 END
START 11848 -4336 26424 -8351 2772 -10589 END
START 10712 -4528 25508 -7690 4017 -11929 END
START 9180 -4208 25104 -7329 4903 -12332 END
START 8408 -4192 25104 -7070 5828 -12353 END
START 7604 -4340 25540 -6157 6843 -13051 END
START 6128 -4776 25388 -4475 6960 -13933 END
START 5148 -5268 25080 -2864 7190 -14999 END
START 3228 -5272 24664 -1542 7818 -16006 END
START 1180 -5396 23744 -713 8292 -16551 END
START -660 -5664 23456 -73 8700 -16795 END
START -2556 -5964 23016 925 8960 -16654 END