START -6928 7332 12408 4255 779 2179 END
START -8592 7800 14556 4322 1394 2422 END
START -9396 7312 14356 4287 2410 2976 END
START -9436 7420 13192 3653 5259 4285 END
START -9784 7096 11748 1077 9964 6012 END
START -11472 5604 11468 -912 11208 7818 END
START -12544 5000 11220 -2297 7503 10441 END
START -11708 4816 10964 -2716 3902 12392 END
START -11152 4552 10528 -3053 2400 13840 END
START -10028 4132 9440 -3752 2572 15263 END
START -9396 3828 8416 -4611 3480 16097 END
START -9236 3608 7284 -5473 3226 16951 END
START -8656 3288 5880 -6274 1015 18115 END
START -6936 2900 4716 -7646 -1304 19351 END
START -5596 2952 4344 -9443 -2350 20470 END
START -4600 2480 3668 -11640 -3863 22100 END
START -2944 1836 3512 -14848 -4423 24083 END
START -936 564 4424 -17380 -3842 25635 END
START 940 -72 5876 -17999 -3921 25391 END
START 1252 -824 6016 -17252 -6832 24750 END
START 2316 -1744 5884 -16753 -10811 24489 END
START 3364 -2760 5276 -17601 -12772 25351 END
START 7020 -2940 6624 -19365 -10641 25451 END
START 7804 -3496 8320 -19484 -9459 23609 END
START 9840 -3248 9448 -18644 -9901 20868 END
START 10908 -3072 10152 -17957 -9466 17177 END
START 10784 -2596 10744 -17215 -10578 14149 END
START 10980 -1928 11224 -17344 -10650 12576 END
START 12112 -2184 12100 -18284 -9353 12288 END
START 14520 -1668 13940 -19098 -6490 11532 END
START 16816 -1672 15988 -19351 -2764 8720 END
START 17852 -1764 18252 -17890 -2305 4681 END
START 19088 -1904 19108 -16150 -2020 159 END
START 18104 -2448 19168 -15246 -946 -3374 END
START 16588 -1956 19868 -14987 332 -4796 END
START 16416 -1592 20556 -14870 3441 -6069 END
START 15984 -2196 21324 -14649 5882 -7978 END
START 15016 -3356 22204 -14264 8002 -9944 END
START 12908 -4216 23032 -13739 9598 -11145 END
START 11232 -6088 23864 -12814 9485 -11920 END
START 10272 -5600 25072 -11785 8702 -12171 END
START 10236 -5224 26612 -10266 9038 -13481 END
START 9928 -4988 27216 -8340 9303 -15748 END
START 9276 -5220 27804 -6669 9639 -18240 END
START 7616 -5192 28364 -4319 9853 -20601 END
START 5544 -5248 28284 -1804 10403 -22811 END
START 2328 -5972 28108 1028 10522 -24705 END
START -72 -6484 27068 3386 10012 -25874 END
START -2416 -6972 26076 4803 10304 -26176 END
START -5160 -7644 24840 5322 10156 -25130 END
START -7064 -8328 23732 5168 8316 -22919 END
START -8100 -8108 23172 4917 6718 -20232 END