START 848 1556 16064 738 -1965 -4914 END
START 248 1304 16296 801 -1903 -4988 END
START -104 1176 16292 960 -2511 -4578 END
START -2840 1060 19264 1321 -2397 -3473 END
START -2624 816 19648 1384 -1643 -2639 END
START -2148 1480 20588 1510 733 -3872 END
START -6916 1932 20652 2848 1662 -6964 END
START -7380 -232 21500 5219 -2966 -7943 END
START -9340 156 19908 7448 -6303 -5194 END
START -9680 236 19216 7365 -5013 -213 END
START -10204 744 18972 5776 -884 4781 END
START -9428 512 19080 4723 1920 8123 END
START -9212 760 18952 4997 3233 8577 END
START -9068 248 17892 5674 2201 7867 END
START -10260 268 17008 6386 848 6951 END
START -11216 72 15636 6899 -250 7269 END
START -12488 -544 14260 7385 -901 8821 END
START -12116 -652 12332 7031 -402 10857 END
START -11668 -472 10820 6443 -419 13144 END
START -10784 -440 9876 6168 -1303 14840 END
START -9044 -520 9240 5599 -2275 16494 END
START -6688 -788 7948 4490 -2976 17838 END
START -4980 -776 7924 3282 -3187 18503 END
START -3420 -728 7052 2394 -3050 18538 END
START -2720 -688 6360 1807 -3135 18050 END
START -2428 -1008 5416 1630 -4143 17776 END
START -1484 -1700 4808 689 -5824 18249 END
START 484 -2420 5340 -1060 -6689 19396 END
START 2808 -2468 6016 -2393 -5638 20339 END
START 4676 -2436 5868 -3900 -4281 20495 END
START 5220 -2268 5572 -4938 -3388 19936 END
START 5276 -2684 5460 -6016 -2856 18894 END
START 5916 -3396 6360 -6933 -4282 18791 END
START 8332 -3748 7496 -7681 -4956 19150 END
START 11204 -3700 8468 -8994 -4256 19063 END
START 12532 -3936 8956 -10132 -2476 17800 END
START 11900 -4168 8892 -11362 -1798 16360 END
START 12116 -4628 9584 -12434 -2818 15251 END
START 13952 -5500 11408 -13345 -3121 14414 END
START 16972 -5932 13960 -14061 -1442 13665 END
START 19392 -6268 15412 -14798 792 12244 END
START 20532 -6508 16196 -15420 2125 10341 END
START 20664 -7164 17572 -15559 2465 8327 END
START 21716 -8004 19520 -15642 1976 6708 END
START 23664 -8556 21804 -15182 2609 4584 END
START 25612 -9524 23852 -14631 3647 1552 END
START 26260 -10100 25996 -13285 5259 -2396 END
START 25720 -9928 27208 -11694 5789 -6128 END
START 25120 -9740 28780 -10483 7113 -9865 END
START 23628 -9256 29868 -8797 8716 -13383 END
START 21776 -8420 29688 -7236 10839 -16357 END
START 19128 -6960 28584 -6644 13383 -19296 END
START 15264 -5688 27776 -5735 15521 -22634 END
START 9044 -5920 26432 -4738 16213 -26105 END
START 460 -6944 24972 -3015 13781 -27240 END
START -6468 -7632 23368 -2024 11504 -26357 END
START -12920 -7148 22472 -1958 10850 -23549 END
START -18212 -6100 21936 -2371 10866 -19292 END
START -21460 -4440 21324 -2794 9620 -14726 END
START -18088 -4120 19796 -1985 9088 -12439 END
START -22292 -2652 21636 -621 5541 -11201 END
START -17268 -1456 21396 2350 2064 -9463 END