START -11920 4032 14308 6763 -484 -1225 END
START -9176 3312 14048 7023 -1026 -681 END
START -12804 3816 12808 7137 -2385 585 END
START -13388 4152 12732 7198 -3128 3028 END
START -13844 3496 11516 6510 -2727 5590 END
START -14364 3368 10008 5146 -827 8158 END
START -14660 2992 8600 2295 1066 11097 END
START -14896 2304 7836 -635 1827 13784 END
START -14140 1712 7948 -2376 903 15868 END
START -13440 2356 8420 -2798 -734 17106 END
START -11940 2580 8276 -2286 -3289 17607 END
START -10216 2912 7252 -1886 -5735 17867 END
START -8776 3080 6304 -2830 -6582 18435 END
START -7432 3472 5956 -4265 -6169 19673 END
START -6080 2916 5308 -5563 -5830 20983 END
START -4104 2428 5004 -6739 -6014 21809 END
START -2408 2008 4880 -7853 -6484 21816 END
START -588 1880 5400 -8768 -7632 21312 END
START 1396 1396 5896 -9460 -8397 20419 END
START 2596 1176 5948 -10055 -8901 19458 END
START 3544 816 5996 -11092 -9273 19091 END
START 4436 -40 6036 -12154 -9407 18660 END
START 4756 -684 5936 -13084 -9318 18253 END
START 5672 -972 6188 -14194 -8876 18012 END
START 6608 -1740 7180 -15634 -8121 17781 END
START 8688 -1496 9488 -16669 -7509 17769 END
START 11364 -1004 11800 -16626 -6699 16536 END
START 13612 -316 13468 -16139 -5952 14251 END
START 15356 172 14600 -15736 -5388 11698 END
START 16940 652 15536 -15871 -4534 8961 END
START 18272 1160 16856 -15737 -3335 6276 END
START 18616 1608 17464 -15517 -1644 3417 END
START 18472 1356 17716 -15653 32 793 END
START 17868 1548 18100 -15788 1004 -1285 END
START 17284 1488 17968 -15789 1777 -3576 END
START 16576 1120 18880 -15747 1703 -5833 END
START 16292 632 19824 -15582 1746 -8027 END
START 16288 408 20900 -15456 1961 -10076 END
START 16092 -168 22524 -14918 1997 -12357 END
START 15036 -804 23692 -14196 2182 -14814 END
START 13412 -1492 25060 -13290 1777 -16929 END
START 11788 -2148 26144 -11929 1500 -18890 END
START 8796 -3152 27024 -10264 793 -20637 END
START 6396 -3984 27480 -8239 -22 -21803 END
START 4160 -4724 27332 -6706 0 -22903 END
START 1452 -5648 27248 -5967 697 -23318 END
START -1188 -6808 27636 -5223 1744 -22834 END
START -3508 -7696 28024 -3870 2949 -21754 END
START -5424 -9004 27652 -2274 3823 -20450 END
START -6552 -9604 26932 -803 4383 -18878 END
START -7576 -9892 26328 434 4943 -16987 END
START -8684 -9648 25324 1537 5467 -14378 END
START -9316 -8932 23996 2553 6009 -11324 END
START -9664 -8200 22596 3165 6257 -8240 END
START -9616 -6944 21428 3485 6262 -5172 END