START -5208 1016 15980 1480 -1646 -1440 END
START -1372 1744 11060 1493 -1896 -1097 END
START -2460 744 18468 1662 -2924 -222 END
START -5252 1744 22672 2324 -2517 925 END
START -4592 1704 22500 3406 -1113 1806 END
START -4520 1864 22040 4664 446 2076 END
START -5404 1864 21988 5849 1397 2130 END
START -6224 1796 21916 7252 2073 2529 END
START -6416 1648 21156 8696 3178 3292 END
START -6408 1144 18188 8267 4351 3975 END
START -7524 1432 17236 6480 3864 4233 END
START -8460 1880 17372 6194 2543 4713 END
START -8656 1544 16560 6714 1611 5643 END
START -8288 1644 15744 6716 1355 6688 END
START -8036 2084 15300 6799 1653 7857 END
START -7372 2176 14344 6934 2066 8929 END
START -7032 2044 12968 6084 2187 9935 END
START -6816 2428 12516 4853 1955 10931 END
START -6476 2424 11924 4242 1717 11971 END
START -6148 2592 11160 3553 1409 12762 END
START -6132 2820 10700 2916 364 13417 END
START -5244 2836 10408 2635 -753 13947 END
START -4108 2708 9852 2311 -1344 14640 END
START -3128 2568 9200 1699 -1469 14868 END
START -2600 2248 8876 1024 -1807 14603 END
START -2084 1844 8336 731 -2654 14502 END
START -1104 1852 7876 268 -3108 14283 END
START -220 1716 7820 -250 -2379 13896 END
START 192 1368 7352 -1066 -2045 14026 END
START 1436 924 7608 -2049 -2250 14443 END
START 2564 456 7852 -2669 -1515 14733 END
START 2744 -64 7668 -3359 -323 14769 END
START 2912 -416 6560 -4199 274 14560 END
START 3092 -696 6280 -5350 -818 14706 END
START 4200 -776 7216 -6062 -1701 14943 END
START 5644 -856 8116 -6719 -1648 15149 END
START 6948 -740 8108 -7527 -1217 14826 END
START 7312 -1012 8100 -8296 -695 13902 END
START 7128 -972 7820 -9427 -324 12780 END
START 7640 -1296 9248 -10488 -865 12578 END
START 9280 -1672 11068 -11188 -1086 12647 END
START 11192 -1488 12472 -12010 -264 12022 END
START 11896 -1744 12904 -12427 583 10276 END
START 11060 -2144 12976 -12940 749 8169 END
START 10576 -3320 14536 -13621 -661 7176 END
START 13132 -4276 16956 -14053 -1792 7247 END
START 16444 -4608 19472 -14015 -419 6115 END
START 18920 -4840 22168 -13123 1465 3997 END
START 19844 -5056 22984 -12094 2114 1680 END
START 20692 -4992 23932 -11382 2017 -733 END
START 21104 -5248 24420 -10356 1576 -3271 END
START 21332 -5440 24424 -9470 1770 -5784 END
START 21340 -5208 24632 -9026 3983 -8533 END
START 20668 -4208 25080 -8536 7098 -11477 END
START 18892 -3588 25192 -7802 10395 -14469 END
START 16508 -2924 25112 -6779 12364 -17401 END
START 13280 -3372 24292 -6239 13951 -20464 END
START 8032 -4464 23844 -5335 14657 -23067 END
START 2184 -5600 22628 -3964 13109 -24570 END
START -3952 -6028 22084 -3141 10856 -24319 END
START -9464 -5920 22236 -3088 9164 -22490 END
START -13240 -5576 23136 -2930 8063 -19862 END
START -15924 -5444 23356 -2094 6666 -17364 END
START -17048 -4840 23252 -1069 4645 -15530 END
START -17296 -4180 23256 330 1779 -14371 END
START -16740 -3368 22732 1911 -1468 -13207 END