START -9440 3220 9992 52 1408 14543 END
START -9748 2880 9948 -615 2072 14874 END
START -10628 2620 10032 -1885 2361 15860 END
START -10616 3060 9428 -2924 2179 18811 END
START -12056 1440 9380 -3462 -379 21361 END
START -12176 880 8888 -2135 -5964 25134 END
START -7764 2468 6840 -2496 -7351 28055 END
START -4584 2464 5912 -5228 -3070 27240 END
START -3880 2500 6420 -7512 -10 25727 END
START -2696 2000 7200 -7513 -730 23962 END
START -1160 1244 7028 -6242 -3727 21989 END
START 728 1952 5756 -5757 -6632 20307 END
START 1944 1984 5132 -6814 -7100 19075 END
START 2972 1152 4344 -9008 -5297 18936 END
START 3100 760 3932 -11184 -3580 19230 END
START 3320 -1348 4484 -12645 -4101 19453 END
START 4544 -2104 5208 -13297 -4516 19556 END
START 6204 -2116 6308 -13251 -4236 18520 END
START 7860 -2376 6956 -13488 -3661 17025 END
START 9328 -1492 8276 -13628 -3430 15603 END
START 10452 -940 8904 -14126 -2258 13741 END
START 10976 -1088 9476 -15242 -402 12745 END
START 10556 -908 10576 -16254 134 13100 END
START 12372 80 11928 -16888 461 13349 END
START 14464 764 13988 -17140 1419 11536 END
START 16040 1788 15896 -16876 2072 7793 END
START 17388 2212 18152 -16045 1247 3458 END
START 18036 1640 19608 -15034 118 -559 END
START 17492 2228 20920 -14591 -347 -2401 END
START 17792 2648 22428 -14956 1439 -2665 END
START 18376 1900 24016 -15784 5136 -2961 END
START 18328 1280 25880 -15976 7716 -4095 END
START 18392 192 27720 -15040 8872 -7060 END
START 17160 -980 28880 -13247 8385 -10417 END
START 15620 -1204 29576 -11252 7380 -13199 END
START 14252 -1420 30088 -8916 6543 -15790 END
START 12800 -1376 29468 -6448 5150 -18772 END
START 10404 -2876 28520 -4777 3826 -21532 END
START 7684 -2808 27508 -4017 4372 -22057 END
START 4892 -3680 26684 -3885 6638 -21748 END
START 1864 -3912 26112 -3527 8623 -20661 END
START -908 -4444 25964 -2375 8504 -19899 END
START -3112 -4316 25440 -115 6723 -19697 END
START -4468 -4444 24692 1967 4466 -19568 END
START -6180 -4340 24112 3549 1742 -18779 END
START -6704 -4356 23208 4808 890 -17451 END
START -7236 -4336 22112 5099 1792 -15867 END
START -7692 -4240 21156 4949 2971 -13988 END
START -8112 -4112 20396 5015 3559 -11863 END
START -7852 -4376 19332 5169 3499 -9676 END