START -16732 -2564 19268 11880 5177 -1141 END
START -18592 -2444 20940 11490 4149 -463 END
START -18780 -4216 20016 10952 4934 1076 END
START -19520 -6008 17444 10685 6520 3775 END
START -20776 -7956 16520 11463 6903 6980 END
START -22404 -8704 14032 13757 5376 10674 END
START -22536 -9468 9872 16586 1677 15086 END
START -20220 -9428 4888 18651 -3608 19355 END
START -16208 -8516 -388 17911 -8743 23157 END
START -10844 -8424 -5612 13885 -12537 26534 END
START -5440 -9188 -9384 6873 -13182 28488 END
START -1296 -10512 -10568 -424 -11671 29230 END
START 2708 -10744 -10472 -6311 -9059 30467 END
START 6212 -10948 -9644 -10604 -9021 31105 END
START 11088 -10512 -7752 -13271 -10480 29282 END
START 14488 -9452 -5408 -14868 -11187 24714 END
START 16624 -7756 -2756 -16186 -12239 20277 END
START 18840 -5944 -260 -18011 -12861 16618 END
START 20456 -4040 2332 -20323 -11999 13115 END
START 21724 -2988 5508 -23286 -9220 9432 END
START 21788 -2408 8852 -26118 -5180 5510 END
START 21352 -2452 13276 -29019 -682 1326 END
START 20184 -2120 18804 -31263 3209 -2614 END
START 18208 -1616 25232 -31907 5537 -6048 END
START 15368 -1320 31100 -31107 6261 -8607 END
START 12260 -1404 32767 -29383 5692 -10379 END
START 8520 -1584 32767 -26941 5125 -11461 END
START 5148 -1828 32767 -23172 4825 -11918 END
START 2380 -2448 32767 -17807 5020 -12230 END
START -408 -3100 32767 -11971 5789 -11971 END
START -3652 -3448 32767 -5296 6427 -10820 END
START -6584 -3252 32767 2001 5924 -8994 END
START -8988 -2812 32767 9208 4678 -6969 END
START -10356 -2632 32767 15318 3370 -4735 END
START -9936 -3120 32767 20137 2441 -2650 END
START -8548 -3804 32767 23722 2295 -1962 END
START -7360 -5216 32767 27359 2327 -2374 END
START -7728 -6892 32767 31028 2242 -2421 END
START -7116 -8472 32767 32767 1904 -1909 END
START -6060 -9664 32767 32767 2278 -1566 END
START -5664 -10872 29840 32767 3455 -1254 END
START -5220 -11632 25952 32767 4782 -663 END
START -4608 -12180 21876 32767 5569 -15 END
START -4020 -12376 17824 32767 5023 118 END
START -3552 -12272 13796 32767 4057 5 END
START -3220 -11788 10012 32767 3552 68 END
START -2848 -10980 5684 32767 3034 499 END
START -2376 -10248 2196 32767 3257 1159 END
START -1640 -9348 -1012 29702 4720 2047 END
START -872 -8664 -4180 26476 5894 2972 END
START 104 -8380 -7084 23900 6206 3403 END
START 1188 -8080 -10716 22017 5112 3242 END
START 2180 -8576 -14204 19572 2178 2314 END
START 2696 -8984 -17116 16606 -915 895 END
START 2648 -9620 -19840 13295 -2717 -263 END
START 2668 -10132 -22012 9213 -3583 -675 END
START 2524 -10244 -23828 4102 -3760 -50 END
START 3076 -9680 -25100 -2013 -2950 1064 END
START 3980 -8572 -24952 -8884 -1347 1625 END
START 4264 -7644 -23956 -15043 -608 1229 END
START 4380 -7408 -22580 -20036 -1344 346 END
START 4288 -7672 -21192 -24353 -3456 -700 END
START 4308 -8532 -19128 -28536 -6433 -1712 END
START 3900 -9732 -17020 -32768 -9186 -2590 END
START 3448 -11856 -12616 -32768 -10856 -3002 END
START 3096 -13072 -6796 -32768 -11460 -2507 END
START 2264 -12636 1088 -32768 -11599 -964 END
START 2084 -11164 10096 -32768 -10867 2646 END
START 6556 -10940 24252 -32768 -7761 5338 END
START 11268 -10220 32767 -32768 -447 454 END
START 10972 -10672 32767 -32768 3889 -7055 END
START 6996 -13000 32767 -32768 4108 -13262 END