START 5688 -3732 32767 12883 -11544 3597 END
START 3752 -2696 32767 14521 -12101 3194 END
START 3216 -3288 32767 18151 -10768 1554 END
START 6536 -4712 32767 23487 -9780 -79 END
START 4220 -5400 32767 28174 -8740 -1303 END
START 3508 -6520 32767 32282 -10268 -1811 END
START 4600 -6924 32767 32767 -10776 -1679 END
START 6040 -6484 32767 32767 -9138 -2276 END
START 6256 -5660 31100 32767 -6858 -3549 END
START 6088 -5456 26804 32767 -4795 -5343 END
START 4840 -5212 22260 32767 -3513 -7220 END
START 3628 -5828 17348 32767 -3438 -8468 END
START 1860 -5352 13496 32767 -4033 -8412 END
START 908 -5452 10060 32767 -3774 -7496 END
START 148 -5144 7088 32403 -2226 -5909 END
START -448 -4588 4568 30089 -648 -4274 END
START -552 -4368 2176 27309 -153 -2640 END
START -460 -3344 128 24034 -1293 -985 END
START -20 -2088 -724 20589 -3413 315 END
START 492 -780 -712 17586 -5552 986 END
START 1200 572 -172 15476 -7057 1586 END
START 2184 908 668 14162 -7999 2274 END
START 3572 2000 1632 12954 -8009 2857 END
START 4928 3332 3232 11753 -6590 2948 END
START 6124 4856 5008 10748 -4506 2453 END
START 6676 5884 6484 10461 -3150 1615 END
START 7208 6572 7584 10604 -3425 857 END
START 8280 7088 8876 10900 -4322 662 END
START 9416 7644 10124 11408 -4640 434 END
START 10888 7928 11272 12346 -3965 -149 END
START 12072 8796 11596 12998 -2150 -1524 END
START 13456 9780 10964 12473 836 -4156 END
START 13860 11456 9796 10777 4177 -7654 END
START 13668 11204 8940 8761 5858 -10852 END
START 12496 11072 8000 7925 4990 -12735 END
START 11344 10280 7816 7989 2308 -13558 END
START 10896 9912 7540 8563 -659 -13695 END
START 11060 9812 7236 8993 -1820 -13598 END
START 10784 10360 6612 8672 -1067 -13948 END
START 10400 10276 5640 7677 262 -15206 END
START 9876 10172 4716 6324 871 -16714 END
START 8960 9804 4376 4936 751 -17948 END
START 7600 9624 3884 4200 437 -18917 END
START 6284 9064 3396 3612 -288 -19461 END
START 5408 8588 2524 2570 -1414 -19298 END
START 4740 8420 1984 1281 -2118 -18490 END
START 3916 8316 1504 -181 -2028 -17756 END
START 3652 8084 1416 -1763 -1102 -17547 END
START 2528 7676 908 -3235 292 -18294 END
START 1484 7224 536 -4441 793 -18545 END
START -108 6948 72 -5471 13 -17810 END
START -1380 6972 -20 -6355 -1122 -16754 END
START -2460 6536 -100 -7328 -2340 -15622 END
START -2676 6480 232 -8391 -3644 -14360 END
START -3032 6728 328 -9103 -3513 -12975 END
START -3616 6848 516 -10340 -2597 -12499 END
START -4412 7608 420 -12603 -1827 -12263 END
START -5552 7236 812 -14606 -2611 -11865 END
START -5760 7316 1388 -15720 -4384 -10475 END
START -5296 7248 2452 -16795 -5336 -9509 END
START -4692 7016 3548 -18185 -3869 -9272 END
START -5508 6804 4428 -19642 -1909 -9157 END
START -6764 6248 5504 -20837 -1623 -9038 END
START -7892 5600 6580 -21358 -2231 -8459 END
START -8276 4920 7708 -21184 -2930 -7480 END
START -8328 4464 9144 -21408 -2813 -6394 END
START -8912 3844 10124 -21798 -2158 -5617 END
START -9904 2968 11376 -22614 -1762 -5063 END
START -11184 2244 12696 -22689 -1544 -4509 END
START -12148 804 13504 -22161 -1610 -3330 END
START -12040 -728 14104 -21809 -2383 -1834 END
START -11740 -1636 14944 -21777 -2721 67 END
START -11984 -1932 16024 -22071 -1609 1722 END
START -13228 -1288 17068 -22547 -889 3382 END
START -14228 -1380 18152 -22461 -1073 4817 END
START -14604 -2068 19068 -21644 -2082 6155 END
START -13420 -3248 19808 -20817 -3438 7647 END
START -11884 -4376 20896 -20467 -3632 8992 END
START -11540 -3920 22368 -20291 -2919 10480 END
START -11576 -3908 23316 -18985 -2478 12293 END
START -11040 -4084 23100 -16976 -2852 14187 END
START -9892 -4772 22492 -15564 -3284 15434 END
START -8916 -4496 22384 -15039 -3746 16437 END
START -7472 -4772 22340 -15083 -3694 17867 END
START -6416 -4948 22880 -15555 -3456 19325 END
START -5536 -5200 23552 -15452 -2941 20761 END
START -5624 -5072 23920 -14549 -2847 21909 END
START -5340 -5124 23752 -12912 -3527 23087 END
START -4628 -5316 23748 -11363 -5175 24217 END
START -2548 -5452 24312 -9978 -6791 26110 END
START 548 -5316 25464 -8907 -6457 27551 END
START 2672 -4888 26148 -7968 -3977 27466 END
START 4340 -4360 27620 -6808 -1593 26633 END
START 6060 -3872 28400 -5288 -217 25475 END
START 7716 -3496 29156 -3644 91 23657 END
START 9280 -3092 29288 -1886 -58 21021 END