START -12184 -3744 8240 9655 1818 15104 END
START -12112 -3744 8180 8797 1688 15855 END
START -11456 -3184 6088 6684 4071 17456 END
START -9476 -4112 4244 3410 7397 20278 END
START -7096 -3584 2320 572 8278 22178 END
START -4748 -4524 348 -1622 6541 22781 END
START -2756 -5460 -1468 -3361 1140 22745 END
START -116 -6712 -3564 -5094 -6790 21379 END
START 1616 -7072 -3900 -6939 -13854 19634 END
START 3364 -7940 -3528 -8784 -17507 18523 END
START 5276 -8540 -2984 -11078 -16469 17721 END
START 6784 -9412 -1856 -14723 -12957 17279 END
START 8556 -9572 896 -18245 -10596 17360 END
START 11452 -8928 5052 -20196 -10413 17245 END
START 15676 -7088 9512 -20569 -11632 15857 END
START 19500 -4912 13168 -20619 -12475 12155 END
START 22760 -3020 17496 -21329 -11435 6420 END
START 23360 -608 22324 -22070 -7679 458 END
START 22028 1016 27068 -22261 -2959 -4073 END
START 19536 2144 30724 -21854 1671 -7686 END
START 16624 2508 32767 -20723 4828 -10564 END
START 13200 2500 32767 -18464 6401 -13587 END
START 8436 2156 32767 -15302 5633 -16192 END
START 4156 1316 32767 -11810 3473 -17761 END
START 116 116 32767 -7967 1523 -18172 END
START -3596 -740 32767 -3673 243 -17240 END
START -7256 -1596 32767 1765 -346 -15019 END
START -10056 -2624 32767 8237 -562 -12028 END
START -11360 -3572 32767 14660 -370 -9196 END
START -12312 -4008 32767 19489 1001 -7131 END
START -12988 -4740 32767 23013 2421 -5327 END
START -13524 -5192 32767 26519 2838 -3604 END
START -13184 -5960 32767 29861 2591 -2192 END
START -12468 -6684 32767 32666 1932 -945 END
START -11588 -7292 32464 32767 1619 157 END
START -10452 -7832 28872 32767 1750 1188 END
START -9064 -8160 24732 32767 2120 1846 END
START -7548 -8224 20496 32767 3403 2248 END
START -6468 -8192 16116 32767 4770 2523 END
START -5692 -8068 12088 32767 4943 2684 END
START -4660 -7896 8480 32767 4308 2704 END
START -3944 -7912 5636 32381 3851 2686 END
START -2924 -7672 2648 30555 3552 2836 END
START -2052 -7152 -264 28631 3352 3372 END
START -900 -6236 -2820 26532 3482 4083 END
START 1124 -5028 -6240 24485 4165 4534 END
START 2740 -4060 -10080 22157 4550 4411 END
START 4344 -3428 -13928 18846 3538 3373 END
START 5468 -3360 -16920 14411 1973 1563 END
START 5248 -3904 -18616 9805 590 -750 END
START 4180 -5084 -19920 5999 -427 -2553 END
START 2608 -6484 -21140 2063 -1651 -3086 END
START 1684 -7700 -22300 -2552 -2457 -2210 END
START 1064 -8524 -22776 -8244 -2582 -756 END
START 1296 -9064 -22300 -14255 -2672 659 END
START 1488 -9124 -20472 -19648 -3226 1537 END
START 2720 -9292 -18652 -24317 -4329 1706 END
START 3908 -9432 -16440 -28616 -5311 759 END
START 4600 -10540 -14188 -32548 -5953 -891 END
START 5016 -12088 -10796 -32768 -7238 -2504 END
START 4904 -13780 -7356 -32768 -9382 -3492 END
START 5244 -15000 -3452 -32768 -11766 -3804 END
START 5944 -16480 1804 -32768 -12671 -4500 END
START 6000 -17260 10276 -32768 -12145 -4955 END
START 5792 -16196 20704 -32768 -11232 -4004 END
START 6432 -15068 32364 -32768 -9074 -2621 END
START 7052 -13980 32767 -32768 -5392 -2158 END
START 6356 -14056 32767 -32768 -779 -3577 END
START 4176 -14416 32767 -32768 3314 -6654 END
START 396 -14992 32767 -32584 6505 -10486 END
START -4084 -14708 32767 -21515 8120 -12765 END