START -3568 -2476 32767 8567 -4743 3520 END
START 1840 -4308 32767 9854 -6326 3842 END
START -5672 -1844 32767 12304 -6560 3527 END
START -1856 -2944 32767 15967 -6688 2703 END
START -2532 -2764 32767 19459 -7269 1767 END
START -1780 -3864 32767 23030 -6930 682 END
START -2196 -5224 32767 26619 -7131 503 END
START -2544 -5404 32528 29531 -8044 1288 END
START -2120 -5764 29660 31414 -8037 2260 END
START -1940 -5884 26772 32538 -6833 2734 END
START -2372 -5840 23992 32767 -5802 2745 END
START -3124 -6236 21352 32767 -5552 3054 END
START -2132 -5808 18840 32767 -6197 3554 END
START -780 -5684 15708 32767 -6960 3784 END
START 1048 -4840 12756 30971 -7857 2857 END
START 1824 -4792 10716 28321 -8598 1383 END
START 1640 -4916 9036 26198 -9638 684 END
START 1792 -4912 7620 24985 -10686 927 END
START 1968 -4244 6032 24217 -10701 1570 END
START 2088 -3004 4252 23274 -9621 2023 END
START 2144 -1856 2444 21822 -8200 2516 END
START 2380 -836 924 19959 -7187 3091 END
START 3012 40 -264 17800 -7024 3577 END
START 3492 1128 -812 14974 -7364 3535 END
START 4284 1768 -852 11803 -7948 2691 END
START 4800 2748 -160 9304 -8256 1791 END
START 4708 3836 880 7720 -7845 986 END
START 4944 4700 1648 6558 -7102 457 END
START 5120 5184 2476 5332 -5926 199 END
START 5012 5620 3480 4095 -4634 90 END
START 4600 6460 4312 3119 -3712 385 END
START 4460 7700 5956 2390 -3105 959 END
START 4884 8612 7368 2218 -2408 1450 END
START 5648 9268 8888 2383 -1502 1538 END
START 6492 9492 9964 2722 -505 1275 END
START 7024 9516 11268 3179 -27 657 END
START 7308 9784 12676 4082 -176 -22 END
START 7700 9660 13936 5909 -630 -1132 END
START 7800 9164 14472 8282 -1359 -2292 END
START 7732 9168 14144 9937 -2347 -2617 END
START 8424 9524 13500 10030 -3657 -2692 END
START 9476 10104 13216 8973 -4093 -3496 END
START 10208 10232 12860 7420 -3719 -4740 END
START 10804 10152 12492 6137 -2983 -5918 END
START 10964 10156 12152 5567 -2487 -6913 END
START 11044 9928 11584 5561 -2427 -7926 END
START 10792 9684 10696 5666 -2208 -8935 END
START 10204 9896 9652 5338 -1626 -9599 END
START 9832 9760 8520 4438 -860 -10070 END
START 9284 9928 7356 3088 -316 -10564 END
START 8824 9840 6648 1450 35 -11459 END
START 7936 9396 6208 93 -15 -12421 END
START 7148 9180 5900 -538 -359 -12914 END
START 6204 8840 5508 -914 -689 -13044 END
START 5436 8528 4940 -1571 -764 -12873 END
START 5304 8248 3940 -2434 -392 -12680 END
START 4816 8084 3052 -3946 -209 -12783 END
START 4324 7832 2272 -6072 -296 -13114 END
START 3376 8032 2248 -8106 -750 -13798 END
START 2372 7588 2492 -9179 -1203 -14309 END
START 1196 7332 2772 -9629 -1642 -14251 END
START 468 7056 2576 -9934 -1692 -13817 END
START -660 6836 2456 -10844 -1600 -13027 END
START -1404 6704 2496 -12326 -1725 -12115 END
START -1920 6728 3156 -13803 -1356 -11083 END
START -2460 6780 4196 -14769 -165 -10247 END
START -3108 6880 4700 -15864 394 -9482 END
START -3464 6500 5208 -16971 424 -8885 END
START -3900 5732 5808 -17765 381 -8287 END
START -4568 5060 6516 -18330 595 -7440 END
START -5596 5052 7372 -19104 946 -6593 END
START -6356 4692 7808 -19732 1888 -5777 END
START -7524 4532 7996 -20311 3165 -4925 END
START -8304 3712 8172 -21239 4202 -4128 END
START -9576 2840 8724 -22124 4700 -3315 END
START -11488 2160 10200 -22370 3607 -2454 END
START -12596 1156 11676 -21653 1471 -784 END
START -13224 -44 13460 -21324 -539 948 END
START -13460 -1460 15104 -20965 -2354 2741 END
START -13800 -3108 17200 -21167 -2678 5200 END
START -13696 -4340 19084 -21914 -1138 8045 END
START -13332 -5160 21352 -22326 297 11190 END
START -12588 -5280 22804 -22183 1698 14394 END
START -11868 -5304 24160 -21572 2559 17278 END
START -10960 -5508 24928 -20520 2669 19366 END
START -10236 -5732 25552 -19195 2037 20708 END
START -9132 -5276 25904 -17778 609 22190 END
START -7576 -4800 26392 -16776 -709 23875 END
START -5740 -4220 26672 -16389 -1603 25762 END
START -3132 -4436 27124 -15969 -1568 27083 END
START -332 -4704 27636 -15580 -1327 28229 END
START 2700 -4480 28472 -14659 -887 28623 END
START 6056 -4296 29208 -13210 180 27448 END
START 8972 -3552 30040 -11494 1125 25288 END
START 11248 -3280 30628 -9572 1768 22457 END
START 12996 -3060 31160 -7579 1959 18945 END