START -20464 -7308 12924 11017 10349 7923 END
START -20684 -7344 12000 10215 9589 9341 END
START -20432 -7528 11052 8789 8767 12801 END
START -19356 -7128 8008 7569 6020 17774 END
START -17264 -7072 5360 6519 2185 21929 END
START -14284 -6816 1964 5215 -965 24392 END
START -11868 -6544 -1284 3187 -3671 26073 END
START -9244 -7080 -4248 315 -5939 27759 END
START -7240 -7796 -5952 -2610 -8318 29601 END
START -4368 -8692 -7320 -5686 -11171 31546 END
START -544 -9208 -7208 -8559 -13577 32104 END
START 3304 -9212 -6528 -10409 -14749 30957 END
START 5980 -9832 -6132 -12080 -15533 28327 END
START 7116 -10536 -5048 -13866 -17641 25365 END
START 8328 -10720 -3560 -15217 -20327 23027 END
START 10028 -10232 -1568 -16886 -21532 22094 END
START 12676 -9024 588 -19435 -20257 22198 END
START 15888 -7588 3500 -22928 -16584 21683 END
START 19024 -6000 8024 -26382 -11746 19150 END
START 20908 -4344 13256 -28060 -8425 15222 END
START 22040 -1648 18656 -26811 -6852 10631 END
START 22948 68 23280 -24082 -6975 5905 END
START 23168 1420 25872 -21963 -7891 1715 END
START 23204 1940 29176 -21208 -8024 -2759 END
START 21148 2272 32767 -21279 -5685 -7445 END
START 17552 1492 32767 -20700 -1707 -11423 END
START 12936 -156 32767 -18121 1227 -13890 END
START 8664 -1836 32767 -13914 1320 -14941 END
START 4780 -3356 32767 -8420 -1662 -15098 END
START 2184 -4108 32767 -2338 -5767 -14773 END
START 396 -4660 32767 3026 -7712 -14309 END
START -1336 -4456 32767 7427 -6789 -13149 END
START -2048 -4536 32767 11347 -3489 -11455 END
START -2744 -4912 32767 14876 1073 -9895 END
START -3376 -5496 32767 18547 4094 -8923 END
START -3976 -6404 32767 22686 4123 -8406 END
START -3984 -7276 32767 26916 2036 -8618 END
START -4044 -8004 32767 30940 -915 -9297 END
START -4160 -8512 32767 32767 -3302 -9912 END
START -3940 -9152 29204 32767 -4491 -10322 END
START -3740 -9460 25908 32767 -2796 -10139 END
START -4140 -9816 22304 32767 1125 -9059 END
START -4412 -9868 19056 32767 5230 -7309 END
START -4752 -9492 16184 32767 8048 -5337 END
START -4536 -8924 12508 32767 8578 -3606 END
START -4188 -8196 8856 32250 7508 -2583 END
START -3852 -7296 5480 30862 5890 -1911 END
START -3536 -6208 2064 29226 4664 -1134 END
START -3120 -5280 -1276 27195 4443 33 END
START -2556 -4512 -4344 24742 5057 1587 END
START -1280 -3844 -8204 21733 6388 3267 END
START 240 -3268 -12552 18038 8377 4622 END
START 1808 -3712 -16300 13389 9939 5209 END
START 3056 -4476 -19068 8774 9619 4276 END
START 3404 -5132 -21000 4459 7008 2645 END
START 3308 -5568 -21668 780 3189 1174 END
START 3144 -5616 -21812 -2204 -776 461 END
START 3308 -5412 -22372 -5646 -3640 535 END
START 3944 -5076 -22188 -10191 -5085 1104 END
START 4752 -4756 -21492 -15849 -5286 1651 END
START 5808 -4732 -19816 -21738 -4648 1842 END
START 6788 -5204 -16796 -27139 -4546 1597 END
START 8404 -6728 -13296 -31862 -5209 449 END
START 9152 -8236 -8764 -32768 -5705 -1552 END
START 8096 -9248 -2672 -32768 -6540 -3265 END
START 6808 -10340 4788 -32768 -7690 -3771 END
START 5908 -10784 14748 -32768 -8225 -2854 END