START -13004 1852 14808 11303 4645 2576 END
START -13512 1604 15872 11048 3223 3220 END
START -13948 816 15112 10578 2712 4363 END
START -13492 -912 13156 10839 1726 6346 END
START -14752 -1752 13520 10788 -79 8313 END
START -14228 -2604 11172 10317 -1610 10164 END
START -13652 -3064 8928 9293 -2997 12150 END
START -12120 -3412 6176 7984 -3361 13981 END
START -10440 -4228 2656 6645 -2464 15204 END
START -8792 -5812 -1436 4428 -1760 16742 END
START -7084 -7588 -5284 1421 -2945 18758 END
START -4976 -8844 -8200 -2116 -5829 20799 END
START -2460 -9360 -9596 -6063 -9076 22353 END
START 272 -9288 -9904 -9262 -11838 23209 END
START 3384 -9088 -10204 -11919 -12749 22983 END
START 5884 -8952 -10024 -15078 -12103 21401 END
START 7468 -9152 -8956 -18959 -11337 19680 END
START 9932 -8968 -6128 -22717 -11322 18448 END
START 13000 -7880 -2220 -25756 -11018 16884 END
START 15956 -6576 1768 -28180 -10017 14329 END
START 18292 -5196 6584 -29765 -8395 10367 END
START 19920 -4108 11416 -31134 -6307 6150 END
START 20836 -3180 17092 -32039 -3896 1576 END
START 20540 -2860 22688 -32338 -1287 -2626 END
START 19180 -2912 28912 -31176 774 -5945 END
START 17916 -3132 32767 -28373 1053 -8651 END
START 16072 -4548 32767 -24670 173 -11507 END
START 13552 -6008 32767 -21271 -558 -14064 END
START 10980 -7380 32767 -18057 -122 -15429 END
START 7484 -8096 32767 -14832 1414 -15067 END
START 4944 -7864 32767 -11200 2824 -13063 END
START 3796 -7588 32767 -7173 3982 -11267 END
START 2636 -7004 32767 -2832 4619 -10323 END
START 1208 -6012 32767 2148 4295 -9750 END
START 140 -5168 32767 7178 3454 -9261 END
START -540 -4688 32767 11391 3399 -9011 END
START -1124 -4756 32767 14985 3961 -8979 END
START -2556 -5088 32767 18459 4637 -8874 END
START -3756 -6548 32767 21604 4787 -8494 END
START -4868 -7764 32767 24471 4859 -7847 END
START -5564 -8900 32767 27114 5044 -6748 END
START -5728 -10196 32767 28977 5306 -5449 END
START -5680 -10572 32767 30129 5938 -4334 END
START -5892 -10528 31680 31680 6425 -3080 END
START -5700 -10264 29100 32767 6339 -1805 END
START -4820 -9788 25532 32767 5908 -961 END
START -4260 -9108 21748 32767 5477 -763 END
START -3804 -8472 18256 32767 5417 -780 END
START -3876 -7904 14768 32767 5561 -578 END
START -3540 -7656 11768 32767 5896 -99 END
START -3564 -7528 8988 32623 6181 398 END
START -3576 -7400 6480 31198 6019 1103 END
START -3044 -7376 3796 29738 5254 2044 END
START -2492 -6900 968 28171 4460 2885 END
START -1596 -5868 -1992 26397 3872 3730 END
START -516 -4592 -5620 24239 3110 4363 END
START 1160 -3844 -8812 21756 2309 4388 END
START 2344 -3284 -11736 18465 1355 3589 END
START 3200 -3452 -13836 14698 852 2478 END
START 2812 -4112 -15508 11073 364 1675 END
START 2572 -4848 -16888 7460 -373 1368 END
START 1980 -5368 -17768 3854 -948 1481 END
START 1660 -5556 -18724 181 -1337 2293 END
START 1800 -5400 -19148 -3759 -1593 3251 END
START 2552 -5244 -19236 -8026 -1926 3975 END
START 3640 -5004 -18768 -12636 -2194 3834 END
START 4244 -4976 -17612 -16856 -2971 2749 END
START 4372 -5572 -16368 -20370 -4394 1337 END
START 4524 -6304 -15240 -23808 -6017 236 END
START 4528 -7360 -14024 -27375 -6750 -609 END
START 4512 -9076 -12584 -31627 -6838 -1176 END
START 3676 -11516 -9708 -32768 -6467 -1639 END
START 2896 -13696 -5752 -32768 -6890 -1448 END
START 2332 -14300 -980 -32768 -7843 -441 END
START 2456 -14252 5676 -32768 -8713 1114 END
START 3992 -13920 14556 -32768 -8643 2939 END
START 7480 -13456 25960 -32768 -6137 3006 END
START 11120 -13928 32767 -32768 -1394 -277 END
START 10588 -14484 32767 -32768 4251 -6748 END
START 5964 -14656 32767 -32768 6506 -11683 END
START 364 -14524 32767 -28691 5479 -12426 END
START -2492 -13984 32767 -21027 4391 -10366 END