START -18104 -8916 15796 15814 3908 17729 END
START -19600 -8420 16752 15997 1945 18931 END
START -17680 -9224 14652 16639 -1489 21289 END
START -14748 -9392 10368 17603 -5393 23770 END
START -12632 -9392 6692 16974 -6159 24614 END
START -11872 -9472 2612 15286 -3376 25606 END
START -11536 -10756 -676 12745 278 28030 END
START -10848 -11876 -3384 9734 3223 32474 END
START -8272 -13008 -7768 5834 2432 32767 END
START -2936 -14416 -11500 -346 -3755 32767 END
START 3728 -13652 -13620 -8768 -12140 32767 END
START 8420 -12132 -11936 -15041 -18741 32767 END
START 10844 -11152 -9140 -16676 -20974 31810 END
START 12168 -10744 -8268 -16940 -20853 29723 END
START 14772 -10856 -8072 -18898 -20301 28756 END
START 18572 -9292 -5900 -22827 -19438 27699 END
START 23544 -6656 -1876 -26405 -16929 25442 END
START 28500 -4012 2884 -29304 -12752 20289 END
START 31952 -1332 8300 -30873 -8669 12099 END
START 32767 -188 13260 -30719 -5683 3238 END
START 31320 384 18084 -29608 -3987 -4628 END
START 29040 -436 21424 -28780 -3101 -10985 END
START 25732 -1796 24844 -28749 -1757 -15761 END
START 22004 -3544 28112 -30027 36 -18988 END
START 17008 -5644 32767 -31725 2619 -20420 END
START 12196 -7208 32767 -32394 4519 -19739 END
START 9592 -8524 32767 -29670 5133 -18412 END
START 7688 -9528 32767 -23814 5018 -18157 END
START 5360 -9492 32767 -15722 4124 -18594 END
START 1904 -8548 32767 -6928 1997 -18318 END
START -332 -7508 32767 1110 258 -16778 END
START -1840 -6792 32767 7208 762 -15202 END
START -3656 -6368 32767 12239 2594 -13493 END
START -4984 -6964 32767 16781 4534 -11673 END
START -5756 -8192 32767 21234 6073 -10164 END
START -5724 -10292 32767 25793 7126 -9026 END
START -5636 -12160 32767 30631 7523 -8551 END
START -5728 -13432 32767 32767 6857 -8170 END
START -5448 -14484 32767 32767 5344 -7554 END
START -4728 -14892 32048 32767 4441 -6963 END
START -4096 -15064 27504 32767 4502 -6290 END
START -3536 -14384 23308 32767 5530 -5345 END
START -3084 -13708 18996 32767 7318 -4374 END
START -2784 -12600 14928 32767 8805 -3186 END
START -2624 -11976 11228 32767 9531 -2008 END
START -2092 -10244 6640 32767 9719 -1007 END
START -1976 -8920 2908 32767 9777 -84 END
START -2200 -7680 -148 32767 9226 1096 END
START -1612 -6724 -3096 31055 8494 2430 END
START -868 -5748 -5676 27932 8002 3528 END
START 76 -4856 -8352 24826 8113 4109 END
START 876 -4240 -10796 22373 7863 4359 END
START 2476 -3952 -14744 19395 7246 4354 END
START 3800 -4768 -18364 14160 6090 3132 END
START 3496 -4816 -20088 7989 4472 1281 END
START 2712 -5276 -20060 2532 2022 182 END
START 1980 -5796 -19616 -1535 -117 -54 END
START 976 -6484 -19220 -5014 -1620 463 END
START 900 -7048 -19740 -8766 -2162 1761 END
START 1016 -7304 -20364 -13374 -1883 3351 END
START 1980 -7504 -20436 -18687 -1993 4723 END
START 2968 -7348 -20184 -24343 -2755 5589 END
START 4596 -7456 -18864 -29963 -3152 5200 END
START 5640 -7776 -16592 -32768 -3659 3867 END
START 6768 -8628 -13792 -32768 -4533 2027 END
START 7468 -10512 -10700 -32768 -6288 252 END
START 7836 -11488 -6532 -32768 -8369 -815 END
START 7740 -12620 -1164 -32768 -10200 -1196 END
START 7616 -13652 7892 -32768 -11430 -374 END
START 8284 -16012 19520 -32768 -11228 512 END
START 9684 -17376 32767 -32768 -9033 24 END
START 10988 -20312 32767 -32768 -3505 -3406 END
START 8468 -20992 32767 -32768 1767 -7563 END