START -16896 -4676 15084 18756 -6 8983 END
START -17496 -4604 15572 18907 -1906 9848 END
START -16904 -5264 12704 19143 -4274 11741 END
START -15456 -5264 7360 18330 -6079 15013 END
START -13928 -4760 3596 15246 -5976 18496 END
START -11828 -4700 -32 10262 -3382 21188 END
START -10396 -4768 -2660 4721 136 23794 END
START -8640 -5320 -4376 -29 2057 26136 END
START -6348 -6240 -6164 -3636 1091 27875 END
START -3900 -7452 -7324 -6499 -2623 28437 END
START -1284 -7716 -8124 -8239 -7838 27591 END
START 960 -8156 -8796 -10008 -12427 26480 END
START 3464 -8628 -9412 -12691 -15068 25519 END
START 5356 -9076 -9228 -16472 -15429 24743 END
START 7620 -9360 -7836 -20699 -14263 23579 END
START 10316 -9364 -4444 -24337 -12351 21857 END
START 13880 -8584 -420 -26451 -10978 19539 END
START 18608 -7108 4640 -27278 -10543 16067 END
START 22600 -5564 9980 -27858 -10253 11237 END
START 25212 -3980 15048 -28399 -9062 5762 END
START 26516 -2104 21008 -29352 -5750 150 END
START 25656 -892 27296 -29824 -687 -5216 END
START 23252 -1008 32767 -28377 4172 -10131 END
START 19696 -2356 32767 -25694 7191 -14669 END
START 14448 -4512 32767 -22447 7606 -18195 END
START 8196 -6212 32767 -18073 5972 -19746 END
START 2748 -7300 32767 -12330 3274 -18411 END
START -964 -7012 32767 -6218 1426 -15467 END
START -3144 -6252 32767 -871 1580 -12245 END
START -4052 -5328 32767 3725 3675 -9451 END
START -4968 -4044 32767 8680 5903 -7468 END
START -5652 -3156 32767 14217 6731 -6131 END
START -5952 -3476 32767 20058 5954 -5759 END
START -5908 -4524 32767 25275 4171 -6138 END
START -6156 -6244 32767 29150 2856 -6495 END
START -6168 -7680 32767 31824 3484 -6098 END
START -6364 -8928 32767 32767 5970 -4888 END
START -6548 -9756 31700 32767 8742 -2933 END
START -6236 -10344 27636 32767 10197 -1064 END
START -5200 -10092 23464 32767 9893 38 END
START -4128 -10248 19680 32767 8350 -257 END
START -3244 -10352 15632 32767 5617 -2047 END
START -3308 -10676 11708 32767 3268 -3965 END
START -3744 -10576 8352 32767 2844 -4762 END
START -4588 -9960 4324 32191 4155 -3510 END
START -4644 -8976 -140 29329 6472 -740 END
START -4212 -7592 -3484 25446 8286 2514 END
START -2632 -6008 -6180 21694 8573 4822 END
START -664 -4956 -8408 18787 7515 5413 END
START 1200 -3932 -11048 17262 5329 4604 END
START 2100 -3592 -13444 16051 2793 2896 END
START 2472 -3924 -16280 13859 219 858 END
START 1984 -4224 -18068 11254 -1721 -512 END
START 1480 -4920 -19480 7702 -2261 -976 END
START 468 -5176 -20204 3929 -1986 -283 END
START 72 -5492 -20896 -283 -1877 1413 END
START 380 -5460 -20560 -4993 -2199 3236 END
START 1552 -5348 -19876 -9513 -2962 4597 END
START 3152 -4992 -18956 -13672 -3967 4852 END
START 4632 -5276 -17776 -17692 -5316 3907 END
START 5560 -5860 -16628 -21522 -6937 2351 END
START 6004 -6584 -15172 -25050 -8441 790 END
START 6296 -8004 -13176 -28448 -9384 -373 END
START 6824 -9840 -11120 -32185 -9523 -1400 END
START 7120 -12224 -7476 -32768 -9884 -2505 END
START 7564 -13836 -3924 -32768 -11200 -3028 END
START 8340 -14488 308 -32768 -12916 -3079 END
START 8488 -14416 7032 -32768 -13626 -3623 END
START 7384 -13708 16916 -32768 -12471 -3459 END
START 7904 -14520 27444 -32768 -7740 -3657 END
START 7616 -16712 32767 -32768 115 -6611 END
START 4392 -18952 32767 -32768 5291 -9987 END