START -9124 -2072 32767 6677 -8750 6874 END
START -4432 -3448 32767 7641 -9351 6919 END
START -3168 -3940 32767 9818 -9882 6465 END
START -4264 -3612 32767 13569 -10604 4826 END
START -2980 -4992 32767 17358 -11457 2725 END
START -2676 -5648 32767 20918 -12252 847 END
START -3008 -6628 32767 23872 -12422 -24 END
START -3536 -6872 32036 26114 -12861 -164 END
START -3420 -6332 29020 27773 -12632 337 END
START -2432 -6388 25736 28782 -11426 774 END
START -1568 -6452 23164 29387 -9416 695 END
START -364 -6384 19948 29890 -7094 518 END
START 48 -5696 17108 29789 -5323 147 END
START 564 -5584 14012 29405 -4178 -81 END
START 88 -5340 10484 28361 -4394 -205 END
START -148 -5416 7792 26787 -5940 -273 END
START -216 -5004 4952 25425 -8118 53 END
START 424 -4796 2988 23628 -9574 175 END
START 1120 -4088 1816 21827 -9554 208 END
START 1552 -3424 980 20199 -8644 450 END
START 2012 -2604 -384 18666 -8032 849 END
START 2560 -1404 -1356 16279 -7248 1317 END
START 3248 -256 -1716 13213 -6338 1775 END
START 3612 388 -1124 10457 -5439 2040 END
START 4104 1160 -20 8768 -4846 2278 END
START 4536 2384 880 7797 -4426 2232 END
START 4960 3128 2292 7043 -3920 1920 END
START 5460 4008 3444 6498 -3372 1440 END
START 6024 4956 5044 6425 -2720 989 END
START 6700 5740 6144 6366 -1979 443 END
START 7348 6468 7256 5656 -1801 -133 END
START 7808 7152 8924 4788 -2000 -880 END
START 8056 7588 11236 4287 -2551 -1622 END
START 8704 7764 13224 4452 -3213 -2195 END
START 9504 7880 14664 5337 -3402 -2785 END
START 10032 7948 15500 6437 -2798 -3603 END
START 10384 7820 15868 7256 -2047 -4409 END
START 10724 8120 15780 7848 -1354 -5222 END
START 10460 8280 15476 8237 -935 -6147 END
START 10392 8104 15084 8960 -820 -7085 END
START 10220 8096 14180 9487 -728 -8106 END
START 10128 8260 13004 9622 -566 -9112 END
START 9672 8460 11960 9194 -362 -10027 END
START 8940 8876 10728 8656 -219 -10530 END
START 8568 9396 9632 8040 97 -10647 END
START 8176 9524 8624 7217 266 -10964 END
START 7880 9608 8100 6508 214 -11565 END
START 7748 9516 7700 6080 -221 -12503 END
START 7324 9504 7308 5742 -452 -13248 END
START 6744 9236 6720 5118 -695 -13772 END
START 5944 9440 6136 4418 -1213 -13848 END
START 5668 9440 5904 3523 -1872 -13715 END
START 4916 9212 5812 2691 -2035 -13857 END
START 4688 9284 5504 1720 -1609 -14097 END
START 4052 8784 5152 717 -1359 -14339 END
START 3568 8200 5212 -410 -1348 -14406 END
START 2944 8144 5144 -1267 -1084 -14450 END
START 2248 8268 4820 -2359 -769 -14460 END
START 1104 8388 4688 -3804 -831 -14377 END
START 176 8520 4704 -4557 -1329 -14150 END
START -664 8340 4820 -5120 -2002 -13758 END
START -1188 8288 4684 -5931 -2485 -13449 END
START -2084 7764 4716 -7205 -3139 -13280 END
START -2976 6880 4472 -8394 -4117 -12732 END
START -3844 6972 4248 -10377 -5384 -11635 END
START -4800 7056 5200 -12857 -7447 -10337 END
START -5240 7084 7364 -13414 -9414 -8603 END
START -4280 7072 8832 -11948 -9020 -7135 END
START -3452 7192 8296 -11703 -6622 -6575 END
START -3612 7028 7764 -13418 -5256 -5827 END
START -3968 6552 8268 -15031 -4477 -4944 END
START -4676 6040 9280 -15949 -4386 -4089 END
START -5372 5600 10108 -16101 -4793 -3125 END
START -5476 4996 10700 -16651 -5036 -2323 END
START -5696 4400 11460 -17097 -4163 -1521 END
START -5880 3620 12400 -17942 -2843 -304 END
START -6556 3004 13884 -18993 -1921 1174 END
START -7008 2416 15048 -19099 -928 2574 END
START -7092 1448 16020 -19029 -680 3571 END
START -7248 960 16944 -18742 -660 4394 END
START -7464 908 18624 -18229 -427 5079 END
START -7712 368 19816 -17224 354 5977 END
START -7528 -464 20292 -16370 1481 7059 END
START -7484 -984 20020 -16679 2127 8157 END
START -7028 -1592 20908 -17014 2441 9312 END
START -7124 -1232 22328 -16645 2881 10545 END
START -7132 -968 23112 -15546 3682 11830 END
START -7000 -1068 23208 -14390 4811 12682 END
START -7180 -1724 22468 -13372 5936 13235 END
START -7520 -2580 21284 -13348 5812 13561 END
START -7900 -3036 21612 -13187 4691 14236 END
START -7544 -2480 21668 -12185 3429 15507 END
START -7312 -1424 21828 -11634 2772 16401 END
START -6892 -1412 21572 -11097 2671 17204 END
START -6672 -1700 21268 -10520 2968 17999 END
START -5724 -2336 21896 -10071 3482 19504 END
START -3920 -2536 22452 -9880 4295 21201 END
START -2372 -2288 22916 -9776 5518 22177 END
START -1540 -2512 23184 -9134 6745 22387 END
START -1724 -2608 22648 -8281 7835 21975 END
START -1972 -2456 22640 -7366 8252 21629 END
START -1352 -2660 23636 -7015 7532 22059 END
START 548 -2920 25520 -6275 5523 22309 END
START 2808 -2604 26720 -4761 4009 21590 END
START 4648 -2584 27564 -3277 3263 19827 END
START 5664 -2084 28288 -1980 2515 18072 END