START -18316 -6396 16632 12038 8616 4147 END
START -19048 -6592 17312 11369 8106 5441 END
START -19320 -7672 16312 10049 8936 8795 END
START -19376 -8004 14824 8511 9729 14795 END
START -18148 -8684 12992 7591 9701 20559 END
START -16184 -8124 9864 7874 8666 25018 END
START -13944 -7928 6264 8344 5850 28316 END
START -11364 -7536 1848 8029 1784 30505 END
START -8304 -7624 -1776 6186 -3065 31314 END
START -5504 -7148 -4988 3356 -7073 30767 END
START -3076 -7180 -7816 -381 -8995 30135 END
START -1704 -7768 -9348 -5355 -9306 30891 END
START -136 -8564 -10260 -10181 -9387 32767 END
START 2644 -9668 -11200 -14992 -10187 32767 END
START 7792 -10304 -10576 -19642 -11074 32767 END
START 12420 -10064 -8308 -22900 -10739 30558 END
START 14536 -9304 -4944 -23754 -12227 22824 END
START 14852 -8784 -2084 -22863 -16685 16899 END
START 15436 -7952 -172 -21968 -21231 13844 END
START 17060 -6984 1336 -23080 -21358 12547 END
START 17840 -6268 3632 -26190 -17877 11065 END
START 19168 -5816 7736 -30494 -12668 9403 END
START 20608 -5860 13700 -32768 -7115 6099 END
START 20496 -5424 20444 -32768 -2059 833 END
START 18860 -5664 26420 -32768 422 -4029 END
START 16752 -5680 32184 -31145 -350 -7170 END
START 15176 -5184 32767 -27311 -3514 -9350 END
START 14160 -4672 32767 -22550 -7372 -11335 END
START 13504 -5424 32767 -18303 -9605 -14502 END
START 11632 -5924 32767 -14109 -8897 -17581 END
START 8932 -6832 32767 -10056 -5747 -18507 END
START 6076 -7228 32767 -6135 -1477 -16755 END
START 3772 -6880 32767 -1538 2052 -14123 END
START 2180 -6920 32767 3833 3942 -12090 END
START 1024 -7136 32767 9806 4390 -11040 END
START 212 -7504 32767 16029 3956 -10465 END
START 8 -8312 32767 22167 3422 -10148 END
START 112 -9460 32767 27531 3014 -10460 END
START -92 -10736 32767 32312 3157 -11125 END
START -872 -12404 32767 32767 3622 -11453 END
START -2052 -13884 32767 32767 4465 -11194 END
START -3184 -14768 32767 32767 5479 -10227 END
START -3428 -15280 30152 32767 6514 -8912 END
START -3296 -15044 25340 32767 7419 -7566 END
START -3024 -14376 19952 32767 8061 -6614 END
START -2576 -13296 15208 32767 8359 -5923 END
START -2280 -11848 9956 32767 8320 -5351 END
START -2248 -10364 4944 32767 8091 -4654 END
START -2028 -7760 -564 32767 8781 -3422 END
START -1632 -5828 -4700 32767 11011 -1582 END
START -980 -4524 -9232 29039 13168 321 END
START -88 -4156 -12632 24019 13210 1637 END
START 952 -4328 -16220 19384 11102 2430 END
START 2108 -4960 -18956 15675 7920 2392 END
START 2956 -6560 -21224 11572 4382 1585 END
START 4240 -7296 -22876 6656 2298 -341 END
START 3972 -7712 -23396 1689 1693 -1978 END
START 2668 -7756 -23668 -2745 1208 -1937 END
START 2024 -7928 -24268 -7326 492 -409 END
START 2284 -7712 -24224 -12533 -352 1505 END
START 2856 -7452 -23604 -18423 -952 3095 END
START 3588 -7168 -22328 -24101 -1560 3772 END
START 5184 -7636 -19948 -29367 -2602 2995 END
START 6008 -8668 -17084 -32768 -4029 1021 END
START 6532 -10784 -13712 -32768 -5938 -1415 END
START 6476 -13532 -9568 -32768 -8406 -3210 END
START 5628 -15836 -4540 -32768 -11631 -3321 END
START 5368 -18764 2476 -32768 -13580 -2214 END
START 5100 -19680 11268 -32768 -12731 -175 END
START 5152 -19828 22424 -32768 -10706 2630 END
START 7700 -20236 32767 -32768 -6626 4742 END
START 9108 -17620 32767 -32768 -386 2822 END