START 1384 -4720 32767 28307 -11501 390 END
START 1480 -4460 32767 29222 -13246 518 END
START -1884 -2896 32767 30561 -13345 -27 END
START 4684 -4804 30848 31869 -12646 -775 END
START 3828 -4612 29724 32767 -10316 -2378 END
START 3520 -5292 26188 32767 -8130 -4587 END
START 1528 -5944 23128 32767 -7070 -6451 END
START -408 -7404 19704 32767 -7345 -6752 END
START -704 -7516 16716 32767 -7276 -5677 END
START -772 -7844 13868 32767 -5699 -3635 END
START -452 -7100 11304 32767 -3231 -1543 END
START 100 -6200 8272 32767 -761 348 END
START 620 -4852 5680 32398 543 1066 END
START 836 -3644 3568 29330 1039 922 END
START 1236 -2956 1612 26487 211 117 END
START 1204 -2444 168 23425 -2560 -780 END
START 1496 -1688 -600 20927 -6270 -945 END
START 1888 -620 -996 19063 -9118 -263 END
START 2644 360 -1352 17398 -10584 740 END
START 3912 1996 -1396 15700 -10401 1529 END
START 5360 3132 -1412 13772 -8499 1669 END
START 6148 4168 -1240 11418 -5868 1254 END
START 6460 5460 -672 9027 -3913 981 END
START 6348 5980 -224 7137 -3452 880 END
START 6848 7156 756 5700 -3795 677 END
START 7312 7864 2032 4917 -4408 95 END
START 7480 8972 3284 4738 -4999 -429 END
START 7768 9796 4640 4646 -4981 -779 END
START 7748 10840 6320 4613 -4509 -1053 END
START 8056 11516 7716 4969 -3526 -1316 END
START 8564 11856 8968 5784 -2565 -1608 END
START 9264 11640 9908 6650 -1813 -2036 END
START 9880 11884 10868 7945 -1547 -2516 END
START 10304 12240 11488 9637 -1452 -3458 END
START 10596 12328 11216 10820 -1599 -4738 END
START 11036 12204 11100 11032 -1548 -6269 END
START 11508 11980 11316 11562 -807 -8109 END
START 11456 11628 10892 12677 347 -10317 END
START 10672 11752 9192 13054 1682 -11903 END
START 10392 11888 6348 11516 3251 -12931 END
START 9800 11884 3768 7781 4317 -14380 END
START 8876 12196 2664 3835 5003 -15867 END
START 8504 11764 2848 2267 5163 -16737 END
START 7836 11320 3168 2742 5221 -17641 END
START 7164 10812 2260 3010 4681 -18810 END
START 6160 10604 1244 2465 3962 -19636 END
START 4888 10492 744 1281 2766 -19807 END
START 3600 10156 516 55 1711 -19300 END
START 2860 9768 524 -1229 837 -18397 END
START 2392 9340 812 -2327 275 -17244 END
START 2416 8988 888 -3117 199 -16871 END
START 2088 8272 452 -4179 -77 -17354 END
START 1224 7852 80 -5674 -772 -17795 END
START -172 7360 220 -7330 -1345 -17911 END
START -1600 6884 344 -9100 -1900 -17291 END
START -3280 7044 508 -10802 -3063 -15657 END
START -3952 6852 748 -12166 -4200 -13284 END
START -3884 6684 1260 -13535 -4474 -10907 END
START -3308 6476 1348 -15136 -4141 -9406 END
START -3652 6632 1972 -17353 -4209 -9374 END
START -4584 6920 3076 -19281 -4417 -10090 END
START -5304 6500 4404 -20179 -4791 -10488 END
START -5892 5732 5340 -20122 -5294 -9886 END
START -5840 4924 5396 -20018 -5527 -8550 END
START -5772 4896 5292 -21230 -5853 -7634 END
START -6220 4260 5276 -24071 -6284 -7593 END
START -7820 4056 6832 -26502 -6555 -7517 END
START -10120 3388 8564 -26185 -6257 -6184 END
START -11624 2752 8964 -24476 -7008 -3636 END
START -11312 1884 8556 -24188 -7253 -1322 END
START -10868 644 7992 -26238 -6718 -421 END
START -11392 -560 9640 -28929 -5494 -432 END
START -13072 -1808 12500 -29549 -4361 222 END
START -14332 -3120 14596 -28779 -5291 2285 END
START -14272 -4864 16480 -28232 -6603 5346 END
START -13612 -6260 19096 -27914 -6742 8733 END
START -12284 -7196 21680 -27470 -5326 12129 END
START -11212 -7332 24528 -26318 -2137 14425 END
START -10660 -6788 25904 -24110 504 16066 END
START -10436 -6576 25364 -22300 758 17487 END
START -9844 -6424 25192 -21578 112 18083 END
START -9968 -6492 25012 -20166 -771 18254 END
START -9908 -6052 24948 -19140 -2415 18829 END
START -8748 -5256 25828 -18240 -3321 20232 END
START -7328 -4588 26596 -16836 -2676 21538 END
START -6024 -4036 26132 -15261 -1376 22001 END
START -5280 -4312 25952 -13664 -267 21671 END
START -4288 -4080 26244 -11980 47 22060 END
START -1688 -3844 26712 -10833 305 22791 END
START 1120 -3512 27160 -10207 476 23575 END
START 3784 -3468 27820 -9300 315 23735 END
START 6364 -3324 28968 -7922 -1 22718 END
START 8572 -3244 29952 -5898 -569 20648 END
START 10364 -3108 30448 -3133 -1252 17602 END