START -14608 -5500 9380 16521 -2540 16986 END
START -14780 -5236 9440 16035 -4596 17369 END
START -13412 -5780 7392 14685 -7705 18527 END
START -12276 -5216 4652 12275 -10292 20800 END
START -10412 -4892 1748 8422 -9693 23766 END
START -7784 -5448 -1080 3193 -4620 27031 END
START -5840 -6048 -2732 -2331 -21 30093 END
START -3492 -6672 -3656 -6164 460 32123 END
START -356 -7296 -4188 -7767 -3049 32305 END
START 2792 -6860 -5112 -7796 -9528 30290 END
START 5884 -6796 -5880 -8027 -16546 26574 END
START 7024 -6488 -6412 -8739 -22156 22257 END
START 7924 -7024 -6540 -9863 -24972 19366 END
START 8092 -7112 -6612 -12636 -23694 18530 END
START 9604 -7768 -6080 -17381 -19043 18963 END
START 11816 -7736 -3452 -22796 -14013 19828 END
START 15232 -7024 556 -27098 -10076 18734 END
START 17880 -5896 4968 -28884 -7530 15038 END
START 19320 -4708 9444 -28906 -7314 10251 END
START 20476 -3616 13200 -28075 -8028 5247 END
START 20856 -3084 17216 -27655 -8084 613 END
START 20104 -2968 21400 -28410 -6468 -2842 END
START 19140 -2612 26672 -29130 -3391 -5213 END
START 17748 -2688 32160 -28736 -359 -7004 END
START 16268 -3116 32767 -27188 1303 -8994 END
START 14580 -4216 32767 -23966 1913 -12171 END
START 11132 -5328 32767 -18539 248 -14730 END
START 8656 -6516 32767 -12550 -2358 -15769 END
START 6044 -7460 32767 -7017 -3634 -15586 END
START 4104 -8320 32767 -2303 -2008 -14391 END
START 1524 -7952 32767 3033 1636 -12466 END
START -420 -7980 32767 9111 4572 -10310 END
START -1480 -7532 32767 15220 5974 -8604 END
START -1836 -7688 32767 20493 6136 -7619 END
START -1940 -8244 32767 24955 5108 -7427 END
START -1860 -8856 32767 29245 3590 -7859 END
START -1752 -9792 32767 32767 2219 -8515 END
START -1888 -10604 32767 32767 1461 -8762 END
START -1916 -10900 31860 32767 2168 -8563 END
START -2160 -11024 27164 32767 3900 -7898 END
START -2152 -10780 22788 32767 5723 -7014 END
START -2112 -10712 18680 32767 6984 -6163 END
START -2000 -9968 14076 32767 7565 -5648 END
START -1968 -9064 10064 32767 8089 -5188 END
START -2268 -7832 6448 32767 8345 -4480 END
START -2420 -6568 3436 32767 8321 -3435 END
START -2148 -5476 708 31460 7756 -2326 END
START -1896 -4468 -2232 29169 7450 -1170 END
START -1260 -3888 -5152 25651 7929 -47 END
START -852 -2896 -7660 21846 8303 840 END
START -68 -2168 -9540 18782 8537 1459 END
START 1136 -2508 -11852 15985 8021 1740 END
START 2144 -2892 -14100 12599 6295 1204 END
START 3216 -4272 -16032 8812 4333 260 END
START 3412 -5128 -17232 4733 2649 -984 END
START 2872 -6276 -17648 1052 1252 -1711 END
START 2084 -6948 -18264 -2527 -253 -1503 END
START 1816 -7396 -18908 -6472 -1758 -452 END
START 1820 -7348 -19096 -10916 -2611 953 END
START 2040 -6980 -19256 -15816 -2806 2530 END
START 3024 -6744 -18732 -21186 -2401 3633 END
START 3996 -6864 -18160 -26440 -2909 3881 END
START 5316 -7384 -16616 -31624 -4614 2924 END
START 6624 -8644 -13792 -32768 -6796 574 END
START 6880 -10144 -10496 -32768 -9370 -1761 END
START 6880 -12172 -6348 -32768 -12556 -2959 END
START 7112 -12964 -820 -32768 -15466 -2813 END
START 7784 -13236 7416 -32768 -16094 -1770 END
START 9600 -14932 19380 -32768 -13757 -323 END
START 12152 -16524 32767 -32768 -8651 -443 END
START 13476 -19668 32767 -32768 -2342 -3650 END
START 11892 -22868 32767 -32768 -785 -9867 END