START -19524 -4532 14780 11041 3892 6037 END
START -21448 -4596 14656 11176 2627 6874 END
START -20956 -5492 13360 11309 -145 9173 END
START -19444 -6764 9996 11887 -3383 13117 END
START -18020 -6212 6968 10449 -5665 16911 END
START -14852 -5804 2656 7097 -5032 20144 END
START -12388 -4960 -524 2368 -2005 22975 END
START -9140 -5312 -2788 -2558 1548 25664 END
START -6400 -5676 -3996 -6647 2964 27395 END
START -3648 -6688 -4344 -9006 419 27820 END
START -892 -7644 -4612 -9868 -5180 26943 END
START 1860 -8180 -4588 -10147 -12362 24854 END
START 4804 -8400 -4016 -10437 -18156 22396 END
START 7296 -8416 -3348 -11766 -20398 21301 END
START 10620 -7872 -2248 -14157 -19110 21106 END
START 14368 -7220 -644 -17942 -15237 20269 END
START 17632 -6820 2472 -21826 -10695 17999 END
START 20512 -6156 6832 -24708 -7469 14024 END
START 21800 -5628 11460 -25941 -5992 8741 END
START 21428 -4588 16760 -25317 -5898 3583 END
START 20596 -3996 21592 -23715 -6331 -230 END
START 20340 -3428 25996 -22689 -5908 -2687 END
START 20244 -2572 29800 -22543 -3240 -4887 END
START 19152 -1872 32767 -22416 626 -7843 END
START 16692 -1700 32767 -21586 3676 -11338 END
START 12736 -2052 32767 -18734 4073 -14362 END
START 8472 -2972 32767 -14059 1843 -15728 END
START 5612 -3700 32767 -8721 -669 -15618 END
START 3088 -4164 32767 -3860 -1975 -15100 END
START 1212 -4204 32767 613 -1311 -13771 END
START 192 -4188 32767 4443 491 -12275 END
START -856 -4256 32767 7826 3089 -11513 END
START -2568 -4500 32767 11877 5096 -10888 END
START -4028 -5396 32767 16457 5596 -10064 END
START -5124 -6352 32767 20797 4835 -9616 END
START -6036 -7684 32767 24555 3706 -9396 END
START -6964 -9060 32767 27894 2945 -9064 END
START -7744 -10200 32767 30621 3062 -8145 END
START -8112 -10984 32356 32619 4307 -6441 END
START -8156 -11280 28520 32767 5883 -4301 END
START -7812 -11200 24784 32767 6890 -2539 END
START -6980 -10808 21216 32767 7090 -1370 END
START -6552 -10140 17708 32767 6644 -435 END
START -5788 -9524 14352 32767 6097 140 END
START -5100 -8812 11288 32767 5929 609 END
START -4664 -8044 8012 32567 6289 1240 END
START -4288 -7488 4672 30780 7161 2224 END
START -3544 -6880 2160 28546 7958 3606 END
START -2612 -6152 -756 26137 8426 4963 END
START -1764 -5520 -3264 23649 8194 6098 END
START -848 -4560 -6192 21435 7182 7200 END
START 412 -3560 -9164 19519 6022 7914 END
START 1660 -2984 -12024 17152 4776 7778 END
START 2612 -2948 -15364 13362 3372 6411 END
START 2872 -3516 -16908 8769 2388 4506 END
START 2192 -4308 -17580 4690 1570 3182 END
START 1552 -5516 -17996 1247 548 2892 END
START 1208 -6220 -18696 -2197 -358 3746 END
START 1672 -6408 -19168 -6413 -958 5217 END
START 3148 -6680 -19104 -11162 -876 6290 END
START 4664 -6644 -18548 -16235 -192 6033 END
START 5748 -6828 -17564 -20892 -107 4712 END
START 6508 -7104 -16156 -24743 -1535 3035 END
START 7304 -7892 -14772 -28202 -4043 1167 END
START 8116 -8800 -12888 -31639 -6832 -1002 END
START 8720 -9672 -10420 -32768 -9266 -2784 END
START 9900 -10620 -7188 -32768 -10558 -3938 END
START 11064 -10808 -2708 -32768 -9600 -4996 END
START 11844 -10032 4124 -32768 -7163 -6630 END
START 11028 -10336 13400 -32768 -4193 -8878 END
START 9344 -11300 24756 -32768 -2035 -11282 END
START 7620 -15892 32767 -32768 -588 -14601 END
START 5420 -20316 32767 -32768 -1524 -17936 END