START 292 3132 940 5353 2716 1680 END
START 172 3308 552 4555 2679 2043 END
START -2420 4916 412 2849 1987 2761 END
START -484 3780 0 102 1245 4191 END
START 1080 2928 -1956 -1665 1704 4541 END
START 968 3580 -1520 -3102 673 3884 END
START 1248 3552 -2236 -3414 -522 2325 END
START 1092 3668 -2484 -3401 -2329 468 END
START 1124 3764 -3080 -3421 -4204 -757 END
START 820 3776 -3772 -4104 -5553 -1014 END
START 920 4052 -4500 -5587 -5848 -321 END
START 1668 3684 -4924 -7951 -4993 620 END
START 2076 3408 -4640 -10717 -3127 1522 END
START 2948 3288 -4264 -13664 -1070 2193 END
START 3612 2948 -3412 -16069 527 1956 END
START 4052 2612 -2408 -17462 1161 995 END
START 4028 2296 -1660 -18451 1258 -579 END
START 3992 1268 -988 -19448 1193 -2374 END
START 3176 124 -496 -20932 1163 -3978 END
START 1812 -856 828 -22653 1320 -4756 END
START 1128 -1972 2424 -24299 1461 -4731 END
START 456 -3340 4512 -26119 2092 -4284 END
START 48 -4484 6760 -27859 2679 -3999 END
START -136 -6056 9684 -29377 3227 -4100 END
START -968 -6748 13044 -30636 3296 -4671 END
START -1916 -7840 17304 -31186 2359 -5148 END
START -2392 -9016 21544 -30861 1595 -5888 END
START -2520 -11264 26116 -29990 1114 -6461 END
START -2852 -13080 30564 -29081 1042 -6693 END
START -3612 -14016 32767 -27810 1251 -6271 END
START -4592 -13708 32767 -25221 1936 -5333 END
START -5236 -13884 32767 -21912 2952 -4678 END
START -6236 -13200 32767 -18588 3160 -4362 END
START -6936 -12760 32767 -15140 2895 -4236 END
START -7636 -11948 32767 -11159 2042 -4298 END
START -8000 -11784 32767 -6852 765 -4216 END
START -8104 -11624 32767 -2898 -23 -3808 END
START -8492 -11524 32767 761 40 -2875 END
START -8508 -11352 32767 3916 832 -1608 END
START -8588 -11184 32767 6944 2184 -66 END
START -8336 -10872 32767 9770 2921 1368 END
START -8144 -10404 32767 12787 2770 2411 END
START -7296 -9676 32767 15875 1903 2977 END
START -6388 -9328 31456 18536 870 2969 END
START -5676 -8968 28268 20713 188 2592 END
START -5412 -8668 25508 22498 -101 2096 END
START -5384 -8580 22428 23790 240 1747 END
START -5556 -8440 19592 24177 1372 1913 END
START -6088 -8356 16992 23878 2915 2741 END
START -6492 -8144 14392 23262 4027 4359 END
START -6484 -7608 12156 22475 4801 6298 END
START -6132 -7032 9856 21554 5357 8065 END
START -5744 -6252 7936 20333 5440 9345 END
START -5316 -5532 6140 18933 5079 10466 END
START -5016 -4580 4380 17477 4128 11436 END
START -4652 -3532 2744 16034 3203 12419 END
START -4308 -2640 1248 14352 2328 13257 END
START -3912 -2016 -112 12310 1707 14172 END
START -3672 -1508 -1508 9689 804 15069 END
START -3356 -1280 -2560 6660 -479 16454 END
START -2788 -1036 -3188 3661 -1930 18165 END
START -2228 -1076 -3568 676 -3641 20286 END
START -448 -1144 -4020 -2490 -5519 22218 END
START 1724 -884 -3952 -6811 -7288 23428 END
START 4184 -680 -2760 -11464 -8010 23324 END
START 5896 384 -776 -15139 -8218 22077 END
START 7120 848 1220 -17161 -8850 20924 END
START 8900 1436 3580 -17852 -9607 20117 END
START 11000 1896 6096 -17787 -9759 19682 END
START 13188 2076 8100 -18136 -8717 19057 END
START 16000 2460 10928 -18909 -6300 17129 END
START 18696 3688 14204 -18970 -1825 11726 END
START 20592 4744 17032 -17732 2811 4332 END
START 20788 4856 19164 -15689 5797 -4097 END
START 19732 5068 19712 -13293 7263 -12989 END
START 16872 3228 19880 -11979 7242 -20783 END
START 13268 656 20640 -11753 6318 -26575 END
START 9708 -1508 22160 -11221 4880 -30188 END
START 6492 -3224 23880 -10273 4142 -32748 END
START 3856 -5904 25604 -8526 5105 -32768 END
START 1604 -8056 26500 -6387 6658 -32768 END
START -1192 -10208 27044 -3924 7665 -32768 END
START -3728 -11944 27280 -906 8304 -32768 END
START -6236 -12608 26816 2001 8826 -29055 END
START -7744 -12744 25640 3996 10660 -24247 END
START -9700 -13064 23448 4485 12334 -19096 END