START -16880 -2636 23104 11217 5835 -337 END
START -17452 -2640 23456 11337 5131 770 END
START -16748 -3924 22292 11361 5253 3176 END
START -16604 -5072 21244 11157 6632 6993 END
START -16056 -6116 20692 10441 8078 10300 END
START -15692 -6840 19608 10196 8920 13242 END
START -14864 -6960 17988 11107 8491 15606 END
START -13804 -6524 15936 13095 6386 18026 END
START -12332 -6600 12708 14827 3495 20151 END
START -10692 -6384 8072 15558 676 22307 END
START -9232 -6408 2992 13312 -357 25126 END
START -8024 -7088 -2000 7964 -551 28659 END
START -6112 -7468 -5320 829 -1055 32767 END
START -2952 -8448 -7084 -6171 -2305 32767 END
START 812 -8640 -6920 -11233 -3545 32767 END
START 4872 -8372 -6192 -13381 -4310 32767 END
START 7560 -8376 -5144 -13419 -6160 30569 END
START 8444 -8404 -4960 -13146 -9975 25614 END
START 8684 -8420 -5040 -13475 -14299 21884 END
START 9104 -8184 -4452 -14950 -17785 20390 END
START 10432 -7768 -3432 -18013 -18216 20318 END
START 12512 -7272 -1408 -22638 -14781 20686 END
START 14572 -6604 1772 -27635 -9081 19767 END
START 16600 -5564 6312 -30856 -3251 16376 END
START 17272 -4332 10532 -31779 115 11701 END
START 17304 -3636 14152 -30782 -106 6837 END
START 17688 -2900 17560 -29149 -3098 2825 END
START 18292 -2556 21264 -28177 -5972 -1015 END
START 18028 -2896 24872 -28432 -5744 -4798 END
START 16184 -2848 29556 -28941 -2984 -7612 END
START 14752 -3584 32767 -28242 1281 -10308 END
START 12324 -4648 32767 -26077 4522 -12644 END
START 9308 -4868 32767 -21939 3553 -13588 END
START 7772 -5292 32767 -16596 -724 -14102 END
START 6736 -5184 32767 -10525 -6014 -15091 END
START 5868 -5240 32767 -4710 -9630 -16477 END
START 5056 -5532 32767 -94 -9901 -17510 END
START 3328 -5956 32767 4035 -6847 -17257 END
START 1708 -6124 32767 7867 -2158 -15798 END
START 364 -6600 32767 11752 2371 -13625 END
START -436 -7056 32767 15626 4823 -12176 END
START -1216 -7880 32767 19618 4947 -11770 END
START -1968 -9264 32767 23930 3031 -11905 END
START -2064 -10232 32767 28472 477 -12364 END
START -1804 -11556 32767 32306 -573 -13131 END
START -1884 -12648 32767 32767 5 -13551 END
START -1820 -13480 32767 32767 2321 -13209 END
START -2032 -14156 32176 32767 6601 -12132 END
START -2876 -13976 30184 32767 10436 -10089 END
START -3864 -13332 26948 32767 11661 -6907 END
START -3696 -12304 22696 32767 9971 -4077 END
START -3108 -11304 18084 32767 6537 -2598 END
START -2068 -9592 12676 32767 4002 -2285 END
START -1204 -7700 6736 32767 3578 -2679 END
START -944 -6492 1576 32767 5385 -2713 END
START -900 -5128 -2676 32767 8053 -2224 END
START -1092 -4452 -6228 30194 10517 -697 END
START -1104 -4208 -9692 26292 11415 1331 END
START -412 -4680 -13332 22748 10399 3045 END
START 652 -5088 -16628 18981 7634 3550 END
START 1584 -5024 -19768 14959 4855 2262 END
START 2124 -5712 -21472 11178 2259 -285 END
START 1760 -6388 -22592 7623 4 -2341 END
START 1156 -7432 -23516 3842 -1886 -2588 END
START 588 -7992 -24180 -1188 -3455 -955 END
START 680 -7884 -24628 -7452 -4076 1867 END
START 1564 -7176 -23824 -14593 -2888 4670 END
START 3188 -6636 -22268 -21504 -650 6245 END
START 4864 -6904 -20068 -27670 771 5972 END
START 6296 -7116 -17560 -32530 675 3816 END
START 6760 -7956 -14760 -32768 -1214 699 END
START 6648 -9140 -12028 -32768 -4639 -2154 END
START 6844 -10840 -8556 -32768 -8643 -3900 END
START 6976 -12256 -4332 -32768 -11354 -4559 END
START 6536 -12716 1160 -32768 -10943 -4006 END
START 6404 -14576 9440 -32768 -8844 -2134 END
START 6300 -16436 19664 -32768 -6190 761 END
START 7460 -19712 32764 -32768 -2980 2879 END
START 9388 -22524 32767 -32768 993 1814 END
START 8872 -22532 32767 -32768 3393 -2479 END
START 6656 -21664 32767 -32768 3102 -8604 END
START 2900 -20140 32767 -25775 -9 -12350 END