START -3000 -4092 32767 2473 -2400 443 END
START -3812 -4060 32767 3374 -3401 627 END
START -896 -5968 32767 5215 -4178 980 END
START -5300 -6120 32767 8213 -5254 1643 END
START -4264 -6664 32767 11418 -6601 2613 END
START -4620 -6412 32767 14348 -7156 3002 END
START -4256 -6168 32767 16542 -6743 3267 END
START -3444 -5952 32767 18534 -6259 3544 END
START -3152 -7004 32767 21180 -5860 3958 END
START -2480 -6464 31428 23962 -6237 3723 END
START -2076 -6100 28864 26666 -6959 3096 END
START -1076 -6136 25328 29121 -7207 2450 END
START -708 -5632 21032 29766 -7640 1456 END
START -524 -4000 16852 29178 -8351 698 END
START -100 -3168 13424 28502 -8043 123 END
START 588 -2380 10120 26991 -6424 336 END
START 260 -2744 7356 25406 -5095 527 END
START 192 -3172 4772 23616 -5005 1170 END
START 188 -3252 3024 21539 -5919 1816 END
START 576 -2932 2088 20004 -7117 2337 END
START 1032 -1756 1056 18904 -8240 2282 END
START 1732 -364 348 17122 -9133 1742 END
START 2648 432 392 15135 -9471 1412 END
START 3764 1388 888 13266 -8951 1567 END
START 5084 2384 1800 10836 -7188 1894 END
START 6076 3136 3396 8725 -4541 1770 END
START 6504 3828 5140 7445 -2611 1163 END
START 6560 4312 6904 7116 -1908 16 END
START 6364 4644 8700 7456 -1578 -985 END
START 6364 5304 10296 7847 -1579 -1509 END
START 6708 5824 12036 7927 -1327 -1743 END
START 7332 6532 13060 7311 -1609 -1741 END
START 8720 6668 15048 6294 -1963 -1493 END
START 9824 6920 17076 6071 -1565 -1737 END
START 11056 7188 18284 6675 -802 -2671 END
START 11464 6676 18660 7909 -720 -4136 END
START 11968 7420 18432 9157 -1431 -5807 END
START 11852 7396 17996 10166 -1739 -7572 END
START 11592 7184 17000 10891 -2190 -9219 END
START 11220 7080 15500 11036 -3196 -10223 END
START 10712 7312 14428 10920 -3977 -11273 END
START 10148 7312 13192 10969 -3353 -12480 END
START 9368 7408 11480 10929 -3095 -13634 END
START 8892 7336 9704 10039 -3319 -14275 END
START 8300 7272 8696 8979 -3514 -15155 END
START 7720 7108 7700 8296 -3932 -15722 END
START 7168 6808 6580 7680 -4151 -15849 END
START 6444 6576 5396 6879 -4382 -15790 END
START 6036 6592 4564 5813 -4402 -15920 END
START 5868 6140 3748 4358 -3865 -16323 END
START 5244 6436 3272 2833 -3605 -16890 END
START 4636 6308 2980 1491 -3469 -17256 END
START 3832 6184 2872 422 -3126 -17363 END
START 3124 6000 2536 -589 -2794 -17218 END
START 2680 6152 2172 -2217 -2413 -16731 END
START 1736 5768 2152 -4377 -1695 -16552 END
START 476 5532 2464 -5965 -679 -16510 END
START -892 4836 2324 -7108 -542 -16228 END
START -2032 4764 2188 -8499 -1543 -15599 END
START -2960 4392 2180 -9807 -2928 -15000 END
START -3792 4088 2508 -11334 -3744 -14401 END
START -4684 3684 3224 -12682 -4026 -13489 END
START -5548 3480 3320 -14138 -4613 -12007 END
START -6400 3468 4460 -16474 -5544 -10610 END
START -6944 3364 5776 -17504 -5712 -8928 END
START -6904 2780 6472 -18064 -5771 -7387 END
START -6540 2152 6832 -19403 -5116 -6227 END
START -7128 1744 8504 -21189 -4370 -5251 END
START -8208 1020 9860 -21343 -3842 -3882 END
START -8872 1204 10732 -21727 -4560 -2358 END
START -8960 420 11640 -21889 -3610 -1210 END
START -9572 -920 12304 -22622 -1809 35 END
START -10996 -2120 13860 -23226 -680 1574 END
START -11800 -3308 14584 -23296 -517 3477 END
START -12412 -3460 16072 -23290 -1608 5662 END
START -12636 -3756 17856 -22509 -2051 7840 END
START -12336 -4468 18360 -22336 -2702 9844 END
START -12216 -4668 19828 -22345 -2747 11712 END
START -12168 -5168 21536 -21197 -2914 13619 END
START -11752 -5364 23024 -19675 -3035 15582 END
START -11296 -5852 24164 -18213 -2922 17404 END
START -11352 -6368 24584 -16522 -2280 19336 END
START -11964 -6700 24524 -15273 -1852 21566 END
START -11324 -7176 25476 -14427 -2263 24952 END
START -9360 -7248 26680 -14049 -1139 29004 END
START -6688 -7016 27972 -13508 1291 32459 END
START -4620 -6784 28480 -12095 4377 32767 END
START -2124 -6544 29128 -10451 5958 32767 END
START 792 -6576 29732 -8713 7270 32767 END
START 3600 -6744 30552 -7047 6134 32767 END
START 5984 -6212 31052 -5872 3314 32460 END
START 8200 -6492 31412 -4243 117 30867 END