START -3888 -5040 32767 20281 -11702 4312 END
START -11412 -2396 32767 21228 -12862 4717 END
START -1352 -4332 32767 23250 -11596 4155 END
START -1352 -5100 31092 26062 -10436 2963 END
START -2776 -6596 29860 27820 -11220 2238 END
START -1404 -8248 26192 29477 -12781 2200 END
START -1036 -8132 23900 30802 -12803 1976 END
START -124 -7904 21764 31674 -11430 1371 END
START 448 -7612 18852 31756 -9427 731 END
START 832 -7208 15828 30914 -7583 -6 END
START 1516 -7236 13656 29475 -5865 -646 END
START 1944 -6696 11860 28439 -3861 -1115 END
START 2104 -6228 9172 27493 -2210 -1164 END
START 2024 -5208 6676 26622 -1198 -786 END
START 2228 -3800 3936 24937 -473 -196 END
START 2128 -3400 1588 22508 -542 533 END
START 2348 -2816 -100 19677 -1484 1534 END
START 2468 -1840 -656 17048 -2963 2413 END
START 3356 -892 -760 15215 -3537 2982 END
START 3960 192 -1012 13699 -3140 2805 END
START 4396 1196 -1092 11752 -2225 2258 END
START 4720 2132 -684 9757 -1376 1764 END
START 5036 2884 -152 8193 -738 1262 END
START 4820 4088 556 6908 -252 698 END
START 4732 5056 1416 5721 117 265 END
START 4320 5956 2564 4539 392 98 END
START 3872 6892 3872 3332 681 320 END
START 3924 7500 5264 2406 1331 756 END
START 3908 8168 6644 1701 1989 1011 END
START 3900 8576 8212 1116 2061 1119 END
START 3956 8908 9812 1061 1341 1083 END
START 3908 9620 11712 1548 -15 865 END
START 4152 9460 13252 2389 -1361 727 END
START 4896 9504 14640 3428 -2453 671 END
START 5748 9572 15824 4251 -2917 668 END
START 6864 9312 16416 4780 -2794 492 END
START 7636 9600 16936 5235 -2248 -124 END
START 8416 9856 17196 5471 -1732 -785 END
START 8676 9956 17112 5448 -1027 -1600 END
START 9124 9576 17248 5694 -132 -2700 END
START 9312 9380 17144 6530 814 -3630 END
START 8968 9232 16440 7664 1579 -4557 END
START 8348 9304 15028 8637 1542 -5549 END
START 8068 9308 13560 9041 798 -6407 END
START 8044 9344 12360 9234 -78 -7148 END
START 8096 9720 11352 9244 -614 -7733 END
START 8372 9776 10588 9052 -479 -8481 END
START 8676 10020 9316 8640 305 -9370 END
START 8036 10076 8456 7878 1022 -10404 END
START 7364 9948 7028 7065 1179 -11449 END
START 6384 9808 5976 6402 158 -12157 END
START 5688 9824 4996 5688 -1375 -12390 END
START 5308 9652 4452 4628 -2924 -12526 END
START 5520 9328 4100 3279 -3540 -13005 END
START 5524 9064 3632 1470 -3154 -13631 END
START 5028 8176 2976 -421 -2244 -14135 END
START 3860 8304 2572 -2478 -1405 -14327 END
START 2608 8228 2540 -4085 -1049 -14292 END
START 1036 7840 2408 -4886 -1157 -13912 END
START -256 7432 1996 -5789 -1893 -13512 END
START -988 6852 1296 -6830 -2920 -12880 END
START -1928 7008 1084 -8693 -4230 -12208 END
START -2728 7040 1348 -10733 -4711 -11573 END
START -3700 6976 1760 -12356 -4551 -10756 END
START -4808 7192 2392 -13780 -4535 -9367 END
START -4892 6828 2892 -14912 -4239 -7888 END
START -4548 6176 3472 -16169 -3474 -6824 END
START -4504 5452 4260 -17857 -2771 -6073 END
START -5264 5388 5776 -19596 -2322 -5869 END
START -6028 4204 7064 -20431 -1777 -5567 END
START -7068 3524 8228 -20606 -1739 -4640 END
START -7832 2832 8880 -20676 -1831 -3596 END
START -8608 2336 10160 -21251 -2010 -2748 END
START -9464 1712 12176 -21632 -2045 -1812 END
START -10208 1352 13928 -21270 -1766 -653 END
START -10852 628 15036 -20832 -1596 839 END
START -10972 624 16232 -20595 -1502 2564 END
START -10588 -148 16924 -20490 -1109 4233 END
START -10316 -824 17372 -21126 -998 5764 END
START -10368 -1332 18856 -22176 -1216 7099 END
START -10380 -2652 20504 -21827 -1415 8799 END
START -10036 -3244 21772 -20765 -1492 10915 END
START -9572 -3652 22020 -19827 -1476 13109 END
START -9144 -4072 22124 -19489 -1332 14888 END
START -9252 -4300 22368 -19626 -1866 16319 END
START -9096 -5148 22408 -19210 -3424 17859 END
START -7908 -5504 22860 -18121 -5074 19747 END
START -5280 -4760 24628 -16783 -5162 21718 END
START -1776 -3228 26744 -16009 -2784 22920 END
START 1252 -2576 28092 -15337 909 23136 END
START 3456 -2256 29140 -14794 3574 22455 END
START 5700 -2656 30688 -13517 4100 21667 END
START 8084 -2536 32236 -11154 3279 20810 END
START 10564 -3068 32767 -8304 2077 19332 END
START 12056 -3456 32767 -5765 959 17211 END
START 12908 -3576 32767 -3261 -22 14666 END