START 36 -3848 32767 19029 -8421 -2417 END
START 2728 -4884 32767 20126 -8169 -2632 END
START -176 -4076 32767 22495 -9256 -2763 END
START 1372 -5148 32767 26104 -10213 -3054 END
START 1332 -3856 32767 29615 -9597 -4448 END
START 1840 -4052 30868 32013 -8559 -6774 END
START 1652 -3908 27756 32767 -7526 -8656 END
START 812 -5828 24512 32767 -7286 -9531 END
START -736 -4228 22440 32767 -7778 -8424 END
START -504 -4352 20224 32767 -6952 -6518 END
START -340 -4244 17260 32767 -5322 -5078 END
START -340 -3836 14348 32767 -4815 -3672 END
START -108 -2196 12480 32767 -5738 -2725 END
START 972 -2044 11088 30173 -6419 -2835 END
START 1648 -1568 10520 28552 -6377 -3342 END
START 2108 -1608 9740 27714 -5565 -3667 END
START 2604 -1280 8228 26888 -4334 -3337 END
START 2656 -908 6772 25496 -3074 -2290 END
START 3052 -696 4872 23336 -2313 -757 END
START 3396 196 3424 20180 -2156 776 END
START 3600 792 2736 16494 -2073 1679 END
START 3528 1748 2748 13205 -1836 1643 END
START 3720 1896 2892 11545 -1519 873 END
START 3588 3156 2792 10991 -1779 452 END
START 3788 3852 2548 10337 -2449 261 END
START 4004 4508 2348 9361 -2867 390 END
START 4600 5368 2452 8328 -3151 887 END
START 5480 6500 2908 7374 -3130 1149 END
START 6076 7976 3520 6030 -2886 401 END
START 6628 8924 4576 5029 -2617 -1010 END
START 7008 9512 5544 4552 -2480 -2363 END
START 7184 9836 6380 4234 -2251 -3280 END
START 7612 10248 7800 4305 -1589 -3820 END
START 7736 10584 9216 4580 -352 -4266 END
START 7840 11244 10320 5030 671 -4402 END
START 7848 11344 11172 5875 1210 -4662 END
START 7888 11992 11836 6707 1052 -5175 END
START 8636 11844 12768 7868 965 -6593 END
START 9148 11768 13240 9547 1482 -8681 END
START 9744 11176 12576 11007 1970 -11152 END
START 9560 11316 10856 11227 2505 -13279 END
START 9516 11372 8664 9315 4092 -14457 END
START 9836 11424 5836 5323 6785 -14464 END
START 9196 11032 4776 145 8880 -14668 END
START 8544 10244 4092 -2593 10192 -15864 END
START 6900 10276 4024 -2933 9323 -17267 END
START 5872 9644 3688 -1640 6513 -18274 END
START 4772 9500 3160 -168 2857 -18576 END
START 3900 9420 2700 749 -167 -18408 END
START 3284 9328 1828 380 -1994 -18489 END
START 2832 8636 1176 -1362 -2943 -19097 END
START 1984 8384 672 -3671 -2107 -19331 END
START 248 8036 396 -6281 -1120 -18948 END
START -1392 7648 228 -8570 -561 -17722 END
START -2704 6984 368 -10434 -903 -15567 END
START -3360 6580 576 -12178 -1907 -13341 END
START -3236 6496 644 -13862 -2742 -11892 END
START -4520 6816 1124 -15629 -3122 -11491 END
START -5772 6624 1708 -16926 -2980 -10864 END
START -6888 6228 1864 -17768 -3281 -9046 END
START -6672 5684 2556 -18723 -4070 -7000 END
START -6800 5096 3492 -19557 -4501 -6190 END
START -7424 4916 4560 -20172 -5299 -5834 END
START -8052 4660 5776 -20423 -6308 -5520 END
START -8312 4300 6468 -20244 -6111 -5056 END
START -8940 2960 6308 -20815 -6755 -4428 END
START -9448 2028 6636 -21485 -7162 -3459 END
START -9668 136 6236 -23064 -6935 -2010 END
START -11548 300 7740 -25867 -6475 -745 END
START -14500 312 9392 -26836 -6082 789 END
START -15764 24 10504 -26865 -7762 2834 END
START -14812 -720 11632 -26985 -9439 4835 END
START -13000 -2524 13604 -27794 -8725 5844 END
START -12944 -4260 16760 -28947 -6708 6847 END
START -13088 -5900 20264 -28073 -5811 9382 END
START -12672 -6880 23128 -25032 -5836 12226 END
START -10644 -7532 23492 -21736 -5568 14319 END
START -8992 -8296 23464 -21574 -6932 14714 END
START -7944 -8308 25296 -20863 -7499 15063 END
START -7208 -8080 26728 -18730 -7199 16454 END
START -6340 -8468 25860 -16972 -6776 18324 END
START -6280 -7888 25140 -15781 -6574 19923 END
START -6484 -7708 24808 -14496 -6399 21027 END
START -5152 -7852 24512 -13586 -7118 23241 END
START -2160 -7860 25328 -13042 -7040 25438 END
START 908 -7636 26052 -11826 -5223 26996 END
START 3148 -7068 25860 -10782 -2722 26886 END
START 4532 -6552 26112 -10476 -1610 25856 END
START 6392 -6056 27212 -9177 -1512 24612 END
START 8512 -5672 28172 -7375 -1164 23008 END
START 10292 -5744 28892 -5346 -795 21327 END