START 6000 -3140 32767 5517 -11303 1972 END
START -412 -972 32767 7231 -11567 2025 END
START 7140 -3956 32767 10650 -9743 1368 END
START 7616 -5156 32767 15982 -7289 -29 END
START 8452 -6416 32767 21677 -5814 -1647 END
START 7996 -6288 32767 27146 -4641 -3614 END
START 6908 -6884 32767 31979 -3934 -5122 END
START 5776 -7028 32767 32767 -4203 -5743 END
START 4992 -6632 32767 32767 -6235 -5308 END
START 5956 -5704 32008 32767 -7641 -4427 END
START 6540 -5284 28772 32767 -6763 -5507 END
START 6124 -4784 24652 32767 -4290 -8024 END
START 5136 -4280 19412 32767 -1508 -10399 END
START 3380 -3888 13560 32767 246 -11854 END
START 1468 -4020 9080 32767 1372 -12328 END
START -188 -4496 5628 32597 1173 -11028 END
START -1540 -4828 2944 29159 -213 -8468 END
START -2188 -3848 1396 25566 -1923 -5517 END
START -2060 -3388 272 21998 -3238 -2442 END
START -1492 -2284 96 18551 -4184 85 END
START -440 -984 228 16300 -4473 1437 END
START 720 -76 404 14831 -4459 2264 END
START 1772 1168 572 13671 -4636 2921 END
START 2960 2356 740 12355 -4761 3457 END
START 4012 3748 1824 11058 -4724 3579 END
START 5392 5224 3192 9776 -4376 3114 END
START 6200 6280 4376 8756 -4030 2344 END
START 6500 7752 5924 8065 -3969 1691 END
START 7204 8476 7328 7790 -4126 1156 END
START 8260 8968 8728 8047 -4637 335 END
START 9592 9308 9740 8596 -4533 -794 END
START 10532 9372 10476 9340 -3912 -2171 END
START 10996 9492 10596 9915 -2953 -3469 END
START 11448 9728 10184 9764 -2529 -4319 END
START 12236 9700 9640 9210 -2151 -5231 END
START 12928 9948 9344 8752 -1094 -6641 END
START 12396 9996 8448 8294 37 -8540 END
START 11940 9892 7904 7778 401 -10403 END
START 11332 10000 7120 7492 815 -12196 END
START 10400 9656 6412 7267 1289 -13713 END
START 9464 9096 5268 7074 1779 -14536 END
START 8476 9288 3876 6520 2228 -14652 END
START 7604 9488 2896 5056 2651 -14771 END
START 6864 9940 1700 3331 2907 -15093 END
START 6080 9956 1032 1604 2869 -15709 END
START 5336 10020 812 29 2632 -16312 END
START 4552 9676 596 -1071 2268 -16739 END
START 4260 9248 456 -2233 1548 -16677 END
START 3224 9132 632 -3592 901 -16490 END
START 2348 9140 1036 -4569 864 -16450 END
START 908 9224 1344 -5427 690 -16362 END
START -164 8916 1236 -6338 -696 -16167 END
START -592 8508 1024 -7592 -3366 -15729 END
START -704 7940 1444 -9735 -6594 -15270 END
START -1156 7784 3316 -10819 -7768 -14359 END
START -2312 8812 4640 -10275 -6287 -11826 END
START -3132 9032 4296 -10431 -4355 -9587 END
START -3584 9636 3400 -11659 -3357 -8466 END
START -3592 9124 2996 -13252 -3879 -7636 END
START -3476 8324 3212 -14792 -5222 -6958 END
START -3796 7992 4496 -16255 -6006 -6485 END
START -4588 7976 6180 -17004 -5146 -6282 END
START -5628 7584 7444 -17207 -4737 -6016 END
START -5928 6912 8100 -17422 -5033 -5594 END
START -6064 6088 8616 -17953 -5012 -4943 END
START -5784 4668 9128 -19219 -4526 -4149 END
START -6340 3528 10300 -20398 -3337 -3060 END
START -7596 2652 11596 -21280 -2033 -1848 END
START -8696 2020 13216 -21626 -1227 -468 END
START -10024 1352 14576 -21128 -849 885 END
START -10184 660 15304 -20155 -985 2358 END
START -9728 -92 15628 -19611 -1334 3752 END
START -9264 -256 16320 -20028 -1600 5218 END
START -8972 116 17356 -20432 -1198 6788 END
START -8428 88 18088 -20364 217 7979 END
START -8700 236 18404 -20737 1276 8731 END
START -9392 120 19008 -21206 1808 9156 END
START -9888 -356 19944 -20390 1224 9842 END
START -9328 -744 20776 -18901 -276 10929 END
START -7100 -1316 20840 -17938 -1239 11947 END
START -5824 -1388 21076 -17775 -1080 12583 END
START -5408 -1716 21332 -17572 -183 12950 END
START -5752 -1884 21124 -17275 342 13321 END
START -6028 -2664 21092 -16619 138 14190 END
START -5376 -3120 21104 -16049 -639 15325 END
START -3324 -3304 21652 -16029 -909 16889 END
START -2044 -3580 22328 -16181 924 17618 END
START -2352 -4120 22792 -15859 2738 17722 END
START -3568 -4020 23316 -14634 2397 17581 END
START -3520 -4284 24136 -12713 499 17952 END
START -2428 -4204 24984 -10588 -932 18886 END
START -1160 -4396 25492 -8582 -835 20053 END
START 52 -5056 24668 -7486 -94 21165 END
START 464 -5296 24296 -7825 52 21825 END
START 1672 -5348 24820 -8299 -667 22624 END
START 3432 -5168 25760 -8071 -1542 23318 END
START 5896 -5008 27148 -6845 -1975 23087 END
START 8600 -4772 27824 -4249 -1123 20879 END
START 10072 -3860 27520 -820 540 16516 END