START -24648 -6340 18012 17640 3557 5203 END
START -26236 -6148 18364 17981 1476 6388 END
START -24688 -6988 15388 18482 -252 9027 END
START -21924 -7100 10680 18169 -1767 12408 END
START -19520 -6380 7008 16614 -2210 15290 END
START -16908 -5548 3376 14817 -2282 18277 END
START -13212 -5660 -908 13026 -2984 21166 END
START -9352 -6588 -5612 10951 -5709 22628 END
START -6036 -6756 -9456 7780 -9750 23244 END
START -2988 -7336 -11672 4435 -13432 23718 END
START 692 -7428 -13604 616 -15419 24517 END
START 4228 -7488 -14572 -3845 -15693 25334 END
START 8264 -6968 -14056 -8990 -14439 25464 END
START 12992 -6224 -12460 -14195 -11733 24498 END
START 17032 -5192 -9780 -19178 -7879 21064 END
START 19504 -4256 -6164 -22435 -5936 15424 END
START 19332 -3712 -2808 -23675 -6200 9403 END
START 18612 -3260 336 -23687 -8892 5024 END
START 18488 -3308 2480 -23841 -11212 2167 END
START 17712 -4168 5948 -25820 -11104 -625 END
START 15768 -4276 9928 -29001 -7981 -2238 END
START 14336 -4872 15268 -32606 -2645 -2505 END
START 12872 -4812 22416 -32768 3068 -2611 END
START 11508 -5100 28492 -32768 6164 -2932 END
START 10916 -5112 32767 -32768 5856 -4379 END
START 9940 -5228 32767 -29657 2706 -7176 END
START 8448 -5020 32767 -23721 -1771 -10017 END
START 7052 -4732 32767 -17958 -4428 -12705 END
START 4748 -4588 32767 -13844 -3806 -14383 END
START 1712 -5208 32767 -10299 -835 -14501 END
START -1736 -5468 32767 -6756 2724 -12816 END
START -4616 -5892 32767 -1807 3927 -10144 END
START -5752 -6064 32767 4132 3062 -7977 END
START -6040 -6056 32767 9616 1334 -6768 END
START -5424 -6264 32767 14086 374 -6470 END
START -5184 -6440 32767 17247 1305 -6568 END
START -5252 -6948 32767 20452 2915 -6372 END
START -5728 -7496 32767 23490 3809 -5772 END
START -5908 -7740 32767 26340 3739 -4740 END
START -5896 -7916 32767 28788 3236 -3888 END
START -5964 -7944 31544 30980 2395 -3329 END
START -5340 -7976 28796 32683 1726 -2884 END
START -4468 -8144 26348 32767 1837 -2659 END
START -3680 -8204 23804 32767 3144 -2726 END
START -3492 -8320 21116 32767 4704 -2413 END
START -3468 -8420 18700 32589 5336 -1575 END
START -3168 -8128 16436 32320 5106 -931 END
START -3096 -7608 13896 32507 4187 -626 END
START -2780 -7168 11236 32549 3033 -541 END
START -2280 -6584 7668 32041 2471 -552 END
START -2036 -5964 4072 30454 2683 -573 END
START -2112 -5536 1132 27889 3657 -83 END
START -2456 -4948 -1604 25112 4294 962 END
START -2164 -4412 -4208 22382 4853 2446 END
START -1648 -4116 -7440 19734 5569 4128 END
START -732 -4108 -10804 16868 5547 5579 END
START 636 -4360 -14088 13483 4686 5944 END
START 1832 -4672 -16700 10383 3076 4762 END
START 1964 -5520 -19236 7285 605 2746 END
START 1432 -6340 -21200 4325 -2785 1620 END
START 928 -7012 -22716 951 -6750 1744 END
START 1092 -7228 -24164 -3222 -8984 2794 END
START 1792 -6760 -24464 -8891 -8884 4315 END
START 3008 -6200 -23992 -15125 -6531 5393 END
START 4392 -6112 -22648 -21540 -4328 5416 END
START 5644 -6408 -20220 -26940 -4541 4230 END
START 6764 -7112 -17676 -31079 -6694 2015 END
START 7824 -8784 -14044 -32768 -8908 -711 END
START 8272 -11252 -9532 -32768 -10335 -3184 END
START 7604 -12884 -4068 -32768 -10990 -4600 END
START 6964 -13944 2916 -32768 -10157 -4464 END
START 6732 -14960 13160 -32768 -7207 -4122 END
START 5676 -16140 25536 -32768 -3014 -3440 END
START 5096 -17276 32767 -32768 1254 -2013 END
START 4376 -17440 32767 -32768 4907 -1048 END
START 3104 -17172 32767 -32768 7027 -1784 END
START 988 -16568 32767 -32768 6901 -3493 END