START -1056 -6536 32767 15035 -7782 1028 END
START -8664 -3800 32767 15995 -9519 1611 END
START -3932 -5436 32767 17857 -9886 2253 END
START -2176 -6416 32767 21143 -10060 3003 END
START -1060 -5636 32767 24424 -8749 2649 END
START 480 -5532 32767 27099 -6746 1128 END
START 1400 -5892 29780 28598 -5516 -724 END
START 1168 -6604 26304 29963 -5649 -2349 END
START 188 -5952 22536 31277 -7295 -3104 END
START -424 -4728 19024 31956 -8928 -3678 END
START -404 -4164 15112 31884 -9674 -3840 END
START -248 -3620 11796 30758 -9268 -3316 END
START 84 -3192 8568 28554 -8272 -2303 END
START 616 -2552 6120 25691 -6808 -1400 END
START 884 -2084 3816 22163 -5512 -861 END
START 588 -1540 2796 19047 -5441 -351 END
START 460 -1460 2212 16954 -6769 471 END
START 416 -728 1992 15634 -8924 1857 END
START 1212 132 2184 14635 -10604 3147 END
START 2640 1136 2764 13908 -10745 3791 END
START 3932 2592 3396 13274 -9553 3902 END
START 4700 3496 4164 12426 -7660 3478 END
START 5180 4252 4840 11420 -6155 2815 END
START 5444 5068 5832 10843 -5364 1797 END
START 5488 5300 6868 10644 -5462 768 END
START 5680 5888 8320 10786 -5982 494 END
START 6408 6260 10080 11305 -6419 528 END
START 7632 6592 11444 12051 -5931 616 END
START 9008 7104 12852 12971 -4884 368 END
START 10260 7756 13720 13982 -3388 -398 END
START 11228 8188 14060 15094 -1854 -1847 END
START 11912 8516 13700 15738 -727 -3562 END
START 12204 8752 12808 15902 -91 -5608 END
START 11952 9284 12008 15339 -34 -7585 END
START 11892 9500 10808 14443 4 -9194 END
START 11240 9728 9716 13579 427 -10157 END
START 10848 10184 7948 12354 1067 -10727 END
START 10108 10744 6356 10502 1584 -11617 END
START 9600 11124 4996 8719 2227 -12983 END
START 8872 11140 4164 7288 2490 -14272 END
START 8304 10496 2696 5837 2281 -15392 END
START 7744 10392 2048 4276 1747 -15988 END
START 6924 10292 1316 2588 1229 -16704 END
START 6212 9952 420 499 378 -17208 END
START 5272 9832 104 -1562 -564 -17137 END
START 4644 9932 -160 -3419 -1300 -16732 END
START 4184 9736 -132 -5504 -1162 -16235 END
START 3796 9352 36 -7713 284 -15761 END
START 2876 9008 464 -9343 1894 -15072 END
START 1944 8556 624 -11017 2876 -13884 END
START 1028 7944 584 -12489 2864 -12480 END
START 76 7528 1188 -13988 2003 -11010 END
START -368 7396 2124 -14725 1257 -9865 END
START -740 7248 2804 -14905 1050 -9099 END
START -2048 6808 3464 -15589 553 -8429 END
START -2908 6540 4016 -16511 32 -7075 END
START -4056 6732 4336 -18008 35 -5071 END
START -5200 6660 4592 -19691 -685 -3379 END
START -6456 6744 5104 -20622 -2340 -2265 END
START -6836 6528 5556 -21166 -4215 -1304 END
START -6424 6116 6772 -21479 -4067 -1001 END
START -7096 5984 8136 -21762 -2199 -1155 END
START -7888 5432 9052 -22384 -801 -1100 END
START -9128 4360 10220 -23040 -534 -740 END
START -9804 2924 10848 -23013 -1156 343 END
START -10344 1312 11832 -23326 -2263 2237 END
START -10164 244 13384 -24165 -3462 4368 END
START -9824 -240 15548 -24278 -3375 6075 END
START -9424 -784 17416 -23126 -1638 7141 END
START -9464 -1208 18464 -21663 565 7767 END
START -9900 -1968 19212 -20827 2421 8597 END
START -10288 -2664 19984 -19796 3229 10221 END
START -9980 -3440 21212 -18749 2764 12954 END
START -9208 -3380 21992 -17648 2064 16079 END
START -8492 -3572 22504 -17063 2134 18947 END
START -8016 -3512 22568 -16972 2881 21484 END
START -7648 -3568 22572 -17106 3454 23196 END
START -6352 -4004 23652 -16248 2533 24525 END
START -4120 -4280 24528 -14268 1717 24960 END
START -2212 -3712 24976 -12766 1658 24893 END
START -1004 -3144 25352 -11653 2406 24397 END
START -592 -3064 25468 -10537 3325 23684 END
START 568 -3616 25800 -9476 3396 23484 END
START 2320 -3664 26184 -8454 3152 23372 END
START 3608 -3756 26280 -7863 3634 22477 END
START 4628 -3924 25940 -7043 4071 20903 END