START -13228 2628 16424 13690 1233 -2063 END
START -14020 2660 16600 13479 -32 -1698 END
START -14488 860 16112 13089 107 -1142 END
START -14984 -852 14108 12343 1654 -583 END
START -16896 -2264 13060 11567 2454 -240 END
START -19216 -4268 11504 11429 1226 1140 END
START -20516 -5624 10064 12303 -2741 4396 END
START -20160 -5872 7516 13153 -7698 9064 END
START -17796 -5508 4248 12716 -10035 13779 END
START -13832 -4640 44 9009 -5708 17465 END
START -10512 -4908 -3432 2731 1206 20299 END
START -8128 -6216 -5528 -3502 3996 22768 END
START -5168 -7424 -6188 -7685 557 23989 END
START -2448 -8168 -5436 -8994 -6288 23619 END
START 40 -8604 -4652 -8374 -13557 22305 END
START 1864 -9336 -4740 -8235 -18144 21265 END
START 3544 -10044 -4836 -9904 -19110 21024 END
START 5576 -10528 -4248 -14057 -16235 21768 END
START 8544 -10332 -1844 -19227 -12127 23131 END
START 12852 -8772 1744 -23401 -8938 23888 END
START 18064 -7016 6100 -25975 -5903 21905 END
START 22656 -4868 11056 -26464 -3652 16610 END
START 25716 -2780 15308 -25136 -2633 8518 END
START 26252 -1172 19684 -23239 -3495 -1 END
START 24932 12 22976 -21549 -4097 -6534 END
START 22932 112 25688 -20370 -3788 -10804 END
START 20172 -368 28248 -20378 -779 -13182 END
START 17172 -944 31088 -21527 4133 -14528 END
START 13788 -2408 32767 -21976 8044 -15675 END
START 9460 -3820 32767 -20286 8851 -16470 END
START 5900 -4668 32767 -16442 6121 -16549 END
START 3044 -5412 32767 -11477 1913 -16443 END
START 256 -5412 32767 -6305 -1682 -16014 END
START -2252 -4960 32767 -1733 -3543 -14936 END
START -4352 -4400 32767 2285 -2377 -13090 END
START -5936 -4028 32767 5449 1013 -10861 END
START -7572 -4384 32767 8405 5181 -8652 END
START -9300 -5108 32767 11792 7918 -6547 END
START -10620 -5752 32767 16248 8255 -4904 END
START -10820 -7096 32767 20941 6442 -4083 END
START -11088 -7828 32767 24975 3346 -3768 END
START -10768 -8264 32767 28217 889 -2957 END
START -9700 -8472 32767 30486 951 -1437 END
START -8356 -8464 32160 31720 2969 165 END
START -6860 -8364 28800 32343 5057 1316 END
START -5760 -8148 25512 32767 5917 1980 END
START -4588 -8248 22436 32767 5309 2039 END
START -3516 -8124 19436 32767 4201 1430 END
START -2720 -7844 15612 32767 3451 540 END
START -2560 -7832 12004 32767 3094 4 END
START -2360 -7656 8784 32767 3308 -103 END
START -2064 -7384 6088 31510 4255 309 END
START -1780 -6936 3384 29150 6053 1084 END
START -1872 -6388 1236 26780 7626 2383 END
START -1472 -5624 -1268 24518 7969 3826 END
START -512 -4532 -3620 22068 6798 4869 END
START 580 -3368 -5344 19719 4834 4626 END
START 1924 -2152 -7168 17473 3211 3299 END
START 2400 -1192 -8916 15156 2351 1479 END
START 2320 -960 -11116 12393 1713 172 END
START 2072 -1392 -12400 9376 975 -516 END
START 2352 -2088 -14072 6155 648 -847 END
START 2116 -3080 -15276 2513 529 -1015 END
START 1664 -3872 -15784 -1362 -251 -822 END
START 1516 -4212 -15772 -4722 -1471 -419 END
START 1012 -4416 -15624 -7633 -2702 137 END
START 1412 -4648 -15832 -10715 -3553 890 END
START 2216 -4796 -15932 -14474 -3444 1636 END
START 2956 -5048 -15492 -18564 -3089 2026 END
START 3880 -5788 -14928 -22532 -3181 1618 END
START 4568 -6588 -14256 -26206 -4196 368 END
START 4888 -7836 -13204 -29523 -6140 -1189 END
START 4736 -9652 -11668 -32768 -8219 -2695 END
START 4772 -11584 -8948 -32768 -10153 -3187 END
START 4684 -13380 -5064 -32768 -11433 -3385 END
START 5168 -14100 1452 -32768 -11887 -3198 END
START 6308 -13344 11628 -32768 -11607 -1984 END
START 8556 -12512 23668 -32768 -8995 -1283 END
START 11080 -13132 32767 -32768 -4338 -3268 END
START 11260 -14696 32767 -32768 276 -8407 END
START 7068 -16640 32767 -32768 1973 -12854 END
START 1820 -16900 32767 -32520 2046 -14284 END
START -2676 -16836 32767 -23348 2607 -12539 END