START -14196 -4008 19716 15761 3456 8558 END
START -15312 -3428 20396 15843 1733 9298 END
START -13404 -4332 18224 16045 551 10797 END
START -11500 -3900 14796 16094 -71 12909 END
START -9920 -4132 12344 15427 701 14635 END
START -9052 -3968 9672 14425 2038 16182 END
START -8168 -4248 6856 13366 2995 17548 END
START -7272 -4960 3336 12084 2865 19006 END
START -6160 -6052 48 10149 1065 20193 END
START -4948 -7020 -3396 7958 -1921 20985 END
START -3980 -7824 -6020 5180 -6208 21988 END
START -2284 -8612 -7660 2140 -10014 23085 END
START -384 -8744 -8464 -556 -12075 24349 END
START 1860 -8920 -9500 -3491 -11816 25030 END
START 4492 -8876 -9916 -7332 -9668 24887 END
START 6104 -9056 -9272 -11259 -7521 23917 END
START 7036 -9212 -8540 -14746 -6696 22490 END
START 7280 -9748 -6948 -17682 -7615 21031 END
START 8068 -10008 -5104 -20022 -9087 19398 END
START 9076 -9552 -2756 -22128 -10303 18055 END
START 11192 -9080 -84 -24437 -10245 17134 END
START 13708 -7984 3360 -27215 -8872 16269 END
START 17464 -6108 8084 -29880 -5677 14486 END
START 20880 -3528 12792 -31901 -1858 11786 END
START 24212 -1360 18944 -32762 446 7308 END
START 25988 20 24828 -32625 1432 1626 END
START 26044 664 30524 -31620 1933 -4441 END
START 23944 612 32767 -29433 2267 -10292 END
START 21240 -8 32767 -26213 1423 -14834 END
START 18028 -900 32767 -22740 225 -17953 END
START 15256 -1956 32767 -18829 -821 -20157 END
START 12644 -3116 32767 -13984 -1652 -21433 END
START 9636 -4296 32767 -8577 -1725 -21792 END
START 6692 -4976 32767 -2716 -843 -20854 END
START 4564 -4768 32767 2672 1791 -19230 END
START 2216 -4724 32767 6960 5038 -17293 END
START 68 -5088 32767 10961 6768 -15265 END
START -1948 -5192 32767 15648 6513 -13824 END
START -2920 -5644 32767 21282 4423 -12797 END
START -2908 -6800 32767 26050 2463 -12254 END
START -3080 -8260 32767 29476 1799 -12263 END
START -3864 -9172 32767 31973 2289 -11970 END
START -4824 -10112 32767 32767 3788 -10688 END
START -5316 -10616 31920 32767 5629 -8822 END
START -5296 -10792 28300 32767 6836 -6876 END
START -4488 -10760 24544 32767 7510 -5369 END
START -3760 -10268 20756 32767 7787 -4835 END
START -3524 -9724 17568 32767 8063 -4471 END
START -3408 -9232 14300 32767 8232 -3899 END
START -2980 -8804 10796 32767 8604 -3145 END
START -2872 -8568 7468 31660 9301 -2113 END
START -2500 -8120 4212 29414 9940 -689 END
START -2140 -7200 1388 27260 10422 779 END
START -1704 -6372 -1468 25492 10031 2068 END
START -760 -5124 -4780 23742 8394 2866 END
START 136 -4000 -8104 21943 6071 2947 END
START 1436 -3204 -11132 19797 4160 2572 END
START 2348 -2588 -13964 16636 3081 1490 END
START 2964 -3076 -16456 13037 3029 192 END
START 2396 -4112 -18488 9344 2732 -1046 END
START 1416 -5948 -20468 5362 1555 -1775 END
START -120 -7620 -21904 1397 -432 -1654 END
START -1188 -8692 -22608 -2601 -2368 -357 END
START -1588 -9360 -23208 -7336 -3345 2132 END
START -748 -9264 -22680 -12585 -3119 4605 END
START 472 -9240 -21884 -18288 -2143 6087 END
START 1748 -9228 -20296 -23356 -1938 6523 END
START 3080 -9424 -18420 -27984 -2731 6039 END
START 4376 -9928 -15988 -31899 -4780 4832 END
START 5504 -11140 -13548 -32768 -7224 3186 END
START 6348 -12688 -10216 -32768 -9682 1676 END
START 7500 -14228 -6288 -32768 -11268 981 END
START 9124 -14932 84 -32768 -10925 602 END
START 10556 -15736 6756 -32768 -8860 -141 END
START 10972 -15464 17036 -32768 -6330 -1385 END
START 11596 -16000 30060 -32768 -4435 -2345 END
START 12820 -16796 32767 -32768 -2377 -4235 END
START 11984 -16760 32767 -32768 629 -8220 END
START 7872 -17016 32767 -32768 2323 -11646 END
START 2980 -16976 32767 -31501 2376 -12746 END
START -1216 -15892 32767 -23795 2189 -11328 END