START 1868 -7344 32767 29752 -11034 -2242 END
START 1308 -7260 32767 30578 -10859 -2265 END
START 576 -7152 32767 32384 -10253 -2143 END
START 880 -7684 32180 32767 -8806 -2272 END
START 836 -7624 28068 32767 -6882 -2807 END
START 532 -7456 23876 32767 -5203 -3755 END
START -428 -6608 19200 32767 -4483 -4510 END
START -1204 -6304 14260 32767 -4862 -5274 END
START -1732 -6084 9504 32767 -5843 -5610 END
START -2100 -5660 5832 32767 -7149 -5226 END
START -1816 -5004 2612 30715 -7728 -4255 END
START -1588 -4104 248 27180 -7746 -3037 END
START -1604 -3284 -568 23801 -7363 -1665 END
START -1080 -2152 -968 20942 -7121 -466 END
START -176 -992 -1176 18691 -7122 486 END
START 808 260 -1048 16545 -7740 1529 END
START 2004 1336 -764 14587 -8149 2602 END
START 3144 2780 -124 12537 -8024 3453 END
START 4236 3852 1148 10720 -7202 3834 END
START 5812 4796 2956 9574 -5973 3503 END
START 7120 5488 4564 9435 -4785 2200 END
START 7140 6228 6152 9888 -4182 556 END
START 7200 7004 7560 10458 -4204 -777 END
START 7248 7400 8636 11014 -4780 -1498 END
START 7948 7520 9524 11702 -5341 -1365 END
START 9244 7428 10544 12378 -5285 -1225 END
START 10644 8252 11204 13136 -4171 -1881 END
START 11844 8348 10752 13213 -2403 -3248 END
START 12260 8656 10020 12514 -781 -5232 END
START 11812 9180 9188 11888 44 -7165 END
START 11496 9556 8184 11821 427 -8565 END
START 10928 9952 6828 11611 478 -9725 END
START 10856 10196 5228 11143 726 -10772 END
START 10032 10596 3716 9854 1161 -12215 END
START 9084 10576 2008 7973 1290 -13929 END
START 8024 10724 804 5795 806 -15473 END
START 6904 10552 412 4123 198 -16766 END
START 6144 10444 132 3163 -693 -17474 END
START 5628 10324 -324 2268 -1460 -17671 END
START 5280 10644 -1140 524 -1254 -17628 END
START 4408 10996 -1472 -2263 -120 -17677 END
START 3348 10604 -1992 -5155 868 -17374 END
START 1720 10440 -1592 -7396 669 -16655 END
START 744 9636 -1304 -8681 450 -15654 END
START 280 9164 -952 -10025 309 -14415 END
START -80 8736 -756 -11732 1248 -13485 END
START -644 8324 -700 -13995 2483 -12988 END
START -2060 8064 -496 -16523 2743 -13137 END
START -4012 8036 892 -17893 1892 -12664 END
START -5080 7844 2156 -17640 127 -10929 END
START -4920 7412 2592 -17360 -1461 -8963 END
START -4448 7472 3276 -18591 -2350 -7989 END
START -4180 6752 4536 -19760 -1397 -7724 END
START -4592 6100 5676 -20567 -89 -7515 END
START -5416 5460 6492 -21314 251 -7073 END
START -6564 4968 7680 -21917 -405 -6801 END
START -7324 4108 8820 -22137 -1722 -6377 END
START -7452 3128 9804 -21908 -2920 -5707 END
START -7660 1828 10644 -22070 -2992 -5107 END
START -8652 1144 11596 -22924 -1982 -4216 END
START -10268 252 13000 -23762 -1477 -2907 END
START -11004 -464 14452 -23729 -1901 -717 END
START -10860 -1220 15436 -23295 -2252 1680 END
START -10240 -2064 16172 -23368 -2046 3395 END
START -9968 -3544 17396 -23401 -552 4512 END
START -10948 -3996 18656 -22825 1760 5794 END
START -11936 -4600 19784 -22310 4002 7770 END
START -13152 -4544 20356 -22101 3691 10078 END
START -12552 -4572 21128 -21897 -146 12399 END
START -10360 -4024 22376 -20840 -2991 13645 END
START -8604 -3960 23012 -19237 -3652 13906 END
START -7628 -3652 23556 -18064 -3856 13800 END
START -6980 -3072 24892 -16718 -4017 14201 END
START -5928 -2968 26184 -14591 -3520 15237 END
START -4720 -2980 27100 -12078 -2191 16731 END
START -3012 -3440 26392 -10123 -1132 17970 END
START -1476 -3472 25416 -11064 -2331 18355 END
START 32 -3384 27108 -11893 -4152 17877 END
START 1372 -2976 28704 -9996 -4903 17806 END
START 2756 -3020 29416 -7781 -4945 18363 END
START 3920 -2812 29984 -5902 -4035 19111 END
START 5472 -2772 30408 -4225 -2559 19593 END