START -2444 -4216 32767 17092 -5343 2635 END
START 240 -5288 32767 18230 -7305 3073 END
START -6496 -3384 32767 20720 -7810 2979 END
START -980 -5284 32767 24948 -8410 2520 END
START -2428 -5084 32767 28412 -8945 1861 END
START -1364 -6232 32767 31364 -9341 622 END
START -1552 -6928 32767 32767 -9484 -280 END
START -1884 -6968 30476 32767 -9557 -605 END
START -1488 -7672 27188 32767 -8760 -546 END
START -1408 -8136 23436 32767 -7560 -450 END
START -1172 -8700 19980 32767 -6262 -436 END
START -888 -8328 17256 32767 -4779 -324 END
START -16 -6968 14320 32767 -3691 -352 END
START 104 -6740 11508 32767 -2837 -384 END
START 48 -5568 8464 32054 -2429 -146 END
START -72 -5008 5640 30457 -2496 478 END
START 128 -4464 3308 28262 -2904 1422 END
START 580 -3580 1308 25569 -3606 2720 END
START 1580 -2992 36 22505 -4078 3526 END
START 2508 -1756 -768 19726 -4047 3421 END
START 2924 -920 -1044 17489 -3888 2789 END
START 2748 -220 -1536 15654 -4305 2297 END
START 2912 352 -1812 14014 -5404 2451 END
START 3248 1248 -1464 12443 -6024 2998 END
START 3644 2240 -836 10835 -5732 3560 END
START 4304 3332 -60 9367 -4957 3906 END
START 4932 4220 660 8026 -3953 3846 END
START 5268 5320 1528 6847 -3095 3201 END
START 5412 6592 2948 5752 -2503 2489 END
START 5808 7900 4464 5244 -2365 1858 END
START 6016 9104 5632 4753 -2602 1245 END
START 6284 9628 7124 4508 -3311 706 END
START 6800 10184 8696 4685 -4388 391 END
START 7992 10232 10724 5442 -5249 -67 END
START 9716 10224 12680 7050 -5327 -1254 END
START 10308 10432 13596 9013 -5128 -2941 END
START 10516 10492 13640 10507 -4893 -4197 END
START 10896 10728 13688 11362 -4391 -4735 END
START 11264 10836 13548 11836 -3247 -5189 END
START 11704 10904 12988 11674 -1639 -6171 END
START 11632 11060 12196 11214 192 -8001 END
START 10932 10472 10880 10830 953 -9914 END
START 9780 10044 9628 10266 696 -11270 END
START 8896 9908 8352 9688 -111 -12098 END
START 8268 9988 7164 9337 -759 -12528 END
START 7704 10008 5920 8825 -930 -12681 END
START 7380 10084 4596 8200 -1095 -12758 END
START 6908 9592 3020 7053 -1485 -12703 END
START 6456 9672 1712 5274 -2447 -13002 END
START 6072 9396 712 2459 -2778 -13741 END
START 5232 9600 560 -607 -2985 -14327 END
START 4700 9464 1044 -3143 -2420 -14629 END
START 4060 9252 1828 -5690 -521 -14755 END
START 2960 8860 2064 -7666 1827 -14482 END
START 1936 8712 1832 -8488 2622 -13874 END
START 1032 8656 1032 -8608 2138 -13416 END
START -4 8796 640 -9295 608 -13589 END
START -808 8656 444 -9721 -720 -13878 END
START -1636 8852 484 -10265 -1397 -14035 END
START -2500 8488 320 -10996 -2458 -13829 END
START -2888 8488 356 -11960 -3863 -13208 END
START -3144 8148 440 -13091 -4512 -12589 END
START -3832 8520 1208 -14938 -4186 -11842 END
START -4280 8188 2404 -17130 -3409 -11518 END
START -4656 7524 3968 -18504 -2446 -10868 END
START -5100 6924 5160 -19171 -1805 -9892 END
START -4860 6096 5672 -19741 -1598 -9142 END
START -4892 5636 6236 -20480 -1527 -8754 END
START -5508 4680 7484 -21331 -786 -8676 END
START -6452 4116 8692 -22316 669 -8462 END
START -7632 3640 9876 -23046 1673 -8200 END
START -8812 2716 10760 -22952 1716 -7655 END
START -9536 1404 11104 -22641 624 -6992 END
START -10024 80 11416 -22200 -1117 -6143 END
START -9940 -1368 12088 -22472 -1212 -5128 END
START -10924 -1680 12900 -24050 892 -3555 END
START -12904 -1228 14744 -26622 3756 -1184 END
START -14304 -1364 16760 -27682 6287 1960 END
START -14616 -2124 18096 -27257 7588 4735 END
START -14636 -2172 18440 -26055 7271 6335 END
START -14332 -2456 19108 -24884 5320 6373 END
START -13968 -2132 19868 -23537 1473 5700 END
START -13628 -2428 21664 -21806 -1507 5340 END
START -13628 -3160 22604 -20403 -2120 5747 END
START -14136 -4124 22700 -19424 -1114 7330 END
START -14656 -5088 22452 -18738 186 9869 END
START -14460 -5256 22964 -18340 891 13392 END
START -13392 -5348 23140 -18254 927 17478 END
START -11804 -5136 22804 -18604 350 20631 END
START -10824 -5344 22564 -19364 -521 22388 END
START -9684 -5840 22664 -19081 -1284 23136 END
START -8088 -5608 24320 -17943 -1846 23661 END
START -4764 -5156 26392 -16139 -2159 23721 END
START -1256 -4564 27912 -13926 -1964 23121 END
START 1352 -3616 29428 -11864 -1386 21462 END