START -20452 -10340 17052 7595 7091 -10645 END
START -20692 -10848 16688 7694 6338 -9083 END
START -23208 -11632 17324 8664 5183 -3904 END
START -23032 -12196 15776 11157 3556 5429 END
START -20732 -12500 13520 12665 1432 13942 END
START -17972 -12132 11012 12815 -398 20826 END
START -14780 -11212 8140 11319 -2326 26466 END
START -11040 -10420 5776 8527 -3811 30489 END
START -7984 -10412 4076 5563 -5636 32767 END
START -5352 -10356 2824 3337 -8465 32767 END
START -1984 -10428 1352 1897 -11534 32767 END
START 1408 -10164 -388 1170 -13926 32767 END
START 4152 -9284 -2432 321 -15726 32767 END
START 7096 -8540 -4756 -1217 -18440 32767 END
START 10464 -7196 -6308 -4458 -21305 32767 END
START 14152 -6100 -6912 -8465 -22568 32767 END
START 18544 -4844 -6232 -12706 -20823 32767 END
START 21228 -3396 -4844 -16748 -17846 29966 END
START 21372 -2720 -2372 -19314 -16193 24218 END
START 20884 -2372 360 -20839 -15917 19769 END
START 20552 -2136 2696 -22065 -15742 17172 END
START 20192 -1608 4956 -24788 -14885 15663 END
START 20404 -1584 8500 -28595 -12291 14551 END
START 22464 -1504 14892 -31615 -8653 11220 END
START 23716 -544 22124 -31587 -3470 3832 END
START 21652 -748 28452 -29006 -876 -3923 END
START 17968 -1932 32767 -25730 -1802 -9267 END
START 14556 -2636 32767 -22120 -5091 -11804 END
START 12332 -3316 32767 -18672 -6862 -12490 END
START 9916 -3148 32767 -15905 -5980 -11978 END
START 8036 -3816 32767 -13687 -2794 -10876 END
START 6352 -4484 32767 -10954 1096 -9981 END
START 5048 -4736 32767 -6008 3971 -9756 END
START 3668 -4808 32767 819 4612 -10267 END
START 2448 -5240 32767 7976 2677 -11011 END
START 1456 -5392 32767 14332 6 -11739 END
START 780 -5752 32767 19620 -1124 -12179 END
START 440 -6756 32767 23890 -320 -12621 END
START -448 -8292 32767 26663 2261 -12793 END
START -1612 -9968 32767 28739 5273 -12048 END
START -2460 -11212 32767 31068 8078 -10725 END
START -3284 -11820 32767 32767 9553 -9500 END
START -3636 -12500 32116 32767 9231 -8426 END
START -3388 -12920 28588 32767 8335 -7923 END
START -3236 -13104 24492 32767 7096 -7679 END
START -3028 -12680 19804 32767 5807 -7332 END
START -2776 -11852 14708 32767 5687 -6748 END
START -2864 -11312 10456 32767 6979 -5658 END
START -3292 -10096 5384 32767 9024 -3651 END
START -3256 -9060 1400 32767 10788 -835 END
START -3000 -7944 -2572 31425 11568 2132 END
START -1528 -6868 -6464 27160 11683 4542 END
START 128 -5672 -9944 23140 11472 5803 END
START 2252 -4344 -12876 20166 11052 5638 END
START 3988 -3740 -16036 17482 9932 3939 END
START 4832 -3428 -19032 14796 7399 1539 END
START 5288 -3748 -21540 11929 3676 -921 END
START 4716 -4288 -23336 8287 -599 -2842 END
START 4172 -4360 -24548 3580 -3447 -3332 END
START 3548 -4376 -24772 -2179 -4237 -2449 END
START 3212 -4116 -24044 -8745 -3419 -741 END
START 3900 -4140 -22496 -15227 -2234 572 END
START 4624 -4324 -20600 -21213 -1809 563 END
START 5048 -5200 -17312 -26061 -2604 -401 END
START 5196 -6536 -13932 -29795 -3936 -1974 END
START 5152 -8520 -10392 -32768 -5540 -3630 END
START 4752 -10096 -6944 -32768 -6934 -4723 END
START 3656 -11472 -2024 -32768 -7387 -4770 END
START 2232 -12876 3720 -32768 -7454 -3611 END
START 504 -14104 11780 -32768 -7508 -837 END