START -14612 -4276 15836 10579 10075 -538 END
START -15336 -3976 15192 10651 9060 -40 END
START -16028 -4784 15116 11202 7535 1448 END
START -16232 -4956 12576 12427 5809 4206 END
START -16240 -5256 11004 12492 4542 7129 END
START -16308 -5628 9920 11624 4051 9887 END
START -15728 -5784 8492 10196 3633 12657 END
START -15312 -5820 6952 8444 2800 15071 END
START -14848 -6452 5468 6689 134 17423 END
START -13932 -6528 4412 5124 -3193 19530 END
START -13576 -6964 3744 4223 -6998 21927 END
START -12136 -7400 2068 3408 -10041 24919 END
START -10088 -7748 536 2038 -12036 27661 END
START -7640 -8336 -880 -196 -12724 29848 END
START -4948 -8584 -1992 -2984 -12823 31269 END
START -2312 -9144 -2896 -5789 -13710 32437 END
START 556 -9568 -3468 -8238 -16516 32767 END
START 3340 -9620 -3400 -9820 -20121 32314 END
START 6464 -9364 -2640 -10675 -23039 30795 END
START 9464 -8580 -1796 -11533 -24047 28819 END
START 12168 -7536 -1060 -13693 -23289 27057 END
START 14952 -5940 1324 -16957 -21179 25892 END
START 18508 -3768 4296 -19703 -17447 24085 END
START 21028 -1676 7080 -21816 -13153 20496 END
START 22528 584 10920 -23232 -10256 15531 END
START 23324 2416 14420 -23734 -8726 10435 END
START 23876 4636 17540 -23055 -7941 5231 END
START 23280 6164 20948 -21566 -7205 293 END
START 22604 6724 22996 -20927 -6480 -4417 END
START 20660 5932 26060 -21736 -4085 -9289 END
START 17008 3996 29712 -22964 -895 -13087 END
START 11864 1608 32767 -22662 852 -14735 END
START 7916 -708 32767 -20163 296 -14638 END
START 5496 -2012 32767 -15573 -2327 -14110 END
START 3828 -3376 32767 -10061 -6276 -13706 END
START 2756 -3644 32767 -5066 -9780 -13721 END
START 1820 -3152 32767 -45 -11580 -13378 END
START 1652 -2792 32767 4381 -10662 -12573 END
START 1452 -2428 32767 7832 -6351 -11290 END
START 916 -2764 32767 10741 -1331 -9752 END
START 324 -3328 32767 13479 2194 -8581 END
START -632 -3856 32767 17448 3261 -8108 END
START -1044 -4508 32767 22140 2272 -8441 END
START -1512 -5512 32767 26814 -198 -9191 END
START -1380 -6168 32767 30555 -2420 -9877 END
START -1540 -6564 32767 32767 -2217 -10412 END
START -1976 -7108 30888 32767 -102 -9789 END
START -2144 -7496 27368 32767 3332 -8402 END
START -2248 -7796 23728 32767 6827 -6677 END
START -2140 -8064 19992 32767 8857 -5364 END
START -2624 -8236 16304 32767 8925 -4474 END
START -2776 -7792 12868 32498 7487 -3654 END
START -2816 -7520 9356 32236 6148 -3115 END
START -2700 -7024 6256 31608 5090 -2357 END
START -2076 -6292 3100 30159 4939 -1628 END
START -1344 -5164 -580 27872 6080 -951 END
START -800 -4260 -4088 25150 7525 -37 END
START -108 -3264 -7424 22216 8659 986 END
START 668 -2516 -11024 19316 8999 2010 END
START 1428 -1900 -14640 16031 8502 2807 END
START 2536 -2088 -17940 12329 7485 2821 END
START 3220 -2436 -20580 8450 6123 1510 END
START 2856 -3408 -22128 4617 4265 -178 END
START 2012 -4220 -23400 967 1794 -1166 END
START 1456 -5116 -23700 -2914 -765 -1053 END
START 1464 -5360 -23724 -7565 -2615 8 END
START 1944 -5368 -23164 -12399 -2922 1474 END
START 2912 -5444 -22048 -18269 -2197 2770 END
START 4380 -5776 -20304 -24278 -1607 3131 END
START 6176 -7004 -16944 -29653 -1533 2167 END
START 7236 -8632 -12680 -32768 -1548 243 END
START 7636 -10100 -8144 -32768 -2423 -1567 END
START 7664 -10804 -2896 -32768 -4368 -2867 END
START 7280 -11800 3536 -32768 -6018 -3582 END
START 6844 -11484 11844 -32768 -6871 -2814 END
START 7064 -10908 19540 -32768 -5542 -1153 END