START -9836 -3704 6068 8646 9465 20667 END
START -11944 -2972 7604 7714 8319 21524 END
START -9268 -3720 4536 6075 7450 23573 END
START -8460 -4284 2700 4423 4731 27314 END
START -7296 -4776 740 2414 379 30378 END
START -5076 -5672 -1272 195 -3973 32104 END
START -2952 -5744 -2080 -2073 -7729 32372 END
START -700 -5436 -2708 -3399 -9052 31431 END
START 1028 -5532 -3796 -5064 -8701 29875 END
START 2244 -6136 -4620 -7320 -8699 28334 END
START 3288 -6112 -5276 -10350 -9491 26784 END
START 4752 -6816 -5516 -13443 -11589 25287 END
START 6036 -7096 -4500 -15640 -14031 23142 END
START 7648 -7120 -3604 -16845 -15619 20324 END
START 9632 -7112 -2412 -17523 -14890 16019 END
START 10016 -8124 -1464 -18773 -13528 10848 END
START 8728 -9112 108 -20161 -13832 7755 END
START 7884 -9824 1708 -21826 -15904 8667 END
START 9472 -9112 4256 -24657 -17049 11253 END
START 13444 -7404 7620 -28627 -14951 12518 END
START 17100 -5616 11820 -32768 -9778 11656 END
START 21348 -2876 18248 -32768 -3406 7662 END
START 22800 -824 24400 -32768 1596 1011 END
START 21452 120 29184 -32768 2978 -5441 END
START 18828 68 32767 -31000 1937 -10673 END
START 15152 -56 32767 -27917 -122 -14260 END
START 11456 -1088 32767 -23851 -2444 -15919 END
START 8404 -2264 32767 -19262 -4298 -16285 END
START 6424 -3900 32767 -15003 -4825 -16167 END
START 4440 -5420 32767 -10661 -4109 -15466 END
START 2732 -6108 32767 -5710 -1746 -14313 END
START 740 -6516 32767 -190 817 -12768 END
START -1000 -6500 32767 5378 2278 -10974 END
START -1948 -6052 32767 12248 2448 -8788 END
START -1828 -5976 32767 18332 2139 -7356 END
START -1272 -6228 32767 23307 1443 -6831 END
START -688 -6660 32767 27213 1268 -7258 END
START -452 -7624 32767 30040 2178 -8002 END
START -708 -9004 32767 31843 3855 -8138 END
START -1220 -10124 32767 32767 5716 -7720 END
START -1792 -11136 30296 32767 6997 -6879 END
START -2340 -11648 26784 32767 7686 -6029 END
START -2364 -11804 23012 32767 7982 -5264 END
START -2228 -11804 19652 32767 8559 -4808 END
START -2464 -11236 16144 32767 9382 -4341 END
START -2664 -10284 13468 32767 10414 -3458 END
START -2624 -8948 9684 32351 11638 -2089 END
START -2568 -7940 6300 30583 12259 -620 END
START -2148 -6592 3260 28479 12234 795 END
START -1652 -5200 864 26260 11703 1590 END
START -1084 -3608 -1368 24089 11028 2058 END
START -448 -2028 -3604 21579 10130 2271 END
START 568 -776 -5752 18655 9438 1899 END
START 928 244 -6972 16034 8482 1375 END
START 932 792 -7920 13936 7071 973 END
START 1592 1152 -8772 11959 5381 772 END
START 2408 1076 -9688 9503 4136 407 END
START 3280 808 -10660 6892 3150 -56 END
START 4000 412 -11660 4081 2529 -898 END
START 4100 -368 -12392 892 1836 -1989 END
START 3616 -1420 -12292 -2391 587 -2731 END
START 3276 -2236 -11924 -5339 -1117 -2985 END
START 2988 -2948 -11484 -8256 -2423 -2806 END
START 2764 -3392 -11240 -11253 -2929 -2213 END
START 2652 -4340 -10868 -14863 -3013 -1304 END
START 2960 -4984 -10128 -18868 -3120 -500 END
START 3268 -5728 -9432 -22464 -3924 47 END
START 3828 -6528 -8528 -25750 -5057 310 END
START 4368 -7652 -7244 -29052 -6555 497 END
START 5148 -8952 -5476 -32619 -7735 703 END
START 6168 -10224 -2920 -32768 -8350 210 END