START 4712 -5704 32767 12422 -1006 4398 END
START -1228 -3344 32767 13948 -1630 4292 END
START 2148 -4872 32767 17424 -1029 2905 END
START 3356 -5204 32767 23022 -1872 798 END
START 3456 -5584 32767 27636 -3869 -1456 END
START 2688 -5536 32767 31308 -4854 -2864 END
START 1964 -5652 32767 32767 -5481 -3350 END
START 2072 -5728 29068 32767 -6001 -3415 END
START 2384 -5516 25808 32767 -5308 -3735 END
START 2092 -5712 22348 32767 -4047 -4519 END
START 1376 -5720 18280 32767 -3561 -5119 END
START 848 -5272 14352 32767 -3743 -5287 END
START 572 -4684 10712 32579 -3531 -4873 END
START 628 -4000 7464 30328 -2615 -3844 END
START 892 -3460 4612 27339 -1397 -2276 END
START 1192 -2628 2668 23606 -771 -676 END
START 1472 -1760 760 20211 -1021 193 END
START 1496 -488 -304 17399 -2082 647 END
START 1460 436 -876 15244 -3365 1002 END
START 1816 1560 -936 13487 -4302 1380 END
START 2396 2756 -584 11909 -4674 1722 END
START 3308 3788 208 10629 -4283 1574 END
START 3988 5048 1020 9862 -3504 1026 END
START 4548 5736 1908 8993 -2873 371 END
START 3988 6760 3232 7783 -2672 -462 END
START 3548 7508 4628 6700 -3184 -876 END
START 3904 7648 6864 6034 -3469 -575 END
START 4528 7964 8888 5615 -3227 220 END
START 5440 8660 11208 5468 -2676 948 END
START 6052 9748 13852 6209 -1665 1033 END
START 6976 10404 16116 8164 -766 429 END
START 7780 10376 17032 10649 -334 -919 END
START 8424 9972 17196 13166 -665 -2705 END
START 9056 9536 16116 14917 -1791 -4191 END
START 10296 9664 15040 15147 -2656 -5285 END
START 10828 10104 14484 14382 -2306 -6668 END
START 11036 10224 13748 13927 -1211 -8123 END
START 10868 10540 12316 13570 600 -9975 END
START 10328 10540 10476 12851 2156 -11815 END
START 9080 10240 8492 11827 2643 -13009 END
START 8072 10184 6404 10817 2093 -13436 END
START 7472 10372 4516 9446 1091 -13762 END
START 7088 10136 2768 7639 -15 -14191 END
START 6624 10296 1792 5636 -1289 -14877 END
START 5924 10192 1532 3872 -1964 -15575 END
START 5320 10120 572 2253 -1834 -15611 END
START 4664 10004 -296 269 -1854 -15212 END
START 4156 9868 -816 -1785 -1783 -14676 END
START 3752 9684 -1508 -3915 -1672 -14196 END
START 2740 9428 -1456 -6382 -1353 -14234 END
START 1772 9052 -1336 -8214 -996 -14261 END
START 752 8368 -940 -9382 -420 -13921 END
START -140 7872 -968 -10441 -98 -13626 END
START -1204 7528 -932 -11764 -290 -13318 END
START -2200 7196 -800 -12951 -850 -12914 END
START -3288 6536 -620 -14069 -1520 -12406 END
START -4060 5972 -340 -15485 -2343 -11868 END
START -5040 5620 616 -16888 -2883 -11168 END
START -5448 5260 1112 -18354 -3291 -9962 END
START -5676 5004 1988 -20290 -4062 -8661 END
START -5672 4748 3424 -21876 -4452 -7812 END
START -5540 4168 5168 -22607 -4446 -6852 END
START -5792 3908 6312 -22752 -4125 -6051 END
START -6184 3308 7724 -23664 -3537 -5671 END
START -7124 2316 9388 -24635 -2480 -5358 END
START -8580 1168 11300 -25003 -1782 -4930 END
START -9600 -296 12900 -24781 -1549 -3976 END
START -10100 -1488 14152 -24574 -1519 -2380 END
START -11244 -2440 16056 -24719 -1494 -930 END
START -12232 -3152 18044 -23945 -1412 701 END
START -12404 -4048 19184 -22504 -1264 2523 END
START -12216 -4448 19568 -22121 -1554 4350 END
START -11724 -4572 20388 -21939 -1857 5906 END
START -11072 -4676 21616 -21556 -2296 7629 END
START -9980 -4584 22680 -20848 -2330 9291 END
START -9324 -4404 23836 -20012 -1888 10389 END
START -8888 -4452 25004 -18252 -1502 11416 END
START -8876 -4852 25588 -15883 -1297 11887 END
START -9192 -4944 25920 -12992 -1602 12621 END
START -8652 -4992 25320 -10480 -2109 14156 END
START -7668 -4872 23820 -10053 -3310 15754 END
START -5692 -4448 23580 -11109 -4189 17094 END
START -4452 -4328 24328 -11390 -4225 17852 END
START -3552 -4024 24696 -10277 -4536 18683 END
START -2280 -3756 24692 -8925 -4977 19000 END
START -1292 -3652 24724 -7383 -5239 19009 END
START 212 -3424 24236 -6048 -5325 19099 END
START 2080 -3236 24168 -5752 -5543 19598 END
START 4624 -2872 24800 -6159 -5832 20267 END
START 6852 -1988 25656 -5948 -4312 19791 END
START 8360 -1516 26540 -4540 -1870 17917 END
START 9540 -976 26836 -2512 135 15057 END