START 1596 -888 32767 -1212 -10192 -266 END
START 6132 -1936 32767 -307 -10623 -448 END
START -1024 -660 32767 2036 -9322 -2209 END
START 28 -3356 32767 6239 -8256 -5200 END
START -708 -5696 32767 9541 -10448 -5656 END
START -688 -6928 32767 12820 -12179 -4119 END
START 836 -7732 32767 15776 -9699 -2113 END
START 1400 -7684 32767 19201 -4836 -1056 END
START 1160 -8000 32767 23296 -1674 -357 END
START 760 -7492 32767 26985 -1634 36 END
START 1072 -7468 32767 30149 -2442 409 END
START 1388 -6456 29880 32646 -3020 1009 END
START 1836 -5608 26140 32767 -4215 1655 END
START 2400 -4516 23348 31987 -5593 2144 END
START 3212 -3572 21792 31055 -5926 1859 END
START 3772 -3376 19904 31015 -4901 834 END
START 3816 -3344 17744 31175 -3795 -228 END
START 3088 -4528 15452 31319 -3392 -1117 END
START 2544 -4336 12212 31332 -3083 -1039 END
START 2264 -4408 8396 29870 -3366 -765 END
START 2028 -4156 5420 26931 -4103 -381 END
START 2108 -3884 3284 23671 -4662 -154 END
START 2392 -3540 2264 20973 -4330 42 END
START 2508 -2924 1672 19079 -3517 -148 END
START 2308 -2004 864 17681 -2998 -255 END
START 2204 -1412 92 16687 -3353 92 END
START 2712 -396 -276 15642 -4207 676 END
START 3376 944 -588 13975 -4751 1243 END
START 4028 2000 -144 12056 -4360 1588 END
START 4648 3460 500 10208 -3368 1731 END
START 5044 5016 1636 8570 -2297 1644 END
START 5368 6216 2844 7122 -1190 1318 END
START 5516 7956 4440 6086 -97 1055 END
START 5564 8956 6064 5631 841 406 END
START 5236 10152 7552 5249 1059 -323 END
START 5756 10568 9924 4820 531 -540 END
START 6992 11236 12920 5213 629 -605 END
START 8316 11528 15396 6369 1202 -1055 END
START 9856 10540 17200 8225 2262 -2294 END
START 10668 10292 17964 10404 3293 -4254 END
START 10524 9636 17760 12669 3890 -6621 END
START 10020 9328 16336 14418 3374 -8200 END
START 9464 9412 14264 15009 2461 -8986 END
START 9060 9900 12560 14385 1640 -9295 END
START 9040 10388 11300 13699 1806 -9728 END
START 8692 10580 9992 13452 2645 -10723 END
START 7648 10668 8176 13036 2721 -11806 END
START 6724 10472 6172 12032 1118 -12456 END
START 6020 10512 5204 10647 -564 -12536 END
START 5832 10564 3628 9053 -1800 -12480 END
START 5700 10384 2280 6955 -2148 -12470 END
START 5640 10748 1564 4431 -2445 -12383 END
START 5356 10616 668 1499 -1837 -12662 END
START 4800 10448 268 -1463 -969 -12885 END
START 3364 10168 -48 -3565 -86 -12987 END
START 2160 9996 -432 -4438 -438 -12597 END
START 1016 9672 -1124 -5261 -1882 -12329 END
START 248 9476 -1560 -6577 -2959 -12151 END
START -280 9056 -1708 -8468 -2854 -11848 END
START -1168 8596 -1584 -10860 -2108 -11694 END
START -2316 8024 -1084 -13095 -1350 -11737 END
START -3964 7356 -360 -14567 -2066 -11431 END
START -5356 6740 576 -14995 -3897 -10270 END
START -5568 6212 1304 -15175 -5446 -8484 END
START -4888 5572 2336 -16247 -5842 -6482 END
START -2836 4360 3288 -17779 -4592 -4758 END
START -2732 3720 5032 -19955 -4005 -4381 END
START -3856 3888 7252 -20267 -4851 -5041 END
START -5512 4476 8500 -18409 -6593 -5364 END
START -6040 5144 8712 -17268 -8278 -4833 END
START -5912 4852 8792 -18339 -7747 -3443 END
START -5752 4660 10072 -21174 -4847 -1115 END
START -6600 3792 12620 -24440 -1530 1524 END
START -7216 3172 15656 -25327 1773 3211 END
START -8872 2268 17420 -24512 4005 3510 END
START -10560 1284 18240 -22858 3433 2868 END
START -11624 636 18820 -20992 534 2463 END
START -11936 -264 19540 -19483 -1560 3010 END
START -11848 -836 20180 -19010 -2418 5091 END
START -10756 -1988 21048 -19280 -2432 7890 END
START -9636 -2456 21788 -19355 -1549 10428 END
START -8496 -2556 22684 -18845 -221 12053 END
START -7976 -2424 23320 -17819 956 13071 END
START -7348 -2532 23780 -16525 1457 13812 END
START -6604 -2148 23428 -15279 1111 14621 END
START -5404 -2060 23360 -14790 353 15089 END
START -4152 -1904 22900 -14193 30 15220 END
START -2892 -1676 22192 -14087 267 15112 END
START -2272 -1412 21920 -14416 1071 14738 END
START -2344 -1252 22184 -14256 1173 14637 END
START -1704 -1536 22544 -12917 57 14619 END
START -852 -1692 22844 -11300 -1045 15032 END
START 808 -2480 22988 -10232 -1627 15782 END
START 2808 -2956 23336 -10149 -1673 16699 END
START 4044 -3208 24140 -10861 -1423 17372 END
START 5096 -3040 25024 -11692 -1363 17772 END
START 6924 -3380 25824 -11686 -801 17065 END