START -236 -2236 32767 10251 -3954 2918 END
START -900 -1976 32767 11485 -4626 2831 END
START -3904 -2320 32767 14598 -4683 1917 END
START 308 -5048 32767 19623 -7025 1567 END
START -152 -5168 32767 23617 -10740 2257 END
START 624 -5084 32767 26150 -12388 2610 END
START 1420 -5044 32767 27767 -12085 2187 END
START 1588 -4996 31564 28849 -11262 1164 END
START 2224 -4544 29100 30092 -10283 49 END
START 2688 -4544 26096 31261 -8736 -1030 END
START 2660 -4892 22824 32116 -7341 -2227 END
START 2184 -4492 19400 32702 -6562 -2665 END
START 1900 -3592 15788 32703 -6413 -2767 END
START 1880 -3024 12020 31607 -5653 -2452 END
START 2280 -2740 8624 29476 -4832 -2575 END
START 2028 -2560 5876 27027 -4175 -2382 END
START 2068 -2180 3852 24639 -4090 -1930 END
START 1956 -1892 2020 22478 -4401 -1615 END
START 1524 -1344 732 20357 -5060 -1451 END
START 1328 -716 -8 18554 -5830 -1163 END
START 1360 148 -620 16848 -6360 -808 END
START 1452 1124 -776 15067 -6229 -498 END
START 1680 2168 -936 12899 -5320 198 END
START 1908 3008 -848 10760 -4333 1252 END
START 2276 3900 -304 8529 -3237 2262 END
START 2816 4600 460 6712 -2898 2693 END
START 3412 5732 1660 5472 -3181 2570 END
START 4044 6112 3344 4767 -3237 2035 END
START 4352 6948 4916 4397 -3193 1670 END
START 4984 7544 7020 4338 -2880 1699 END
START 5880 8588 9220 4660 -2271 2116 END
START 6784 9028 11180 5602 -1203 2568 END
START 8132 9232 12496 6480 -295 2756 END
START 9168 9848 13700 7100 474 2639 END
START 9932 10280 14164 7706 882 1978 END
START 10696 10548 14512 8417 575 904 END
START 11324 10964 14780 9361 127 -616 END
START 12320 11296 14600 10403 -96 -2762 END
START 12832 11688 13992 11100 612 -5557 END
START 12596 11528 12628 11162 1275 -8143 END
START 11724 11316 11036 10901 1423 -10058 END
START 10968 11004 9448 10094 1007 -11275 END
START 9876 10916 8112 9212 1245 -12191 END
START 9132 10848 6716 8141 1970 -12944 END
START 7984 10832 5212 7026 3126 -13691 END
START 6952 10352 4252 5501 3549 -14177 END
START 6004 10192 3172 4063 3181 -14456 END
START 5168 10080 2464 2670 2216 -14339 END
START 4660 9920 2028 1224 1276 -14291 END
START 4360 9832 1944 -290 726 -14203 END
START 4180 9524 1724 -1605 1024 -14166 END
START 3744 9408 1836 -2991 1532 -14525 END
START 2720 8900 1532 -4373 1739 -14960 END
START 1684 8432 1548 -5372 1059 -14652 END
START 1068 8388 2088 -6264 53 -13414 END
START 800 8104 2016 -7401 -460 -11776 END
START 196 7760 2540 -8936 -169 -10268 END
START -192 7112 2840 -10540 1092 -9313 END
START -1260 7044 3776 -11883 2320 -9167 END
START -2552 6812 4244 -12744 2994 -9898 END
START -4084 6868 4532 -13967 2515 -10684 END
START -5628 7236 4904 -14871 1003 -10725 END
START -6736 7504 5184 -15716 -832 -10074 END
START -7708 7716 6028 -16560 -1576 -8674 END
START -8364 7560 6932 -17018 -680 -7058 END
START -8260 7092 7756 -17684 1132 -5470 END
START -8520 6428 8328 -18649 2225 -4468 END
START -8368 6016 9204 -19932 2249 -3932 END
START -8596 5260 10772 -20749 1541 -3327 END
START -9032 4824 12228 -20413 686 -2228 END
START -9388 4236 13404 -19674 -69 -1267 END
START -9572 3852 14008 -19061 -413 -388 END
START -9560 3264 14184 -19039 -196 386 END
START -9544 2476 14704 -19369 171 1021 END
START -9408 1448 15116 -19553 -2 1898 END
START -9588 1524 15788 -19782 -1103 2981 END
START -9292 1068 16820 -19842 -2400 4266 END
START -9052 612 18016 -19405 -2954 5456 END
START -8460 -68 18912 -18555 -2864 6624 END
START -7752 -624 19516 -17740 -2199 7829 END
START -6868 -524 19844 -17329 -859 9105 END
START -6224 -440 20416 -17214 503 10226 END
START -6224 -428 20932 -17390 1256 10885 END
START -6276 -392 21320 -17047 1111 11232 END
START -6128 -876 21436 -15963 -194 11363 END
START -5200 -1400 21708 -15044 -2111 11743 END
START -3584 -1452 22072 -14319 -2941 12279 END
START -2936 -1100 22288 -13801 -2294 12603 END
START -2664 -1052 21984 -13380 -1316 12543 END
START -2892 -1436 21680 -12924 -470 12243 END
START -2464 -2016 22140 -11874 -831 12570 END
START -1260 -2436 22856 -10347 -999 13453 END
START -108 -2272 23128 -9084 -796 13894 END
START 960 -2264 23456 -8622 -598 13970 END
START 1636 -2340 23968 -8706 -502 13393 END