START -17124 -2232 23040 16849 7501 2205 END
START -17488 -2340 22344 16749 6464 3081 END
START -18308 -3328 21624 16953 6655 5116 END
START -18512 -4152 19008 18048 7401 8081 END
START -18776 -5260 16376 18884 6954 10778 END
START -18452 -5072 12456 19103 5217 13607 END
START -16976 -5604 8184 18056 1593 15916 END
START -15332 -5216 4916 16327 -3656 17767 END
START -12756 -5120 2032 15077 -8175 19355 END
START -10616 -5584 -1256 13826 -10317 20575 END
START -8076 -6440 -5812 10647 -7945 22137 END
START -6360 -7308 -9460 4890 -3130 24335 END
START -4180 -8596 -11484 -1855 11 26568 END
START -1948 -9008 -11712 -7126 -465 27967 END
START 556 -9416 -11316 -10374 -4329 28280 END
START 3084 -9240 -10924 -11694 -9541 27151 END
START 5320 -9008 -10856 -12956 -13501 25131 END
START 6984 -9252 -10452 -15646 -14302 22540 END
START 7800 -8940 -8996 -19219 -12034 20281 END
START 8820 -9240 -6992 -23111 -9705 18744 END
START 10076 -9316 -4136 -26819 -7882 17771 END
START 11792 -8660 -76 -29420 -6866 16810 END
START 14272 -7816 4196 -30685 -6097 15230 END
START 17228 -6820 8400 -31279 -4974 11681 END
START 19920 -5272 13384 -31256 -3810 7126 END
START 21348 -4296 18232 -31239 -2702 2439 END
START 21984 -3368 23024 -31489 -829 -2136 END
START 21468 -2876 28244 -31337 1618 -6029 END
START 20004 -2408 32767 -30289 3641 -9443 END
START 18220 -3344 32767 -28897 4668 -13077 END
START 14960 -4296 32767 -25650 3258 -16120 END
START 12204 -5640 32767 -21205 156 -17528 END
START 10212 -6284 32767 -16134 -2495 -17563 END
START 8272 -6820 32767 -10920 -3330 -16730 END
START 6276 -6892 32767 -6494 -1751 -15533 END
START 4020 -6340 32767 -2356 981 -13859 END
START 2444 -5752 32767 2115 3133 -11965 END
START 1488 -5396 32767 7145 3940 -10673 END
START 1084 -5120 32767 12512 3381 -10354 END
START 252 -5384 32767 17398 2284 -10987 END
START -680 -5592 32767 21484 945 -11670 END
START -1516 -6396 32767 25003 162 -11970 END
START -2292 -7556 32767 27803 342 -11849 END
START -2788 -8812 32767 29709 1899 -11376 END
START -3972 -10172 32767 31226 3918 -10426 END
START -4404 -11192 32767 32767 4808 -9422 END
START -4540 -11800 30664 32767 4367 -8528 END
START -4496 -12092 28192 32767 3267 -8359 END
START -4408 -12128 25216 32767 1945 -8360 END
START -3932 -11804 21676 32767 1154 -8492 END
START -3848 -11420 18572 32767 1320 -8492 END
START -3700 -10948 14800 32767 2503 -7925 END
START -3660 -10640 11228 32767 4397 -6787 END
START -3820 -9920 7520 32767 6366 -5027 END
START -3584 -9196 3768 32767 8127 -3154 END
START -3308 -8392 152 31377 9549 -1374 END
START -2932 -7600 -3448 28834 9886 261 END
START -2196 -6664 -7056 26356 9027 1689 END
START -996 -5572 -11044 23952 7550 2858 END
START 304 -5040 -14712 20836 5685 3193 END
START 1288 -4820 -17308 17178 3843 2694 END
START 1800 -4964 -19668 13156 2749 1532 END
START 1444 -5632 -21476 8531 2215 714 END
START 472 -6608 -22612 4156 1254 1007 END
START -228 -7512 -23024 -291 -393 2659 END
START 216 -7404 -23548 -5264 -1267 4759 END
START 1096 -6948 -23284 -10980 -622 6372 END
START 1932 -6448 -22408 -16698 54 7188 END
START 3012 -6252 -21648 -21862 30 7303 END
START 4012 -6728 -20296 -26646 -1100 6420 END
START 4848 -7572 -18396 -30844 -3673 4902 END
START 5600 -8884 -16380 -32768 -6663 3235 END
START 6196 -10616 -14140 -32768 -9677 1548 END
START 7272 -12916 -11016 -32768 -12288 286 END
START 7916 -14596 -6516 -32768 -12806 -312 END
START 8280 -15580 -1376 -32768 -12065 -365 END
START 8700 -16312 7120 -32768 -10432 766 END
START 10328 -18372 18240 -32768 -8353 1903 END
START 13156 -20908 31868 -32768 -5345 1463 END
START 15376 -23488 32767 -32768 -1434 -2783 END