START 3036 -5884 32767 22574 -7589 2219 END
START -3160 -3752 32767 23401 -8571 2299 END
START 1248 -5004 32767 24960 -8166 1643 END
START 2280 -4992 32767 27819 -8094 1000 END
START 2584 -5372 32440 30683 -9008 322 END
START 3232 -5316 29480 32767 -9476 -674 END
START 2960 -4188 26732 32767 -9519 -1806 END
START 2676 -3600 23732 32767 -9377 -2959 END
START 2804 -3400 20612 32767 -8647 -3761 END
START 2984 -3292 17132 32767 -6896 -4261 END
START 2480 -3256 13856 32472 -4891 -4270 END
START 1892 -2616 10628 30639 -3015 -3500 END
START 1664 -2036 7544 28314 -1447 -2508 END
START 1412 -2356 4764 25446 -811 -1990 END
START 964 -2060 2732 22873 -1899 -1567 END
START 1068 -1212 1548 20698 -3881 -840 END
START 1536 -312 324 18420 -6029 -529 END
START 2104 96 -424 16386 -7590 -181 END
START 2972 1312 -436 14346 -8303 209 END
START 3712 3044 -500 12212 -7733 621 END
START 4500 4272 -268 9967 -5925 785 END
START 4476 5424 208 7746 -3469 300 END
START 4164 6036 1036 5998 -1729 -170 END
START 4048 6348 2236 5057 -1581 -118 END
START 4596 6960 3632 4854 -2440 226 END
START 5712 7468 5388 4822 -2720 307 END
START 6728 7832 7196 4672 -2060 -51 END
START 6724 8820 8964 4451 -838 -628 END
START 6076 9972 10788 4109 -195 -913 END
START 5952 10440 12732 4475 -406 -498 END
START 6952 10048 14044 5437 -692 62 END
START 8152 9804 15028 6600 -749 214 END
START 9496 10328 15572 7635 -449 -171 END
START 10224 10748 15884 8672 -107 -1379 END
START 10984 10780 15620 9668 -49 -3000 END
START 11292 10672 14724 10502 -176 -4517 END
START 11520 10440 13156 10624 23 -6211 END
START 11376 10356 11660 9779 570 -8158 END
START 10684 10072 10136 8751 1106 -10051 END
START 9568 9632 8564 7727 1408 -11622 END
START 8496 9884 7160 6836 1579 -12290 END
START 7676 9524 5852 5822 1521 -12458 END
START 7564 9576 4360 4431 963 -12244 END
START 7856 9800 3660 2564 458 -12426 END
START 7984 10388 2832 439 22 -13366 END
START 7992 10348 2396 -1880 -335 -14670 END
START 7236 10052 2008 -4283 -889 -16080 END
START 6228 9688 2124 -6333 -909 -16975 END
START 4884 9464 2016 -7832 -762 -17122 END
START 3348 8996 2068 -8880 -535 -16641 END
START 2184 8800 2100 -9779 -61 -15661 END
START 1236 8304 2096 -10814 862 -14828 END
START 420 7364 2072 -12266 1926 -14132 END
START -952 7092 2120 -13767 2321 -13638 END
START -2532 6688 2920 -14908 2282 -13538 END
START -4552 6384 3452 -15043 1369 -13216 END
START -5820 6124 4124 -14452 -322 -11743 END
START -6352 5940 4468 -14335 -1839 -9484 END
START -5936 5468 4688 -15416 -2085 -7357 END
START -5644 5028 5396 -17441 -1300 -5632 END
START -5856 5024 7092 -19296 -80 -4873 END
START -6676 5088 8864 -19560 836 -4411 END
START -7324 4388 10120 -18513 498 -4004 END
START -7544 3788 10472 -17659 -1293 -3644 END
START -7036 3332 11036 -17224 -3326 -2780 END
START -6588 3384 12224 -17609 -3332 -1270 END
START -6276 3168 13384 -18522 -1852 400 END
START -7368 2900 14932 -18832 -493 1297 END
START -8644 2604 15584 -17953 280 1584 END
START -8552 1608 16000 -16572 431 2304 END
START -8036 1008 16300 -15929 -431 3997 END
START -7212 1116 16424 -16799 -570 5436 END
START -8056 820 17404 -18682 -129 5735 END
START -9420 -4 18496 -18675 -524 6051 END
START -10260 -1340 19380 -17125 -2049 6992 END
START -9552 -2488 19832 -15589 -3914 8830 END
START -8220 -3424 19996 -15044 -4222 11074 END
START -6448 -3480 20432 -15576 -3489 13850 END
START -5584 -3200 21336 -16938 -2543 15897 END
START -4412 -2996 22816 -17068 -1660 17462 END
START -3728 -3136 23672 -15574 -868 18111 END
START -2344 -3616 23812 -13461 -298 18267 END
START -1032 -3428 23728 -11651 -489 17879 END
START 1032 -3408 24208 -10545 -246 17873 END
START 2544 -2520 24848 -10230 1332 17605 END
START 3192 -1900 25284 -9966 3965 16506 END
START 2936 -1676 25520 -9147 5962 14866 END