START -2100 -2916 32767 2241 -4121 2732 END
START -10668 156 32767 3075 -4604 2936 END
START -5512 -2144 32767 4704 -4247 3107 END
START -2076 -3996 32767 8191 -5230 3441 END
START -2920 -4172 32767 12589 -6594 3254 END
START -2152 -5056 32767 16528 -8185 2326 END
START -2472 -5536 32767 19809 -9823 1118 END
START -2584 -6612 32767 23113 -11320 314 END
START -2400 -7024 32767 26205 -12303 -457 END
START -2180 -6908 31996 28533 -12521 -1072 END
START -1752 -6840 28820 30457 -11873 -1370 END
START -2000 -7316 24728 31731 -10578 -1205 END
START -1736 -7100 21508 32309 -9670 -669 END
START -1112 -6328 17884 32283 -8485 -244 END
START -556 -5684 14668 31297 -7563 -109 END
START -48 -5516 11204 30203 -6805 -349 END
START -172 -5444 8144 28557 -6980 -407 END
START 340 -4820 5556 26265 -7249 -419 END
START 636 -4104 4064 24391 -6601 -554 END
START 620 -3972 2408 22884 -5702 -676 END
START 496 -3628 704 21071 -5461 -441 END
START 648 -2960 -432 19023 -5564 240 END
START 1148 -1936 -1024 16670 -5410 1128 END
START 2036 -812 -976 13818 -4926 1702 END
START 2708 184 -428 11680 -4652 2065 END
START 3404 1396 772 10108 -4624 2204 END
START 4296 2300 1696 8957 -4464 2213 END
START 4992 3804 2796 8075 -4074 2080 END
START 5504 5124 4056 7392 -3645 1742 END
START 6168 6544 5432 6642 -3099 1186 END
START 6776 7368 6844 5811 -2635 419 END
START 7580 7864 8460 4862 -2459 -409 END
START 8280 8080 10256 3932 -2675 -1377 END
START 8780 8356 12552 3801 -3407 -2254 END
START 9332 8676 14328 4653 -3926 -3149 END
START 9848 8848 15860 5835 -3966 -4381 END
START 10276 8312 16488 7310 -3694 -5638 END
START 10260 8136 16956 9067 -3559 -6403 END
START 10860 7648 16616 10613 -3606 -6726 END
START 11728 7380 15248 10812 -3583 -7057 END
START 12216 7484 14368 9476 -2941 -8227 END
START 11624 7532 13792 8350 -2330 -10158 END
START 10656 7028 12932 8457 -2030 -12146 END
START 9240 6472 11772 9312 -2111 -13236 END
START 8544 6404 10100 9856 -2186 -13333 END
START 8160 7028 8404 9330 -1783 -12950 END
START 8020 7260 7428 8131 -251 -13233 END
START 7904 7360 6456 6660 1679 -14350 END
START 6704 6924 5384 5228 2581 -15427 END
START 5356 6928 4268 3832 2026 -16181 END
START 3864 6940 3332 2626 469 -16756 END
START 2828 6908 2992 1947 -1373 -17236 END
START 2116 6888 2752 1091 -2498 -17398 END
START 1416 6856 2276 -275 -2751 -17226 END
START 860 6648 1884 -2277 -1735 -16586 END
START 172 6228 1144 -5011 -907 -16109 END
START -1580 6172 1416 -7983 -1169 -15794 END
START -3444 5756 2396 -9632 -1970 -15098 END
START -4908 5808 3268 -10056 -3361 -13998 END
START -5196 5864 3976 -10351 -4094 -12441 END
START -5592 6348 4544 -10523 -4161 -10979 END
START -5744 6972 4776 -11119 -3645 -9750 END
START -6028 7404 5400 -11953 -3320 -8868 END
START -6268 7600 6324 -12294 -2971 -8000 END
START -6252 7484 6584 -12848 -2237 -7096 END
START -6188 7420 7040 -14273 -2031 -6492 END
START -6484 7112 8108 -15314 -1904 -6230 END
START -6920 6808 9164 -15543 -1649 -5828 END
START -7608 6488 9848 -16051 -1532 -5200 END
START -8236 5888 10748 -16909 -973 -4575 END
START -8976 5136 11856 -17858 -111 -3920 END
START -9808 4396 12936 -18332 811 -2950 END
START -10816 3588 14200 -18761 1681 -1831 END
START -11956 2908 15752 -19054 1942 -357 END
START -12776 2344 17308 -18381 2211 1298 END
START -13212 1744 18064 -17634 2606 3231 END
START -13188 1184 17784 -17681 3440 5208 END
START -13436 856 18416 -18831 3941 6900 END
START -13900 240 19800 -18746 4492 8454 END
START -14160 -40 20560 -18094 4695 10076 END
START -14224 -108 20876 -17258 4457 11667 END
START -14164 284 20980 -16316 4407 13326 END
START -13712 284 20716 -15680 5369 14789 END
START -13656 -12 21032 -15906 7348 16191 END
START -13916 -672 20764 -16482 8780 17881 END
START -14148 -1340 20956 -17159 8066 20154 END
START -13388 -2096 20980 -17619 5003 23142 END
START -12108 -2800 22008 -17408 1206 25637 END
START -8700 -3124 23444 -16581 -1523 26745 END
START -5076 -3928 24744 -15280 -4101 27356 END
START -820 -4532 26300 -13744 -6242 28180 END
START 4132 -4488 27668 -12056 -6695 27949 END
START 8352 -4596 28368 -10425 -5635 26477 END