START -904 -584 32767 944 -6111 1168 END
START -7244 2012 32767 2197 -7267 1589 END
START -3164 572 32767 4629 -6415 1523 END
START -200 -2004 32767 9484 -6123 1256 END
START -268 -2284 32767 14114 -4923 1217 END
START -292 -3220 32767 17706 -3931 1060 END
START -740 -3456 32767 21255 -3099 635 END
START -1564 -4260 32767 24987 -2957 92 END
START -2248 -5272 32767 28370 -4002 -201 END
START -2720 -5316 32767 30881 -5537 -58 END
START -2468 -5504 30384 32489 -6183 272 END
START -2132 -5292 27836 32767 -5914 847 END
START -1168 -5608 24976 32767 -5267 1647 END
START 40 -5736 22324 31662 -4348 2636 END
START 784 -5936 19984 29780 -3412 3096 END
START 624 -5188 17644 28717 -3133 3075 END
START 976 -5236 15216 28570 -3652 2508 END
START 1192 -5092 11916 28802 -4157 1400 END
START 1476 -5384 8584 28667 -5043 426 END
START 1540 -4588 5568 27462 -5825 -27 END
START 2188 -4344 3156 25139 -6214 -151 END
START 2772 -3556 1148 22370 -5787 -263 END
START 2824 -2640 92 19572 -4902 -132 END
START 2720 -1872 -540 17127 -4135 355 END
START 3052 -732 -624 14515 -3653 987 END
START 3104 288 -356 12386 -3569 1355 END
START 3584 976 128 11063 -3507 1326 END
START 3764 2236 744 10045 -3430 1276 END
START 4304 3388 1668 9090 -3182 1124 END
START 4576 4648 2680 8131 -2687 927 END
START 5136 5820 3840 7324 -1991 481 END
START 5304 7224 5248 6712 -1138 -367 END
START 5240 8108 6936 6294 -579 -1268 END
START 5280 8876 8268 6127 -527 -1641 END
START 5772 8880 9500 5942 -440 -1679 END
START 6256 9508 11284 5525 -182 -1657 END
START 7236 9680 13164 5622 316 -2198 END
START 7492 10268 14828 6544 467 -3522 END
START 7992 9796 15088 7361 -491 -4743 END
START 8156 9792 15188 7663 -2615 -5620 END
START 8712 9628 14812 7831 -4917 -6105 END
START 9216 10068 14504 7844 -5871 -6247 END
START 10220 10336 13752 7694 -5690 -6766 END
START 10544 10652 12812 7255 -4431 -7638 END
START 10324 10584 11732 7118 -2678 -8855 END
START 9540 10620 10212 6863 -1435 -10094 END
START 8572 10300 8284 6138 -724 -10995 END
START 7620 10104 7096 4953 -822 -11458 END
START 6744 9928 5964 3878 -644 -12016 END
START 5880 9784 4800 2871 -522 -12328 END
START 5104 9868 3904 1637 -542 -12511 END
START 4180 9752 2980 401 -631 -12541 END
START 3448 9968 2492 -694 -965 -12340 END
START 3108 9872 1928 -1471 -886 -12114 END
START 2708 9568 1276 -2316 -854 -11925 END
START 2688 9248 280 -3495 -1336 -11875 END
START 1952 9168 100 -5011 -1696 -12047 END
START 796 8980 96 -6067 -1419 -12114 END
START -316 8800 300 -6542 -1054 -12023 END
START -1484 8412 308 -7151 -1452 -11631 END
START -1812 7792 676 -8127 -2769 -10983 END
START -1656 6780 1956 -8825 -3942 -10290 END
START -2508 6840 3440 -9244 -4331 -9362 END
START -3052 6700 4636 -9658 -3954 -8494 END
START -3856 6880 5064 -10614 -3415 -7736 END
START -4340 7596 5640 -11718 -2748 -6866 END
START -4424 7536 5508 -12578 -2087 -5900 END
START -3908 7320 5032 -13825 -1661 -5326 END
START -4132 7676 5480 -15791 -1003 -5490 END
START -5480 7780 6996 -17254 71 -5906 END
START -6864 7204 7956 -17623 1131 -5958 END
START -8336 6732 8324 -17917 1083 -5653 END
START -9084 5392 8976 -18462 32 -5113 END
START -9452 4228 10008 -18963 -1112 -4313 END
START -9524 3064 10740 -19120 -1708 -3002 END
START -9492 1736 11356 -19767 -980 -1276 END
START -10172 1300 12564 -20849 21 399 END
START -10660 708 13592 -21245 630 1957 END
START -11132 488 14540 -21149 858 3299 END
START -11332 92 15232 -21200 341 4383 END
START -10904 -852 15836 -21249 -504 5109 END
START -10364 -1052 16896 -21002 -990 5955 END
START -9716 -2248 17940 -20913 -724 6848 END
START -9856 -2488 19196 -20939 -492 7995 END
START -9824 -2836 20804 -20536 -197 9354 END
START -9716 -3372 21936 -19454 66 10561 END
START -9204 -3968 21924 -18341 232 11665 END
START -8820 -4544 22076 -18401 -217 12546 END
START -8056 -4976 22856 -18306 -1103 13730 END
START -7184 -5032 23944 -17557 -1848 15166 END
START -6348 -4992 25048 -16190 -1703 16072 END
START -5612 -5148 25448 -14676 -1060 16471 END
START -4512 -4924 26080 -13223 -1198 17156 END
START -2684 -4520 27052 -11853 -1718 18517 END
START 364 -4220 27864 -11126 -2141 20084 END
START 3332 -3876 28788 -10937 -2563 21373 END