START -12512 -3436 10692 11300 -1131 18090 END
START -13392 -2684 10512 10835 -2449 18363 END
START -11064 -3272 7800 9827 -3108 19439 END
START -10240 -3068 5564 8113 -2442 21399 END
START -8416 -3424 2920 5493 -1210 23718 END
START -6884 -3832 868 2570 -719 25828 END
START -5156 -4612 -780 391 -2088 27319 END
START -2700 -5472 -2096 -1579 -5173 27602 END
START -616 -6440 -3324 -3547 -10043 26250 END
START 1256 -7064 -3664 -5643 -14215 24183 END
START 1956 -7728 -3596 -7657 -16309 22500 END
START 2520 -8160 -3216 -9696 -16303 22090 END
START 3348 -9012 -3416 -12378 -14996 22352 END
START 3936 -9496 -2716 -15555 -13840 22983 END
START 5408 -9400 -1668 -17845 -13303 22785 END
START 6624 -9152 -484 -19048 -13715 21229 END
START 7772 -8332 976 -19957 -15485 19594 END
START 9732 -6988 2792 -21412 -17309 18282 END
START 12584 -5168 5592 -23570 -17637 17487 END
START 16164 -2784 9176 -25957 -15387 16478 END
START 19288 -548 14128 -27828 -11927 14386 END
START 22268 1480 19520 -28632 -8897 10896 END
START 24248 3208 24600 -27723 -6747 5580 END
START 24868 3364 30248 -26082 -5294 -739 END
START 23380 2752 32767 -23634 -4529 -7340 END
START 19796 1596 32767 -20268 -4940 -12681 END
START 15780 128 32767 -16466 -7044 -15133 END
START 13524 -1032 32767 -12886 -8273 -15783 END
START 11588 -2440 32767 -9799 -7378 -15938 END
START 9232 -3568 32767 -7381 -3681 -15615 END
START 6792 -4648 32767 -4307 854 -14736 END
START 4496 -4764 32767 283 3903 -13569 END
START 2388 -5136 32767 6006 4415 -12594 END
START 1216 -5144 32767 12308 2153 -11986 END
START 260 -4908 32767 18168 -952 -11719 END
START 140 -5028 32767 22892 -3511 -11713 END
START 512 -5396 32767 26741 -4810 -12057 END
START 540 -6008 32767 29218 -3457 -12548 END
START 128 -7088 32767 30223 -173 -12689 END
START -1128 -7952 32767 31140 2852 -12074 END
START -2416 -8856 30220 32767 4109 -10955 END
START -3032 -9240 26972 32767 3645 -10024 END
START -3180 -9580 23016 32767 2431 -9555 END
START -3360 -9968 19048 32767 1082 -9383 END
START -3740 -9556 15892 32767 248 -9132 END
START -3892 -8920 12520 32767 1591 -8172 END
START -4200 -8412 9056 32767 4630 -6425 END
START -4656 -7768 5644 30780 7022 -4111 END
START -4808 -7204 3168 28865 7610 -1344 END
START -4096 -6256 284 27285 7183 1078 END
START -2884 -5056 -2784 25553 6212 2522 END
START -1744 -3888 -6268 23250 5217 3139 END
START -124 -2920 -9508 19844 4535 3015 END
START 648 -1532 -11804 16413 4253 2565 END
START 1332 -604 -14256 13352 4318 2011 END
START 1928 -636 -16424 9472 4081 1545 END
START 2220 -804 -17880 5559 3790 813 END
START 1624 -1684 -18564 1701 2937 305 END
START 1052 -2288 -19172 -1939 1715 477 END
START 760 -3120 -19516 -5963 357 1198 END
START 1264 -3704 -19576 -10359 -251 1864 END
START 1856 -4128 -19324 -15303 -373 2311 END
START 2368 -4844 -18140 -20065 -316 2352 END
START 3084 -5648 -16712 -24837 4 2260 END
START 3732 -6812 -14648 -29090 -104 1942 END
START 4500 -8508 -12320 -32768 -442 1242 END
START 4796 -10480 -8952 -32768 -1848 298 END
START 4980 -11652 -4552 -32768 -4021 -439 END
START 5172 -12984 516 -32768 -5530 -714 END
START 5252 -14328 7188 -32768 -5692 -44 END
START 5988 -15088 15628 -32768 -4624 1333 END