START 892 -400 23356 -4553 -1240 1220 END
START -5100 1832 32767 -4522 -1365 1346 END
START 1048 544 22604 -4652 -1496 1707 END
START -1972 924 28680 -4486 -100 2313 END
START -3596 448 32132 -3719 758 3492 END
START -4720 -1228 32767 -1953 770 4989 END
START -5140 -2820 32767 1402 -400 6004 END
START -4704 -3432 32767 5489 -1406 6224 END
START -3936 -3832 32767 9807 -1898 5576 END
START -3676 -4772 32767 14469 -2198 4121 END
START -4084 -5432 32767 19196 -2733 3077 END
START -4256 -5800 32767 22973 -3526 2629 END
START -4640 -6080 32767 25662 -4427 2777 END
START -5252 -6432 31344 27243 -5655 3525 END
START -4816 -5984 27940 27717 -7609 4075 END
START -3500 -5644 25792 28416 -8668 4271 END
START -2072 -5044 23540 28988 -8425 3511 END
START -1588 -4632 20280 29504 -7387 2115 END
START -1904 -4672 17080 29879 -6981 1440 END
START -2036 -4536 13828 29097 -7704 1694 END
START -1168 -3512 10600 28044 -8041 1714 END
START -620 -3056 7624 26446 -8189 1337 END
START -12 -2876 5068 24871 -8093 933 END
START 84 -2800 3108 23142 -8006 762 END
START 180 -2812 1792 21542 -7661 988 END
START 300 -2696 868 19724 -7064 1685 END
START 652 -2252 -28 17225 -6430 2779 END
START 1392 -1488 -172 14424 -5937 3448 END
START 1920 -1168 256 12379 -5496 3678 END
START 2920 460 944 11238 -5731 3313 END
START 3416 1032 1544 9897 -5607 3155 END
START 3996 2068 2480 8552 -5261 2529 END
START 4516 2952 3504 7752 -5073 1915 END
START 4816 3580 4152 7022 -4899 1610 END
START 5216 4524 5420 5905 -4284 1792 END
START 5780 5296 6828 4621 -3250 2193 END
START 6596 6432 8916 3557 -2290 2459 END
START 7360 7564 10732 3254 -1291 2074 END
START 7504 8484 12196 3376 -997 1257 END
START 7836 9304 13484 3597 -1439 381 END
START 8904 9444 14796 4242 -2234 -478 END
START 9560 9416 15780 5076 -2630 -1295 END
START 10232 9532 16468 5905 -2638 -2030 END
START 10488 9760 17084 6884 -2637 -2839 END
START 10864 9576 16840 8006 -2820 -3721 END
START 10916 9284 16324 8706 -3215 -4593 END
START 11116 9332 15404 9072 -3011 -5617 END
START 10760 8976 14136 8674 -2632 -6881 END
START 10240 8652 12776 7767 -2466 -8014 END
START 9608 8280 11840 6894 -2123 -8863 END
START 9144 7820 11044 6631 -1666 -9509 END
START 8756 7924 9864 6407 -1582 -9697 END
START 8388 7668 8608 6134 -1845 -9834 END
START 8280 7716 7584 5688 -2240 -10309 END
START 7680 7684 6548 5191 -2751 -11603 END
START 6800 7016 5260 4687 -4104 -12717 END
START 6236 6872 4228 4091 -5879 -13492 END
START 6088 7068 3196 2778 -6519 -13786 END
START 5740 7296 2776 662 -5733 -13946 END
START 5304 7164 2424 -1675 -4384 -14001 END
START 4412 7108 2268 -3958 -2648 -13988 END
START 3528 6152 2420 -5854 -1606 -13941 END
START 2272 5884 2524 -7071 -1443 -13810 END
START 1040 5620 2648 -8002 -1391 -13949 END
START -704 5100 2368 -8860 -1716 -13814 END
START -1988 4608 2460 -9864 -2137 -13173 END
START -2612 4376 2572 -11655 -1877 -11824 END
START -3360 4232 3416 -13933 -404 -10283 END
START -4164 4108 4280 -16016 631 -9077 END
START -5140 3532 5088 -17207 390 -7993 END
START -5840 3544 5732 -17648 -177 -6912 END
START -6640 3848 6676 -18317 72 -6034 END
START -7692 3920 7152 -19398 392 -5291 END
START -8672 3660 8288 -20905 79 -4543 END
START -9284 2632 9628 -21261 196 -3393 END
START -10428 2188 10936 -21618 648 -1945 END
START -11768 1884 12392 -22312 1297 -317 END
START -13020 1252 13920 -22529 2043 1437 END
START -14100 208 15096 -22222 2502 3462 END
START -14672 -1248 15732 -21985 1767 5650 END
START -15404 -1492 16960 -21734 646 8012 END
START -15696 -2276 18168 -21161 163 10528 END
START -15512 -3360 18780 -20209 307 13097 END
START -15232 -4540 18688 -19357 1198 15885 END
START -14428 -6276 18584 -18704 2907 18512 END
START -13732 -7260 19700 -18135 4993 20926 END
START -12632 -5200 21940 -17878 5145 23633 END
START -9368 -3904 24508 -16936 3778 26282 END
START -4816 -3108 27024 -15768 2528 27314 END
START 1072 -2368 30284 -14846 2078 26453 END