START -15152 -3128 19564 7589 8091 -485 END
START -16620 -2924 20288 7636 7103 115 END
START -17000 -4052 19312 8006 6130 1576 END
START -17872 -5272 18184 9462 4358 4670 END
START -18036 -6160 17064 10429 2494 7960 END
START -17336 -6572 15580 10882 1589 10940 END
START -16528 -5912 13324 10690 1662 13975 END
START -15440 -5112 10424 9441 2604 16789 END
START -14816 -4552 7628 7416 3366 20283 END
START -14260 -4228 5668 5416 2921 24384 END
START -12244 -4428 3588 3503 1083 28508 END
START -8052 -4760 1984 1401 -901 30413 END
START -4228 -4960 1004 -763 -2893 29054 END
START -2416 -5684 800 -1945 -6463 26833 END
START -1152 -6264 696 -2132 -11629 25210 END
START 124 -7004 -60 -1793 -17031 24580 END
START 1872 -7724 -1460 -2286 -20991 24778 END
START 3928 -8068 -2260 -4140 -23063 25276 END
START 7020 -7628 -2936 -7793 -23116 25977 END
START 9996 -6892 -2288 -12353 -20988 25682 END
START 13484 -6060 -136 -16416 -17574 24002 END
START 15980 -4312 2548 -18659 -14540 21031 END
START 18124 -3504 5588 -19300 -11908 16598 END
START 18036 -2404 7912 -19232 -10943 11696 END
START 17300 -1480 10168 -18913 -11494 7980 END
START 16392 -392 12728 -18997 -12258 5396 END
START 16324 920 15660 -19622 -12145 3888 END
START 16756 1340 19044 -20922 -10565 2631 END
START 16980 1992 23820 -22995 -6076 255 END
START 16616 2232 29060 -23837 -1408 -3406 END
START 14504 1500 32767 -22519 1864 -7389 END
START 11588 296 32767 -18813 1385 -10433 END
START 8952 -1168 32767 -13982 -1835 -12426 END
START 6872 -1988 32767 -8534 -5972 -13659 END
START 5044 -2576 32767 -3561 -8063 -14177 END
START 3024 -2864 32767 1213 -7351 -13612 END
START 1800 -3436 32767 5683 -4572 -12164 END
START 956 -3952 32767 9845 -1532 -10202 END
START 772 -4224 32767 13888 1028 -9044 END
START 716 -4496 32767 18098 2399 -8858 END
START 348 -4856 32767 22590 1845 -9247 END
START 104 -5524 32767 26808 -528 -9901 END
START 308 -5764 32767 30661 -2989 -10815 END
START 236 -6216 32767 32767 -4117 -11732 END
START -96 -6744 31400 32767 -3180 -11889 END
START -472 -7136 26996 32767 -491 -11257 END
START -932 -7408 22888 32767 2934 -10423 END
START -1888 -7632 19536 32767 5670 -9155 END
START -2824 -7628 15828 32767 6693 -7815 END
START -3228 -7088 11852 32767 6210 -6886 END
START -3292 -6760 8384 32181 5002 -6427 END
START -3516 -6128 5072 31009 3828 -6113 END
START -3608 -5636 2368 29503 2600 -5446 END
START -3876 -4804 -444 27693 2074 -4056 END
START -3648 -3988 -3648 25391 2617 -2331 END
START -2984 -2764 -6784 22437 3912 -393 END
START -2236 -1896 -9952 18752 5323 1350 END
START -1184 -1268 -12728 14769 6254 2375 END
START -108 -1048 -14772 11057 5680 2507 END
START 580 -1200 -16588 7561 3992 1414 END
START 768 -1616 -17668 4443 1795 192 END
START 864 -2096 -18356 1438 -361 -962 END
START 400 -2628 -18768 -1674 -2312 -1369 END
START 76 -3608 -18956 -5409 -3516 -407 END
START 916 -3596 -18156 -9388 -4068 999 END
START 1488 -3756 -16944 -13899 -2867 2342 END
START 2504 -3964 -15684 -18707 -1460 3506 END
START 3748 -4604 -13820 -22797 -961 3716 END
START 4900 -5340 -11588 -26267 -916 2848 END
START 5480 -6448 -9260 -29174 -1584 1465 END
START 5936 -7508 -6320 -31635 -2889 111 END
START 6532 -8328 -3212 -32768 -3798 -861 END
START 5516 -8420 1952 -32768 -3330 -1450 END
START 5528 -9428 6892 -32768 -2207 -1033 END