START -12 -3728 32767 20871 -5780 -1230 END
START -2068 -2540 32767 21719 -7093 -786 END
START -4472 -1916 32767 22975 -6508 -1320 END
START 28 -3272 30728 25116 -6779 -1699 END
START -988 -4260 30592 26832 -6826 -2260 END
START -936 -4528 28484 28565 -7044 -2144 END
START -920 -4400 27028 30205 -6917 -1513 END
START -872 -3396 25148 31593 -5966 -1020 END
START -644 -3744 22624 32623 -4269 -1056 END
START -584 -4152 20396 32767 -2279 -1259 END
START -536 -4080 18136 32178 -827 -1088 END
START 20 -4108 16252 30830 -346 -904 END
START 932 -3640 14356 29623 -520 -743 END
START 1172 -2684 12380 28536 -976 -840 END
START 1388 -2156 10204 27885 -977 -1026 END
START 1420 -1764 7680 27077 -835 -798 END
START 1240 -1628 5360 25667 -758 -277 END
START 1528 -1096 2940 23783 -1087 793 END
START 2100 -484 952 21011 -1845 1812 END
START 3100 748 -280 17320 -2865 2401 END
START 3568 1460 -368 14086 -3578 2053 END
START 4032 1904 -376 12094 -4161 1751 END
START 4376 2320 -548 11159 -4462 1489 END
START 4436 3240 -900 10048 -4074 907 END
START 3680 4088 -1076 8506 -3528 431 END
START 3080 4436 -1024 6940 -3442 692 END
START 2804 5392 -124 5619 -3824 1423 END
START 3476 6264 1060 4450 -4197 2189 END
START 4544 7572 2800 3487 -3976 2458 END
START 5400 8508 4700 2524 -3024 2131 END
START 6000 8776 6412 1910 -2291 1622 END
START 6184 9752 8268 1710 -1831 1292 END
START 6364 10348 10340 1822 -1866 937 END
START 7192 10752 12520 2636 -1985 917 END
START 8244 10504 14148 4030 -1702 613 END
START 9140 10324 14784 5516 -858 -135 END
START 9716 10720 15004 6544 167 -1147 END
START 9896 11216 14896 6871 1113 -2342 END
START 9748 11216 14244 6933 1808 -3565 END
START 9644 10936 13076 6943 2206 -4579 END
START 9416 10920 11696 6543 2348 -5801 END
START 9088 10820 10300 5992 2636 -7186 END
START 8664 10804 8376 5095 3065 -8679 END
START 8524 10604 6504 3691 3654 -10674 END
START 7876 10132 5088 1787 3971 -12709 END
START 7004 9756 4388 249 3927 -13449 END
START 5968 9668 4012 -862 3717 -12957 END
START 5444 9616 3632 -1828 3409 -12059 END
START 5620 9644 3232 -3281 3133 -11652 END
START 5528 9544 2944 -5022 3236 -12325 END
START 4844 9612 3156 -6381 3484 -13332 END
START 3796 9152 3240 -6837 3283 -13851 END
START 2800 8716 3112 -6944 2800 -13943 END
START 2216 8112 2496 -7731 1804 -13544 END
START 1916 7472 2288 -9224 1247 -13147 END
START 1520 6976 2628 -11438 1580 -12878 END
START 560 6732 3044 -13690 2264 -12776 END
START -880 6372 3988 -15131 2216 -12614 END
START -1988 5780 4680 -15111 1657 -11881 END
START -2284 5000 4504 -14572 474 -10888 END
START -1880 4572 4496 -15434 -640 -10372 END
START -1928 4528 5412 -17001 -163 -10405 END
START -3012 4072 6764 -18127 1069 -10409 END
START -4388 3368 7396 -18520 1611 -10074 END
START -5848 2588 8240 -18944 736 -9953 END
START -6916 1992 8796 -18676 -344 -9757 END
START -8116 944 9400 -18610 -1649 -9434 END
START -9116 48 10180 -18859 -2392 -8634 END
START -9936 -848 11540 -19638 -2442 -7299 END
START -11288 -1264 13012 -20368 -2089 -5383 END
START -12492 -2216 14404 -20252 -2095 -2991 END
START -13264 -2984 15264 -20248 -2963 -947 END
START -13552 -4172 16056 -20324 -4605 614 END
START -13472 -4496 17536 -20134 -5661 2426 END
START -14116 -4056 19664 -20276 -5950 4849 END
START -13920 -4452 21304 -20017 -5307 7320 END
START -13488 -4988 22320 -19211 -5141 9568 END
START -12292 -5816 23068 -17916 -5765 11610 END
START -10704 -6200 23060 -16616 -6521 13892 END
START -9036 -5040 23488 -16397 -6794 15934 END
START -7908 -3244 24344 -16719 -6011 17475 END
START -7464 -2784 24912 -16054 -5504 18316 END
START -7080 -2924 24724 -14668 -6627 19019 END
START -5388 -3268 25192 -13073 -8379 20334 END
START -2236 -3052 26336 -11536 -8961 22656 END
START 2860 -2596 28344 -10277 -6892 24742 END
START 6656 -1868 29716 -8840 -2395 24602 END
START 8924 -988 30652 -6915 1721 22755 END
START 10224 -324 31000 -4677 4044 20147 END
START 11392 292 31084 -2968 5235 16796 END