START -16088 -4876 14008 20322 5430 9988 END
START -16280 -4828 13132 20039 4029 10747 END
START -16040 -5732 10984 19591 3357 12986 END
START -15176 -5276 7036 18271 3011 17024 END
START -14016 -5316 3604 15590 3556 21251 END
START -11780 -4752 -388 11829 4086 24840 END
START -8556 -4888 -3648 7657 4233 26821 END
START -5300 -5656 -5988 4850 3093 27114 END
START -3348 -6392 -8596 3325 -866 26457 END
START -1000 -7368 -11124 1682 -7114 25312 END
START 596 -7428 -12732 -718 -12661 24195 END
START 2292 -8500 -13844 -3154 -16305 23953 END
START 5428 -14140 -14468 -6641 -16125 22193 END
START 3680 -6132 -14704 -11402 -14991 23779 END
START 6816 -8148 -14664 -16374 -12850 24418 END
START 8892 -8488 -12716 -22271 -10946 23333 END
START 11100 -8428 -8944 -26310 -10749 20709 END
START 13500 -8284 -4320 -28068 -12526 17475 END
START 15984 -7792 520 -28458 -15054 13524 END
START 17408 -7212 4212 -28665 -15434 9389 END
START 17608 -7264 8400 -29832 -13128 5670 END
START 16816 -6516 12760 -31777 -9568 4369 END
START 17056 -5688 17544 -32768 -5756 4311 END
START 18912 -4772 22988 -32768 -1135 2986 END
START 19696 -4280 29280 -32768 2366 -132 END
START 20020 -3756 32767 -32768 2847 -4752 END
START 19332 -3496 32767 -28856 901 -11042 END
START 17256 -3660 32767 -23274 -3228 -16537 END
START 14376 -4076 32767 -17677 -7865 -19497 END
START 12576 -4612 32767 -14053 -7642 -20280 END
START 9716 -5360 32767 -12426 -2395 -19379 END
START 6592 -6440 32767 -11113 3995 -17575 END
START 3084 -6628 32767 -7109 6709 -15286 END
START 1200 -6484 32767 -1528 5983 -13702 END
START 104 -6024 32767 4345 3330 -13231 END
START -644 -5776 32767 9484 1216 -13433 END
START -1884 -5716 32767 13850 778 -13394 END
START -3016 -5684 32767 17508 1730 -12536 END
START -3844 -6324 32767 20682 3895 -11246 END
START -4464 -7452 32767 23077 6854 -9804 END
START -6028 -8120 32767 25671 8255 -8446 END
START -7276 -9228 32767 29251 6929 -7024 END
START -7588 -9824 32767 32767 4010 -5763 END
START -6444 -10604 32767 32767 1151 -4771 END
START -4744 -11512 31032 32767 183 -4376 END
START -3696 -11488 28860 32767 348 -3944 END
START -2780 -11504 26240 32767 1063 -3597 END
START -2156 -11440 23400 32767 2060 -3329 END
START -1844 -10864 19280 32767 2517 -3140 END
START -1628 -10948 15064 32767 2246 -3043 END
START -1504 -10144 9528 32767 1124 -2915 END
START -856 -9280 3744 32767 814 -2779 END
START -476 -8488 -304 32767 1625 -2834 END
START -656 -7464 -3576 32432 3583 -2467 END
START -1084 -6608 -6532 28682 5847 -1341 END
START -872 -5952 -10228 25243 8216 322 END
START -44 -5584 -13940 21666 9749 1645 END
START 380 -5540 -17392 17434 10780 2237 END
START 988 -6200 -20232 12783 10082 1750 END
START 684 -7148 -22340 7997 7835 460 END
START 196 -8088 -23648 3591 4887 -419 END
START -696 -8696 -23976 -424 1932 -423 END
START -1368 -9108 -24372 -4451 -697 875 END
START -1352 -9344 -24184 -9384 -2227 3082 END
START -172 -9164 -23784 -15541 -1510 5277 END
START 1376 -9192 -22608 -22143 675 6320 END
START 2588 -9672 -21300 -28103 1869 6195 END
START 3436 -9920 -18692 -32768 833 5304 END
START 4276 -10632 -16524 -32768 -1934 3904 END
START 5412 -11948 -13804 -32768 -5207 1820 END
START 6428 -14040 -10100 -32768 -7940 42 END
START 7360 -15380 -6184 -32768 -9431 -1093 END
START 8300 -15708 -752 -32768 -9230 -1766 END
START 8996 -16148 8596 -32768 -7146 -1838 END
START 9252 -16772 20160 -32768 -3629 -2022 END
START 8760 -18124 32767 -32768 -918 -2593 END
START 8208 -19800 32767 -32768 871 -4187 END
START 7584 -20216 32767 -32768 2610 -6941 END
START 4992 -19700 32767 -32768 4165 -9862 END
START 1232 -18144 32767 -30277 4727 -11140 END