START -20188 -7948 14080 11788 -3867 28894 END
START -21296 -7324 14240 11440 -5024 30926 END
START -18680 -7724 11920 10006 -5807 32767 END
START -16004 -8128 9164 6450 -4477 32767 END
START -12880 -8592 7948 1688 -2165 32767 END
START -7712 -9736 7536 -1703 65 32767 END
START -2256 -8400 7308 -2746 2202 32767 END
START 2732 -7216 5316 -1514 2106 32767 END
START 4168 -5604 1588 1035 -3498 32767 END
START 4576 -6776 -3160 960 -14829 29717 END
START 4332 -6676 -5756 -1671 -27486 26018 END
START 4768 -7300 -6420 -4295 -32768 25976 END
START 6200 -7444 -7432 -7818 -31822 28461 END
START 9528 -8656 -7576 -14353 -22245 30575 END
START 13992 -8028 -5424 -20405 -10290 27239 END
START 15868 -7572 -1904 -23384 -2727 19267 END
START 14340 -7724 1240 -22801 -4472 12354 END
START 13728 -7884 3200 -20642 -11069 8502 END
START 13908 -7468 4244 -19573 -15407 6708 END
START 14540 -6504 5616 -20549 -14443 5523 END
START 14944 -5836 7500 -23526 -8327 4315 END
START 14556 -5108 9992 -27358 -765 3121 END
START 14600 -4556 13340 -30428 4336 1604 END
START 14836 -3940 17644 -31529 6329 -1307 END
START 14040 -3624 22880 -30942 6130 -5518 END
START 12868 -3784 27220 -29464 4517 -9177 END
START 11012 -4296 31784 -27350 1744 -11307 END
START 9492 -4740 32767 -24729 -1905 -11914 END
START 9060 -5036 32767 -21229 -4916 -11751 END
START 8852 -5432 32767 -17545 -5589 -12008 END
START 8840 -5780 32767 -13387 -3210 -12633 END
START 7516 -5972 32767 -8771 -149 -13009 END
START 6084 -6256 32767 -3900 1426 -12633 END
START 4932 -6176 32767 1085 1540 -12138 END
START 3732 -5912 32767 6104 1241 -11646 END
START 3092 -6144 32767 11283 1145 -11236 END
START 2680 -6296 32767 16385 1215 -11069 END
START 2400 -6768 32767 20683 1779 -11274 END
START 2072 -7760 32767 24340 2898 -11951 END
START 980 -8556 32767 28029 3801 -12481 END
START 364 -9708 32767 31001 4812 -12440 END
START -432 -11216 32767 32767 6147 -11962 END
START -1560 -11544 31188 32767 7387 -10688 END
START -1872 -11840 28120 32767 8067 -9252 END
START -1656 -11636 24504 32767 8270 -8538 END
START -1408 -11244 21064 32767 7737 -8515 END
START -956 -10488 17332 32767 6724 -8849 END
START -788 -9620 13892 32767 5581 -9462 END
START -280 -8484 10348 32767 5480 -9940 END
START -672 -7760 7340 32767 7011 -9356 END
START -1260 -6992 4380 32746 8711 -7206 END
START -1508 -6160 1952 29972 10033 -4039 END
START -1164 -5132 -640 27019 11003 -744 END
START -924 -3880 -2836 24140 11220 1652 END
START 236 -2628 -4764 21516 10887 2612 END
START 1308 -1280 -6916 19455 9749 2200 END
START 2088 -332 -9424 17637 7966 906 END
START 2872 -300 -11940 15838 5971 -652 END
START 3396 -300 -15532 13235 4154 -1955 END
START 3620 -1344 -18360 8432 2388 -3142 END
START 2928 -2356 -19260 2558 371 -3431 END
START 2340 -2880 -19040 -2859 -1229 -2452 END
START 2208 -2980 -18380 -7876 -1717 -657 END
START 2968 -3388 -18108 -12969 -1005 754 END
START 3944 -4080 -17700 -18733 359 1159 END
START 4300 -4696 -15980 -24261 690 1125 END
START 4216 -5712 -13444 -28874 -608 1176 END
START 4492 -7116 -10940 -32468 -2549 1415 END
START 4500 -8724 -7092 -32768 -5191 1811 END
START 5020 -10044 -3500 -32768 -6597 1937 END