START -12272 2272 13096 7234 9450 -14991 END
START -14724 2248 14964 6378 8974 -14221 END
START -15788 448 14440 4508 10673 -12713 END
START -18812 -1768 13852 3025 11990 -9637 END
START -22292 -3720 15672 3838 10220 -4953 END
START -23136 -6524 15076 7519 5851 1262 END
START -23916 -6320 15752 10855 2011 6406 END
START -22752 -7368 14292 12202 -903 12849 END
START -19888 -7168 12432 10588 -2135 17928 END
START -16852 -6400 11132 7338 -2926 20850 END
START -15192 -6136 10552 4666 -4547 23289 END
START -13840 -6128 9400 3371 -7032 27048 END
START -12560 -6484 7128 2796 -10188 31955 END
START -10552 -6624 3204 2300 -14048 32767 END
START -5496 -7304 -528 710 -16188 32767 END
START 408 -7280 -4352 -1980 -15365 32767 END
START 4712 -8132 -7120 -6277 -14616 32767 END
START 7084 -8372 -8728 -10225 -16175 32767 END
START 8028 -9380 -9404 -13148 -20858 30556 END
START 7956 -10472 -9648 -14922 -26255 28740 END
START 8464 -11168 -10444 -17295 -28674 28756 END
START 9708 -11576 -10336 -21593 -25993 28981 END
START 11820 -11524 -8052 -26346 -18971 27649 END
START 13612 -10128 -4532 -29397 -11871 23494 END
START 14012 -9824 -1068 -30659 -9399 18925 END
START 14264 -9240 2672 -30937 -11060 15315 END
START 14664 -8420 6108 -31001 -13410 12940 END
START 15992 -6728 10452 -31907 -14014 11866 END
START 19640 -5472 15712 -32768 -11640 10970 END
START 23176 -4316 22872 -32768 -5039 7102 END
START 24300 -3856 31576 -32768 1688 1794 END
START 24020 -4380 32767 -32768 6320 -3445 END
START 22388 -5656 32767 -28517 7259 -8525 END
START 20088 -6592 32767 -21815 3572 -12917 END
START 17724 -7280 32767 -14563 -1633 -16450 END
START 15268 -7884 32767 -7955 -4543 -18370 END
START 13024 -7780 32767 -2613 -3193 -17968 END
START 11464 -7368 32767 1580 1449 -15836 END
START 10912 -6940 32767 5243 6987 -13836 END
START 9928 -6760 32767 10072 10297 -12823 END
START 9180 -6532 32767 16036 10827 -13372 END
START 7856 -7096 32767 22514 8970 -14846 END
START 6596 -8212 32767 27984 6256 -16196 END
START 5792 -9804 32767 31952 4595 -17432 END
START 4468 -11192 32767 32767 4720 -18224 END
START 2748 -12900 32767 32767 6930 -17957 END
START 672 -14396 31284 32767 10325 -16746 END
START -1628 -15148 27936 32767 12940 -14604 END
START -3128 -15816 24108 32767 13337 -11957 END
START -3772 -16224 20296 32767 12030 -9915 END
START -3796 -15880 16776 32767 9907 -8601 END
START -3320 -14656 12904 32767 8816 -7576 END
START -2968 -13448 8660 32767 9783 -6356 END
START -2472 -12184 4512 32767 11549 -4565 END
START -2340 -10556 832 32554 13403 -2449 END
START -2460 -9020 -2384 29896 14235 152 END
START -1372 -7920 -5632 27821 14384 2530 END
START 572 -6868 -9528 25542 14045 3838 END
START 2636 -6040 -13280 23063 13353 3722 END
START 4208 -5432 -17576 19322 11126 2355 END
START 4528 -4656 -20336 14896 7857 594 END
START 4748 -4112 -22052 10892 5266 -949 END
START 4132 -4324 -23076 6943 3003 -1768 END
START 3544 -4328 -23824 2813 1246 -1744 END
START 3036 -4468 -24308 -2169 82 -789 END
START 3708 -4704 -24512 -7844 69 -158 END
START 3636 -4676 -23420 -13610 34 281 END
START 3804 -4936 -21684 -18533 -473 648 END
START 4236 -5556 -20064 -22869 -2132 549 END
START 4812 -6372 -17964 -27024 -4226 -161 END
START 5088 -7524 -15592 -30911 -6278 -1162 END
START 4956 -9064 -13340 -32768 -8112 -2173 END
START 4424 -11740 -9704 -32768 -9461 -2478 END
START 4056 -13564 -5780 -32768 -10681 -2017 END
START 3380 -14196 -300 -32768 -11454 -858 END
START 3616 -15308 7808 -32768 -11395 1201 END
START 4864 -15956 18632 -32768 -10765 3813 END
START 8680 -16176 32767 -32768 -8921 5346 END
START 13012 -16372 32767 -32768 -4032 2365 END
START 12988 -16496 32767 -32768 126 -4563 END
START 9240 -15984 32767 -32768 1761 -10687 END