START 1284 -5868 32767 10136 -12249 -22 END
START -3980 -4680 32767 11048 -12173 -110 END
START -3312 -4276 32767 13497 -13469 118 END
START -360 -5228 32767 15869 -13813 -74 END
START 224 -5224 32767 17921 -13142 -1117 END
START 340 -5432 32767 20467 -13023 -2335 END
START -220 -5384 32767 23703 -14136 -2806 END
START 120 -4904 31544 26427 -14178 -3232 END
START 336 -4408 29544 27915 -11978 -4265 END
START 184 -4404 27412 29033 -8963 -5260 END
START 896 -4780 24924 30095 -6207 -5504 END
START 1016 -5172 22828 30947 -4035 -5308 END
START 584 -5056 20464 31252 -2977 -4444 END
START -444 -4428 17972 31068 -2781 -3230 END
START -728 -4768 15736 30780 -2833 -2708 END
START -132 -5132 13284 30294 -2811 -2070 END
START 276 -5284 11524 29320 -2760 -1333 END
START 964 -4936 9272 27940 -2249 -1233 END
START 804 -4152 7144 26634 -1943 -1359 END
START 956 -3824 4748 25609 -2147 -1370 END
START 928 -2992 2228 24466 -3053 -1027 END
START 1044 -2276 272 22882 -4176 -201 END
START 1644 -1620 -1108 20722 -5108 532 END
START 1560 -356 -1832 18205 -5511 1076 END
START 2212 48 -2252 15375 -5545 1483 END
START 2752 1388 -2272 12610 -5136 1746 END
START 3128 2444 -1392 9839 -4525 1608 END
START 3580 3976 -404 8078 -3613 1500 END
START 3860 4892 536 7130 -2974 1769 END
START 4496 6236 1732 6212 -2692 2253 END
START 5312 7336 3068 4950 -2373 2295 END
START 5464 8624 4668 3780 -2137 2025 END
START 6268 9472 6992 3194 -1943 1492 END
START 6600 9980 8808 3327 -1515 732 END
START 7516 10348 10500 3604 -1147 219 END
START 8160 11076 12204 3856 -733 13 END
START 8808 10996 13324 4305 -339 -379 END
START 9532 11420 14084 4749 -230 -842 END
START 10048 11192 14684 5353 -195 -1680 END
START 10656 11128 14404 5937 -556 -2385 END
START 11120 11104 14192 6553 -693 -3081 END
START 11980 10952 13304 7010 -408 -4044 END
START 12232 11088 12480 7204 161 -5418 END
START 12360 10928 11476 7165 960 -6982 END
START 11700 10676 10132 6684 1803 -8483 END
START 10916 10320 8616 6107 2097 -9904 END
START 9752 10152 7632 5574 1565 -11158 END
START 9376 10324 6644 4980 504 -12227 END
START 9088 10516 5072 4394 169 -13248 END
START 8516 10540 4768 3066 204 -14582 END
START 7684 10224 4000 1557 -223 -16329 END
START 6860 9308 3960 278 -1292 -18021 END
START 5900 8564 3920 -515 -2612 -19322 END
START 4020 8168 4256 -1198 -4546 -19682 END
START 2808 8612 3752 -2126 -6611 -18080 END
START 2332 9520 3780 -3801 -7461 -15586 END
START 2348 9792 4252 -5775 -5838 -13416 END
START 1808 10032 4296 -7446 -3148 -12160 END
START 1228 10164 4180 -8905 -1318 -11544 END
START 260 9940 3992 -10092 -1037 -11529 END
START -940 9536 4340 -10883 -2351 -11800 END
START -1952 9256 4516 -11163 -4716 -11600 END
START -2400 8768 4508 -11099 -6323 -11173 END
START -2492 8176 4488 -11788 -7183 -10589 END
START -2924 7500 4840 -13029 -6697 -9972 END
START -3488 7280 5596 -14676 -4909 -8948 END
START -4716 6908 6392 -16266 -3574 -7817 END
START -5700 6164 7180 -17176 -3509 -6538 END
START -6216 5416 7600 -17191 -4105 -5158 END
START -5920 4488 7880 -17291 -4319 -4021 END
START -5748 3920 8716 -18035 -3613 -3227 END
START -6444 3584 9596 -18643 -2418 -2391 END
START -7272 3012 10652 -18995 -1138 -1377 END
START -8220 1724 11136 -18946 -127 -484 END
START -9204 824 11684 -18640 -378 919 END
START -9424 -136 12140 -18127 -991 2666 END
START -8812 -724 12648 -17761 -645 4672 END
START -8700 -588 13136 -18699 -444 6684 END
START -8676 -108 13928 -19895 354 7729 END
START -9556 -100 15076 -21051 221 8118 END
START -9348 -1044 15432 -21155 -256 8269 END
START -9128 -1848 15916 -21348 -1683 9131 END
START -8144 -2564 17176 -21768 -3770 10664 END
START -6980 -2520 19868 -21674 -4109 12382 END
START -6268 -2932 21832 -20742 -2253 14103 END
START -6476 -3472 22724 -19903 -373 15515 END
START -7280 -4768 23444 -18754 884 16713 END
START -8188 -6116 24744 -17139 1397 18347 END
START -8488 -7348 26468 -14696 1024 20357 END
START -6744 -7940 27448 -11685 1308 23490 END
START -5188 -7904 27368 -10263 2582 26853 END
START -4044 -7424 27452 -9433 3658 29843 END
START -3204 -7004 27596 -8759 4908 31605 END
START -1144 -7020 29088 -7584 4810 32322 END
START 4328 -5808 31112 -7119 4492 31283 END
START 9324 -4176 32767 -6783 4648 27379 END
START 12684 -2972 32767 -4890 4856 22438 END