START -13048 -736 17968 8701 2014 4045 END
START -13072 -896 17132 8808 1859 4293 END
START -14420 -944 17452 8440 503 4809 END
START -13988 -1800 16756 8706 -1048 5469 END
START -14628 -2692 16280 8815 -936 5884 END
START -16072 -3728 15612 9453 -940 6708 END
START -17060 -4896 14688 10557 -1496 8365 END
START -18204 -5776 12924 11216 -2728 11274 END
START -18148 -6296 10032 11130 -3100 15207 END
START -16920 -6424 7036 8853 -2494 19856 END
START -15168 -6828 3364 5213 -2902 24060 END
START -12524 -7424 1128 1985 -5130 27486 END
START -9024 -7504 -304 690 -7628 29328 END
START -6552 -7512 -1820 1036 -10342 29759 END
START -3168 -7644 -4764 1351 -14219 29697 END
START -468 -7520 -7212 32 -18547 29327 END
START 2636 -7480 -8828 -2845 -21321 28520 END
START 4932 -7456 -8788 -6606 -21734 27096 END
START 6456 -7556 -8460 -10387 -20298 25825 END
START 7904 -8188 -7148 -14240 -18560 25250 END
START 10396 -8092 -4980 -18137 -17197 24731 END
START 13188 -6988 -1596 -21079 -15394 23233 END
START 15540 -6068 2220 -23155 -13167 20597 END
START 17568 -4576 6172 -24343 -11992 17721 END
START 19256 -2300 10796 -24948 -10831 14918 END
START 21060 -388 14596 -25199 -9668 11947 END
START 22760 1132 18928 -25490 -8114 8329 END
START 23952 2368 23172 -25616 -6679 4480 END
START 23972 2880 27756 -25799 -4484 17 END
START 22712 2584 32767 -25148 -2021 -4189 END
START 20228 1816 32767 -23230 -284 -7732 END
START 17436 224 32767 -20074 -8 -10364 END
START 14420 -1372 32767 -15552 -2184 -12152 END
START 12348 -2912 32767 -9585 -6074 -13440 END
START 11332 -3716 32767 -4200 -8476 -14179 END
START 10120 -4556 32767 328 -8355 -14472 END
START 8964 -4672 32767 3445 -5287 -14062 END
START 7328 -4532 32767 6163 -561 -12836 END
START 5968 -4548 32767 8919 3017 -11573 END
START 4792 -4176 32767 12621 3849 -11021 END
START 4232 -4152 32767 17209 2351 -11325 END
START 4264 -4364 32767 21915 264 -12613 END
START 3936 -5228 32767 25774 -1272 -14634 END
START 2780 -6368 32767 28902 -2116 -16583 END
START 1244 -7412 32767 31195 -1863 -17125 END
START -44 -8112 30652 32533 330 -16643 END
START -808 -8432 27800 32767 3930 -15219 END
START -1792 -8744 24784 32505 7910 -13065 END
START -2696 -8852 21364 32057 10422 -10738 END
START -2876 -8768 18204 31706 10860 -8693 END
START -2712 -8208 14836 31731 10205 -7624 END
START -2632 -7648 11640 31738 9392 -7287 END
START -2800 -7176 7904 30869 8947 -6945 END
START -3220 -6484 4200 29096 9173 -5878 END
START -3272 -5756 772 26482 10645 -4022 END
START -3364 -5080 -1988 23601 12353 -1513 END
START -2680 -4572 -5596 20927 12990 1240 END
START -1396 -3468 -10056 18699 12418 3286 END
START 476 -3224 -14464 15337 11431 3841 END
START 1268 -3184 -17952 11283 9682 2791 END
START 1364 -3276 -20208 7890 7098 1107 END
START 988 -3936 -22164 4947 3929 27 END
START 632 -4608 -23572 1770 1116 -306 END
START 268 -5104 -24552 -2499 -1223 505 END
START 208 -4804 -24540 -7741 -2778 2266 END
START 1100 -4452 -24220 -13735 -2800 4105 END
START 2388 -4272 -22700 -19860 -2084 5290 END
START 3444 -4692 -20640 -25269 -2413 5501 END
START 5180 -5600 -17716 -29964 -3764 4177 END
START 6400 -7348 -13528 -32768 -5684 1624 END
START 6588 -9412 -8852 -32768 -8082 -406 END
START 5976 -10192 -3412 -32768 -10571 -1329 END
START 5644 -10300 3944 -32768 -12208 -796 END
START 6924 -11136 12860 -32768 -11261 779 END
START 8568 -12160 23108 -32768 -8144 2237 END
START 9780 -12820 31984 -32768 -3845 3367 END
START 10276 -13900 32767 -32768 1084 2922 END