START -16960 -6920 15716 13665 181 20946 END
START -16964 -6388 15356 13520 -2194 21528 END
START -14712 -6288 13408 12955 -5607 22803 END
START -12660 -5348 11632 12651 -6389 24187 END
START -10448 -5280 9592 11978 -3580 25638 END
START -9088 -5040 6544 10120 204 27663 END
START -7640 -5428 2904 6863 2678 30387 END
START -6192 -5704 152 2621 2731 32767 END
START -3776 -5584 -2484 -513 -51 32767 END
START -1120 -5260 -4356 -2457 -4776 32767 END
START 2440 -4876 -7248 -3709 -10059 32767 END
START 5920 -4316 -9748 -5245 -14195 32326 END
START 8172 -4176 -11284 -7507 -16973 28208 END
START 9140 -4368 -12104 -10462 -18835 24602 END
START 10036 -4632 -12248 -13837 -20077 22236 END
START 10864 -5556 -11516 -17786 -19772 20710 END
START 11332 -6652 -9480 -22182 -18075 19944 END
START 12780 -8036 -6432 -25683 -16744 19848 END
START 15464 -8656 -2512 -28705 -15625 18757 END
START 18528 -8676 2924 -30797 -13643 15313 END
START 20288 -7780 8228 -31566 -11857 10255 END
START 20768 -7584 13552 -31175 -10746 5670 END
START 21252 -7336 18704 -30992 -9949 2719 END
START 22168 -6724 23172 -31374 -7863 481 END
START 22044 -6160 28540 -31652 -4250 -1672 END
START 21240 -6528 32767 -30471 -1040 -3881 END
START 20692 -6576 32767 -27205 348 -7138 END
START 19276 -7200 32767 -23352 1041 -11068 END
START 16540 -7612 32767 -18739 479 -14242 END
START 14336 -7644 32767 -13651 -793 -15840 END
START 12208 -7748 32767 -8661 -346 -16386 END
START 9852 -7480 32767 -3820 1974 -16305 END
START 7328 -7572 32767 997 4684 -15930 END
START 4924 -7492 32767 5822 6480 -15399 END
START 2560 -7412 32767 11214 7014 -14815 END
START 1088 -7568 32767 16853 6804 -14265 END
START 92 -8440 32767 21964 6391 -14194 END
START -668 -9516 32767 26531 5583 -14223 END
START -1036 -11048 32767 30754 4610 -14269 END
START -1404 -12008 32767 32767 4002 -14004 END
START -1680 -12756 32767 32767 4587 -13350 END
START -1980 -13012 31512 32767 5858 -12347 END
START -2452 -13004 27232 32767 7314 -11328 END
START -2820 -12644 22660 32767 8177 -10297 END
START -2900 -12148 18116 32767 8513 -9420 END
START -2996 -11452 13320 32767 8216 -8641 END
START -3140 -10212 9052 32767 7826 -7806 END
START -3128 -8988 5072 32767 8161 -6723 END
START -3028 -7748 1536 32767 8775 -5396 END
START -3120 -6668 -1588 31229 9269 -3394 END
START -2736 -5516 -5400 27650 9615 -1152 END
START -2376 -4156 -8656 23772 9313 1180 END
START -1292 -3096 -12548 19853 8666 3076 END
START 508 -2244 -15872 15728 7718 3655 END
START 2592 -3276 -18052 11275 6665 2125 END
START 3104 -4316 -19476 6830 5347 -402 END
START 2584 -6216 -20052 2866 2858 -2137 END
START 1348 -7868 -19848 -523 -648 -2064 END
START 1056 -8620 -20200 -4424 -2956 -266 END
START 1480 -8640 -20700 -9144 -2447 2139 END
START 1740 -8208 -20628 -14971 -633 4477 END
START 2804 -7556 -20204 -21227 1187 5728 END
START 3820 -7468 -19160 -27080 2175 5737 END
START 5228 -7600 -16844 -31782 1355 4326 END
START 6156 -8504 -14064 -32768 -1217 1730 END
START 7052 -10176 -10652 -32768 -4818 -897 END
START 7116 -11108 -6468 -32768 -8741 -2672 END
START 7588 -12556 -404 -32768 -11577 -3259 END
START 8444 -13444 7584 -32768 -11188 -3275 END
START 7940 -14380 18428 -32768 -7171 -3098 END
START 7580 -16700 30520 -32768 -1587 -1880 END
START 6968 -18492 32767 -32768 5117 -952 END
START 5072 -19292 32767 -32768 9469 -1458 END
START 2224 -18192 32767 -32768 9309 -3509 END
START 120 -16336 32767 -28732 5145 -6250 END