START -888 -5692 32767 15534 -4558 -1886 END
START -6892 -2724 32767 16675 -5191 -1884 END
START -1648 -4632 32767 19207 -4877 -2274 END
START -3956 -4436 32767 22708 -3078 -2788 END
START -4320 -5160 32767 25218 -205 -2979 END
START -4700 -5888 32767 27152 1412 -2723 END
START -5304 -6544 32767 29167 172 -1630 END
START -4556 -7320 31264 31207 -3121 -318 END
START -3488 -7252 27828 32767 -6834 601 END
START -2368 -6740 24776 32767 -9611 850 END
START -200 -6792 21376 32767 -10467 428 END
START 1368 -6520 18224 32767 -9929 -659 END
START 1864 -5880 14500 32767 -9033 -1908 END
START 2372 -5484 10808 32767 -8066 -2663 END
START 2728 -5220 7280 31981 -6974 -2599 END
START 2920 -5012 4700 29506 -5971 -2015 END
START 2768 -4408 2116 26146 -5741 -936 END
START 2584 -3380 232 22567 -6155 317 END
START 3028 -2424 -712 19609 -6352 1491 END
START 3372 -1480 -792 17058 -5614 1942 END
START 3636 -552 -876 15009 -4742 1699 END
START 3732 144 -492 13381 -4459 1564 END
START 4016 952 40 12019 -4440 1304 END
START 4316 1572 872 10952 -4630 1319 END
START 4804 2696 1896 9963 -4633 1630 END
START 5332 3684 3200 8736 -3973 1443 END
START 5476 4988 4704 7259 -3032 980 END
START 5372 6160 6944 6238 -2178 521 END
START 5036 6688 8760 6542 -1666 181 END
START 4972 7052 10264 7523 -2373 393 END
START 5524 8020 11932 9024 -3111 807 END
START 6824 8648 13388 10799 -3375 818 END
START 8600 9192 14580 12877 -3254 352 END
START 9712 9636 14652 14126 -3371 -987 END
START 10856 10236 14596 14742 -3554 -3853 END
START 10852 10304 13852 15442 -3338 -7017 END
START 10344 10840 12492 15319 -3107 -8515 END
START 9536 11772 11288 14054 -2227 -8315 END
START 9448 12016 10408 12354 -158 -7754 END
START 9328 12484 9784 10981 2348 -7405 END
START 9028 12508 8960 10087 4208 -7946 END
START 8844 12432 8048 9739 4492 -9253 END
START 8200 12096 7168 9444 3643 -10883 END
START 7548 11840 5824 8359 2149 -12172 END
START 6944 11556 5360 6869 1312 -12954 END
START 5928 11192 4828 5541 1108 -12963 END
START 5080 10984 4716 4349 1504 -12475 END
START 4412 10744 4220 3400 2106 -12084 END
START 3508 10472 3696 2558 2009 -11691 END
START 3180 10236 3048 1563 1348 -11328 END
START 2892 10108 2016 -162 490 -11229 END
START 2652 10096 1608 -2241 -31 -11222 END
START 2144 9800 1284 -4312 -284 -11298 END
START 1396 9520 1416 -5742 -372 -11006 END
START 876 8920 1104 -6413 -288 -10350 END
START 72 8712 732 -7288 -531 -9859 END
START -312 8884 320 -8950 -840 -9848 END
START -1252 8912 376 -11114 -1342 -9979 END
START -2140 9024 704 -12580 -1734 -9818 END
START -2984 8772 1396 -13219 -1999 -9360 END
START -3412 8516 1576 -13712 -2043 -8642 END
START -3804 8288 1520 -15098 -2350 -7998 END
START -4236 8212 2796 -16630 -2666 -7426 END
START -4252 8020 4000 -17411 -2369 -6689 END
START -4668 8176 5532 -17573 -1934 -6249 END
START -4632 7664 6196 -17652 -1680 -6248 END
START -4648 6828 6240 -17892 -1721 -6544 END
START -4644 5612 6824 -18395 -1954 -6800 END
START -4904 5380 8008 -18400 -2211 -6823 END
START -6044 5656 9388 -18278 -2548 -7031 END
START -6744 5260 10624 -18081 -2787 -6913 END
START -6860 3748 10768 -18004 -2699 -6278 END
START -7036 2592 10704 -18503 -3370 -5178 END
START -7676 1668 11576 -19153 -3410 -3915 END
START -9032 956 12772 -19496 -2916 -2674 END
START -10164 392 13960 -19202 -2965 -1119 END
START -10960 -268 14676 -18720 -3230 621 END
START -10896 -1304 14988 -18433 -3403 2575 END
START -10656 -2256 14772 -19365 -4050 4758 END
START -10316 -2692 16564 -20858 -5151 6903 END
START -9344 -2764 18908 -21183 -4747 9348 END
START -8436 -2292 20672 -21021 -2970 11222 END
START -8172 -2548 21388 -21065 -807 12507 END
START -8376 -3412 21832 -21036 596 13273 END
START -9080 -3924 22668 -20411 1091 14041 END
START -9132 -4272 23936 -18937 854 15669 END
START -8108 -4340 24724 -17149 623 18071 END
START -7000 -3724 25508 -16004 1239 20128 END
START -5204 -3952 25656 -15631 2460 21791 END
START -3436 -3380 26288 -15142 4689 23794 END
START -940 -2892 26760 -14950 7066 26165 END
START -448 -2724 27136 -15090 8283 27568 END
START 668 -3208 27436 -13952 6831 27845 END
START 1932 -2752 28140 -11620 5444 26462 END
START 3656 -2940 28484 -8587 5944 23134 END
START 5652 -2216 28376 -5364 7899 18280 END