START -14796 -2036 17976 9037 4285 635 END
START -15124 -2056 16400 8547 4058 1160 END
START -16436 -2604 16640 7636 5484 2494 END
START -17928 -4316 16160 7433 5521 5351 END
START -18844 -5632 14936 8122 3859 8486 END
START -19440 -6768 12732 9424 294 11907 END
START -18788 -7348 9724 10303 -4249 15275 END
START -17212 -7580 6068 9977 -8410 18366 END
START -14848 -7044 2520 8053 -10569 21061 END
START -12028 -7052 -192 4590 -9220 23914 END
START -8956 -7520 -2584 103 -5390 26553 END
START -6304 -7932 -3896 -4047 -2916 28758 END
START -3592 -8572 -4484 -6927 -3975 30365 END
START 512 -8824 -4920 -8663 -7724 30125 END
START 3568 -8652 -5008 -9908 -12588 28148 END
START 6960 -8204 -4384 -11008 -16902 25487 END
START 10412 -7324 -3228 -12115 -19203 22835 END
START 13908 -6488 -1792 -14191 -19057 20237 END
START 17200 -5520 624 -17304 -16286 17751 END
START 19956 -4600 3556 -20664 -12409 15185 END
START 22296 -3968 7404 -24069 -8566 11567 END
START 23340 -3392 12072 -26151 -5112 6961 END
START 23576 -3184 17152 -26980 -1796 1563 END
START 22636 -3212 22448 -26556 857 -3857 END
START 20348 -3480 26804 -25221 2549 -8081 END
START 16912 -3872 31384 -23509 3446 -10769 END
START 13792 -3952 32767 -21368 3939 -12613 END
START 9900 -4224 32767 -18594 3687 -13893 END
START 6808 -4952 32767 -15747 3496 -14892 END
START 3460 -5512 32767 -12610 3607 -15016 END
START 544 -5396 32767 -8585 3776 -13924 END
START -1520 -5368 32767 -3941 3982 -12337 END
START -3680 -5060 32767 1794 3728 -10651 END
START -4832 -4448 32767 7783 3247 -9294 END
START -5504 -4212 32767 13303 3098 -8276 END
START -5548 -4600 32767 17692 3766 -7594 END
START -5892 -5832 32767 20814 5266 -7422 END
START -7184 -7156 32767 23760 6568 -7173 END
START -8352 -8816 32767 27313 7073 -6079 END
START -8776 -10536 32767 30812 7075 -4654 END
START -8920 -11800 32767 32767 7119 -3113 END
START -8484 -12676 32056 32767 7455 -1479 END
START -7752 -13028 28176 32767 8308 35 END
START -6996 -12816 24548 32767 9244 980 END
START -6384 -12408 20688 32767 10043 1807 END
START -5868 -11552 16840 32767 9960 2940 END
START -4932 -10820 12920 32767 9093 3828 END
START -3756 -9712 8452 32767 8589 4249 END
START -3136 -8928 4704 32767 8192 4607 END
START -2384 -8056 1356 32567 8331 5150 END
START -1532 -7532 -1616 29450 8680 5946 END
START -560 -6956 -4516 26419 9116 6779 END
START 552 -6404 -7884 23780 9065 7669 END
START 1876 -5968 -11376 21218 8331 8117 END
START 3440 -6132 -15400 18165 6784 7594 END
START 4400 -6212 -18328 14505 4518 5769 END
START 4468 -6756 -20524 10709 2061 3808 END
START 4044 -7268 -22096 6708 -11 2766 END
START 4056 -7420 -23824 2663 -1452 2984 END
START 4540 -7060 -25184 -2450 -2641 3855 END
START 5484 -6260 -25728 -8840 -3424 4796 END
START 6900 -5504 -25000 -15612 -3043 4652 END
START 7516 -5384 -23684 -21854 -2657 3557 END
START 8192 -5836 -21476 -27343 -3707 1457 END
START 8356 -7016 -18668 -31570 -5786 -1150 END
START 8308 -8516 -15524 -32768 -8742 -3983 END
START 8140 -10520 -12148 -32768 -11785 -6093 END
START 7800 -11932 -7736 -32768 -14066 -6579 END
START 7992 -13104 -1768 -32768 -14872 -5507 END
START 8268 -13000 7520 -32768 -13768 -3453 END
START 9336 -14208 19912 -32768 -10548 -2486 END
START 12836 -18520 32767 -32768 -3828 -6746 END