START -18012 -3776 16284 5451 1997 2502 END
START -18764 -3944 16392 5467 141 3342 END
START -19100 -5096 15264 5975 -1258 5418 END
START -19656 -7204 13824 7551 -4230 9890 END
START -19396 -7580 11876 8889 -7527 14844 END
START -17184 -8236 8592 8920 -9159 19009 END
START -14212 -7780 5684 7200 -8731 22397 END
START -11504 -7044 2244 3213 -6802 25113 END
START -8256 -7184 -412 -2177 -5111 27121 END
START -5180 -6928 -1420 -6980 -4251 27765 END
START -1732 -7596 -1280 -9930 -4702 26974 END
START 172 -8012 -792 -10767 -7217 25362 END
START 2224 -8152 -720 -10678 -11259 23953 END
START 4892 -7764 -292 -11117 -15872 23456 END
START 9004 -6856 940 -12622 -17523 23051 END
START 13456 -5656 3176 -15267 -15539 22150 END
START 17912 -4308 5840 -18606 -11528 19571 END
START 21860 -3272 9716 -21324 -7674 15074 END
START 24268 -1988 14260 -22543 -5139 9155 END
START 24944 -1236 19108 -22281 -3882 2887 END
START 24012 -920 23408 -21117 -3211 -2082 END
START 22248 -912 26348 -19749 -2077 -5662 END
START 19568 -1524 29440 -18715 -261 -8553 END
START 16552 -2104 32444 -17939 1654 -11127 END
START 12704 -2880 32767 -16591 3263 -13480 END
START 8360 -3568 32767 -13835 3689 -15004 END
START 3820 -4452 32767 -9567 2609 -15108 END
START 900 -4956 32767 -4370 899 -14290 END
START -1112 -5116 32767 419 -536 -13351 END
START -3120 -4976 32767 4995 -994 -12319 END
START -4440 -4724 32767 9628 -336 -11096 END
START -5428 -4892 32767 14046 1357 -9886 END
START -6092 -5440 32767 17823 3383 -8934 END
START -7076 -6596 32767 21787 4571 -8269 END
START -7764 -7912 32767 25847 4796 -7539 END
START -8156 -9252 32767 29839 4470 -6687 END
START -8036 -10004 32767 32767 4232 -5713 END
START -7832 -10624 32244 32767 4017 -4617 END
START -7408 -10724 28324 32767 3864 -3573 END
START -6400 -10652 24728 32767 4236 -2460 END
START -5552 -10272 21060 32767 5494 -1617 END
START -4832 -9820 16804 32767 7033 -965 END
START -4084 -9600 12568 32767 8016 -515 END
START -3988 -9260 8824 32767 8168 -240 END
START -3676 -8772 4824 32767 7592 522 END
START -3344 -8340 1532 31309 7237 1649 END
START -2648 -7284 -1736 28376 7135 3001 END
START -1776 -6388 -5148 25615 6979 4378 END
START -564 -5556 -8452 23216 6146 5637 END
START 984 -5148 -11960 20647 4087 6121 END
START 2376 -5556 -15720 17632 1730 5379 END
START 2716 -6660 -18708 13909 -303 3513 END
START 1856 -7692 -21056 9957 -2339 2085 END
START 976 -8688 -22892 6194 -4423 2280 END
START 524 -9428 -25024 1904 -5977 3668 END
START 872 -9372 -26276 -3904 -6235 5595 END
START 1576 -9008 -26484 -10810 -5209 7266 END
START 2436 -8932 -25484 -17832 -3693 8194 END
START 3596 -8824 -23612 -23717 -3882 8125 END
START 5096 -9232 -21584 -28802 -5497 6695 END
START 6396 -10156 -18464 -32768 -8036 4163 END
START 7208 -11808 -14708 -32768 -10528 1523 END
START 8116 -14096 -9668 -32768 -11924 -219 END
START 8960 -15128 -3116 -32768 -12274 -725 END
START 10200 -15672 5464 -32768 -10167 -524 END
START 10576 -16240 17684 -32768 -5470 -353 END
START 11432 -18268 32767 -32768 630 -1503 END
START 11132 -19712 32767 -32768 6977 -5778 END