START 1956 -4084 32767 9236 -7619 2146 END
START 5876 -2992 32767 10624 -7073 1315 END
START 2012 -2680 32767 13795 -7239 299 END
START 3572 -3452 32767 17842 -6834 -900 END
START 3092 -3612 32767 20822 -6607 -1377 END
START 2880 -3988 32767 24445 -6325 -1382 END
START 3452 -4256 32767 27802 -5836 -1604 END
START 2920 -3840 32767 29893 -5489 -2536 END
START 2708 -3784 32368 31709 -5342 -3401 END
START 2420 -3984 29776 32767 -4801 -4104 END
START 2416 -4156 26616 32767 -3725 -4807 END
START 1848 -4388 23888 32767 -2734 -5170 END
START 424 -4640 21304 32767 -2091 -5057 END
START -52 -5184 18652 32767 -1411 -4582 END
START -24 -5468 15356 32767 -359 -3979 END
START -148 -6016 12144 32767 343 -3107 END
START -360 -5140 9988 31906 512 -2119 END
START -628 -4724 8296 30196 852 -1530 END
START -1156 -4580 6216 29429 165 -1437 END
START -1036 -4900 4212 29418 -2018 -1270 END
START -364 -4380 1656 28769 -4669 -814 END
START 736 -2444 -484 26643 -6700 -353 END
START 2112 -1332 -2452 22974 -7485 -82 END
START 2836 4 -3240 17981 -7591 309 END
START 2956 1520 -2844 14047 -7065 1066 END
START 3024 2304 -1964 10644 -6264 2050 END
START 4308 3084 -664 8785 -5212 3096 END
START 4940 4128 384 7798 -3567 3213 END
START 5008 4968 1124 7020 -2409 2643 END
START 5260 5708 1672 5996 -1979 1998 END
START 5264 6796 2444 4761 -2076 1365 END
START 5380 7652 3504 3505 -2313 803 END
START 5348 8444 4880 2334 -2112 419 END
START 5068 9616 6816 1345 -1725 724 END
START 5084 10572 9028 1074 -1183 1263 END
START 5480 11212 10808 1554 -656 1781 END
START 6636 11644 12924 2625 -195 1932 END
START 7676 11868 14144 3800 113 1572 END
START 8880 11708 14884 4723 62 861 END
START 9752 11656 15292 5148 -385 -101 END
START 10528 11884 15860 5536 -1360 -1131 END
START 11504 11732 16368 6401 -1879 -2200 END
START 12700 11376 16676 7966 -1265 -3762 END
START 13116 11644 16192 9558 108 -5705 END
START 13092 11476 14500 10169 1018 -7880 END
START 12508 11040 12680 10132 1370 -9828 END
START 11404 10704 10764 9536 826 -11332 END
START 10244 10636 8952 8898 3 -12555 END
START 9668 9988 7272 8065 -1140 -13289 END
START 8920 9852 6144 7024 -2419 -13471 END
START 8604 9788 5160 5874 -3102 -13690 END
START 8264 9504 4132 4372 -2849 -14476 END
START 7556 9372 3016 2653 -2659 -15099 END
START 6840 9068 1816 859 -2963 -15522 END
START 5952 8928 1012 -858 -3616 -15985 END
START 5224 8968 736 -2424 -4093 -16345 END
START 4440 8592 608 -3440 -4385 -16418 END
START 4196 7996 -180 -4661 -4151 -15931 END
START 3644 7760 -264 -6767 -3253 -15470 END
START 2564 7448 -464 -9334 -2015 -15313 END
START 1508 6884 -568 -11477 -1143 -15160 END
START -256 6636 -124 -12753 -1654 -14678 END
START -1056 6540 8 -13388 -2897 -13894 END
START -2168 6396 744 -14208 -4109 -13291 END
START -2560 5844 1640 -14475 -4852 -12813 END
START -3256 5464 2212 -15051 -4727 -12026 END
START -4320 5220 2740 -16125 -4513 -10928 END
START -5420 5492 3604 -17154 -4834 -9658 END
START -6112 5520 4628 -17956 -5550 -8527 END
START -6628 5204 5220 -18460 -6085 -7686 END
START -6992 5344 6004 -19298 -6159 -7033 END
START -7296 4664 6872 -20569 -5440 -6545 END
START -8024 4056 8220 -22338 -4768 -5755 END
START -8644 3248 9680 -23370 -4501 -4717 END
START -8928 2460 11448 -23542 -4223 -3632 END
START -9340 1776 12956 -23662 -3871 -2593 END
START -10084 736 14288 -23870 -3286 -1550 END
START -10740 -416 15772 -23974 -3045 -57 END
START -11248 -1748 17012 -23347 -2942 1935 END
START -11924 -2124 18864 -22653 -2684 3925 END
START -12120 -2924 20668 -21858 -2047 5691 END
START -12100 -4004 22396 -20373 -630 7968 END
START -11624 -4820 23188 -19370 835 10301 END
START -11348 -5372 23524 -18707 2135 12514 END
START -11616 -5480 23444 -18716 2107 14330 END
START -12184 -4496 24188 -18330 238 16133 END
START -11808 -4568 24756 -16740 -2003 17493 END
START -10684 -5172 24356 -14897 -3937 18637 END
START -9704 -5664 23668 -13132 -5491 19627 END
START -9016 -5312 22940 -11596 -6632 21201 END
START -8236 -4412 22640 -10566 -7989 23435 END
START -6268 -3764 22140 -10361 -9258 25364 END
START -3168 -3732 22628 -11389 -10071 26972 END
START -400 -4140 24276 -12068 -9360 28715 END
START 4932 -4744 27088 -11316 -7779 30488 END
START 10572 -4800 30060 -9162 -3926 30277 END
START 15340 -4100 32236 -6342 918 27459 END
START 17540 -3304 32740 -3926 3710 23362 END
START 18388 -2344 32728 -1484 4947 18335 END