START -13400 -2156 14288 13853 6034 4520 END
START -14004 -1900 14040 13373 4998 5601 END
START -14640 -2696 14016 12611 4797 7940 END
START -13932 -3832 11856 11438 4743 11561 END
START -13784 -4532 10528 9331 4595 14716 END
START -13300 -5588 9320 7366 3561 17530 END
START -12544 -6156 8044 5967 1745 19810 END
START -12048 -6640 6864 5694 -730 22078 END
START -11244 -7292 4956 5869 -2347 24610 END
START -10440 -7600 2136 4396 -1244 28188 END
START -9704 -8044 496 1628 19 32767 END
START -7468 -8528 -920 -789 -574 32767 END
START -3232 -5488 -948 -3385 -3008 32767 END
START 3972 -13540 -2976 -5715 -6329 32767 END
START 4356 -6772 -2336 -8358 -13130 32767 END
START 6992 -8948 -3576 -10121 -21948 31216 END
START 7772 -8292 -3068 -12140 -28202 28782 END
START 8556 -8544 -2308 -13824 -29131 28267 END
START 9800 -8568 -1792 -15996 -25395 29219 END
START 11648 -8752 -1024 -19799 -20165 30109 END
START 14872 -7500 1612 -24200 -15730 29742 END
START 18520 -5916 4852 -27912 -11716 27361 END
START 21300 -3648 8452 -30136 -8559 22966 END
START 23056 -1280 12384 -30298 -6893 17734 END
START 24416 1132 15724 -29370 -5463 12727 END
START 25508 3000 18332 -28528 -3847 8157 END
START 26752 4568 21060 -28197 -1820 3000 END
START 27240 4692 24024 -28618 719 -2863 END
START 25828 3140 28068 -29622 4293 -9608 END
START 22112 892 32767 -29024 8139 -16026 END
START 17300 -2092 32767 -25442 9729 -20445 END
START 12652 -4220 32767 -19608 7625 -21715 END
START 9592 -5536 32767 -13814 3735 -21462 END
START 9028 -6320 32767 -8705 400 -21318 END
START 7808 -7084 32767 -4512 -627 -21841 END
START 5584 -8236 32767 -621 334 -21906 END
START 2484 -9008 32767 3089 2536 -20611 END
START -152 -9192 32767 7332 5481 -17854 END
START -1564 -9112 32767 12069 7812 -14366 END
START -2140 -8940 32767 17078 8598 -11335 END
START -1996 -8416 32767 21990 7631 -9708 END
START -1452 -8436 32767 26477 5926 -9352 END
START -716 -8804 32767 30323 4806 -9754 END
START -360 -9220 32767 32767 4859 -10605 END
START -452 -9712 31776 32767 5850 -11017 END
START -1028 -10052 27976 32767 7562 -10619 END
START -1524 -10340 23376 32767 10689 -9317 END
START -1956 -10240 19040 32767 14166 -7530 END
START -2304 -9584 14724 32767 16703 -5537 END
START -2152 -8612 10544 32767 16964 -3686 END
START -1812 -7480 7388 31221 16024 -2403 END
START -1452 -6308 4524 29612 14710 -1713 END
START -844 -5004 2168 27900 13370 -1427 END
START -276 -3808 -48 25778 12309 -1652 END
START -32 -2556 -2124 23770 11633 -1687 END
START 44 -1616 -4280 21587 11376 -1140 END
START 240 -736 -6784 19246 10525 -275 END
START 892 -12 -9084 16655 8723 650 END
START 1752 600 -11232 13830 6963 1409 END
START 3212 672 -12892 10470 5390 1661 END
START 4484 400 -14324 6331 4645 974 END
START 4952 -576 -14680 2425 4181 -659 END
START 4636 -1644 -14728 -826 3132 -2434 END
START 3908 -2792 -14764 -3254 1331 -3793 END
START 3000 -3856 -14704 -5371 -944 -4288 END
START 2244 -4664 -14992 -8322 -3474 -3523 END
START 2384 -5132 -14740 -12289 -5465 -2154 END
START 2892 -5288 -14360 -17400 -5797 -756 END
START 3480 -5856 -12968 -22826 -4626 274 END
START 4232 -6700 -11244 -27565 -4218 729 END
START 4940 -7992 -8692 -31495 -4962 540 END