START -17964 -5984 14612 10521 -408 19021 END
START -17824 -5412 13672 10858 -703 19993 END
START -16168 -5620 13064 11549 -1072 22325 END
START -13564 -5372 11968 13725 35 25063 END
START -11176 -4804 10252 14800 2442 26417 END
START -9100 -4416 7096 15098 4596 28134 END
START -6828 -5112 4072 13410 4267 30040 END
START -5260 -5672 2020 10612 819 32398 END
START -2364 -6652 -588 7340 -5584 32767 END
START 872 -7308 -2660 2519 -14390 32767 END
START 4316 -7376 -3480 -2846 -20923 32245 END
START 7324 -7516 -1956 -7290 -22554 29144 END
START 8632 -7136 -508 -9738 -19892 25785 END
START 8728 -7708 -436 -11617 -17646 23578 END
START 9240 -7968 -244 -13830 -17310 22050 END
START 9812 -8160 128 -16342 -17208 20764 END
START 10484 -7740 860 -19255 -16363 19938 END
START 12148 -6748 2776 -22831 -14229 19163 END
START 13908 -5592 4756 -26894 -11196 17084 END
START 15088 -4328 8244 -30347 -7799 13986 END
START 15152 -2868 12392 -31992 -4525 10108 END
START 14780 -872 16564 -32039 -3369 7851 END
START 15220 1160 20492 -31380 -3950 6226 END
START 16308 3132 24400 -29992 -4990 4278 END
START 17320 4184 27904 -28279 -5756 1059 END
START 17404 4472 31584 -26828 -5208 -3937 END
START 16292 3484 32767 -24881 -2906 -9439 END
START 13728 1800 32767 -21570 -74 -14156 END
START 9488 -816 32767 -17175 1078 -16295 END
START 5688 -2768 32767 -11624 -920 -16058 END
START 3448 -4148 32767 -5203 -4380 -14569 END
START 2476 -4864 32767 1089 -6173 -13378 END
START 1296 -5628 32767 6848 -5995 -12371 END
START 772 -5564 32767 11957 -3468 -11718 END
START -368 -5744 32767 16577 -581 -10636 END
START -556 -5832 32767 21056 1377 -9229 END
START -544 -6588 32767 25477 1742 -8210 END
START -236 -7156 32767 30218 789 -7944 END
START 56 -7928 32767 32767 -422 -8508 END
START 148 -8456 32767 32767 -1084 -9469 END
START -264 -9028 31012 32767 -401 -10270 END
START -1088 -9672 26108 32767 2192 -10350 END
START -2384 -9936 21408 32767 5113 -9561 END
START -3692 -10008 16992 32767 6834 -7761 END
START -4168 -9840 12712 32767 7851 -5587 END
START -4100 -9168 8500 32767 8235 -3614 END
START -3612 -8292 4464 31788 8205 -2216 END
START -3156 -7376 1156 29199 8080 -1197 END
START -2620 -6352 -1544 26823 7370 -260 END
START -1756 -5144 -4572 25281 6585 904 END
START -300 -4008 -8200 23703 6155 1928 END
START 1460 -3512 -12476 21034 5582 2312 END
START 2744 -2996 -16320 17049 4696 1716 END
START 3816 -3216 -18580 12592 3590 528 END
START 4120 -4180 -20380 8377 2795 -1078 END
START 3316 -5164 -21636 4298 1753 -2171 END
START 2676 -6076 -22772 51 -200 -2177 END
START 2288 -6364 -23028 -4310 -1955 -1212 END
START 2544 -6276 -22908 -9555 -2985 269 END
START 2884 -5972 -21964 -14947 -2710 1680 END
START 3728 -6028 -20536 -20551 -2294 2741 END
START 5284 -6596 -18308 -25884 -2509 2614 END
START 6376 -7704 -15404 -30861 -2622 913 END
START 6892 -9384 -11244 -32768 -3359 -1210 END
START 6636 -11424 -6400 -32768 -5258 -2559 END
START 5996 -12788 -112 -32768 -6725 -2751 END
START 7112 -13604 4304 -32768 -7134 -1751 END
START 5772 -13900 14376 -32768 -5631 -267 END
START 6192 -14692 26036 -32768 -2764 980 END