START -16020 -2880 16628 13686 11648 -2500 END
START -17060 -2824 16872 13567 10310 -1881 END
START -17032 -4428 15288 13163 8613 -468 END
START -18124 -5096 13556 13075 5516 1586 END
START -18804 -5892 12344 13330 2227 3481 END
START -19736 -6220 10824 13794 -1082 5580 END
START -20652 -6424 9360 14835 -3961 8925 END
START -20604 -6264 7288 14892 -5606 13822 END
START -19008 -6352 3824 12775 -3362 19504 END
START -16660 -7200 324 7513 1402 25362 END
START -14236 -8044 -1844 2194 2965 29951 END
START -10900 -9480 -3424 -1745 -487 32767 END
START -7140 -10152 -4264 -2708 -8008 32767 END
START -3484 -10304 -5040 -1695 -16375 32767 END
START -352 -10384 -6692 -1049 -22859 32767 END
START 2960 -10760 -8880 -2891 -25636 32767 END
START 5096 -11452 -10132 -7560 -24708 32767 END
START 7488 -11776 -9932 -13586 -21220 32767 END
START 10172 -11860 -8344 -19108 -17978 32767 END
START 14432 -11188 -5624 -23106 -15822 32767 END
START 18028 -10020 -2168 -25126 -15129 30778 END
START 19756 -8572 1416 -25144 -15792 25248 END
START 20296 -7168 4036 -24701 -15980 20221 END
START 20696 -5936 7044 -25044 -14957 17132 END
START 21368 -4200 9992 -26043 -11796 15218 END
START 22456 -2720 12900 -28251 -7307 14623 END
START 24724 -1476 16796 -30506 -2387 12989 END
START 26692 60 21928 -31041 1535 8821 END
START 27776 1072 26736 -29772 3864 1788 END
START 25936 1448 31796 -27697 3919 -6261 END
START 22768 560 32767 -25171 1971 -12625 END
START 19468 -712 32767 -22307 -989 -16196 END
START 17200 -2020 32767 -18667 -2641 -17953 END
START 14648 -3916 32767 -14544 -1881 -18977 END
START 12192 -5844 32767 -9780 -720 -19457 END
START 9968 -6856 32767 -4236 -3 -18947 END
START 8584 -6772 32767 1067 1562 -18213 END
START 7072 -6108 32767 6305 3857 -18289 END
START 4804 -6024 32767 11587 4773 -18631 END
START 2652 -6232 32767 17229 4120 -18861 END
START 832 -6888 32767 22424 2902 -19130 END
START -432 -8272 32767 26766 2679 -19117 END
START -1596 -9364 32767 30351 3826 -18439 END
START -2784 -10540 32767 32767 5931 -17187 END
START -3960 -11664 32767 32767 7058 -15501 END
START -4304 -12084 30968 32767 7094 -13891 END
START -5212 -12024 26980 32767 7054 -12476 END
START -5804 -11864 22540 32767 7050 -11180 END
START -5916 -11520 18312 32767 6904 -9820 END
START -5836 -10992 13540 32767 7368 -8474 END
START -6028 -10012 9284 32767 8762 -6550 END
START -6288 -9068 5720 32767 10154 -3860 END
START -5856 -8124 2536 30290 11196 -828 END
START -5016 -6996 -644 27839 11243 1912 END
START -3908 -5392 -3848 25559 10627 4202 END
START -1896 -3484 -7492 23484 10008 5320 END
START 540 -2200 -11308 21236 9312 4844 END
START 2356 -828 -14944 18618 8439 3309 END
START 3336 -360 -18016 15195 7116 1432 END
START 3556 -776 -20032 11410 5346 -513 END
START 3180 -1832 -21504 7777 3233 -2125 END
START 2712 -3528 -22652 4135 1554 -2806 END
START 2468 -4820 -23752 -76 749 -3031 END
START 1568 -6096 -24296 -4853 94 -2300 END
START 936 -6832 -23420 -10428 -133 -953 END
START 1476 -7028 -21904 -15796 353 548 END
START 1860 -7376 -20348 -20135 520 1744 END
START 2972 -7824 -18936 -23840 -658 2237 END
START 4056 -8420 -17760 -27633 -2848 1713 END
START 5224 -9916 -15284 -31574 -4888 253 END
START 5652 -11984 -12416 -32768 -6335 -1256 END
START 5876 -14016 -9008 -32768 -7429 -1973 END
START 6168 -16652 -4992 -32768 -7798 -1742 END
START 5948 -18324 1212 -32768 -7943 -1238 END
START 5556 -18372 8968 -32768 -8351 -52 END
START 6176 -18368 17616 -32768 -8922 2072 END
START 8856 -18360 27028 -32768 -8543 4073 END
START 12356 -17200 32767 -32768 -5348 3830 END
START 13476 -16420 32767 -32768 461 497 END
START 11500 -15292 32767 -32768 5100 -3988 END
START 6940 -15324 32767 -32768 6246 -7758 END
START 3384 -15068 32767 -29093 5634 -9585 END