START -3060 -1544 32767 9744 -7031 5130 END
START -3664 -1156 32767 10957 -8125 5302 END
START -7312 -496 32767 13842 -7118 4509 END
START -1388 -2812 32767 17977 -8363 3387 END
START -2732 -2748 32767 21177 -10014 1967 END
START -1876 -3432 32767 23684 -11176 357 END
START -1892 -4496 32767 26558 -11447 -967 END
START -1712 -6016 32767 30190 -11534 -1630 END
START -1416 -6628 29540 32767 -11220 -1822 END
START -1404 -6952 25752 32767 -10179 -1676 END
START -1236 -6984 21536 32767 -8783 -1039 END
START -152 -7184 18044 32767 -7076 -305 END
START 724 -7272 14348 32767 -5605 -29 END
START 456 -6204 11408 31205 -4481 -339 END
START 388 -5716 8984 29093 -3611 -437 END
START 480 -5044 6528 27416 -3039 87 END
START 392 -4844 4112 25302 -3472 900 END
START 836 -4000 2376 22523 -4376 1926 END
START 1496 -2804 1148 19729 -4961 2699 END
START 2396 -1500 680 17289 -4931 2908 END
START 3096 -1060 284 15347 -4743 2627 END
START 3700 56 184 13768 -4882 2367 END
START 4368 1048 420 12174 -4937 1998 END
START 5108 1704 908 10578 -4467 1822 END
START 5616 2504 1412 9181 -3724 1806 END
START 5916 3636 2320 7749 -3021 1550 END
START 6324 4752 3416 6560 -2717 1225 END
START 6600 5780 4720 5534 -2687 737 END
START 7084 6476 6392 4925 -2842 299 END
START 8140 6856 7840 4792 -2704 -330 END
START 8612 7556 9220 4799 -2378 -1288 END
START 8932 8180 10516 4939 -2380 -2191 END
START 9328 8712 11880 5538 -2588 -2838 END
START 9944 8868 12924 6325 -2432 -3599 END
START 10208 8900 13340 6719 -2076 -4521 END
START 9896 9120 13800 7045 -2076 -5355 END
START 9856 8868 13760 7651 -2488 -5939 END
START 9744 8620 13608 8331 -3048 -6608 END
START 10316 9044 13244 9046 -3154 -7522 END
START 10428 9228 12676 9599 -2491 -8895 END
START 9996 9004 11656 9298 -2050 -10050 END
START 9304 8788 10516 8564 -2246 -10641 END
START 8740 8976 9556 8165 -1959 -10949 END
START 8252 8944 8744 7771 -1026 -11514 END
START 7820 8672 7796 7116 -27 -12318 END
START 7016 8804 6892 6468 165 -12838 END
START 6440 8992 6204 5764 11 -13319 END
START 6036 9044 5540 5148 -225 -13773 END
START 5528 8896 4776 4162 -990 -14086 END
START 4856 9092 4272 2939 -1442 -14478 END
START 3860 9148 4068 1595 -1779 -14790 END
START 2932 8772 4116 842 -2004 -14774 END
START 2372 8596 3828 604 -2121 -14344 END
START 2368 8796 3268 -278 -2162 -14057 END
START 1940 8936 2712 -1783 -2193 -14285 END
START 1104 8648 2772 -3128 -2146 -14739 END
START -128 8432 3112 -3619 -2157 -14720 END
START -1300 8416 2952 -3978 -2267 -14322 END
START -2120 8324 2700 -5213 -2592 -13903 END
START -2848 8440 2808 -6507 -2776 -13845 END
START -3724 8164 3120 -7399 -3422 -13711 END
START -4072 7904 3004 -8230 -4581 -13094 END
START -4056 7260 3156 -9993 -5425 -12364 END
START -5432 7844 4680 -11757 -5619 -11234 END
START -7280 8464 6368 -12367 -5646 -9645 END
START -7976 8132 7312 -12183 -5827 -8067 END
START -8044 7420 7324 -12601 -6452 -6649 END
START -7328 6520 7528 -13798 -6823 -5318 END
START -7096 5952 8584 -15216 -6370 -4311 END
START -7588 6580 10040 -16313 -5391 -3100 END
START -8032 6784 11416 -16648 -4102 -2209 END
START -8548 6240 11676 -16831 -3522 -1640 END
START -8632 5520 12300 -16942 -3938 -1053 END
START -7908 4344 12608 -16791 -4283 -95 END
START -6744 3388 12720 -17466 -3887 800 END
START -6408 3692 14148 -18648 -2959 1634 END
START -6704 3292 15672 -18800 -1827 2540 END
START -7008 2748 16432 -18194 -728 3559 END
START -7204 2028 16356 -18047 -6 4451 END
START -7580 1444 16460 -18261 279 5204 END
START -7764 276 17320 -18123 558 5891 END
START -8204 -688 17548 -17611 852 6806 END
START -8656 -1140 18076 -17364 660 8086 END
START -8808 -824 18980 -17167 654 9555 END
START -8676 -872 19252 -17194 1136 10821 END
START -8060 -1412 19316 -17458 1790 12031 END
START -7320 -2312 19768 -17974 1579 13259 END
START -6212 -2680 20960 -17608 882 14261 END
START -4896 -2228 22452 -16988 1023 15099 END
START -3996 -1880 23404 -15784 2260 15595 END
START -4200 -1884 23608 -14710 3669 16000 END
START -4724 -2496 22880 -13855 4181 16180 END
START -5400 -2972 22504 -13561 3422 16569 END
START -5356 -3636 22712 -13129 2204 17026 END
START -4764 -3488 23332 -12249 919 18419 END
START -3672 -3064 23296 -11474 899 19581 END
START -3332 -3320 22880 -11223 1919 20552 END
START -2700 -3784 22720 -11142 2673 21927 END
START -492 -3868 23440 -11478 2974 24256 END
START 3284 -3384 24720 -11612 4678 25372 END
START 6148 -3412 25840 -11077 7200 24636 END
START 8224 -3176 26140 -9289 9266 22220 END
START 9232 -3000 26372 -6784 10160 18262 END
START 9900 -2808 25852 -3986 10600 13507 END