START 1452 -3924 32767 19729 -9960 3836 END
START 6572 -5184 32767 20806 -10679 3987 END
START 100 -2000 32767 22815 -10108 3615 END
START 2024 -2960 32767 25867 -10231 3636 END
START 1484 -2256 32767 29306 -10545 2996 END
START 1212 -2280 32608 32046 -10801 1618 END
START 920 -2228 29884 32767 -11411 161 END
START 2360 -2196 26512 32767 -10803 -478 END
START 3668 -1960 23668 32767 -7785 -1413 END
START 3700 -2328 20616 31587 -4142 -2730 END
START 2560 -2572 17676 31031 -1775 -3609 END
START 1548 -2944 14740 31405 -791 -3702 END
START 1260 -3360 11656 31879 -253 -3279 END
START 1332 -4200 7816 30600 -708 -2534 END
START 912 -3308 4632 27295 -2319 -1766 END
START 1080 -3124 2644 23538 -3442 -1223 END
START 1332 -2660 1708 20722 -3387 -614 END
START 1620 -1840 1064 18909 -2364 -141 END
START 1748 -996 348 17501 -1301 97 END
START 1960 -32 -276 16072 -463 214 END
START 2096 1080 -708 14633 51 322 END
START 2208 1820 -1260 13264 -29 461 END
START 2396 2952 -1444 10971 -1027 736 END
START 3100 4336 -696 8275 -1890 962 END
START 3904 5860 776 6304 -1550 849 END
START 4812 7844 2628 4833 -237 729 END
START 5344 9692 4724 3196 1845 278 END
START 5864 10576 7260 1680 4342 -467 END
START 5492 11400 10064 985 5912 -1392 END
START 4948 11412 12360 1806 6005 -2015 END
START 3980 12044 14176 3337 4898 -2402 END
START 3416 11976 15672 4963 3304 -2622 END
START 4072 11516 16892 7151 2051 -2505 END
START 5560 11108 17092 9352 1563 -1919 END
START 6312 11296 16204 10682 1824 -2124 END
START 6360 11456 14716 11198 1805 -3333 END
START 6144 11396 13344 10859 1178 -4472 END
START 6104 11192 12268 10558 -292 -5665 END
START 6432 11084 11344 10916 -1630 -6507 END
START 6772 11140 10268 11196 -2484 -7155 END
START 7812 11624 8712 10811 -2374 -7348 END
START 8400 11812 7636 9704 -1411 -8088 END
START 8432 12072 6160 8484 -505 -9413 END
START 8096 11920 5256 7296 -475 -10997 END
START 7548 11844 4472 6184 -1421 -13068 END
START 6900 11444 3924 5055 -3151 -15232 END
START 6048 11172 3756 4477 -4702 -16608 END
START 5308 10660 3420 4199 -5453 -17601 END
START 4356 10660 3028 3679 -5467 -18567 END
START 4304 10272 2572 2356 -4976 -20165 END
START 3544 8608 2592 512 -4238 -21734 END
START 2864 7548 2380 -542 -4046 -22167 END
START 1100 6964 2376 -1633 -5374 -21862 END
START -668 7716 2044 -1938 -7616 -20700 END
START -2396 8032 2148 -2367 -9413 -19020 END
START -3152 8536 2008 -3397 -9942 -17118 END
START -2720 8348 1716 -4873 -8088 -15529 END
START -3040 8036 1400 -7428 -4865 -14349 END
START -3868 7540 1292 -10479 -2675 -13205 END
START -5536 7456 2124 -12620 -2522 -11581 END
START -7060 7056 3080 -12858 -4175 -9879 END
START -7000 7036 3220 -12806 -6341 -8114 END
START -6632 6944 3760 -13915 -7614 -6710 END
START -6532 6932 4844 -15786 -6785 -5792 END
START -6716 6684 5736 -17743 -4904 -4793 END
START -7396 6132 6704 -19559 -3321 -3637 END
START -7880 5404 7688 -20721 -2996 -2478 END
START -7656 4936 8496 -21072 -3309 -1460 END
START -6688 4224 9400 -21620 -3558 -829 END
START -6380 3868 10688 -22352 -2830 -910 END
START -7076 3320 12176 -22878 -1543 -1261 END
START -8736 2612 13564 -22813 -923 -1298 END
START -9860 1304 14008 -22050 -2026 -913 END
START -10276 -344 14200 -20697 -5461 -436 END
START -9968 -1952 14608 -19365 -9229 -84 END
START -10216 -2652 15736 -18905 -10892 1127 END
START -10748 -2828 17592 -19176 -10008 3077 END
START -10956 -2224 18448 -19449 -7147 5422 END
START -10740 -2348 18136 -19775 -6102 7627 END
START -10016 -2736 18004 -19872 -7661 9904 END
START -8304 -2860 18760 -19672 -10278 11682 END
START -6380 -2448 20768 -19055 -10200 12287 END
START -5228 -2324 22396 -17948 -8430 12392 END
START -4484 -2740 23308 -17084 -6462 13006 END
START -3916 -3604 22496 -15838 -4744 13857 END
START -4144 -3912 22284 -15699 -4851 14435 END
START -4240 -3852 23108 -15396 -5442 15482 END
START -3584 -4116 24168 -14498 -5055 16906 END
START -2888 -4368 24776 -13779 -3637 18001 END
START -3076 -5072 24672 -12855 -2087 18849 END
START -3552 -5564 24932 -11984 -1299 19377 END
START -3828 -5620 25440 -10393 -848 19893 END
START -2500 -5500 25576 -8687 -738 21549 END
START -796 -5144 25360 -8031 -234 23280 END
START 1168 -4764 25932 -7592 1347 24430 END
START 2356 -4192 26580 -6493 3315 25315 END
START 4356 -3716 27372 -4815 4920 25576 END
START 6652 -3268 27652 -2882 5941 24932 END
START 9092 -2760 27052 -721 5579 22815 END