START -13268 -1996 23152 13690 5604 -215 END
START -13288 -2188 23096 13753 4770 299 END
START -12896 -3172 22924 14026 4904 1144 END
START -12860 -3428 21304 15066 6928 2059 END
START -13384 -4364 19992 15299 7992 2611 END
START -14936 -5156 18084 15447 7211 4295 END
START -15648 -5664 15932 16228 4186 7673 END
START -15472 -6432 12788 17721 396 11373 END
START -14224 -7044 7560 19403 -3522 14842 END
START -12568 -7380 1940 18407 -7445 17995 END
START -10344 -6944 -2472 14116 -10201 20389 END
START -6500 -6704 -4824 7515 -8383 22081 END
START -4384 -6756 -5404 1144 -2790 23176 END
START -3176 -8004 -5620 -3828 -131 24879 END
START -1192 -8376 -5572 -7176 -1613 26898 END
START 1864 -8828 -5204 -8672 -5935 28155 END
START 5416 -8600 -5232 -9502 -10432 27918 END
START 8732 -7936 -5000 -11117 -13271 26000 END
START 11516 -6184 -3860 -13416 -13789 23733 END
START 14336 -4516 -2272 -16304 -12101 21719 END
START 17512 -2788 -108 -19720 -9625 19241 END
START 19540 -1384 2352 -23225 -6496 15846 END
START 21224 -424 5820 -26347 -3339 11410 END
START 21112 -100 10468 -28343 -1037 6552 END
START 20360 312 15776 -28490 -2 1775 END
START 19456 640 20304 -27291 -76 -2190 END
START 18228 208 24580 -26032 296 -6389 END
START 15968 -804 28748 -25195 1098 -10026 END
START 12348 -1876 32767 -24571 1527 -12227 END
START 8484 -2480 32767 -23447 2025 -13002 END
START 5388 -3536 32767 -20936 2476 -12795 END
START 2484 -4072 32767 -16719 1955 -12180 END
START 272 -4436 32767 -11263 1606 -11592 END
START -1752 -4504 32767 -5609 1388 -10838 END
START -3972 -4276 32767 308 617 -9995 END
START -5040 -3540 32767 5824 -128 -8637 END
START -5512 -3128 32767 10863 431 -7302 END
START -5816 -3192 32767 15096 1615 -6131 END
START -5824 -4036 32767 18749 3042 -5340 END
START -5892 -5252 32767 22331 4233 -4954 END
START -6224 -6456 32767 26037 4756 -4696 END
START -6644 -7940 32767 29658 4215 -4115 END
START -6236 -8888 32767 32711 3527 -3475 END
START -5688 -9636 32160 32767 2583 -2882 END
START -4764 -10200 28332 32767 2401 -2628 END
START -4244 -10592 24548 32767 2932 -2588 END
START -3744 -10592 20548 32767 3938 -2552 END
START -3456 -10456 16808 32767 4873 -2339 END
START -3108 -10256 13092 32767 5303 -1876 END
START -2696 -9876 8616 32767 6046 -1335 END
START -2520 -9096 4992 32767 7312 -452 END
START -2432 -8080 892 32122 8471 797 END
START -2244 -7248 -2524 29282 8644 2391 END
START -1324 -5996 -6372 26055 8447 3969 END
START 404 -5132 -10192 22964 7939 4953 END
START 1868 -4528 -13628 19753 6703 4763 END
START 3244 -4368 -16888 16270 4421 3343 END
START 3792 -5368 -19664 13083 1440 1126 END
START 3320 -6440 -21640 9622 -1645 -826 END
START 2612 -7536 -23212 6006 -3895 -1543 END
START 2100 -7988 -24412 1304 -5006 -839 END
START 2124 -8216 -25392 -4796 -4804 743 END
START 2620 -8244 -25192 -11639 -3799 2432 END
START 3364 -8264 -23372 -18559 -2906 3609 END
START 4512 -8476 -21172 -24065 -3215 3703 END
START 5852 -9020 -18568 -28516 -4972 2656 END
START 6676 -9972 -15928 -32197 -7378 497 END
START 6968 -11140 -12700 -32768 -9533 -1786 END
START 6860 -13000 -8396 -32768 -11674 -2828 END
START 6716 -13732 -3000 -32768 -13258 -2444 END
START 6764 -13108 4800 -32768 -12533 -674 END
START 6948 -13692 14108 -32768 -9355 1937 END
START 7620 -15548 26708 -32768 -4381 3256 END