START -5336 3440 15704 3475 3456 -4834 END
START -7084 3760 17312 3408 2645 -4569 END
START -6560 3096 14900 3168 2451 -3955 END
START -7588 2604 15920 3345 1719 -2718 END
START -8480 3052 15832 3702 2135 -1346 END
START -9760 2372 14996 3974 2739 -103 END
START -10920 2068 14640 4335 3253 1197 END
START -11724 1480 14028 4460 3467 2684 END
START -12468 724 12764 4470 3289 4247 END
START -12956 252 11556 4070 2511 6056 END
START -13624 -384 10708 3324 1183 8097 END
START -13260 -1124 9624 2500 -2 10470 END
START -12712 -1444 8852 1539 -327 12862 END
START -11672 -1940 7640 325 -401 15068 END
START -10596 -2200 6740 -1008 -317 16987 END
START -9316 -2500 5956 -2441 -663 18860 END
START -7408 -2856 4616 -4017 -1132 20244 END
START -5764 -2836 3968 -6497 -1727 21302 END
START -3444 -3156 3440 -9246 -2551 22241 END
START -908 -2764 3732 -11942 -2985 22767 END
START 2044 -2360 4288 -14253 -2767 22394 END
START 4796 -2108 5108 -16110 -2514 21009 END
START 7184 -2012 5972 -17461 -2183 18238 END
START 8528 -1972 7252 -18188 -2473 14778 END
START 9512 -2008 8632 -18150 -4117 11314 END
START 10652 -1980 10084 -17746 -5980 8484 END
START 11536 -1848 11668 -17407 -7358 6568 END
START 12876 -1644 12768 -17898 -6982 5179 END
START 13904 -1764 13924 -19698 -4264 3993 END
START 14368 -2104 15788 -21915 -561 2461 END
START 14108 -2472 18080 -23355 3163 610 END
START 13604 -2792 20432 -23441 5406 -1547 END
START 13132 -3068 22392 -22308 5772 -4147 END
START 12324 -3240 24428 -20099 4185 -6703 END
START 11080 -3652 25812 -17301 1394 -8637 END
START 10224 -3632 26800 -15255 -409 -9583 END
START 9408 -3472 28304 -14046 -457 -10093 END
START 9096 -3608 29996 -13245 1341 -10882 END
START 8352 -4052 31568 -12839 4145 -12163 END
START 7124 -5040 32767 -11977 6796 -14018 END
START 4984 -6220 32767 -10798 8789 -15840 END
START 2100 -7412 32767 -8322 9196 -16568 END
START -1600 -8564 32767 -4622 7801 -15875 END
START -3972 -9056 32767 -301 5285 -14210 END
START -5428 -9144 32767 3206 3132 -12477 END
START -6556 -8852 32767 5945 2820 -11346 END
START -7804 -8640 32767 8490 4158 -10459 END
START -9448 -8508 32767 11299 6035 -9354 END
START -10840 -8320 32767 14275 7006 -7600 END
START -11328 -9416 32767 17613 7131 -5689 END
START -12060 -10076 32767 20915 6660 -3905 END
START -12388 -11108 32767 24022 5820 -2297 END
START -12448 -11940 32767 26553 5488 -840 END
START -12392 -12720 32767 28667 5511 606 END
START -12220 -13216 30932 30426 5663 2384 END
START -11428 -13148 28380 32060 5945 4321 END
START -10172 -12700 25476 32767 5735 5996 END
START -8748 -12048 22512 32767 4339 7291 END
START -7264 -11336 19592 32767 2245 8035 END
START -5708 -10380 16640 32767 660 7995 END
START -4728 -9060 13864 32767 180 7737 END
START -3560 -8196 11408 32767 542 7508 END
START -2960 -7344 9504 32767 1215 7436 END
START -2188 -6236 7196 31757 1902 7430 END
START -1560 -5336 5392 30180 2387 7319 END
START -940 -4384 3388 28787 2735 7060 END
START -564 -3768 1296 27383 2450 6882 END
START -244 -2996 -632 25628 2044 6831 END
START 416 -2076 -2620 23353 1907 6720 END
START 756 -1732 -4204 20706 1744 6641 END
START 1404 -976 -5596 18107 1712 6680 END
START 2068 -660 -6872 15768 1430 6805 END
START 3512 -824 -8448 13442 814 6757 END
START 5232 -604 -10128 11399 519 6057 END
START 6568 -824 -11868 8670 675 4582 END
START 7040 -1060 -13320 5241 996 2692 END
START 6948 -1192 -13956 1514 856 793 END
START 6864 -1264 -13768 -1612 725 -898 END
START 6196 -1636 -13784 -4097 216 -2257 END
START 5416 -2092 -14348 -6474 -925 -2767 END
START 4968 -2736 -14856 -9574 -1511 -2650 END
START 4848 -3048 -14908 -13715 -1305 -2350 END
START 5224 -3400 -14536 -18503 -403 -2631 END
START 5336 -4120 -13280 -23046 247 -3488 END
START 5364 -5040 -11664 -27174 361 -4739 END
START 5556 -6036 -9672 -30519 -233 -6578 END
START 5004 -7888 -7824 -32768 -1823 -8802 END
START 4020 -9804 -5468 -32768 -3920 -10952 END
START 2380 -11672 -2108 -32768 -6121 -12333 END
START 520 -12292 1876 -32768 -8624 -11746 END
START 444 -11808 6852 -32768 -10067 -9432 END
START 1648 -10764 13288 -32768 -8201 -7441 END
START 2136 -9692 21936 -32768 -3381 -7012 END
START 1916 -9500 30932 -32768 1073 -7261 END
START 1636 -10408 32767 -32768 4073 -8644 END
START -644 -11568 32767 -32768 4480 -10375 END
START -3760 -13548 32767 -32768 3439 -11190 END
START -6556 -15000 32767 -29391 1998 -10420 END
START -8524 -16008 32767 -22514 742 -9057 END
START -9288 -15844 32767 -16889 1391 -7710 END
START -9612 -15568 32767 -12741 4825 -6632 END