START -14252 5176 15716 5238 1361 -6078 END
START -15360 5152 15916 4999 807 -5493 END
START -18252 4588 18128 4813 -26 -3679 END
START -18688 1512 13548 4925 -804 197 END
START -20892 -744 19488 4855 -735 4366 END
START -21400 -3156 21620 5787 1128 8007 END
START -21000 -4472 21316 8289 2979 11094 END
START -19632 -5688 19504 10190 3384 14052 END
START -17932 -5392 16520 11048 2838 16992 END
START -14848 -4980 11912 10772 3111 19103 END
START -12748 -4704 7096 9187 3725 20845 END
START -11188 -5800 1996 6723 2308 22892 END
START -10336 -7044 -2400 3301 -2262 25282 END
START -8512 -7976 -5604 -729 -8423 28450 END
START -5444 -8560 -6788 -4329 -13597 30793 END
START -684 -8780 -7408 -6807 -14982 30918 END
START 2176 -8524 -7324 -8617 -13632 29004 END
START 4532 -8872 -7376 -10355 -12119 26220 END
START 6452 -8940 -6904 -12263 -12957 23108 END
START 8032 -8872 -5324 -14251 -14882 20561 END
START 9924 -7820 -3564 -16327 -16349 19429 END
START 12332 -6268 -1448 -18768 -15772 18727 END
START 15092 -4484 1520 -21833 -13431 17234 END
START 17144 -2600 5100 -24591 -10229 13734 END
START 18172 -816 9980 -25530 -7256 8852 END
START 18172 -8 14264 -24855 -6832 4522 END
START 18172 460 17624 -23938 -7267 838 END
START 17544 776 21488 -23724 -7574 -2272 END
START 16476 896 25276 -24313 -6811 -4547 END
START 15208 972 29592 -24336 -5486 -6290 END
START 13924 700 32767 -23595 -4504 -7903 END
START 12396 636 32767 -21777 -3473 -9493 END
START 10188 -356 32767 -19296 -2584 -10747 END
START 8132 -828 32767 -15495 -3291 -11217 END
START 6520 -1348 32767 -10928 -5376 -11208 END
START 5496 -2116 32767 -6307 -7607 -11346 END
START 4960 -2540 32767 -2363 -7799 -11626 END
START 3984 -3052 32767 1772 -4877 -11387 END
START 2776 -3260 32767 6195 -835 -10811 END
START 1644 -3780 32767 10733 2159 -10115 END
START 720 -4368 32767 15145 3358 -9798 END
START 56 -4840 32767 19089 3222 -9989 END
START -1092 -5632 32767 22827 2131 -10323 END
START -1928 -6320 32767 26636 591 -10465 END
START -2220 -7256 32767 29321 -138 -10426 END
START -2440 -8192 32767 30752 877 -10217 END
START -3280 -8832 30788 31444 3701 -9483 END
START -4132 -9364 28432 31929 6979 -8004 END
START -4872 -9768 26144 32627 9505 -6170 END
START -4828 -10156 23460 32767 10729 -4277 END
START -4952 -10144 19996 32767 10617 -2957 END
START -4796 -10032 16128 32767 8721 -2086 END
START -4840 -8952 12040 32767 6209 -1244 END
START -4280 -7532 8168 32767 5432 -161 END
START -3504 -6336 4748 30544 6856 1336 END
START -2812 -5120 1232 27246 9309 3020 END
START -2300 -4200 -1348 23781 11515 4926 END
START -1352 -3380 -3696 20932 12291 6454 END
START -96 -2352 -6092 19092 11675 7183 END
START 1224 -1828 -8956 18239 10428 7242 END
START 3036 -1944 -13324 17135 8514 6628 END
START 4352 -2576 -17780 14344 6167 4858 END
START 4888 -4008 -21424 9636 3346 2663 END
START 4564 -4744 -23004 4293 719 1268 END
START 4016 -5476 -23144 -643 -1247 1141 END
START 3652 -5852 -23204 -5468 -2653 1849 END
START 3880 -5840 -23204 -10176 -2973 2783 END
START 4792 -5932 -22572 -15486 -2561 3355 END
START 5740 -5652 -21792 -20693 -2486 2987 END
START 6756 -6188 -19908 -25577 -3451 1762 END
START 7384 -7112 -17324 -30022 -5800 135 END
START 8164 -8568 -13868 -32768 -8480 -1502 END
START 9084 -10824 -9092 -32768 -9939 -3056 END
START 8712 -12132 -3744 -32768 -10544 -4310 END
START 8068 -12872 3652 -32768 -10491 -4889 END
START 7540 -13920 14228 -32768 -9059 -4792 END
START 6712 -14312 25156 -32768 -6272 -3604 END
START 6404 -15864 32767 -32768 -1658 -2288 END
START 5416 -16036 32767 -32768 3699 -2362 END
START 3572 -15036 32767 -32768 7594 -4084 END