START -15872 -3544 12448 15332 -3801 13436 END
START -18844 -2212 13432 14867 -5743 14378 END
START -16172 -3092 12576 13504 -6503 16265 END
START -12592 -2372 8528 10667 -3137 19029 END
START -11588 -2228 7104 6177 1045 21210 END
START -9980 -2552 5416 2656 3091 23112 END
START -9052 -2748 4808 894 1378 24617 END
START -7044 -2908 3088 758 -2859 25845 END
START -4932 -4164 932 636 -8580 25781 END
START -2812 -4484 -900 272 -13638 24532 END
START -1196 -5248 -2628 -700 -17405 23166 END
START 356 -5420 -4000 -1937 -19120 22182 END
START 1332 -6048 -5288 -4094 -19291 22352 END
START 3064 -6356 -6108 -7249 -18295 22995 END
START 4800 -6740 -6828 -10998 -16277 23417 END
START 6984 -6740 -6584 -15159 -14737 22748 END
START 8948 -6540 -5056 -18577 -13773 20780 END
START 10496 -6088 -2764 -20513 -13636 18424 END
START 12436 -5412 -52 -21921 -13828 16029 END
START 14152 -4404 2448 -23687 -13155 14015 END
START 15364 -3624 6496 -25456 -11360 11717 END
START 16148 -2284 9896 -27124 -8860 9785 END
START 17496 -804 14328 -28419 -6741 7142 END
START 18716 140 19480 -29396 -4431 3618 END
START 18600 508 24500 -29663 -2423 -245 END
START 17228 508 29412 -28848 -947 -3779 END
START 15060 112 32767 -26517 -1340 -6187 END
START 13704 64 32767 -23383 -3483 -7516 END
START 12452 -124 32767 -20404 -5968 -8730 END
START 11836 -440 32767 -17075 -8417 -9807 END
START 11012 -840 32767 -13963 -10032 -10742 END
START 10336 -1364 32767 -10536 -9101 -11375 END
START 9560 -1864 32767 -6720 -5306 -11198 END
START 8320 -1960 32767 -2118 -1300 -10285 END
START 7276 -2088 32767 3069 881 -9381 END
START 6376 -1972 32767 7895 738 -9244 END
START 5564 -1960 32767 12575 -271 -10056 END
START 4524 -2644 32767 17198 -1527 -11263 END
START 3384 -3612 32767 21500 -2729 -12428 END
START 2480 -5292 32767 24903 -3562 -13374 END
START 1664 -6400 32767 27366 -3189 -13968 END
START 696 -7496 32767 28962 -1852 -14069 END
START -364 -8404 31388 29962 -164 -13553 END
START -1472 -9016 28620 30811 1372 -12621 END
START -1740 -9508 25940 31533 3051 -11428 END
START -2188 -9564 23364 32075 4647 -10329 END
START -2696 -9316 20124 32284 5388 -9228 END
START -2828 -8756 17316 32486 5211 -8282 END
START -2740 -8024 14484 32472 4870 -7286 END
START -2500 -7248 11844 32161 4724 -6294 END
START -2372 -5892 8588 31163 5399 -5139 END
START -2112 -4960 5612 29194 6833 -3910 END
START -2012 -3932 2760 26451 8550 -2648 END
START -1908 -3060 632 23698 9748 -1250 END
START -1580 -2216 -1252 21178 10324 -210 END
START -1240 -1732 -3244 19157 9867 790 END
START -1140 -1188 -5024 17405 8731 1470 END
START -804 -560 -6776 15640 7165 2046 END
START 12 -24 -9352 13847 6282 2480 END
START 860 260 -11436 11518 6245 2599 END
START 1516 -16 -14176 8338 6614 2417 END
START 1952 -692 -16556 4323 6742 2057 END
START 2028 -2000 -18112 -433 6290 1809 END
START 2188 -3244 -18304 -4696 4996 1762 END
START 1836 -4368 -18048 -8183 2998 1911 END
START 2184 -5252 -17660 -11120 740 2263 END
START 2688 -5756 -17628 -14379 -933 2454 END
START 3264 -6088 -17388 -18273 -1881 2540 END
START 4020 -6528 -16556 -22676 -2308 2446 END
START 5148 -7032 -15244 -27174 -2150 2211 END
START 6184 -7532 -13192 -31705 -2212 1632 END
START 7220 -8732 -10160 -32768 -2757 703 END
START 8056 -9644 -6172 -32768 -3725 -343 END
START 8408 -9524 -1244 -32768 -4777 -1713 END
START 8940 -9660 5368 -32768 -5574 -3320 END
START 8496 -9452 13244 -32768 -6303 -4289 END
START 8416 -10532 22068 -32768 -5994 -4073 END
START 7840 -13132 31336 -32768 -2842 -3319 END