START -700 -4164 32767 1760 -2468 2286 END
START -3204 -3040 32767 3079 -3856 2688 END
START 1304 -4588 32767 6020 -4805 2872 END
START -1996 -4756 32767 11598 -5250 2675 END
START -1128 -5132 32767 18065 -6617 2218 END
START -976 -4936 32767 23383 -8090 1557 END
START -352 -4724 32767 27549 -9686 1251 END
START 628 -4996 32767 30770 -10243 925 END
START 728 -4640 32767 32767 -10970 423 END
START 1212 -4568 32767 32767 -11515 -302 END
START 1240 -4296 31836 32767 -11773 -1821 END
START 1900 -3816 28628 32767 -11457 -3379 END
START 2896 -3756 25692 32767 -9787 -4863 END
START 3792 -3780 23108 32767 -7063 -6337 END
START 3784 -4796 20228 32767 -4236 -7382 END
START 3140 -5640 16916 32767 -2208 -7169 END
START 2304 -5656 13872 32767 -306 -6279 END
START 1444 -4880 10360 32767 1277 -5282 END
START 964 -4448 7108 32767 2092 -4125 END
START 612 -4264 4308 30838 1845 -3162 END
START 368 -3936 1192 28562 885 -2076 END
START 1128 -3776 -1212 25542 -176 -1199 END
START 1208 -2688 -2628 21177 -1326 -853 END
START 324 -2692 -3084 17670 -3605 1082 END
START 840 -1080 -3108 14276 -5803 2617 END
START 2076 568 -2656 12118 -6501 3701 END
START 3156 2220 -1800 10468 -5929 3593 END
START 4260 3268 -1468 9203 -4752 3266 END
START 4992 4680 -372 7885 -3819 3070 END
START 5692 5852 840 6466 -3196 2782 END
START 6416 7292 2348 5252 -2790 2255 END
START 7376 8444 4356 4269 -2617 1370 END
START 8128 9640 6656 3782 -1974 119 END
START 8460 10632 8920 3819 -1176 -1422 END
START 8688 11148 11104 4538 -412 -2871 END
START 9060 10932 12356 5878 -258 -3744 END
START 9504 10812 13156 7494 -547 -4068 END
START 9680 10752 13456 8892 -716 -4221 END
START 10400 10672 13384 9925 -74 -4347 END
START 10932 10624 12540 10181 1058 -5051 END
START 11176 10904 11852 9355 1911 -6875 END
START 10848 10820 10848 8267 2439 -9194 END
START 10216 10680 10116 7642 2513 -11398 END
START 8976 10368 9088 7953 2872 -12992 END
START 7836 9640 7464 8072 2864 -13344 END
START 6776 10180 5732 7669 2191 -12761 END
START 6252 10628 4600 6813 2146 -12344 END
START 6128 11024 3460 5512 3110 -12705 END
START 5804 10976 2620 3825 4111 -13681 END
START 5120 10716 1460 1788 3832 -15057 END
START 4604 10496 528 -253 1995 -16193 END
START 3424 10072 428 -2030 -69 -16804 END
START 2544 9628 572 -3020 -2065 -16686 END
START 1512 9464 700 -3913 -3169 -16150 END
START 1020 9036 700 -4956 -2930 -15871 END
START 292 8512 684 -6496 -2164 -15643 END
START -292 7916 116 -8004 -2246 -15406 END
START -1060 7100 -1356 -10243 -4128 -14959 END
START -2900 6412 -1104 -13570 -8682 -14869 END
START -5076 5976 1056 -14307 -12795 -14462 END
START -5724 5576 2880 -12251 -14738 -12881 END
START -5340 5652 2924 -11515 -14059 -11239 END
START -5576 5668 3088 -14297 -11825 -10310 END
START -6212 6088 4684 -17679 -8681 -8631 END
START -7284 6200 6084 -19220 -7093 -5997 END
START -7444 6472 7180 -18948 -7223 -3080 END
START -6468 7064 8484 -18989 -7497 -1355 END
START -5280 6500 8956 -19640 -7170 -1653 END
START -5752 6260 10236 -19956 -5641 -2329 END
START -6996 5716 11172 -20301 -5327 -3259 END
START -8184 4580 12528 -20202 -5645 -3321 END
START -9092 3884 13340 -20185 -6217 -2035 END
START -8864 2432 13812 -20604 -6123 -144 END
START -8780 1788 14528 -21679 -4930 1847 END
START -9300 1388 15932 -22606 -3694 3449 END
START -9752 656 17304 -22192 -2734 4769 END
START -9512 -512 18072 -21069 -2369 6032 END
START -9196 -1052 18528 -20016 -2256 7523 END
START -9012 -1580 18612 -19703 -1670 9009 END
START -9856 -1440 19580 -20364 -1803 10186 END
START -9816 -2048 20684 -20097 -1634 11530 END
START -9340 -2484 21468 -19509 -1747 13435 END
START -8148 -2892 22048 -19022 -787 15434 END
START -7444 -3480 22832 -18729 626 17134 END
START -7012 -3796 23812 -17826 2187 18551 END
START -6856 -3636 24912 -16529 3074 19747 END
START -5500 -3656 25108 -14959 3437 20961 END
START -3768 -3392 25412 -14181 3611 21981 END
START -1904 -3204 26204 -13353 4628 22243 END
START -596 -2912 26764 -12380 5640 21689 END
START 292 -2676 27104 -11082 6212 20109 END
START 872 -1900 27576 -9415 5760 18907 END
START 2524 -1652 27856 -8047 4323 18853 END
START 4516 -1872 27872 -7243 3350 18778 END
START 6204 -2208 27960 -6954 3332 17939 END