START -4408 -4156 32767 11410 -11665 1996 END
START -6820 -2032 32767 12634 -11603 1931 END
START -5188 -2972 32767 15185 -10831 1545 END
START -4344 -4100 32767 18275 -11206 1514 END
START -4136 -4828 32767 21352 -11898 1645 END
START -3260 -5584 32767 24012 -11913 1322 END
START -2936 -5184 32767 26144 -12192 744 END
START -2588 -5888 31612 28494 -11891 -66 END
START -3152 -5944 28428 30766 -11038 -712 END
START -2664 -6396 24944 32557 -10019 -491 END
START -1696 -6408 21484 32767 -8366 149 END
START -980 -6040 18204 32286 -6128 445 END
START -908 -5908 15060 30880 -4314 588 END
START -912 -5624 12140 29375 -3588 867 END
START -752 -5500 8996 27285 -3987 1424 END
START -164 -5008 6928 25183 -4272 1792 END
START 356 -4876 5184 23566 -4582 1987 END
START 1072 -4148 3372 22300 -4519 2070 END
START 1560 -3492 1108 20544 -4679 1968 END
START 2040 -2884 -888 17850 -5777 1909 END
START 2468 -1992 -1320 15237 -6963 1628 END
START 3492 -1156 -840 13371 -6816 1582 END
START 3864 -584 -824 11461 -5625 1439 END
START 3640 272 -724 9503 -4715 1715 END
START 3916 1604 -164 7753 -4157 2297 END
START 4500 3068 1100 6019 -3245 2476 END
START 5220 4408 2372 4621 -1844 1873 END
START 5540 5116 3872 3569 -1194 1357 END
START 5412 6180 5484 2910 -819 930 END
START 5232 6712 6840 2319 -552 774 END
START 5104 7012 8616 1949 -498 790 END
START 5088 7212 10272 1879 -550 804 END
START 5380 7360 12112 1968 -505 664 END
START 5588 7608 14040 2262 -744 563 END
START 5976 7556 15736 3159 -1280 168 END
START 6744 7224 16748 4298 -2520 -329 END
START 7548 7416 17716 5592 -3713 -877 END
START 8540 7624 18112 6799 -4132 -1414 END
START 9452 8020 18148 7835 -4210 -1963 END
START 10592 8168 17476 8225 -4370 -2700 END
START 11496 8356 16948 8297 -4003 -3979 END
START 11868 8624 16068 8251 -3394 -5616 END
START 11512 8568 15104 8546 -2725 -7153 END
START 11340 8760 13792 8930 -1896 -8396 END
START 10636 8944 12444 8885 -1155 -9476 END
START 9932 8844 10980 8321 -1034 -10081 END
START 9400 8852 10080 7670 -1333 -10518 END
START 9344 8684 9296 7082 -1666 -11342 END
START 8636 8752 8604 6442 -2024 -12260 END
START 8252 8828 8384 5979 -2072 -13221 END
START 7576 8576 7840 5576 -2099 -13854 END
START 7368 8404 7380 4973 -2059 -14144 END
START 6704 8100 7240 4161 -2070 -14382 END
START 6680 7872 6564 3198 -2300 -14706 END
START 6532 7388 6392 1940 -2784 -15054 END
START 5916 7080 6408 742 -2745 -15433 END
START 4680 7064 6392 -477 -2046 -15677 END
START 2836 7040 6356 -1104 -1609 -15041 END
START 1720 7476 5820 -1216 -1664 -13627 END
START 1500 7944 5216 -2002 -1395 -12666 END
START 1176 8000 4908 -3047 -1139 -12463 END
START 452 8112 4652 -3447 -1695 -12643 END
START -284 8188 4364 -3898 -3025 -13213 END
START -1256 8232 4388 -4525 -3901 -13897 END
START -2776 7960 4228 -5556 -4073 -14075 END
START -3744 7328 4288 -6982 -4298 -13061 END
START -4232 7328 4448 -8622 -4247 -11638 END
START -4620 7140 5224 -10278 -3410 -10553 END
START -5308 6868 5848 -11451 -2936 -9705 END
START -5936 6636 6052 -12281 -3128 -8876 END
START -6452 6664 6880 -13245 -3772 -8044 END
START -6724 6756 7868 -14137 -3854 -7188 END
START -6888 6444 8704 -14646 -3273 -6328 END
START -6676 5984 9268 -15364 -2967 -5323 END
START -6580 5804 10224 -16309 -2485 -4453 END
START -6512 5484 11524 -16756 -1927 -3516 END
START -6416 4780 12588 -16837 -1065 -2647 END
START -7256 4924 13468 -17088 -289 -1989 END
START -8128 4652 14564 -16887 -95 -1262 END
START -8420 3952 14756 -16422 328 -338 END
START -8752 3292 14964 -16787 501 762 END
START -8820 2380 15352 -17009 471 2091 END
START -7976 1996 15864 -17302 493 3647 END
START -7756 2348 16932 -18163 1058 4714 END
START -7876 2108 18164 -18231 1482 5615 END
START -7660 1924 18780 -17957 1132 6384 END
START -7200 1756 19232 -17620 669 6685 END
START -6980 564 19256 -17132 295 6835 END
START -6680 -792 19776 -16868 210 7621 END
START -6724 -1012 21024 -16953 765 9208 END
START -6556 -812 22632 -17023 1741 11254 END
START -6288 -840 23848 -16145 3419 12824 END
START -6352 -1336 23596 -15087 4834 13581 END
START -6280 -2244 23088 -13886 5434 13591 END
START -6104 -3052 22672 -13082 5144 13442 END
START -5732 -3216 23512 -12196 3964 14268 END
START -5096 -2188 25036 -10943 3226 15818 END
START -5160 -1704 25664 -9224 3682 17200 END
START -5664 -1784 24736 -7783 4283 18713 END
START -6180 -2280 23260 -7237 5054 20129 END
START -6708 -2616 22044 -7854 5641 21165 END
START -6184 -2680 22056 -8461 5798 22340 END
START -4980 -2716 22512 -8435 5433 23503 END
START -3156 -2576 23096 -7801 4528 24327 END
START -840 -2044 23612 -7064 3771 24317 END
START 880 -2140 23836 -6182 3216 23385 END
START 2500 -2196 24156 -4948 2160 22468 END
START 4324 -2240 24636 -3467 432 21426 END
START 6388 -2260 24972 -2130 -1541 19954 END