START -16780 -8136 17368 14964 11713 7083 END
START -17092 -8200 15884 14982 10544 8098 END
START -17136 -8184 16248 15560 8286 11096 END
START -15952 -8016 13580 17797 5068 16309 END
START -13856 -8032 11236 20130 2178 21474 END
START -10556 -7432 8756 21840 999 25692 END
START -6724 -7664 4812 21828 456 28018 END
START -3816 -7512 1016 19588 -1694 28937 END
START -1500 -7016 -3692 15158 -5009 29474 END
START 692 -6056 -8172 8186 -6649 30497 END
START 1816 -5456 -9912 1066 -5486 32617 END
START 4004 -5448 -11132 -5439 -2798 32767 END
START 6740 -5940 -11840 -11487 -1264 32767 END
START 10188 -6756 -10840 -16459 -1963 32767 END
START 13528 -5688 -9044 -18618 -3135 29390 END
START 14372 -5196 -7556 -19222 -6393 22560 END
START 13712 -4416 -5860 -19487 -12465 18045 END
START 13952 -3884 -4388 -20679 -18008 16143 END
START 14884 -3072 -2764 -23702 -18607 15229 END
START 15800 -3312 -580 -29162 -14530 14502 END
START 17504 -3052 3864 -32768 -8426 12297 END
START 18648 -2624 9464 -32768 -2553 7517 END
START 18388 -2352 15068 -32768 317 1690 END
START 17304 -2284 20664 -32768 -263 -3689 END
START 15832 -2584 25648 -32768 -2931 -7472 END
START 13760 -2388 30472 -32638 -6227 -9048 END
START 12916 -3092 32767 -31367 -7822 -9717 END
START 12152 -4492 32767 -30666 -5655 -10902 END
START 10260 -6024 32767 -28685 -1467 -12941 END
START 7032 -7528 32767 -23854 1859 -14611 END
START 3896 -8216 32767 -16253 1708 -15306 END
START 1520 -8156 32767 -7284 -588 -14817 END
START 252 -6956 32767 34 -1648 -13712 END
START -868 -5580 32767 4828 -282 -12338 END
START -2204 -4380 32767 8841 1985 -10921 END
START -3004 -4128 32767 12668 4222 -9838 END
START -3624 -4504 32767 16698 5765 -9291 END
START -4260 -5892 32767 21118 6451 -9123 END
START -4780 -7444 32767 25244 6277 -8955 END
START -5604 -9248 32767 29232 5388 -8287 END
START -5544 -10772 32767 32767 4560 -7534 END
START -5432 -11676 32767 32767 4407 -6841 END
START -5468 -11972 29008 32767 4796 -5920 END
START -5240 -12224 24868 32767 5986 -4883 END
START -5148 -11752 20980 32767 7284 -3728 END
START -4788 -10760 17308 32767 7837 -2604 END
START -4240 -9340 12872 32767 7959 -1483 END
START -3528 -7888 8944 32767 7807 -757 END
START -3020 -6408 5428 32767 7475 -246 END
START -2180 -4896 1916 32031 7220 251 END
START -1680 -3552 -948 28640 7673 828 END
START -908 -2432 -3100 25040 8819 1422 END
START 36 -1564 -4988 21257 10699 1888 END
START 692 -1004 -6484 18059 11444 2170 END
START 1600 -668 -8304 15986 10550 2275 END
START 3172 -456 -10920 14635 8264 2165 END
START 5460 -1136 -13524 12005 5476 568 END
START 6576 -1768 -15484 7952 3042 -2215 END
START 6408 -2724 -16276 3606 851 -4969 END
START 5484 -3960 -16580 -45 -1009 -6418 END
START 4252 -4604 -16848 -3475 -2922 -6064 END
START 3828 -4880 -17152 -7427 -4213 -4336 END
START 3780 -4932 -17496 -12447 -4823 -2358 END
START 3944 -5200 -16960 -18240 -5332 -625 END
START 5108 -5480 -15632 -23846 -5802 111 END
START 6404 -6400 -13668 -29351 -6086 -661 END
START 7008 -7900 -10472 -32768 -6677 -2375 END
START 6164 -9456 -6308 -32768 -7984 -3525 END
START 5028 -10852 -1820 -32768 -10084 -3557 END
START 4064 -12460 5124 -32768 -11941 -2700 END
START 3036 -13848 13688 -32768 -13738 -747 END