START -2196 -3840 32767 15453 -5696 3802 END
START -8896 -1628 32767 16848 -7520 3839 END
START -2336 -3052 32767 19598 -7158 2304 END
START -972 -4328 32767 23561 -8321 387 END
START -1404 -4988 32767 26959 -8596 -807 END
START -1356 -6124 32767 29920 -9402 -1145 END
START -1016 -6108 32436 32180 -10399 -624 END
START -644 -5640 29336 32767 -10527 -88 END
START 140 -5864 26376 32767 -9193 -62 END
START 320 -6136 23504 32767 -7349 -342 END
START 56 -6580 20744 32767 -5443 -395 END
START -8 -6920 17740 32767 -3930 -79 END
START -180 -7416 14816 32767 -2345 847 END
START -100 -7524 11508 31978 -762 1956 END
START -328 -7360 8268 29859 -64 2662 END
START -568 -6508 5496 27029 -1114 2911 END
START -320 -6176 3664 24573 -3096 3239 END
START 412 -5528 2264 22762 -5042 3728 END
START 1268 -4384 1112 21155 -5981 4067 END
START 2388 -2324 -196 19288 -6422 4144 END
START 3244 -820 -960 17215 -6691 3685 END
START 3924 176 -1372 15457 -6496 3065 END
START 4552 1180 -1476 13362 -6294 2742 END
START 5012 2176 -1224 11110 -5918 2739 END
START 5780 3256 -108 8854 -5014 2549 END
START 6188 4468 860 7129 -3695 1985 END
START 6316 5240 2192 5888 -2671 1379 END
START 6028 6504 3400 5040 -2171 700 END
START 5932 7048 5180 4483 -2110 -86 END
START 5760 7276 6568 4562 -2558 -560 END
START 5764 7588 7892 4911 -2990 -430 END
START 5976 7872 9064 4893 -3112 -60 END
START 6336 8400 10604 4527 -3100 675 END
START 6940 8932 12096 4028 -3075 1365 END
START 8072 9168 13872 3840 -2709 1489 END
START 9212 9440 15052 4208 -2381 1136 END
START 9904 9656 15504 4984 -2359 6 END
START 10404 9512 15708 6002 -2700 -1327 END
START 10488 9760 15708 7232 -2900 -2710 END
START 10668 9692 15404 8474 -3326 -3966 END
START 11112 9724 14740 9723 -3394 -5125 END
START 11768 9900 13308 10184 -2713 -6387 END
START 12084 10012 12004 9455 -1171 -7843 END
START 11476 9984 10816 8464 817 -9389 END
START 10484 10176 9792 7876 2458 -10439 END
START 9508 9812 8692 7505 3219 -11419 END
START 8580 9700 7608 6967 2599 -11998 END
START 8172 9576 6792 6427 1747 -12288 END
START 7940 9532 6188 6061 1118 -12622 END
START 7980 9512 5812 5580 931 -13400 END
START 7656 9308 5264 4937 1084 -14573 END
START 6888 9252 4336 4081 1439 -15630 END
START 5728 8984 3708 3050 1532 -16095 END
START 4616 8764 2976 2053 1294 -15865 END
START 4044 8320 2440 995 1285 -15677 END
START 3836 7832 2028 -319 1633 -15925 END
START 2900 7812 1436 -1902 1968 -16387 END
START 1660 8168 1064 -3862 2359 -16754 END
START -32 8268 976 -5501 2502 -17131 END
START -1552 7948 1008 -6461 2400 -16909 END
START -2536 7800 900 -7209 1774 -15972 END
START -3012 8192 1252 -8364 310 -14676 END
START -3272 8220 1880 -9633 -834 -14258 END
START -3584 8200 2784 -10767 -1461 -13806 END
START -3780 7720 3044 -11855 -1266 -13076 END
START -4396 7352 3392 -13570 -878 -12303 END
START -5176 6920 4072 -15959 -853 -11676 END
START -5752 6268 5336 -17673 -616 -10669 END
START -6316 6008 6600 -18566 -484 -9847 END
START -6876 5440 7832 -18931 -344 -9581 END
START -7808 4664 8824 -18620 -316 -9541 END
START -8808 3704 9000 -18377 -700 -9049 END
START -10412 3452 9420 -19191 -1581 -8226 END
START -11452 2916 10268 -20431 -2320 -6837 END
START -12276 1564 11856 -20956 -2469 -4866 END
START -12388 120 12620 -20884 -2455 -2559 END
START -12824 -300 13408 -21313 -2652 -681 END
START -13204 -380 14748 -21778 -2725 1052 END
START -13580 -856 16112 -21919 -2373 2813 END
START -13608 -1812 17140 -21695 -2559 4867 END
START -12948 -2752 18456 -21136 -3261 7158 END
START -11584 -3160 19776 -20650 -2978 9149 END
START -10596 -3272 20884 -20186 -1548 10757 END
START -10508 -2488 22232 -19678 -871 12378 END
START -10032 -2236 22636 -18356 -1259 13542 END
START -9372 -2344 22032 -16957 -2199 14310 END
START -9032 -3032 21024 -16923 -3872 14800 END
START -8632 -3140 21264 -16786 -5733 15736 END
START -7576 -2956 22008 -16318 -6463 17390 END
START -5784 -3196 22532 -16361 -6222 19723 END
START -4224 -3456 22760 -16513 -5308 22053 END
START -2556 -3676 22828 -16717 -4193 24026 END
START -1384 -3552 23096 -16699 -4098 25375 END
START 1308 -3484 24552 -16294 -5233 26908 END
START 5380 -3312 26844 -15310 -5437 27064 END
START 9604 -2360 30088 -13185 -3751 24871 END
START 12556 -1812 32452 -9955 -1413 20989 END