START -15932 1340 23580 11773 3643 -7694 END
START -17232 872 22672 11962 2866 -6560 END
START -17768 -1412 22460 11925 2850 -3777 END
START -19080 -4220 21256 11438 5442 -425 END
START -21040 -6304 19884 10235 6905 2577 END
START -22564 -7924 18176 10106 5277 6613 END
START -23056 -8676 16260 11401 728 11416 END
START -21596 -9068 13748 13238 -4929 16390 END
START -18436 -8512 9628 14204 -9467 20865 END
START -14500 -7780 5140 13389 -10620 23886 END
START -10892 -7760 656 9490 -8580 26244 END
START -7720 -7908 -2060 4796 -5412 27829 END
START -4796 -8220 -4104 212 -3245 28842 END
START -3032 -8476 -4744 -2902 -4649 29965 END
START 376 -8760 -5296 -4978 -8787 30452 END
START 3988 -8292 -5392 -6614 -12438 29433 END
START 7928 -8000 -4552 -8476 -14066 26565 END
START 10348 -7596 -2756 -10788 -14551 23001 END
START 12272 -7188 -348 -12989 -14508 20235 END
START 14100 -6524 1956 -15272 -13018 18295 END
START 15968 -6272 4132 -18245 -9484 15862 END
START 17128 -5676 7700 -21349 -5814 13257 END
START 18328 -4800 11768 -22857 -3272 10192 END
START 18976 -3340 16088 -22269 -2159 6370 END
START 19612 -1144 18912 -20663 -2728 2800 END
START 20432 928 21176 -19279 -3266 -742 END
START 20368 2284 23404 -18974 -2545 -4478 END
START 18984 3024 26176 -20062 -107 -8593 END
START 16160 3140 29796 -21220 2499 -12111 END
START 12852 2212 32767 -21396 4673 -14982 END
START 9472 808 32767 -19809 5647 -16848 END
START 5792 -560 32767 -16519 4894 -17532 END
START 3056 -1796 32767 -11403 2936 -17383 END
START 348 -2764 32767 -5569 1101 -16772 END
START -1520 -3132 32767 -338 670 -15774 END
START -2748 -3324 32767 4207 2028 -14664 END
START -4556 -3760 32767 8216 4171 -13751 END
START -6748 -4248 32767 12061 5344 -12651 END
START -7920 -5060 32767 15727 5367 -11419 END
START -8592 -6096 32767 19503 4848 -10343 END
START -8780 -7376 32767 23638 3985 -9340 END
START -8388 -8472 32767 27202 3425 -8015 END
START -7524 -9112 32767 29596 4247 -6703 END
START -7112 -9552 31548 31201 5855 -5658 END
START -6792 -9432 28300 32363 7218 -4770 END
START -6192 -9444 24892 32767 7832 -4114 END
START -6164 -9212 21208 32767 7731 -3662 END
START -6092 -8784 17416 32767 6958 -3023 END
START -5548 -8392 13868 32767 6781 -2066 END
START -5328 -7824 10896 32333 7367 -704 END
START -4832 -7256 8208 30865 8215 970 END
START -4076 -6688 5196 29237 8602 2232 END
START -3404 -6180 2640 27379 8746 3225 END
START -2676 -5520 -84 25393 8106 4011 END
START -1856 -4876 -2384 23325 6640 4363 END
START -892 -3996 -5112 21560 4911 4558 END
START 124 -3480 -8060 19973 2836 4513 END
START 1388 -2976 -11556 17745 871 4101 END
START 2408 -3196 -14788 14291 -391 3190 END
START 2612 -4260 -17396 9943 -675 1873 END
START 1804 -5236 -19188 5425 -1017 1239 END
START 868 -6212 -20200 1071 -1884 1924 END
START 1056 -6532 -20960 -2966 -3272 3436 END
START 1924 -6480 -21876 -7418 -4412 5302 END
START 3672 -6128 -22312 -12560 -4671 6244 END
START 5624 -5868 -21440 -18106 -4515 5800 END
START 6912 -5536 -20148 -23115 -4235 3889 END
START 7464 -5960 -18372 -27369 -5111 1489 END
START 7856 -7304 -15988 -31169 -6951 -1004 END
START 7684 -9028 -13672 -32768 -8934 -3423 END
START 7172 -11356 -9884 -32768 -10714 -5053 END
START 6512 -13700 -3816 -32768 -12137 -5453 END
START 5312 -13860 3384 -32768 -13307 -4440 END
START 4924 -13084 12364 -32768 -13246 -1709 END
START 6020 -13860 23912 -32768 -10299 2145 END