START -1632 -2900 32767 8370 -12410 3530 END
START -7132 -608 32767 9900 -14140 3869 END
START 248 -2836 32767 13114 -15041 3647 END
START 2320 -3892 32767 18144 -14057 2854 END
START 3336 -5176 32767 22101 -12104 1756 END
START 2904 -6900 32767 24033 -10504 3 END
START 2128 -7744 32767 26211 -9291 -750 END
START 1456 -8060 32767 28957 -8525 -1053 END
START 1560 -8344 32767 31592 -7987 -771 END
START 2044 -7904 30524 32767 -7349 -501 END
START 2636 -7680 27648 32767 -6591 -325 END
START 3172 -7460 24312 32767 -5130 -662 END
START 2752 -7000 20736 32767 -3991 -1416 END
START 2568 -6976 17408 32767 -3163 -2131 END
START 2208 -6800 14284 32767 -2549 -2148 END
START 1804 -6380 11048 32767 -1905 -1657 END
START 1952 -6120 7656 32767 -1059 -1205 END
START 1984 -5304 4848 30600 -688 -927 END
START 1764 -4580 2360 27598 -1307 -926 END
START 2084 -3776 992 24776 -2254 -776 END
START 2120 -2844 92 22478 -3445 -193 END
START 2560 -1728 -636 20680 -4497 582 END
START 3088 -332 -1116 18819 -5003 1273 END
START 3572 692 -912 16700 -4831 1642 END
START 4192 1736 -724 14925 -4239 1875 END
START 4360 3252 -492 13470 -3738 2220 END
START 4960 4696 -196 11887 -3382 2538 END
START 5488 6236 560 10151 -3050 2206 END
START 6224 7532 1588 8468 -2379 1437 END
START 6492 8648 2748 7240 -1151 382 END
START 6296 8992 3844 6365 -92 -702 END
START 5848 9956 5300 5790 149 -1360 END
START 5884 10580 7044 5509 -200 -1488 END
START 6752 10808 8896 5582 -476 -924 END
START 8148 11380 10452 5838 -160 -481 END
START 9644 11924 11556 6178 732 -1003 END
START 10752 12176 11848 6649 1635 -2369 END
START 11028 12456 11600 6796 1658 -4300 END
START 11224 12488 10872 6717 997 -6160 END
START 11088 12352 10444 6785 89 -7557 END
START 11288 12308 9912 7046 -323 -8587 END
START 10980 12460 9292 6955 114 -9864 END
START 10720 12088 8232 6409 837 -11353 END
START 9828 11808 7000 5638 1092 -12557 END
START 8992 11440 5912 4788 1218 -13838 END
START 8012 10824 4880 3803 982 -14947 END
START 7164 10344 3656 2713 415 -15458 END
START 6404 10016 2688 1159 -504 -15726 END
START 5876 9284 1952 -456 -1227 -15783 END
START 5636 8624 1212 -2137 -1567 -15814 END
START 5060 8808 744 -4248 -1376 -16454 END
START 4256 8372 420 -6222 -631 -17268 END
START 2960 8000 188 -7571 -174 -17646 END
START 1584 7488 -280 -8340 -594 -17185 END
START 772 7080 -688 -9482 -1665 -16068 END
START 192 7084 -1044 -11532 -2371 -15036 END
START -600 7044 -280 -14231 -1993 -14868 END
START -1928 6676 924 -15789 -746 -14971 END
START -3632 6144 1656 -16227 -326 -14448 END
START -4300 5608 1836 -16574 -1040 -12887 END
START -4476 5108 2080 -17649 -2231 -10938 END
START -4816 4552 3324 -19680 -2431 -9119 END
START -4896 4036 5348 -21477 -1258 -8049 END
START -5592 3784 7176 -21998 453 -7645 END
START -6284 3384 8452 -21898 791 -7357 END
START -6616 2508 9280 -21788 -59 -7263 END
START -7192 2272 10576 -21886 -1028 -6887 END
START -7788 1612 12064 -21847 -1132 -6142 END
START -8384 1688 13408 -21776 -722 -4784 END
START -8856 1368 14840 -21433 -34 -3416 END
START -9368 768 15480 -20953 662 -2295 END
START -10304 468 15596 -20777 673 -1622 END
START -11612 -140 16456 -20464 62 -984 END
START -12644 -732 17428 -19625 -1162 96 END
START -12316 -1596 17772 -19036 -1962 1837 END
START -12032 -2104 18836 -19523 -1838 3535 END
START -11728 -2560 19892 -19764 -1561 5040 END
START -11620 -3020 21064 -19626 -1790 6879 END
START -10896 -3340 21992 -19325 -2485 8936 END
START -9696 -3204 23140 -18660 -2559 10851 END
START -8408 -3536 23728 -17814 -1504 11674 END
START -7808 -3736 23792 -17163 -1022 11635 END
START -8372 -3492 24320 -16421 -1999 11359 END
START -8880 -3660 25320 -14522 -3593 11860 END
START -8416 -3676 25656 -12416 -4985 13694 END
START -7348 -4080 25416 -10889 -5213 15838 END
START -6512 -4388 25200 -9689 -4997 17986 END
START -6168 -4244 24880 -8090 -5502 20212 END
START -4724 -4048 25192 -6371 -6681 22727 END
START -1716 -3184 25540 -4911 -6666 24586 END
START 1180 -2176 25444 -3653 -5477 24911 END
START 3912 -1648 24996 -3781 -3652 23495 END
START 5292 -1292 25252 -3825 -2582 21492 END
START 6940 -1248 26004 -2897 -2605 20076 END
START 9356 -1436 26652 -1586 -2254 18386 END
START 11000 -1948 27180 -183 -1237 15425 END