START -1268 -3236 32767 19518 -5504 4469 END
START 1180 -3928 32767 20346 -6665 4510 END
START -4872 -1612 32767 21719 -5609 3341 END
START -796 -4920 30924 24266 -6373 2335 END
START -2884 -4132 30444 27284 -7130 1255 END
START -2352 -5080 27100 29950 -7407 448 END
START -2624 -5020 24432 31997 -7888 406 END
START -2068 -4456 21308 32640 -7505 533 END
START -1284 -3532 19044 30579 -6953 971 END
START 168 -2940 17656 27874 -5449 1490 END
START 1004 -3104 17768 26104 -3373 1148 END
START 1656 -3276 17020 25221 -1122 565 END
START 1576 -3760 16108 25714 -93 497 END
START 1400 -4156 15116 26923 239 1098 END
START 1344 -3468 13368 28382 262 2241 END
START 2084 -2536 11380 28781 391 3293 END
START 3300 -1832 9164 27128 -63 3503 END
START 4212 -1008 7576 24128 -876 2771 END
START 4392 -176 6420 21123 -1413 1515 END
START 4172 656 6028 19208 -1541 508 END
START 3660 1244 5552 18406 -1539 -23 END
START 3296 1748 4428 17841 -1706 -84 END
START 3416 2032 3232 17260 -2352 477 END
START 3684 2292 1976 16130 -2939 1198 END
START 3856 3440 1300 13710 -3072 1487 END
START 4172 4244 852 10347 -2545 993 END
START 3848 4744 1492 7555 -1622 -39 END
START 3352 4696 1804 6326 -995 -229 END
START 2852 5076 2360 5488 -1098 266 END
START 2640 6028 2800 4651 -1551 1036 END
START 2964 6836 3476 3739 -1798 1693 END
START 3376 7256 4292 2830 -1720 1934 END
START 3372 7656 5364 2134 -1640 1924 END
START 3764 8172 6472 1748 -2019 1819 END
START 4532 8804 7892 1460 -2342 1723 END
START 4816 9848 9288 1218 -2488 1701 END
START 5524 10576 10784 1200 -2412 1671 END
START 6232 11568 12044 1355 -1960 1569 END
START 7016 11956 13216 1498 -1100 1032 END
START 7416 12040 14204 1947 -453 349 END
START 7836 12000 14888 2988 -391 -541 END
START 8272 11740 15140 4105 -859 -1572 END
START 8736 11856 15556 5023 -1183 -2579 END
START 9244 12196 15500 5663 -1014 -3626 END
START 9616 11976 14768 5757 -528 -4676 END
START 9720 11868 14456 5285 12 -5834 END
START 9752 11348 13816 5139 786 -7009 END
START 9212 11104 13044 5249 1254 -8087 END
START 8716 10368 11832 5386 1008 -9102 END
START 8172 9920 10152 5402 319 -10097 END
START 7492 9040 8808 5452 -609 -10966 END
START 6948 9252 7432 5154 -1807 -11297 END
START 6652 9320 6432 4345 -2195 -11533 END
START 6668 9188 5264 3053 -1962 -11983 END
START 6652 8824 4056 941 -1580 -12847 END
START 6012 8228 3360 -1210 -1305 -13653 END
START 4968 8148 2944 -2744 -1343 -14177 END
START 4044 7640 2420 -3709 -1535 -14300 END
START 3032 7248 1656 -4818 -1855 -14365 END
START 2348 6800 1188 -6668 -2259 -14830 END
START 1440 5992 1080 -8787 -2430 -15203 END
START 140 5656 1484 -10430 -2537 -15381 END
START -1004 5292 1316 -11324 -2547 -14618 END
START -2108 5176 652 -13222 -2898 -13407 END
START -3032 5496 516 -15946 -3016 -12187 END
START -3872 5204 1708 -18713 -2984 -10851 END
START -4196 4896 3660 -20150 -2545 -9654 END
START -4276 4624 4980 -20011 -2245 -8857 END
START -5204 4584 6144 -20127 -2858 -8838 END
START -6504 4056 7852 -20268 -3298 -8819 END
START -7756 2980 9284 -20183 -3613 -8098 END
START -8524 2060 9808 -20515 -4027 -6362 END
START -8720 1920 11240 -21990 -4540 -4722 END
START -8968 1532 12852 -22568 -3628 -3754 END
START -9572 704 14260 -22326 -2854 -3104 END
START -10332 -556 14840 -21438 -3175 -2119 END
START -11752 -1800 15444 -20778 -5142 -226 END
START -12028 -2676 15452 -20415 -7781 2824 END
START -11220 -3168 16216 -20701 -9023 6266 END
START -11128 -3420 17556 -21202 -8524 9455 END
START -10320 -2432 20740 -21739 -6120 12705 END
START -8976 -2164 24144 -20770 -1959 14240 END
START -8396 -2304 26624 -18631 1587 14990 END
START -8180 -2724 27584 -16014 4231 15242 END
START -8000 -3204 28408 -13322 4901 15577 END
START -6652 -2896 27736 -11218 3716 17024 END
START -4396 -2352 27920 -12189 2354 18194 END
START -3012 -1548 29444 -12380 2485 18590 END
START -2352 -1220 30396 -10457 2880 18975 END
START -1100 -1260 30500 -8390 2349 19239 END
START 724 -1352 31192 -7024 751 20035 END