START -8508 2412 15248 5237 4784 -4811 END
START -14136 3704 20776 5400 2925 -4001 END
START -12352 2108 16804 6064 2398 -2582 END
START -14312 -144 16704 8520 699 -254 END
START -16240 -1208 15696 10107 448 1173 END
START -18768 -2804 13452 10625 254 1522 END
START -22248 -4744 12156 10302 -1404 3573 END
START -23952 -6048 10676 10387 -3746 7879 END
START -24140 -6928 8940 10041 -5580 13273 END
START -21952 -7144 6336 8527 -4511 19147 END
START -18708 -6732 3936 5459 -1187 24394 END
START -14552 -6808 1916 1462 2245 28606 END
START -9448 -7212 -336 -2149 3524 30378 END
START -4896 -7852 -2076 -5025 1868 29521 END
START -1292 -8668 -3028 -6419 -3070 27011 END
START 1172 -9468 -3676 -6608 -10044 24222 END
START 3840 -10368 -4104 -7390 -16015 22784 END
START 6232 -9848 -4132 -9205 -19264 23373 END
START 10020 -9084 -3548 -12105 -18200 24773 END
START 15332 -7432 -2264 -16512 -13356 24682 END
START 20592 -5464 416 -20870 -7640 22363 END
START 24256 -3796 3976 -23503 -4032 17887 END
START 26612 -2048 7472 -24379 -3092 11487 END
START 27008 -748 11344 -23963 -3955 4844 END
START 26360 240 15044 -23041 -5103 -886 END
START 25044 876 18384 -22656 -4983 -5506 END
START 22980 1112 22336 -23703 -2813 -9381 END
START 19856 1064 26872 -25625 973 -12393 END
START 15988 288 32767 -27086 5263 -14882 END
START 11880 -1468 32767 -26550 7957 -17667 END
START 7056 -2664 32767 -22626 7766 -20351 END
START 1904 -4668 32767 -16398 4773 -21917 END
START -3068 -5976 32767 -8769 549 -21254 END
START -6516 -6392 32767 -1190 -2341 -18802 END
START -9416 -5180 32767 5849 -2638 -15096 END
START -10632 -3836 32767 11255 37 -11283 END
START -11332 -2612 32767 15260 4080 -8405 END
START -11600 -3120 32767 18699 7246 -6555 END
START -11620 -4480 32767 22929 7773 -5576 END
START -11780 -5896 32767 28204 6172 -5137 END
START -12092 -7648 32767 32767 3792 -4772 END
START -11616 -9344 32767 32767 2421 -4085 END
START -11068 -10068 32488 32767 2896 -2900 END
START -10140 -10600 26916 32767 6226 -1140 END
START -8568 -10920 20824 32767 10561 689 END
START -7660 -10996 15576 32767 13460 2570 END
START -7460 -11280 10824 32767 13072 4551 END
START -6056 -10732 6784 32767 9696 5645 END
START -4152 -9828 3284 32346 6150 5368 END
START -2492 -8960 8 30848 3525 4297 END
START -1192 -7680 -3032 29420 2505 3904 END
START 296 -6528 -6480 27438 2366 3999 END
START 2012 -5264 -10644 25085 2283 4225 END
START 3852 -4840 -13780 21183 1879 4032 END
START 5340 -5148 -16388 16085 1874 3003 END
START 5804 -5684 -17860 10890 2275 1564 END
START 5152 -6096 -18960 6697 1920 308 END
START 4560 -6524 -19836 3557 393 -62 END
START 4308 -6820 -20844 405 -2018 491 END
START 5100 -6488 -21748 -3565 -3287 1214 END
START 5768 -6244 -21840 -8845 -3450 1324 END
START 6220 -5952 -20960 -14430 -3132 483 END
START 5824 -6044 -19352 -19313 -3488 -618 END
START 5568 -6636 -17608 -23542 -5271 -1577 END
START 5120 -7656 -15876 -27434 -7699 -2449 END
START 5208 -9272 -13492 -31237 -9526 -3077 END
START 5572 -11168 -10752 -32768 -9991 -3930 END
START 5420 -13492 -7764 -32768 -9550 -4992 END
START 4328 -16028 -3064 -32768 -9558 -5765 END
START 3788 -18324 3188 -32768 -9743 -6286 END
START 2472 -18468 11644 -32768 -10276 -5854 END
START 3000 -17672 22200 -32768 -9905 -3705 END
START 4436 -15616 32767 -32768 -6930 -2136 END
START 5316 -15520 32767 -32768 -1670 -2409 END
START 4280 -16112 32767 -32768 4324 -5057 END
START 276 -15620 32767 -32768 8638 -7992 END
START -3836 -16176 32767 -30190 9625 -9348 END
START -7180 -14816 32767 -19867 8347 -8589 END
START -8588 -13132 32767 -10816 7739 -6503 END