START -20772 -6904 19820 12647 1577 10502 END
START -20792 -6980 18876 13121 391 11661 END
START -19972 -7596 18072 13903 -508 14252 END
START -18136 -7828 14920 14548 -60 17587 END
START -16996 -7232 12108 13533 -829 20459 END
START -14696 -6520 8828 12315 -1874 23078 END
START -12100 -5988 5184 10187 -3355 25311 END
START -9472 -6236 1920 7567 -5404 27525 END
START -7252 -6352 -1404 4775 -7996 29506 END
START -4160 -6992 -4136 1308 -10272 31514 END
START -1892 -7000 -5848 -2205 -13264 32767 END
START 2540 -7208 -6676 -5546 -15064 32767 END
START 5820 -7208 -6852 -8364 -15571 31463 END
START 8096 -7496 -6172 -10400 -16424 27569 END
START 8560 -7808 -5036 -11603 -18593 23834 END
START 8612 -8388 -4260 -12648 -21174 21244 END
START 8840 -8404 -3008 -14548 -22350 20657 END
START 9936 -8132 -1620 -18024 -20371 21549 END
START 11636 -7088 1088 -22786 -16164 22505 END
START 13848 -6540 4832 -27019 -12569 22087 END
START 15760 -5236 9816 -29382 -10015 19152 END
START 17000 -3300 14696 -29058 -9204 15115 END
START 17756 -1448 18312 -27341 -10436 11656 END
START 19496 368 21932 -25938 -12487 8365 END
START 21284 1960 25500 -25596 -13014 5359 END
START 22748 2756 29720 -25947 -11581 2481 END
START 23496 2292 32767 -26446 -6692 -1184 END
START 23312 1724 32767 -25058 109 -6554 END
START 20292 220 32767 -21090 4547 -11999 END
START 15680 -1988 32767 -15204 4205 -15449 END
START 11136 -3892 32767 -8587 -507 -16771 END
START 8752 -4764 32767 -2234 -5245 -17109 END
START 6804 -5860 32767 2654 -6401 -17512 END
START 4500 -6828 32767 6402 -4338 -17134 END
START 1672 -7780 32767 9658 248 -15527 END
START -460 -8360 32767 12646 5042 -13362 END
START -2552 -8484 32767 16890 7921 -10840 END
START -3192 -8832 32767 22668 7777 -8763 END
START -2776 -9516 32767 28257 5954 -8023 END
START -2524 -10136 32767 32767 3669 -8467 END
START -2268 -10908 32767 32767 1574 -9152 END
START -2048 -11448 32444 32767 1234 -9875 END
START -2400 -11448 28060 32767 2925 -9945 END
START -2840 -11400 22632 32767 6291 -9056 END
START -3264 -11212 18072 32767 9694 -7545 END
START -3572 -10420 12996 32767 11829 -5666 END
START -3468 -9596 7724 32767 12269 -4135 END
START -2984 -8224 3476 32767 10799 -3341 END
START -2684 -6892 -196 32767 8498 -2932 END
START -1856 -5772 -3896 31364 7172 -2330 END
START -712 -4668 -8168 28853 7796 -1423 END
START 580 -4208 -12540 25462 9607 -130 END
START 1964 -4240 -16864 20814 11274 615 END
START 2776 -4636 -20824 14857 11695 557 END
START 2976 -5276 -22852 9261 10096 -186 END
START 2792 -6028 -24140 4883 7218 -1330 END
START 2612 -6448 -25036 1078 3941 -2184 END
START 2408 -7236 -25792 -3208 766 -2353 END
START 2452 -7308 -25268 -8384 -1889 -1782 END
START 2968 -6776 -24132 -14297 -3196 -551 END
START 3904 -6316 -22684 -20269 -3765 635 END
START 5176 -6528 -20408 -26099 -4363 1066 END
START 6916 -7344 -16792 -31706 -5083 746 END
START 8544 -8480 -12332 -32768 -4934 -1118 END
START 8776 -9708 -6564 -32768 -5001 -4161 END
START 7684 -9704 276 -32768 -6897 -5915 END
START 7404 -10244 8840 -32768 -8879 -6731 END
START 7576 -10588 18712 -32768 -8733 -7202 END
START 6384 -11268 30252 -32768 -6198 -7632 END