START 104 -2816 32767 13249 -4166 -1297 END
START 3052 -2600 32767 14596 -5138 -1426 END
START -456 -2896 32767 17845 -6134 -1842 END
START 1540 -4400 32767 22082 -6288 -2733 END
START 556 -4840 32767 25649 -6947 -3285 END
START 348 -5216 32767 28852 -6835 -3411 END
START -148 -5596 32767 31301 -5763 -3443 END
START -640 -5628 30984 32531 -4353 -3302 END
START -884 -5708 27924 32438 -3299 -3061 END
START -528 -6212 25308 32409 -2347 -2721 END
START -752 -5968 22976 32767 -1901 -2365 END
START -888 -5724 19972 32767 -1793 -2045 END
START -564 -5364 16688 32767 -1249 -1851 END
START -124 -4736 13200 32767 -252 -1408 END
START 124 -4836 9464 32630 547 -862 END
START -16 -4388 6436 30178 685 -259 END
START 424 -3672 3988 27298 904 314 END
START 712 -3116 2112 24484 240 668 END
START 892 -2700 560 22043 -1058 488 END
START 920 -2156 -372 19905 -2766 605 END
START 1152 -1324 -1140 18009 -4693 1333 END
START 1516 -316 -1400 16058 -6211 2252 END
START 2228 740 -1280 13917 -6976 3188 END
START 3800 2284 -1264 11796 -5823 3843 END
START 4220 3360 -576 9635 -4655 4008 END
START 4856 4560 180 7148 -3442 3683 END
START 5088 4996 1528 5508 -2784 3193 END
START 4868 6248 2868 4759 -2609 2796 END
START 4528 7264 4436 4579 -2404 2440 END
START 4140 8560 6336 4116 -2348 2225 END
START 4452 8828 8064 3622 -1931 1923 END
START 4760 9412 9812 3442 -1803 2015 END
START 5196 9696 11648 3603 -2162 2302 END
START 6308 10088 13208 4146 -2496 2247 END
START 7152 10992 14796 5289 -2854 2063 END
START 8388 11196 15996 6867 -2754 1490 END
START 9844 11232 16324 8340 -2551 578 END
START 10952 11180 16456 9711 -2166 -674 END
START 11756 11292 15436 10578 -1784 -2313 END
START 12424 11120 14396 10448 -1420 -4344 END
START 12144 11236 13328 9830 -570 -6631 END
START 11208 11088 12112 9201 11 -8535 END
START 10064 10976 10908 8992 -143 -9727 END
START 9280 10484 9320 8958 -540 -10424 END
START 9316 10376 7652 8597 -568 -10721 END
START 9228 10192 6492 7545 -283 -11313 END
START 9000 9772 5128 6019 5 -12431 END
START 8332 9044 4296 4188 -523 -13649 END
START 7168 8256 3336 2059 -2224 -14719 END
START 5488 8420 3432 -75 -4399 -15163 END
START 5152 8924 3404 -1758 -5875 -14817 END
START 4924 9360 3592 -3123 -6209 -13798 END
START 4612 9808 3396 -4192 -5489 -12635 END
START 4564 9812 2776 -5610 -4397 -11889 END
START 3980 9752 2468 -7199 -3679 -11794 END
START 3512 9424 2460 -8307 -3067 -12092 END
START 2700 9540 2188 -9029 -2251 -12700 END
START 1464 9028 1440 -9792 -1751 -13404 END
START -424 8580 896 -11011 -2123 -13972 END
START -1724 7916 776 -12250 -3051 -13985 END
START -3156 7804 1276 -13440 -4144 -13578 END
START -4612 7576 2088 -14108 -4335 -12467 END
START -5268 7116 2824 -14555 -3813 -10613 END
START -5384 7112 3032 -15596 -3416 -8785 END
START -5356 6700 4000 -17389 -3328 -7782 END
START -5084 5984 4872 -18774 -2712 -7016 END
START -5336 5588 6292 -19438 -2101 -6142 END
START -5696 5172 7452 -19559 -1400 -5379 END
START -6560 4664 8096 -19991 -1098 -4846 END
START -7252 3988 9124 -20460 -949 -4646 END
START -8156 3044 10188 -20317 -709 -4329 END
START -8944 1688 10676 -20134 -1146 -3627 END
START -9300 1600 11556 -20345 -2354 -2075 END
START -9172 1504 12540 -21039 -2492 -399 END
START -9496 488 14052 -21813 -1045 806 END
START -9756 -524 15332 -21931 55 2012 END
START -10016 -1564 15948 -21454 496 3328 END
START -10500 -1848 16932 -21038 646 4539 END
START -10656 -2548 17836 -20786 849 5620 END
START -10544 -2972 18960 -20440 640 7324 END
START -9560 -3820 19500 -20406 360 9342 END
START -8764 -4072 20748 -21419 455 10696 END
START -8664 -4668 22528 -21453 1459 11794 END
START -8900 -4632 23640 -20382 1867 12672 END
START -9048 -5032 24732 -18662 1315 13347 END
START -8680 -5184 25328 -16501 550 14274 END
START -7916 -5300 25948 -14549 238 15421 END
START -6952 -5648 25516 -13078 717 16712 END
START -6112 -5976 24896 -13040 1251 17581 END
START -5136 -6116 25280 -14113 1233 17826 END
START -4900 -5108 26544 -14131 578 18189 END
START -4248 -4672 27256 -12342 -371 19088 END
START -3408 -4476 27288 -9879 -1048 19846 END
START -1744 -4612 26696 -8260 -1821 20212 END
START -148 -4792 26904 -7724 -2129 20429 END