START -15120 1108 19956 8791 514 -11286 END
START -14640 580 17084 9096 -1551 -10005 END
START -17068 -112 18704 9926 -3034 -6849 END
START -17620 -3192 17928 10981 -1737 -1934 END
START -19204 -4804 17420 9958 2025 1533 END
START -20392 -6912 16240 9162 5482 3789 END
START -21956 -8260 14896 8844 6348 6815 END
START -22540 -8904 12948 9482 3406 11021 END
START -21208 -9092 10192 9958 -1644 15559 END
START -18268 -8420 6412 9632 -7110 19441 END
START -14656 -7664 2428 7525 -9566 22180 END
START -11116 -8124 -1244 3238 -7416 25007 END
START -7376 -9248 -3940 -2625 -3405 27277 END
START -4864 -10032 -4944 -7881 -1343 28274 END
START -2228 -10248 -4668 -10837 -2984 28361 END
START 1312 -10380 -4256 -11544 -7071 27404 END
START 5004 -10376 -3928 -11586 -12111 25344 END
START 8832 -9848 -3084 -13248 -15446 22852 END
START 12152 -9068 -748 -16656 -16402 21094 END
START 16412 -7236 3184 -20240 -14107 19435 END
START 19996 -5160 7296 -23199 -9662 16929 END
START 22636 -3408 11400 -25440 -5275 12858 END
START 24168 -2296 16528 -26433 -1835 6606 END
START 23348 -488 21328 -25133 -755 -344 END
START 21260 668 25756 -22634 -1733 -6093 END
START 18932 1212 29308 -20499 -2149 -10441 END
START 16148 1296 32767 -19435 -810 -13598 END
START 12104 624 32767 -18994 1872 -15868 END
START 7760 -688 32767 -18303 4482 -17303 END
START 2980 -2708 32767 -16127 5789 -17788 END
START -1332 -4388 32767 -11692 5900 -17237 END
START -5572 -5480 32767 -5073 5278 -15758 END
START -8592 -6532 32767 2059 4143 -13555 END
START -10868 -7144 32767 7999 3656 -11167 END
START -12320 -7176 32767 12716 4113 -8830 END
START -13300 -7196 32767 16413 5293 -6822 END
START -13440 -7816 32767 20535 6192 -4922 END
START -13284 -8692 32767 24809 5930 -3180 END
START -12344 -9632 32767 28537 4968 -1823 END
START -11344 -10220 32092 31473 3710 -857 END
START -10380 -10652 27684 32767 2869 149 END
START -9344 -10656 23420 32767 2871 1066 END
START -8200 -10640 19368 32767 3890 1816 END
START -7188 -10152 15288 32767 5205 2532 END
START -6484 -9752 11912 32058 6022 3239 END
START -5564 -9384 9172 30713 5714 3859 END
START -4680 -8908 6940 29786 4466 4473 END
START -3500 -8504 4532 28958 3124 5025 END
START -2108 -7712 1540 27526 2315 5223 END
START -872 -7192 -1316 25392 1825 5314 END
START 192 -6464 -3772 22824 1458 5244 END
START 1092 -5664 -6348 20326 1059 5141 END
START 1796 -4400 -8716 17954 215 5329 END
START 3152 -3888 -10932 15277 -709 5380 END
START 4300 -3592 -13012 11687 -942 4755 END
START 4872 -3836 -14908 7220 -1000 3437 END
START 5100 -4488 -15848 2470 -923 1700 END
START 4664 -4996 -15728 -1335 -1238 481 END
START 4320 -5240 -16216 -4279 -2555 26 END
START 4468 -5384 -17096 -7410 -4128 -249 END
START 4824 -5284 -17340 -11530 -4949 -503 END
START 4984 -5452 -16860 -16498 -5027 -874 END
START 5348 -5760 -15608 -21407 -4775 -1378 END
START 5712 -6448 -14372 -26016 -5116 -2466 END
START 5664 -7816 -12224 -30122 -7184 -4074 END
START 5192 -9416 -9804 -32768 -9919 -5654 END
START 4664 -10752 -6152 -32768 -12412 -6606 END
START 3772 -11700 -1732 -32768 -13713 -7098 END
START 3816 -11880 5192 -32768 -13747 -6743 END
START 4100 -11248 14160 -32768 -11858 -5980 END
START 4604 -11484 25388 -32768 -7914 -5620 END
START 5012 -12772 32767 -32768 -3227 -5770 END
START 4860 -14720 32767 -32768 1334 -6782 END
START 2412 -17124 32767 -32768 4291 -8363 END
START -1336 -18704 32767 -30335 3981 -9601 END
START -4620 -18852 32767 -20097 3218 -10191 END
START -7584 -16760 32767 -10591 4410 -8730 END
START -8992 -14036 32767 -4324 8205 -5516 END
START -8616 -11020 32767 -482 12083 -2061 END