START -18856 -6600 22516 20468 1769 3062 END
START -19420 -6368 22472 20564 702 4310 END
START -18692 -6232 22440 20849 755 6979 END
START -16268 -6220 19716 21278 1749 10649 END
START -14712 -5564 17600 21101 1743 13944 END
START -12664 -4884 14508 20720 1045 16298 END
START -10108 -3688 10788 19710 402 18059 END
START -8088 -3016 7128 18460 560 19090 END
START -5916 -3108 2020 16538 1458 19794 END
START -5180 -3884 -2476 12832 2403 21263 END
START -5204 -4252 -6792 7722 725 24239 END
START -4164 -5360 -9084 2773 -2591 28193 END
START -1588 -6308 -10248 -875 -5713 31403 END
START 1952 -7272 -11836 -3967 -7408 32307 END
START 5448 -7972 -12480 -8083 -8341 30385 END
START 7008 -8440 -11460 -12054 -9344 26885 END
START 7768 -9136 -9524 -14706 -10606 23442 END
START 7072 -9748 -7836 -16322 -13018 21588 END
START 6896 -10484 -6184 -17944 -15162 21402 END
START 6920 -11116 -4572 -20413 -15474 22231 END
START 8196 -11212 -2408 -24091 -13970 23434 END
START 10840 -10568 1296 -28080 -10683 23210 END
START 12852 -9136 5836 -30390 -6459 20814 END
START 13848 -7984 9848 -30840 -4284 17700 END
START 14932 -5976 13316 -30877 -4598 15025 END
START 17316 -3704 17184 -31004 -5717 12313 END
START 20008 -1684 21532 -31274 -5322 8635 END
START 21724 -556 25960 -31540 -2545 3636 END
START 20856 292 31176 -31320 1795 -1855 END
START 18244 -424 32767 -30020 5118 -6070 END
START 15388 -1000 32767 -27299 6112 -8803 END
START 13372 -2232 32767 -23490 4870 -10876 END
START 11460 -2956 32767 -18793 2307 -12902 END
START 8892 -3496 32767 -13794 -448 -14951 END
START 6076 -4176 32767 -9130 -1760 -16105 END
START 3440 -4172 32767 -4202 -1681 -15539 END
START 1332 -4236 32767 548 -498 -13840 END
START 236 -4572 32767 5043 954 -12185 END
START -1036 -4860 32767 9867 1966 -10684 END
START -1668 -5100 32767 15139 2110 -9161 END
START -1720 -5280 32767 20003 1432 -8231 END
START -1748 -5072 32767 24414 463 -8179 END
START -1740 -5328 32767 28145 -555 -8678 END
START -1884 -6076 32767 31352 -1415 -9037 END
START -1652 -6912 32767 32767 -1197 -9131 END
START -1376 -7796 32767 32767 290 -9146 END
START -1480 -8956 31360 32767 2352 -8726 END
START -1824 -9484 28492 32767 4128 -8016 END
START -2092 -10280 25776 32767 4912 -7242 END
START -1884 -10820 22316 32767 5010 -6535 END
START -1676 -10860 18516 32767 4882 -6334 END
START -1420 -10928 14244 32767 4713 -6298 END
START -1500 -10516 10756 32767 4688 -6257 END
START -1868 -9944 7856 32767 4574 -5232 END
START -1792 -8716 4788 32695 5046 -3520 END
START -1256 -7664 1632 30352 6131 -1596 END
START -992 -6900 -1972 27465 6918 343 END
START -1528 -6168 -4748 24572 6077 2626 END
START -1048 -5108 -7756 21523 3386 4781 END
START 208 -3916 -10444 18142 1686 5581 END
START 1940 -3204 -13008 15335 2457 4924 END
START 3008 -3144 -16020 12025 4275 3224 END
START 2624 -3692 -18552 8023 4608 1642 END
START 2128 -4748 -20128 4284 2650 1047 END
START 1572 -5620 -21016 563 -61 1226 END
START 1588 -5712 -21588 -3263 -2611 1660 END
START 1932 -5724 -21900 -8286 -3875 2174 END
START 2468 -5536 -21504 -14022 -2790 2434 END
START 2968 -5668 -20088 -19498 -1289 2330 END
START 3720 -6064 -18380 -24050 -1246 1765 END
START 4276 -7148 -16540 -28158 -2402 461 END
START 4488 -8188 -13772 -31316 -4388 -826 END
START 4468 -10132 -11220 -32768 -5980 -1782 END
START 4140 -12624 -7924 -32768 -7209 -2109 END
START 3792 -14144 -4760 -32768 -7363 -1644 END
START 3760 -16144 716 -32768 -5804 -919 END
START 3100 -16560 8168 -32768 -3890 -5 END
START 4040 -16296 16992 -32768 -2585 1769 END
START 6608 -15148 27868 -32768 -416 3589 END
START 8832 -13596 32767 -32768 3081 3585 END
START 9056 -12600 32767 -32768 7147 1063 END
START 7780 -12280 32767 -32768 9653 -3145 END
START 4756 -12712 32767 -32768 9404 -7404 END