START -8520 5656 19668 888 3686 -5221 END
START -9312 5792 20256 637 2984 -5066 END
START -9216 5340 19700 450 4319 -5055 END
START -10840 4256 21352 1392 5809 -5332 END
START -13068 2512 22124 2641 6871 -5576 END
START -16080 244 22916 4960 5738 -4834 END
START -18248 -1616 23416 8439 3195 -2707 END
START -19316 -3324 22372 12047 863 863 END
START -19492 -4072 20596 14867 -808 5228 END
START -18360 -4048 17320 16452 -1214 9897 END
START -16392 -3652 12656 16204 -1445 14317 END
START -13688 -2844 7280 13218 -2443 17400 END
START -11356 -2932 3732 9111 -2964 19392 END
START -10236 -2824 1772 5300 -3691 22010 END
START -9068 -4164 -316 1982 -5525 26272 END
START -7048 -5556 -2672 -1337 -7974 30532 END
START -3056 -7392 -4232 -5131 -9878 32767 END
START 1516 -7892 -4012 -8109 -10184 32402 END
START 5092 -7900 -4280 -9293 -10368 28507 END
START 6800 -8480 -5008 -10184 -13300 24221 END
START 7964 -9076 -4872 -11194 -18581 21745 END
START 9808 -8892 -4388 -12534 -21690 21041 END
START 11800 -8404 -4316 -15221 -20388 21026 END
START 13580 -7888 -3628 -19825 -15589 21352 END
START 15896 -7432 -876 -24540 -8660 19820 END
START 17528 -6632 2652 -26636 -3426 15665 END
START 17752 -6156 5980 -27237 -1750 10590 END
START 17428 -5540 9320 -27286 -3202 6089 END
START 18012 -4508 13112 -27112 -5243 2590 END
START 18668 -3172 16716 -27567 -5851 577 END
START 19760 -2904 21220 -29339 -3181 -1721 END
START 19432 -2764 28152 -31455 2578 -5282 END
START 18296 -3588 32767 -31738 8867 -9161 END
START 15976 -4976 32767 -28752 12026 -13236 END
START 12872 -6648 32767 -22802 9759 -16700 END
START 9608 -8284 32767 -15930 4417 -19227 END
START 6568 -8852 32767 -9202 -488 -20579 END
START 3816 -8596 32767 -3287 -2526 -20751 END
START 1364 -8348 32767 1410 -457 -19323 END
START -528 -8212 32767 4831 3617 -17269 END
START -2352 -8428 32767 8490 7241 -14948 END
START -3368 -9236 32767 13114 8605 -12963 END
START -3984 -10096 32767 18325 7995 -11885 END
START -4656 -11084 32767 24121 6454 -11669 END
START -5356 -11916 32767 29277 4863 -11676 END
START -6156 -12892 32767 32767 3809 -11021 END
START -5992 -13640 32767 32767 4246 -9675 END
START -6044 -13800 32224 32767 6076 -7779 END
START -5824 -13748 27896 32767 8271 -5797 END
START -5568 -13872 24068 32767 9921 -4079 END
START -5444 -13356 19992 32767 10021 -2844 END
START -4812 -12748 15796 32767 9352 -2025 END
START -4128 -12048 11196 32767 8726 -1736 END
START -3976 -10848 7228 32767 8051 -1064 END
START -3460 -9792 3308 32767 7833 108 END
START -2760 -8804 -360 32767 8289 1170 END
START -2108 -7556 -3620 30040 8866 2537 END
START -1100 -6420 -7432 27227 9774 4288 END
START 608 -5908 -11380 24294 9900 5724 END
START 2572 -5804 -14824 21135 8786 5947 END
START 4324 -5268 -18288 18002 6686 4481 END
START 5232 -6060 -21064 15354 3863 1697 END
START 5232 -7212 -24200 12796 712 -930 END
START 5116 -7776 -26576 9331 -1740 -2186 END
START 4704 -8092 -29504 3937 -3455 -1863 END
START 4696 -7276 -30512 -3459 -3727 -569 END
START 4904 -6592 -29956 -11567 -2094 844 END
START 5612 -6436 -28648 -19306 52 1583 END
START 6380 -6312 -26596 -25641 800 1001 END
START 7360 -7072 -23696 -30896 -722 -1035 END
START 7788 -8608 -20464 -32768 -4169 -4128 END
START 7824 -11384 -16964 -32768 -8254 -7558 END
START 7580 -14812 -12532 -32768 -11360 -9865 END
START 6592 -17580 -6776 -32768 -12971 -10233 END
START 5500 -19416 960 -32768 -12731 -9263 END
START 4748 -20336 13068 -32768 -10696 -7219 END
START 5236 -21140 28668 -32768 -7923 -4796 END
START 6124 -22324 32767 -32768 -5043 -3483 END
START 6796 -23628 32767 -32768 -2297 -4195 END
START 5196 -24592 32767 -32768 9 -7431 END
START 988 -23348 32767 -32768 1723 -10736 END
START -3616 -22660 32767 -24477 3203 -11855 END
START -7952 -19792 32767 -15807 5207 -9576 END