START -17724 -3304 19416 11450 7149 -3556 END
START -17832 -3344 18680 11067 6363 -2500 END
START -17708 -4076 18836 9957 7382 -409 END
START -17728 -5632 17300 7883 10708 2046 END
START -18756 -6368 16124 5205 13001 5452 END
START -19368 -7496 15756 3698 12024 10258 END
START -19304 -7504 15164 3901 7797 16451 END
START -17408 -8172 14148 5258 2606 22073 END
START -15060 -8184 12276 7014 -1628 26360 END
START -12288 -8224 9296 8371 -4315 29488 END
START -9668 -7904 6036 7976 -4830 31360 END
START -7616 -7300 3152 5826 -4293 32534 END
START -5880 -7828 396 2675 -3915 32767 END
START -4232 -7764 -1056 -777 -4733 32767 END
START -2080 -8588 -2068 -3890 -7274 32767 END
START 184 -8784 -2280 -5948 -11069 32767 END
START 3088 -9116 -2968 -7512 -14942 32767 END
START 5596 -9088 -3032 -9380 -17767 32323 END
START 7364 -8448 -2796 -10673 -18623 29307 END
START 7864 -8280 -2444 -11804 -18566 27170 END
START 8620 -8008 -1860 -13356 -18827 26789 END
START 10480 -7304 -1428 -15959 -18338 27369 END
START 13520 -6428 -28 -19147 -16186 26702 END
START 15964 -5368 2156 -22018 -12833 23475 END
START 17364 -4132 5240 -23611 -10456 17842 END
START 17240 -3140 8472 -23846 -9832 12007 END
START 16956 -1920 11356 -23065 -10987 7971 END
START 17872 -928 13756 -22367 -12364 5322 END
START 18924 136 16028 -22793 -12026 2989 END
START 20252 268 19008 -25105 -10116 494 END
START 20588 -312 24372 -27882 -5863 -2399 END
START 20740 -720 30876 -28503 -330 -6955 END
START 19216 -1876 32767 -26139 4351 -12671 END
START 15176 -3932 32767 -22173 5755 -17484 END
START 10876 -5384 32767 -17240 2444 -19498 END
START 8464 -5808 32767 -11100 -3083 -19348 END
START 7512 -5748 32767 -5532 -6183 -19323 END
START 6220 -6060 32767 -1697 -5318 -19677 END
START 4052 -6148 32767 1580 -2651 -19253 END
START 2368 -6104 32767 5335 640 -17888 END
START 1180 -6204 32767 9343 3521 -16231 END
START 444 -6380 32767 13595 5589 -14833 END
START -272 -6792 32767 17216 6637 -14049 END
START -952 -7544 32767 20380 7718 -13388 END
START -1008 -8392 32767 22519 10835 -12577 END
START -1320 -11200 32767 23756 18096 -12188 END
START -4764 -13736 32767 26286 24930 -12299 END
START -8484 -16128 32767 32639 23495 -11156 END
START -10032 -17556 32388 32767 16485 -8373 END
START -8708 -17160 25848 32767 9679 -5452 END
START -6176 -15544 18356 32767 6820 -3799 END
START -4416 -13268 12216 32767 7404 -2809 END
START -3160 -10544 6640 32767 9394 -1600 END
START -1912 -7472 1072 32767 12106 41 END
START -476 -4952 -4556 32767 14880 1556 END
START 196 -3036 -8948 30999 15855 2342 END
START 524 -1624 -11820 25999 14078 2671 END
START 836 -416 -12984 21619 9332 2680 END
START 1872 8 -13260 18391 4021 2222 END
START 3192 300 -13364 15788 187 911 END
START 4596 -652 -13348 13229 -1153 -863 END
START 5236 -1492 -13692 9717 -674 -2872 END
START 5264 -2624 -14564 5778 200 -3953 END
START 4812 -3728 -14784 2042 491 -3815 END
START 4528 -4564 -15276 -1685 -266 -2851 END
START 4568 -4612 -15408 -5902 -1450 -1462 END
START 5396 -4888 -15296 -10522 -2046 -308 END
START 5352 -5004 -15028 -15311 -1645 136 END
START 5572 -5016 -13992 -19957 -1383 249 END
START 5556 -5516 -12968 -24434 -1542 -142 END
START 5168 -6072 -11540 -28685 -2340 -593 END
START 5168 -6968 -9968 -32437 -3622 -840 END