START 17684 -1332 17212 -2671 -1016 4157 END
START 13804 -136 21412 -2593 -1788 3658 END
START 17064 -628 17716 -2320 -2596 1885 END
START 16900 72 18552 -1955 -3012 -1031 END
START 16772 540 18656 -1528 -2746 -4252 END
START 16244 796 18720 -903 -2170 -7172 END
START 15528 868 18180 49 -1365 -9449 END
START 14448 800 17812 297 44 -11542 END
START 13388 196 17752 414 1638 -13136 END
START 11464 -244 17208 818 2816 -14027 END
START 9668 -268 16752 524 2991 -14261 END
START 7632 92 16736 117 2576 -14359 END
START 5968 356 16968 -38 1774 -14303 END
START 5568 276 17028 -378 1783 -14278 END
START 4596 116 17184 -879 2627 -14766 END
START 3352 -52 17180 -1261 3150 -15588 END
START 1832 -576 16884 -1491 3040 -16181 END
START -300 -632 16532 -1616 1579 -16477 END
START -2216 -188 15844 -1759 -1206 -16762 END
START -3748 392 15536 -1887 -3752 -17059 END
START -5028 452 15676 -2165 -4706 -17228 END
START -6860 468 16052 -2658 -3167 -17087 END
START -8616 52 16276 -3056 -737 -16052 END
START -10020 -640 15860 -3475 440 -14229 END
START -11304 -1360 16108 -3782 344 -11883 END
START -11528 -1900 16776 -3964 359 -9467 END
START -11460 -2200 17992 -3996 158 -7339 END
START -10644 -2116 19644 -3336 144 -5940 END
START -9988 -1808 20796 -2349 320 -5279 END
START -9012 -1832 21948 -960 -286 -4807 END
START -8332 -1592 23184 743 -1611 -4088 END
START -7076 -1240 23868 2071 -2110 -3240 END
START -6056 -956 24784 3185 -1815 -2370 END
START -5124 -916 25164 4434 -1116 -1528 END
START -4532 -976 25296 5591 -291 -969 END
START -4400 -792 25376 6783 496 -741 END
START -4992 -456 24952 8160 129 -782 END
START -5788 -852 24496 10256 -3288 -1080 END
START -5220 -744 23576 12427 -7411 -1530 END
START -4520 -340 23352 13241 -8321 -1959 END
START -4256 172 23148 13713 -6183 -1524 END
START -4476 360 22504 13997 -3289 -172 END
START -4376 560 21412 14024 -770 1790 END
START -4152 680 19860 14005 1006 3497 END
START -4244 1132 18592 13394 1616 4719 END
START -3916 1740 18012 12822 1544 5653 END
START -3744 2100 17144 12793 1399 6095 END
START -3832 2584 16120 12580 1356 6325 END
START -3748 3024 15496 12121 1480 6552 END
START -3892 3252 14676 11586 1697 7157 END
START -3596 3224 13796 11072 2095 8197 END
START -3384 3140 13292 10519 2532 9087 END
START -3040 3144 12576 9868 2454 10167 END
START -2528 3440 12208 9002 2449 11278 END
START -2116 3396 11956 8356 2602 12492 END
START -1332 3488 11716 8043 2769 13212 END
START -704 3512 11244 7605 3024 13492 END
START -352 3604 10980 7213 3027 13469 END
START -172 3668 10336 7002 3060 13795 END
START 140 3676 9672 6458 3007 14182 END
START 448 3608 9304 5697 2928 14852 END
START 716 3776 8996 5147 2813 15252 END
START 1564 3644 8524 4543 3053 15409 END
START 2332 3528 8328 3594 3576 15634 END
START 3344 3156 8312 2611 4155 15961 END
START 3736 3196 8260 1668 4736 16068 END
START 3756 2992 8116 896 5343 16034 END
START 3280 2964 7744 187 6087 15798 END
START 2796 2752 7436 -613 6036 15437 END
START 2572 2572 6756 -1313 4924 15354 END
START 3356 1756 6888 -2308 2892 15609 END
START 4800 1612 7180 -3548 1435 16386 END
START 6152 1552 7968 -4607 784 16621 END
START 6844 1880 8904 -5441 1168 16100 END
START 7188 2196 9296 -5689 2804 14799 END
START 6812 2020 9512 -6030 4742 13409 END
START 6260 1272 9224 -6627 5277 12400 END
START 6064 956 9324 -7144 4198 11989 END
START 6208 824 10068 -7808 2428 11615 END
START 6248 884 11000 -8170 1144 11184 END
START 6280 1024 11672 -8237 1204 10857 END
START 5960 980 11416 -8416 2213 10359 END
START 5376 464 11392 -9201 3297 10031 END
START 5680 -352 12048 -10316 3165 10380 END
START 6416 -596 13140 -11004 2201 11324 END
START 7560 -448 14244 -11598 2062 11800 END
START 8408 -176 14732 -12163 2884 11173 END
START 8264 144 14916 -12717 4295 9444 END
START 7280 -572 15312 -12906 4260 7434 END
START 7132 -1684 15796 -13052 2553 6310 END
START 8424 -2540 16720 -13227 889 5868 END
START 9844 -3088 17428 -13416 35 5494 END
START 11068 -3428 18392 -13661 187 4691 END
START 11572 -3788 19148 -13769 1013 3179 END
START 11256 -4220 20016 -13548 1528 1549 END
START 11720 -5312 20704 -13159 1607 49 END
START 11984 -5948 21540 -12692 1523 -1265 END
START 12752 -6496 21664 -11971 1709 -2543 END
START 13180 -6652 21648 -11218 1947 -3902 END
START 13628 -6556 21920 -10735 2479 -5235 END
START 13452 -6248 22720 -10666 3687 -6785 END
START 12780 -6448 23172 -10177 5288 -8663 END
START 12032 -6880 23184 -9154 6366 -10452 END
START 11160 -7248 22560 -8152 6512 -12353 END
START 9976 -6560 22564 -7501 5745 -13814 END
START 9000 -6012 22900 -6888 5227 -15405 END
START 7268 -5560 23756 -6098 5415 -17025 END
START 5588 -5536 24240 -4713 5745 -18207 END
START 3772 -5480 24600 -3503 6248 -18932 END
START 1164 -5644 25080 -1889 6709 -18815 END
START -1392 -4840 25532 17 6984 -17391 END