START 12268 -5068 18284 -5576 -5491 6788 END
START 8832 -4164 21360 -5564 -5271 6498 END
START 13104 -4424 17804 -5361 -5640 6003 END
START 15144 -4020 19680 -4220 -4501 3900 END
START 16896 -3012 20268 -2675 -2798 441 END
START 16920 -2860 20144 -1678 -2355 -3576 END
START 16756 -2672 20028 -399 -3950 -6839 END
START 16872 -2372 19816 680 -5021 -9443 END
START 16252 -2012 19612 1146 -4061 -11768 END
START 14864 -1900 19036 1409 -1936 -13978 END
START 13508 -2024 18324 1388 155 -15900 END
START 11484 -2220 17660 1258 2173 -17332 END
START 9544 -2752 17396 865 3571 -18138 END
START 7532 -3364 17272 710 5076 -18608 END
START 5060 -3560 17180 785 6061 -19302 END
START 1776 -2524 16548 922 5736 -19762 END
START -1268 -1228 15816 718 4410 -19683 END
START -3980 -592 15292 373 2753 -19070 END
START -6408 -468 14788 -422 1915 -17951 END
START -8636 -968 14712 -1294 1924 -16369 END
START -10060 -1264 15252 -1669 3434 -14994 END
START -11892 -1880 15252 -2015 4091 -13747 END
START -13244 -2452 15776 -1813 2493 -12383 END
START -14020 -2700 16276 -1487 707 -10514 END
START -14068 -2872 17560 -1491 -468 -7876 END
START -13132 -2564 18708 -1548 -664 -4788 END
START -11508 -2336 20416 -1338 -501 -2264 END
START -9052 -1760 21956 -497 -162 -670 END
START -6816 -1400 23552 604 298 -210 END
START -4636 -1208 25048 2222 475 -561 END
START -3320 -780 25880 4141 427 -1562 END
START -2992 -448 26332 5683 445 -2961 END
START -3312 -460 26804 7241 833 -3536 END
START -4148 -764 26736 8576 1910 -3286 END
START -4844 -936 26228 9625 3204 -2595 END
START -5972 -1000 25600 10493 3995 -1980 END
START -6780 -904 24712 11317 3492 -1339 END
START -7288 -664 24068 12350 2622 -716 END
START -7660 -664 23072 12943 2370 104 END
START -7892 -588 22064 13077 2103 1235 END
START -7692 -692 21040 13226 1702 2472 END
START -7208 -536 20084 13316 1270 3688 END
START -6880 -24 19268 13547 1147 4556 END
START -6736 536 18228 13686 1266 5146 END
START -6564 872 17388 13668 1553 5600 END
START -6716 928 16088 13767 1646 6205 END
START -7144 1072 14908 13644 1259 6976 END
START -7272 1368 13392 13126 364 8061 END
START -7028 1716 12440 12499 -532 9016 END
START -6720 2016 11808 12022 -985 9950 END
START -6024 2076 10892 11331 -1291 10775 END
START -5160 2536 10064 10388 -1656 11582 END
START -4584 2856 9948 9560 -1664 12458 END
START -4068 3112 9784 8838 -1566 13356 END
START -3100 3232 9664 8350 -1380 14178 END
START -1916 3136 9332 7795 -1051 14675 END
START -1056 3056 8880 7111 -619 14916 END
START -592 3124 8444 6589 8 15129 END
START -360 3104 8100 5938 181 15376 END
START 152 3072 7964 5064 492 15564 END
START 544 3040 7568 4314 856 15621 END
START 644 2892 7308 3488 652 15578 END
START 1180 2532 7184 2747 464 15784 END
START 1508 2348 7064 2060 645 16080 END
START 2060 2180 6560 1153 554 16480 END
START 2456 2324 6688 277 148 16841 END
START 2820 2800 6776 -512 218 16987 END
START 2792 2720 6688 -1118 667 16797 END
START 2480 2680 6300 -1779 290 16516 END
START 2900 2084 6192 -2642 -1238 16542 END
START 4304 1484 7000 -3349 -3020 17212 END
START 5796 1440 7644 -4144 -3471 17965 END
START 7072 1676 8356 -5088 -2050 18393 END
START 6908 2392 8868 -6022 -466 18142 END
START 6180 3184 8904 -6565 -213 17149 END
START 6460 3052 9000 -6785 -1197 15747 END
START 7876 2496 9316 -7412 -3338 15067 END
START 9792 2200 9740 -8213 -4609 14396 END
START 10952 1736 10592 -8780 -4528 13284 END
START 11044 1600 11008 -9252 -3152 11980 END
START 10176 1828 10888 -9924 -1513 10371 END
START 8972 1608 10588 -10613 -1160 8794 END
START 8748 736 10964 -11164 -2877 8295 END
START 10040 264 11740 -11501 -4911 8089 END
START 11092 -152 12680 -12218 -5045 7477 END
START 11300 -520 13908 -12661 -3627 6829 END
START 10848 -544 14516 -12994 -963 6839 END
START 10228 -708 15060 -14026 1610 6973 END
START 10536 -1492 16212 -14426 2109 6937 END
START 11816 -1720 17620 -14264 1741 6643 END
START 12860 -2056 18272 -14031 2162 5283 END
START 12948 -2492 18560 -13563 2964 3195 END
START 12360 -2676 18588 -13204 3483 1459 END
START 11288 -2912 18792 -13145 3376 -315 END
START 10816 -3556 19528 -12845 2263 -1281 END
START 11156 -4192 20328 -12478 1797 -1731 END
START 11652 -4744 20624 -12060 2638 -2244 END
START 11444 -5592 20484 -11615 3937 -2944 END
START 10916 -6148 20292 -11097 4953 -3585 END
START 10472 -6008 20556 -10649 5415 -3851 END
START 9948 -5944 20820 -10236 5889 -4601 END
START 9696 -6300 21120 -9770 6360 -5985 END
START 9288 -7004 21140 -8937 6450 -7483 END
START 8548 -7516 20568 -8143 6283 -8857 END
START 7080 -7384 20112 -7420 5870 -9409 END
START 5840 -6360 20256 -7097 5803 -9179 END
START 5184 -5852 20608 -7098 6606 -8887 END
START 4092 -5576 20800 -7023 7370 -9061 END
START 3148 -6024 20464 -6494 7278 -9568 END
START 2152 -5844 20524 -5968 6393 -10284 END
START 1412 -5476 21076 -4864 5547 -11009 END
START 636 -4800 21888 -3948 5335 -11365 END
START -84 -4484 23196 -3319 6309 -11077 END
START -492 -4680 24716 -2375 8048 -10054 END
START -480 -4992 25616 -1139 10167 -8879 END