START 3028 -1204 20088 -1562 -1193 774 END
START 3772 52 13044 -1786 -200 247 END
START 6664 -1676 13504 -1911 -1770 133 END
START 5312 -1972 18712 -1828 -3502 -225 END
START 7240 -2740 19160 -1321 -5088 -546 END
START 8944 -2460 20324 -528 -5485 -1149 END
START 10800 -2460 20584 -174 -4658 -2341 END
START 11692 -2528 20972 -300 -3816 -3619 END
START 12372 -2776 21940 165 -3008 -4836 END
START 12824 -2800 22404 1339 -2132 -6263 END
START 12596 -3332 21640 2195 -1764 -7785 END
START 11968 -3364 20876 2618 -1925 -9123 END
START 10860 -3240 20264 2975 -2038 -10477 END
START 9884 -2944 19388 3052 -1659 -11772 END
START 8500 -2500 18812 2813 -373 -12895 END
START 7092 -1976 18280 2602 1395 -13861 END
START 4752 -1556 17284 2397 2339 -15158 END
START 1724 -1168 16016 1991 2254 -16378 END
START -1368 -748 15284 1397 1863 -16962 END
START -4892 -808 14572 598 1675 -16722 END
START -8248 -1204 14416 -259 1772 -15562 END
START -10888 -1856 14984 -894 2654 -13729 END
START -13120 -2256 15940 -804 3666 -11400 END
START -14472 -2608 16340 -187 3668 -9015 END
START -14856 -2660 16368 635 2779 -7046 END
START -14744 -2328 16268 1259 1121 -5298 END
START -14076 -1712 16108 1987 -424 -3660 END
START -12880 -876 15704 2344 -1407 -2356 END
START -11320 -48 15276 2564 -1895 -1342 END
START -9472 632 15068 2401 -2479 -473 END
START -7448 1056 15068 2173 -3405 203 END
START -5428 1340 15084 1667 -4255 775 END
START -2720 1584 15880 1163 -3978 984 END
START -548 1400 16912 483 -3160 979 END
START 1352 1448 18828 283 -2645 1058 END
START 3236 1368 20360 476 -1007 693 END
START 3796 1196 21908 870 951 19 END
START 3764 1216 22976 1821 2316 -796 END
START 2880 1436 23336 3063 2913 -1774 END
START 1688 1256 23440 3982 3114 -2537 END
START 588 508 23356 4417 3229 -2910 END
START -364 -12 23660 4510 3203 -2754 END
START -1228 -468 24368 4944 3414 -2641 END
START -2380 -864 24684 6011 3341 -2364 END
START -3180 -1096 24316 6808 3061 -2166 END
START -4488 -1380 23996 7556 2265 -1665 END
START -5152 -1384 23832 8669 1652 -899 END
START -5436 -1256 22968 9401 1833 -178 END
START -5900 -1212 22136 9133 2237 545 END
START -6480 -680 21988 9442 2404 1225 END
START -7004 -320 21472 10415 2071 2165 END
START -7260 36 20572 11348 1855 3328 END
START -7264 332 19820 11946 1790 4401 END
START -7172 932 19136 12584 1742 5582 END
START -6540 1596 18340 13085 1897 6285 END
START -6128 1892 17192 13082 1972 6365 END
START -6052 2220 16264 12791 1290 6347 END
START -6144 3008 15348 12761 330 6545 END
START -6172 3044 14856 12412 -305 6856 END
START -5920 3112 14152 12291 -809 7636 END
START -5308 3212 13720 11991 -709 8566 END
START -4668 3588 13328 11282 170 9319 END
START -4340 3660 12940 10756 937 9915 END
START -4036 3776 12200 10188 1030 10311 END
START -4016 3848 11372 9579 829 10683 END
START -4132 3980 10668 8816 748 11097 END
START -4104 3800 10072 8202 678 11532 END
START -4100 3476 9296 7690 425 12092 END
START -4028 3560 8328 6910 -188 12926 END
START -3808 3752 8112 6128 -604 13663 END
START -3372 3784 7636 5219 -889 14223 END
START -3028 3780 7148 4436 -1922 14814 END
START -1752 3656 6924 3526 -2769 15115 END
START -732 3332 7044 2665 -3171 15181 END
START 396 2972 7152 2132 -3324 15137 END
START 1576 2660 6904 1662 -2759 14940 END
START 2188 2000 6528 995 -2260 14847 END
START 2416 1908 6072 251 -1873 14889 END
START 2580 1684 5468 -554 -1209 15050 END
START 2236 1352 5148 -1290 -1406 15396 END
START 3220 1168 5376 -2182 -2178 15845 END
START 4516 1048 5744 -3012 -2624 15980 END
START 5720 904 6284 -3829 -2410 15963 END
START 6364 660 6832 -4272 -2022 15877 END
START 6648 536 6692 -4683 -1178 15309 END
START 5852 276 6348 -5375 -531 14649 END
START 5300 616 6212 -6266 -1297 14540 END
START 5988 748 6788 -7079 -2253 14757 END
START 7744 884 8008 -8193 -2072 15043 END
START 8988 960 8812 -9044 -673 14548 END
START 9592 976 8968 -9701 1108 13548 END
START 8528 1176 8156 -10568 2294 11965 END
START 7264 896 7624 -11640 1982 10438 END
START 7216 36 8408 -12373 170 9824 END
START 8708 -680 10184 -13349 -635 9831 END
START 10080 -1120 11372 -13912 162 9730 END
START 10024 -788 11336 -14561 1719 8973 END
START 9060 -664 11044 -15470 2833 7618 END
START 8972 -1560 11628 -16749 1928 7099 END
START 11048 -2356 14004 -18031 539 7130 END
START 13408 -2564 16612 -18359 1653 6277 END
START 13964 -3400 17788 -18291 3721 4447 END
START 13180 -4264 18028 -18174 4494 2736 END
START 12900 -5716 19156 -18116 4495 1591 END
START 13372 -6652 21216 -17772 4820 797 END
START 13788 -7164 22376 -17308 5915 -10 END
START 13680 -7360 23000 -17057 6898 -990 END
START 13652 -7444 23928 -16202 7630 -2711 END
START 13544 -8136 24876 -14729 7865 -5320 END
START 12700 -8692 25116 -13143 7008 -7519 END
START 12016 -9264 25688 -11879 6762 -9303 END
START 10924 -9556 26172 -10463 7206 -10658 END
START 9836 -9684 26712 -9232 7774 -11507 END
START 9516 -9796 26988 -7861 8760 -12214 END
START 9292 -9536 27200 -6378 9554 -13407 END
START 8612 -9432 27132 -4760 10377 -15005 END
START 7304 -9296 26640 -3159 10908 -16398 END
START 5604 -8900 26336 -1526 10930 -17302 END
START 3784 -8592 25572 -143 11321 -17676 END
START 1832 -8008 24504 1006 11224 -17459 END
START 184 -7016 23232 1832 10486 -17086 END
START -1552 -5960 22300 2460 9382 -16772 END
START -3056 -4872 21604 3163 8363 -16421 END
START -4588 -4332 20884 3583 7768 -15894 END
START -6368 -3796 19936 4053 6648 -14778 END
START -7036 -3492 19184 4188 4988 -13416 END
START -7128 -2488 18712 4360 4920 -12866 END
START -7656 -1836 17956 4922 5025 -12880 END
START -8984 -1692 17452 5860 4120 -12763 END
START -9908 -1960 16828 6069 3422 -12151 END
START -10496 -2188 16684 6132 2531 -10758 END
START -11028 -2200 16260 6350 1595 -8808 END
START -10792 -2148 16080 6757 339 -6648 END