START 13340 152 15032 -1950 -1282 2652 END
START 6912 2100 20980 -2308 -900 1278 END
START 10356 1756 20324 -2369 -106 -371 END
START 12068 1624 20888 -2443 701 -2682 END
START 12840 1568 20808 -2110 1261 -5532 END
START 13584 1176 21056 -1432 597 -8560 END
START 14364 840 20864 -455 -976 -11901 END
START 14528 668 20104 1091 -2810 -15471 END
START 13956 632 18884 2437 -4824 -19108 END
START 13040 492 17276 2825 -6414 -22349 END
START 11496 320 16664 1999 -7025 -24812 END
START 9492 -268 16228 754 -6435 -25690 END
START 7192 -1096 16480 -581 -5733 -25119 END
START 4776 -1692 17452 -1416 -5658 -23693 END
START 2532 -2348 18484 -1276 -6101 -22401 END
START 860 -2936 19352 -810 -6039 -21723 END
START -1196 -3956 19948 -667 -5234 -21545 END
START -3548 -4720 20648 -264 -4343 -21765 END
START -6204 -5936 20896 261 -3136 -21619 END
START -8744 -7268 20984 351 -1684 -21103 END
START -11268 -8524 20904 435 321 -19510 END
START -13856 -9348 20800 612 1710 -16947 END
START -15264 -9360 20572 1148 2346 -13593 END
START -15708 -8988 19968 1732 2494 -10089 END
START -15432 -8352 19336 1948 2416 -6901 END
START -14392 -6800 19612 2172 2272 -4332 END
START -12768 -5100 19660 2544 2487 -2531 END
START -10928 -3332 20176 2868 2741 -1215 END
START -9464 -1780 20660 3350 3215 -396 END
START -8344 -372 20864 4113 3672 -76 END
START -7704 448 21180 4845 4127 -225 END
START -7100 700 21456 5609 4928 -842 END
START -7312 460 21880 6517 5404 -1388 END
START -7792 188 22028 7660 5369 -1661 END
START -8412 -44 22180 8845 4837 -1676 END
START -9064 -468 22164 9994 4221 -1080 END
START -9388 -584 21804 11020 3862 -91 END
START -9324 -776 21108 11665 3812 1175 END
START -9168 -776 20132 11896 4151 2816 END
START -8848 -556 19324 11782 4761 4392 END
START -8664 -216 18256 11674 5150 6046 END
START -8212 -28 17196 11537 5401 7490 END
START -8176 264 15972 11199 5820 8656 END
START -8248 400 15128 10779 6355 9688 END
START -8324 300 13744 10387 6616 10663 END
START -8368 128 12524 10022 6268 11407 END
START -8516 112 11016 9479 5528 12097 END
START -8480 72 9940 8787 4436 13013 END
START -8740 512 8964 8054 2853 14246 END
START -8064 524 8172 7216 1312 15759 END
START -7124 764 7340 5963 691 17439 END
START -5932 940 6768 4309 1063 18897 END
START -4720 1312 6516 2490 1925 19905 END
START -3968 1316 5744 968 2072 20322 END
START -3048 1292 5612 -242 770 20513 END
START -1880 1576 5644 -1217 -1174 20682 END
START 52 1672 5724 -2092 -2466 20520 END
START 1792 1892 5836 -3052 -2519 19969 END
START 3000 1716 5116 -4253 -1768 19065 END
START 3524 1224 4900 -5697 -1143 18153 END
START 3652 724 4568 -7119 -786 17328 END
START 3824 416 3936 -8410 -940 16630 END
START 4400 196 4428 -10127 -1858 16056 END
START 5420 12 5516 -11517 -2853 15834 END
START 6928 340 6304 -12309 -2963 15745 END
START 8216 360 6956 -13271 -2024 15256 END
START 8808 364 7228 -14645 -782 14332 END
START 9184 84 7340 -15905 131 13104 END
START 8988 96 7916 -17013 126 11600 END
START 8984 120 8804 -17977 -603 10414 END
START 9504 -64 10116 -18433 -1739 9240 END
START 10160 -160 11288 -18878 -2410 8349 END
START 10984 -308 12756 -19745 -1987 7295 END
START 11748 -224 14960 -20608 -821 5804 END
START 12192 -640 17276 -20480 512 3878 END
START 12484 -904 19568 -19694 1179 1469 END
START 12632 -1324 21616 -18311 1196 -1213 END
START 12560 -2204 23296 -16625 676 -4112 END
START 12484 -3584 25084 -15640 795 -6390 END
START 11744 -4820 27100 -14623 1626 -8091 END
START 11008 -5648 29208 -13048 2823 -9080 END
START 10456 -5964 30252 -10866 4142 -9914 END
START 10224 -5672 30272 -8572 5129 -11021 END
START 10332 -5032 29780 -6422 5316 -12622 END
START 10212 -3932 29136 -4402 4530 -14780 END
START 9816 -2852 28152 -2341 2977 -17840 END
START 9016 -2188 26900 -414 801 -21599 END
START 7800 -2588 25840 870 -851 -25304 END
START 5700 -3228 25020 1399 -653 -28128 END