START 3704 60 15336 -1837 -4430 9370 END
START 3616 2432 10688 -2000 -5210 9597 END
START 5264 1860 14144 -2737 -3839 8916 END
START 8520 2572 15784 -3600 -795 6225 END
START 9932 2932 16216 -4425 1114 2510 END
START 10672 2576 16564 -4012 -805 -987 END
START 11556 2284 17096 -1585 -6443 -3935 END
START 14408 2164 16796 581 -11031 -6479 END
START 16548 1576 16604 67 -10746 -9094 END
START 17036 920 17180 -1381 -8156 -10606 END
START 16824 108 18108 -2414 -5049 -11458 END
START 15812 -860 18556 -2785 -3234 -12320 END
START 14548 -1616 18816 -2255 -3631 -13557 END
START 13072 -1884 19028 -1487 -4177 -15554 END
START 11012 -1864 18748 -493 -4540 -18436 END
START 9036 -1952 18584 39 -4691 -21903 END
START 5624 -2240 18624 236 -3582 -25259 END
START 212 -3884 18648 643 -2659 -26943 END
START -4840 -5260 18116 413 -2577 -25947 END
START -8392 -6388 18400 -217 -1995 -23144 END
START -10908 -7544 18648 -665 -762 -19618 END
START -12552 -8328 18788 -1005 -473 -16082 END
START -12896 -8164 19096 -746 -819 -13622 END
START -12572 -7688 19440 -106 -937 -12030 END
START -12308 -6456 19456 691 -1055 -10875 END
START -11500 -5324 19284 1404 -1340 -9736 END
START -10388 -4484 18836 1827 -1854 -8448 END
START -9676 -3764 18924 1880 -1159 -6328 END
START -8212 -2932 19196 1178 1031 -3966 END
START -6940 -1892 19920 911 2393 -2496 END
START -5488 -1368 20628 1186 2965 -1731 END
START -3748 -436 21704 1896 3409 -1915 END
START -2860 64 22340 3022 3785 -2828 END
START -2752 4 22500 3805 4134 -3786 END
START -3164 -64 22760 4130 4414 -4284 END
START -4404 -20 23652 4678 4918 -4233 END
START -5652 -380 24060 5649 5080 -3748 END
START -6636 -572 24248 6702 5266 -3057 END
START -7252 -1064 24132 7388 5329 -2245 END
START -7836 -1744 24104 7833 5129 -1291 END
START -8504 -2256 24616 8485 4496 -505 END
START -9060 -2352 24912 9924 3360 324 END
START -8552 -2316 24728 11294 3199 1167 END
START -8284 -2608 24084 12303 3696 1505 END
START -8236 -2864 23704 13240 3773 1792 END
START -8140 -2684 22840 14322 3935 2323 END
START -8232 -2916 21248 15487 4361 2958 END
START -8192 -2712 19596 15972 4871 3688 END
START -8548 -2876 17712 16165 5656 4732 END
START -9064 -2824 15976 16150 6845 6460 END
START -9304 -2704 13960 15980 7455 8410 END
START -9284 -2764 11428 15443 7419 10354 END
START -9080 -2068 9328 14490 6629 12230 END
START -8896 -1676 6356 13389 5516 13619 END
START -8576 -1324 3780 11996 4428 14469 END
START -8548 -1096 496 10392 3302 15253 END
START -7948 -1324 -2968 8249 2191 16468 END
START -6444 -1736 -6384 5559 618 17892 END
START -5096 -2460 -8628 2557 -1250 19168 END
START -3316 -3692 -9752 -800 -3465 20296 END
START -1544 -4260 -9736 -3534 -5571 21156 END
START 1040 -4652 -9176 -6343 -6539 21692 END
START 3060 -5044 -8432 -8924 -6773 21895 END
START 5252 -5352 -7320 -11268 -7148 22142 END
START 7392 -5212 -6156 -14021 -6689 22272 END
START 9672 -4572 -3792 -17075 -6200 22438 END
START 12072 -3964 -1492 -19732 -5021 22364 END
START 14912 -3164 1740 -22355 -2799 21670 END
START 17292 -2440 5692 -24723 -790 20400 END
START 19084 -1392 10616 -26201 1579 17829 END
START 19600 -320 15828 -26873 4215 13980 END
START 18928 -192 20804 -27101 6063 9469 END
START 17912 200 25184 -25960 6265 6084 END
START 16632 -196 27916 -24397 6800 3018 END
START 15624 -208 29876 -22806 7153 138 END
START 14848 -332 30944 -20538 6289 -2536 END
START 15084 516 31736 -18320 4382 -5094 END
START 15992 956 32480 -16388 3364 -7505 END
START 16168 2144 32232 -14647 3750 -9959 END
START 15696 2064 31856 -13859 4947 -12799 END
START 14356 1384 31652 -12490 4731 -16142 END
START 12964 984 30776 -9771 2406 -19687 END
START 11460 144 28616 -7171 85 -22942 END
START 9768 -1756 26560 -6034 -380 -25226 END
START 6940 -3652 25364 -6454 1284 -25562 END
START 4600 -5252 25644 -6428 3456 -24767 END
START 2096 -6436 25216 -5520 3825 -23672 END
START 432 -6424 24256 -3924 1569 -23066 END
START -208 -7120 23952 -2173 -1362 -23211 END
START -1140 -8276 24132 -15 -3344 -24305 END
START -2112 -9604 23600 1941 -3416 -25151 END
START -3776 -11532 23656 2715 345 -25028 END
START -5904 -13992 23840 2407 5744 -23337 END
START -8744 -15600 23876 2447 9671 -20089 END
START -10848 -16192 23200 3669 10197 -15786 END