START 14988 -4688 14508 -4075 -4890 2176 END
START 14800 -4208 15032 -4240 -4320 1489 END
START 13576 -2952 18776 -4226 -3356 -468 END
START 15564 -3212 18164 -3514 33 -4520 END
START 14360 -3812 17100 -3990 4406 -6822 END
START 12164 -5072 16124 -5711 7395 -6979 END
START 9664 -4636 16484 -6155 5394 -5309 END
START 10192 -4268 17076 -6365 3118 -4119 END
START 11252 -3248 18384 -6263 3170 -4828 END
START 11360 -2464 19288 -4626 3468 -7406 END
START 11016 -2392 18824 -2634 2296 -10655 END
START 10352 -2496 18656 -1805 290 -13893 END
START 9316 -2940 19036 -870 -819 -16184 END
START 7976 -3028 19296 192 -1142 -17446 END
START 6708 -3432 19060 698 -537 -17818 END
START 5268 -3564 18732 660 219 -17557 END
START 3844 -3244 18936 464 681 -17173 END
START 3076 -3136 19192 550 1124 -17025 END
START 2288 -3140 19344 678 1031 -17097 END
START 1232 -2916 19452 1115 36 -17420 END
START -284 -2652 19216 1526 -1811 -18066 END
START -1776 -2324 19016 1844 -3957 -18475 END
START -2972 -1792 18396 2167 -5348 -18512 END
START -3948 -976 18156 1501 -3565 -18143 END
START -5612 -200 17488 751 1259 -18003 END
START -8172 -788 16616 159 4396 -17519 END
START -10976 -1224 15844 -6 4749 -16713 END
START -13444 -1900 15864 72 3241 -15669 END
START -15012 -2504 15824 612 915 -14025 END
START -16272 -2948 15760 978 -907 -11607 END
START -16452 -2828 15676 813 -2224 -8565 END
START -15292 -2100 16092 656 -2424 -5611 END
START -13392 -1484 16872 588 -2116 -3211 END
START -11604 -672 17772 514 -2011 -1518 END
START -9496 -200 18716 1069 -2151 -712 END
START -7596 268 19720 1954 -2374 -468 END
START -5596 436 20396 2948 -2618 -503 END
START -3796 552 21300 4085 -2817 -776 END
START -2304 424 21652 5005 -2573 -1171 END
START -1488 756 22224 5680 -1914 -1858 END
START -1384 1108 22864 6479 -853 -2453 END
START -1656 1056 22828 7205 643 -2827 END
START -2100 1044 22472 7767 2011 -2851 END
START -2648 608 21716 7935 2936 -2548 END
START -3184 432 20764 7931 2945 -2041 END
START -4020 732 20188 7967 1792 -1538 END
START -4448 1716 19292 8107 186 -1746 END
START -3968 2188 19296 7886 -1749 -2648 END
START -3628 2340 19968 8364 -3569 -3567 END
START -3388 2244 20332 9410 -4132 -3567 END
START -3412 2184 20224 10016 -1986 -2588 END
START -3968 1960 19552 9993 1408 -847 END
START -5036 1836 18964 9818 4072 1303 END
START -5880 1784 18176 9593 5565 3431 END
START -6176 1888 17524 9436 5375 4980 END
START -6168 2232 17020 9543 4313 5763 END
START -5804 2496 17012 9696 3510 6178 END
START -5792 2688 16408 10026 3465 6427 END
START -5604 2636 15688 10027 3555 6876 END
START -5592 2476 15100 9935 3323 7676 END
START -5364 2248 14740 9893 3052 8690 END
START -5072 2292 13744 9673 2807 9806 END
START -4416 2568 12900 8641 2061 10571 END
START -3656 2864 13016 7968 1103 10915 END
START -2616 3120 13252 7875 536 11114 END
START -1472 3200 12920 7972 1074 11166 END
START -1264 3140 12024 7596 2222 11099 END
START -1464 2732 11020 6936 2748 11358 END
START -1480 2288 9852 5850 1981 11931 END
START -1000 2796 9520 4745 712 12529 END
START -428 3164 9604 4043 174 12692 END
START 136 3248 9464 3147 826 12643 END
START 240 2860 9316 2246 1838 12789 END
START 456 2792 9064 1174 2298 13046 END
START 692 2988 8936 436 2088 13509 END
START 820 2760 8464 21 1674 14096 END
START 1348 2944 7656 -821 1471 14461 END
START 1340 2900 7352 -2220 1085 14823 END
START 1736 2476 7376 -3390 659 15035 END
START 2372 2184 8080 -4465 116 15279 END
START 3492 1644 8964 -5150 -135 15407 END
START 4032 1256 9648 -5253 -295 15208 END
START 4324 1004 9684 -5215 -700 14835 END
START 4164 672 9448 -5281 -1122 14208 END
START 3924 392 9064 -5615 -1587 14036 END
START 4084 -112 9068 -6369 -1648 14351 END
START 4460 -640 9580 -7871 -1441 15230 END
START 5208 -680 10896 -9558 -1139 16100 END
START 5716 -8 11460 -10568 -407 16420 END
START 6060 -1356 12044 -10447 215 16119 END
START 5876 -908 12200 -10238 356 15262 END
START 5864 -1576 12316 -10512 -125 14542 END
START 6896 -2228 12916 -11157 -1640 14634 END
START 8816 -2260 14100 -12035 -1985 14785 END
START 9936 -2212 15172 -12477 -754 13891 END
START 10340 -2460 15720 -12426 578 12307 END
START 10312 -3216 15612 -11992 804 10365 END
START 10424 -4044 16204 -11735 135 8893 END
START 11048 -4484 16864 -11693 -320 7806 END
START 11728 -4256 17288 -11414 -272 6823 END
START 12176 -3968 17316 -11212 299 5780 END
START 12304 -3916 16904 -11584 1062 4817 END
START 12464 -4468 17208 -12035 1999 3573 END
START 12432 -4980 17540 -12124 2639 2183 END
START 12620 -5784 17872 -12134 2661 880 END
START 12608 -5668 18648 -12510 2156 -424 END
START 12864 -5276 20136 -12527 2050 -1872 END
START 13276 -5072 21440 -12087 2464 -3497 END
START 13588 -5084 22596 -11786 3071 -5333 END
START 13716 -5032 23784 -11330 4084 -7412 END
START 13312 -4672 25276 -10405 5478 -9600 END
START 12520 -4848 26572 -8968 7160 -11961 END
START 10840 -5228 26856 -7539 8952 -14563 END
START 8676 -5708 27288 -5855 9715 -16769 END
START 5728 -4880 27124 -4007 9716 -18297 END
START 3164 -4408 27388 -2619 9676 -19273 END
START 260 -4316 27988 -613 8695 -19627 END
START -1396 -4384 27824 1141 7854 -19562 END
START -3060 -4060 27680 2408 7082 -18907 END