START 5640 2192 10500 -456 -5851 4143 END
START 11716 1108 3436 -416 -7287 4072 END
START 6256 3112 10548 -978 -5771 2794 END
START 7044 3040 12276 -1770 -5526 1447 END
START 10020 2564 11944 -2672 -4420 505 END
START 10704 2300 13344 -3620 -3669 -38 END
START 12532 2344 15036 -4202 -3297 -27 END
START 14212 2460 16184 -4416 -2734 -311 END
START 16412 2556 16980 -4485 -1356 -1816 END
START 17832 2496 18064 -4109 225 -4789 END
START 17940 2156 18900 -3263 1024 -8832 END
START 17180 1860 18780 -2029 442 -12914 END
START 16120 1420 18744 -805 -1180 -16422 END
START 14616 916 18228 -115 -2322 -19386 END
START 12788 488 18000 124 -2807 -21649 END
START 10752 -16 17420 161 -2874 -23149 END
START 8580 -716 16984 -255 -2733 -24020 END
START 5776 -1220 17164 -837 -2705 -24614 END
START 3188 -2084 17148 -1358 -2807 -25144 END
START -84 -3204 17424 -1766 -3241 -25503 END
START -3300 -4784 17952 -2041 -3661 -25380 END
START -7064 -6164 18552 -1958 -4019 -24526 END
START -10080 -7208 19140 -1873 -3850 -22705 END
START -13264 -8740 19524 -1871 -2457 -19819 END
START -15116 -9652 19516 -2492 525 -16270 END
START -16596 -10892 20364 -2975 3343 -12901 END
START -17316 -10772 20636 -2708 4623 -9272 END
START -16424 -10092 20848 -2056 4087 -6133 END
START -14640 -8296 21048 -805 3177 -3959 END
START -12892 -6788 21028 306 2719 -2662 END
START -11168 -4708 20764 1364 2259 -1502 END
START -9868 -2848 20140 2349 1957 -415 END
START -8388 -1396 19696 3007 1656 429 END
START -6816 72 19236 3128 1382 1206 END
START -5740 1336 19088 3374 1264 1689 END
START -4496 2068 18844 3783 1021 1816 END
START -3704 2732 18688 4177 577 1567 END
START -2608 3028 18564 4282 230 1285 END
START -1892 3008 18752 4313 145 920 END
START -1400 2760 19280 4285 843 412 END
START -1332 2384 19832 4148 1734 -169 END
START -1652 1608 20776 4178 2394 -568 END
START -2144 876 21648 4673 2778 -895 END
START -3012 376 22488 5495 3070 -1143 END
START -3976 -468 22800 6454 3482 -1273 END
START -5196 -908 23052 7333 3873 -1206 END
START -6472 -1460 22820 8181 4395 -833 END
START -7996 -1612 22812 8966 4554 -159 END
START -9028 -1812 22364 9901 4205 852 END
START -9780 -1812 21584 10774 3738 2033 END
START -10468 -1588 20460 11520 3440 3276 END
START -10932 -1332 19348 12059 3099 4506 END
START -10976 -1128 18192 12564 2901 5712 END
START -10996 -692 16876 12671 2956 7075 END
START -10636 -368 15724 12409 3188 8720 END
START -9864 184 14984 12008 3634 10478 END
START -9060 476 13916 11503 3926 12117 END
START -7996 860 13068 10981 4027 13731 END
START -6796 1232 11692 10288 3788 14757 END
START -5640 1424 10564 9264 3333 15475 END
START -4832 1672 9864 8376 2750 15705 END
START -4020 1652 8884 7618 2364 15784 END
START -3592 1744 7612 6804 2190 16042 END
START -2972 1644 6392 5650 2133 16523 END
START -2252 1500 4852 4290 1834 17169 END
START -1680 1188 3648 2724 1414 17583 END
START -1112 744 2112 1077 765 17952 END
START -204 440 1008 -645 389 18078 END
START 616 20 -32 -2772 591 18016 END
START 1208 -748 -620 -4893 794 17871 END
START 1888 -1268 -1192 -7105 513 17903 END
START 2752 -1872 -1012 -9124 -581 18001 END
START 4224 -1560 -564 -11070 -1845 18279 END
START 5780 -1280 584 -13002 -2543 18344 END
START 8384 -460 1444 -14938 -2477 18563 END
START 9200 -68 4032 -16689 -1039 17970 END
START 10580 12 4668 -18003 684 16441 END
START 10924 452 5932 -18991 1838 14324 END
START 10628 268 7628 -19801 1543 11618 END
START 10288 160 9340 -20030 -46 9003 END
START 9780 324 11024 -19704 -1454 6886 END
START 9748 244 12308 -19631 -2249 5472 END
START 9564 48 12956 -20452 -1755 4668 END
START 9088 -220 14352 -22116 -504 3805 END
START 8280 -712 16536 -23629 814 3095 END
START 8180 -1472 19492 -24154 1279 2463 END
START 9376 -2348 22740 -23355 1351 1585 END
START 10548 -3576 25408 -21823 1715 -231 END
START 11272 -5032 27680 -20114 2019 -2883 END
START 11656 -6104 29624 -18427 2230 -5811 END
START 11492 -7060 31808 -16505 3255 -8159 END
START 10464 -7188 32767 -13975 4836 -9832 END
START 9284 -7208 32767 -11287 6436 -11161 END
START 7856 -7112 32767 -8528 7619 -12684 END
START 6284 -6664 31784 -5847 7955 -14382 END
START 5052 -6200 29916 -3443 7199 -16152 END
START 4080 -5528 27944 -1475 5606 -18059 END
START 2924 -4624 25936 -116 3426 -20304 END
START 2144 -4344 24540 934 1312 -22633 END
START 1280 -4236 23660 1893 -162 -24834 END
START 92 -4604 23200 2770 -976 -26361 END
START -836 -5524 22036 3381 -907 -26614 END
START -2048 -6840 21660 3128 546 -25786 END
START -3396 -7844 21456 2490 2547 -23616 END
START -4684 -8488 21252 2619 3656 -20725 END
START -5436 -8832 21056 3588 3779 -17910 END
START -5796 -8752 20440 5007 3116 -15930 END
START -5876 -8508 19656 6312 2401 -14827 END
START -5884 -8240 18796 7011 1996 -14130 END