START -312 1576 14336 -1608 -3473 9675 END
START 864 2228 24760 -1774 -6148 10460 END
START 5956 408 7224 -2611 -3020 10481 END
START 4136 2588 14164 -4296 -986 10389 END
START 6644 2652 16620 -5517 2838 9228 END
START 9072 2560 17708 -5532 5335 6872 END
START 10608 3036 18696 -4711 5178 3535 END
START 12328 2308 19592 -3110 1869 -569 END
START 12924 2384 19836 -963 -3160 -4503 END
START 14012 2100 19932 1435 -7712 -7865 END
START 14992 2724 19600 2881 -9579 -10648 END
START 15320 2740 18692 3065 -8431 -13088 END
START 14552 2768 17848 2341 -5593 -14718 END
START 13316 2236 17144 1034 -2203 -15735 END
START 11672 1192 17000 129 60 -16656 END
START 9752 452 16972 142 -178 -17325 END
START 7828 320 16980 710 -1886 -17983 END
START 6352 -60 16668 809 -3355 -18889 END
START 4536 -276 16488 452 -4000 -20007 END
START 2292 -1064 16772 -101 -4321 -21457 END
START -524 -2324 17704 -357 -4057 -22918 END
START -3904 -3728 18232 -297 -3447 -23539 END
START -7464 -5120 18756 -136 -2842 -22441 END
START -9852 -5956 18900 -561 -1457 -19759 END
START -11820 -6192 19380 -1200 259 -16029 END
START -12712 -6040 19896 -1049 1199 -12150 END
START -12628 -5420 19580 -473 1598 -9434 END
START -12472 -4744 19452 218 1255 -8117 END
START -12120 -4032 19868 1253 424 -7797 END
START -11992 -3004 19892 2550 -965 -7725 END
START -11768 -2044 20012 3882 -2270 -7295 END
START -11140 -884 19916 4558 -2508 -6209 END
START -10324 124 20044 4738 -1643 -4967 END
START -9476 1036 20360 4724 -67 -3745 END
START -8904 1564 20592 4941 1623 -2800 END
START -8564 1844 20808 5211 3024 -2245 END
START -8664 2008 21076 5831 3520 -1994 END
START -8704 1948 21444 6992 3037 -1856 END
START -8756 1944 21812 8410 2284 -2025 END
START -8884 1476 21932 9922 1488 -2136 END
START -9048 1556 21564 11208 1004 -1878 END
START -9264 1420 21152 11974 918 -1233 END
START -9460 1360 20528 12263 1286 -218 END
START -9612 1136 20052 12469 1981 1037 END
START -9764 1048 19392 12767 2652 2411 END
START -9832 868 18412 13093 3236 3873 END
START -10008 748 17268 13243 3676 5395 END
START -10076 392 16088 13262 3960 7164 END
START -10380 400 14788 13036 4248 9278 END
START -10364 212 13368 12696 4433 11544 END
START -10372 84 12192 12283 4667 14179 END
START -10268 -8 10948 11660 4830 17185 END
START -9600 80 9640 10835 4717 20270 END
START -8440 192 8224 9639 4724 23014 END
START -7168 532 6672 7493 4874 25498 END
START -6168 436 5284 4653 5116 27877 END
START -5124 768 3760 1341 4457 30235 END
START -3424 172 2772 -2594 3226 31677 END
START -2476 360 2188 -6151 1056 31978 END
START -664 196 2500 -8259 -1408 30841 END
START 112 216 2916 -8796 -3792 28698 END
START 1304 -128 2264 -8528 -5696 27109 END
START 2680 -440 1500 -9064 -7372 26057 END
START 4516 -964 600 -11048 -8158 25309 END
START 6724 -1608 920 -14172 -8052 24899 END
START 8512 -1580 1340 -17069 -7794 24641 END
START 10060 -2136 2664 -19528 -6675 23880 END
START 11436 -2068 3880 -20721 -4685 21784 END
START 11968 -1532 4868 -20897 -2349 18608 END
START 12160 -2396 5816 -21278 -1798 15421 END
START 12308 -2700 6732 -21704 -3539 13003 END
START 13304 -2504 8144 -22159 -5463 10365 END
START 14616 -2836 10608 -21926 -5652 6922 END
START 14512 -3572 12640 -21308 -4292 3939 END
START 14076 -4048 14748 -21241 -1960 2537 END
START 14020 -4716 17552 -21706 396 2159 END
START 14796 -4832 20940 -21697 2746 1890 END
START 16276 -5344 24632 -20780 5142 344 END
START 17536 -5208 28448 -19057 7166 -2597 END
START 18172 -6132 31632 -16029 8468 -7383 END
START 17792 -6440 32767 -12371 9223 -12708 END
START 15496 -6632 32767 -8303 8420 -17892 END
START 12764 -6520 32767 -4339 5688 -21648 END
START 10940 -6172 31188 -1843 3423 -24277 END
START 9344 -5952 29740 -1070 3771 -26171 END
START 7512 -5632 28524 -1136 6297 -27301 END
START 5428 -5448 27564 -921 9251 -27723 END
START 3544 -5276 26308 -302 11745 -27744 END
START 1736 -5044 24580 417 12947 -27744 END
START 244 -5208 23308 1542 12270 -27561 END
START -1268 -5516 21932 2809 9924 -27277 END