START 11324 -1952 19664 -2956 -9108 2309 END
START 12708 -1676 17800 -2407 -10291 1582 END
START 14664 -1408 17532 -970 -12598 -138 END
START 15008 -340 18996 -436 -10464 -3726 END
START 15352 -284 17852 -1640 -6363 -6926 END
START 14148 -364 17704 -2734 -3574 -8395 END
START 13708 -636 17172 -3144 -3174 -8626 END
START 13556 -220 17264 -3130 -3264 -8843 END
START 14124 -12 17420 -3119 -2488 -9905 END
START 14008 212 17836 -3099 -918 -11809 END
START 13308 52 18152 -3032 1136 -14103 END
START 11816 -136 18004 -3175 2566 -15770 END
START 10364 -728 18108 -3282 3778 -17224 END
START 8448 -1120 18236 -3180 4523 -18322 END
START 6124 -1880 17988 -2934 4703 -19023 END
START 3504 -2480 17508 -2801 4542 -19177 END
START 580 -2844 17148 -2666 3944 -18699 END
START -1920 -2776 16652 -2613 2563 -17960 END
START -4232 -2428 15976 -2396 -405 -17035 END
START -5652 -2060 15452 -2255 -3907 -16232 END
START -6988 -1652 15376 -2762 -7516 -15289 END
START -7380 -1480 15944 -3745 -8667 -14058 END
START -7680 -1984 17224 -4468 -7024 -12389 END
START -7460 -2464 18384 -4423 -4977 -9848 END
START -7224 -2544 19164 -4117 -2670 -7664 END
START -6588 -2680 19504 -3962 -1149 -5396 END
START -5364 -2704 20000 -4552 -560 -3940 END
START -4132 -2416 21912 -4811 -852 -3762 END
START -3000 -2212 24084 -3242 -1242 -4306 END
START -2052 -2168 25392 -1500 -221 -4778 END
START -2256 -2020 26296 24 1511 -4460 END
START -2448 -1880 26740 1563 3294 -3630 END
START -2844 -1912 27020 3061 4948 -2668 END
START -3584 -1788 27016 4481 6021 -1811 END
START -3960 -1644 27168 6047 6270 -1232 END
START -4188 -1208 27116 7995 5958 -838 END
START -4456 -872 26440 9864 5615 -861 END
START -4780 -572 25524 11261 5369 -948 END
START -5652 -768 24240 12232 5025 -819 END
START -6264 -1264 23304 12975 3995 10 END
START -6068 -1420 22836 13923 3013 1640 END
START -5764 -1024 22392 14453 3410 3387 END
START -5200 -112 21712 15053 4867 4485 END
START -5312 444 20416 15320 6013 4931 END
START -5276 412 19100 15336 6400 5161 END
START -5760 288 18004 15320 5712 5656 END
START -5880 444 16960 15265 4140 6575 END
START -5740 408 16092 15250 2855 7614 END
START -5584 996 15192 15187 2379 8554 END
START -5440 1240 14340 14917 2527 9158 END
START -5760 1248 12996 14710 2780 9430 END
START -5944 976 11872 14246 2728 9732 END
START -5828 888 10668 13502 1781 10877 END
START -5536 1156 9728 12354 -2 12556 END
START -4556 1780 9472 11361 -1842 14187 END
START -3280 2004 9232 10505 -2563 15243 END
START -1964 2204 8788 9896 -2531 15919 END
START -724 2340 8280 9069 -2403 16404 END
START 360 2372 7912 8131 -1786 16909 END
START 1488 2408 7648 7206 -1146 17416 END
START 2264 2156 7368 6230 -687 18033 END
START 2716 2292 6912 5279 -506 18228 END
START 3128 2552 6816 4719 -207 17860 END
START 3144 2604 6344 4170 304 17014 END
START 2668 2680 5568 3482 702 16258 END
START 1940 2440 4700 2426 155 16077 END
START 1720 1600 3916 990 -1688 16669 END
START 2156 1684 3996 -78 -4068 17765 END
START 3208 1604 4644 -993 -5117 18443 END
START 4164 1432 4772 -2098 -4878 18708 END
START 4644 1144 5068 -3469 -3634 18895 END
START 4828 908 5368 -4787 -2257 19238 END
START 5524 524 5764 -6139 -2421 19909 END
START 7176 272 6252 -7698 -3561 20491 END
START 8624 204 7936 -8805 -4302 20688 END
START 10032 260 8836 -9249 -4046 20297 END
START 10816 492 9032 -9715 -2500 19238 END
START 10288 484 8892 -10514 -528 17560 END
START 10084 -276 9752 -11491 -642 16482 END
START 10748 -1024 10544 -11999 -2313 16090 END
START 12440 -1748 11784 -12449 -3643 15675 END
START 13808 -1956 12428 -12801 -3574 14954 END
START 14240 -1800 12716 -13400 -1905 13643 END
START 13960 -1896 13340 -14172 -335 12166 END
START 14200 -2556 14680 -14577 -637 11506 END
START 15764 -3048 16188 -14339 -1295 10839 END
START 17332 -2704 17020 -13678 -1146 9024 END
START 17788 -2448 17160 -13185 -236 6160 END
START 17060 -2368 17408 -12170 -577 2852 END
START 15948 -2616 16980 -10977 -1611 -238 END
START 14844 -3468 17084 -10447 -3555 -1887 END
START 14340 -4332 17480 -10333 -5365 -1893 END
START 14548 -4800 17920 -10189 -5362 -889 END
START 14416 -4752 18368 -10673 -2835 409 END
START 14364 -3992 19084 -11595 1755 1397 END
START 13904 -3992 19916 -12056 5919 1490 END
START 13608 -4524 20772 -11475 7305 585 END
START 13472 -4996 21216 -10467 6788 -1272 END
START 13252 -5584 21340 -9875 5558 -3936 END
START 12912 -5764 21736 -9658 4277 -6235 END
START 12076 -5864 22504 -9020 3825 -7842 END
START 11036 -5252 23132 -8184 4536 -8808 END
START 9792 -4856 23680 -7130 6281 -9291 END