START 6616 -1832 20180 -1643 -5329 -937 END
START 13428 -3904 15220 -1523 -5778 -1077 END
START 9508 -2856 18612 -1611 -4693 -1830 END
START 10444 -2704 17836 -1614 -3315 -2414 END
START 10720 -2260 17072 -1698 -2149 -3424 END
START 10372 -1820 17412 -1297 -1643 -4652 END
START 10216 -1440 17492 -766 -1471 -6313 END
START 10108 -1436 17608 -527 -1483 -8280 END
START 9504 -1452 17756 -56 -1924 -10150 END
START 9044 -1536 17956 385 -2382 -11523 END
START 8968 -1548 18484 617 -1968 -12693 END
START 8668 -1516 19240 870 -1624 -13867 END
START 8072 -1356 19628 1211 -1202 -14787 END
START 6860 -724 19568 1332 -691 -15597 END
START 5388 -512 19408 1181 -729 -16373 END
START 3856 -464 19052 1247 -1364 -17087 END
START 2488 -572 18728 1216 -1960 -17575 END
START 704 -644 18240 808 -1905 -17501 END
START -1108 -684 18004 -19 -1506 -17361 END
START -3720 -176 17948 -609 -832 -16676 END
START -6364 272 17544 -810 -499 -16010 END
START -8936 456 17188 -913 -595 -15359 END
START -10532 592 16708 -633 -956 -14832 END
START -11588 664 16024 -427 -1942 -14184 END
START -12000 616 15312 -441 -2982 -13088 END
START -11804 476 14892 -966 -3993 -11486 END
START -11200 184 15328 -1543 -4512 -9621 END
START -10432 -52 16176 -1825 -3966 -7563 END
START -9372 156 17112 -1922 -2485 -5798 END
START -8276 340 17932 -1630 -855 -4617 END
START -7268 76 18672 -1000 163 -3746 END
START -6296 124 19476 -444 311 -3008 END
START -4948 88 20740 439 171 -2277 END
START -3656 560 22004 1497 133 -1787 END
START -2788 772 22820 2281 637 -1645 END
START -2532 1228 23732 3233 1607 -1871 END
START -2696 1520 24304 4381 2240 -2111 END
START -3584 1768 25352 5656 2739 -2052 END
START -4932 2244 26348 7243 3005 -1542 END
START -5644 2072 26304 8830 3677 -718 END
START -6216 2032 25392 9567 4665 64 END
START -7140 1612 24300 9353 4731 491 END
START -7708 1512 24132 9238 2813 953 END
START -7944 1212 24248 10445 727 1324 END
START -7604 1252 23728 12094 -424 1725 END
START -7500 1620 22568 13307 -112 1863 END
START -7444 1688 21244 13776 778 2271 END
START -7556 1668 19668 13815 1484 2870 END
START -7540 1704 18260 13639 1743 3699 END
START -7576 1796 17036 13519 1788 4724 END
START -7472 1988 16080 13084 1748 5718 END
START -7260 2336 15072 12666 1758 6730 END
START -6860 2596 14344 12233 2071 7483 END
START -6456 2600 13176 12031 2611 7946 END
START -6384 2684 12080 11632 2695 8265 END
START -6408 2588 10840 10999 2235 8757 END
START -6400 2440 9936 9973 1275 9452 END
START -6044 2464 9292 8996 105 10491 END
START -5184 2412 9156 7912 -207 11617 END
START -4288 2228 8792 6975 -132 13009 END
START -3308 2564 8308 5746 421 14324 END
START -1912 3292 8256 4557 1634 15438 END
START -840 3428 8076 3325 3573 15851 END
START -108 3400 7516 2075 4426 15871 END
START 316 3156 6992 1215 3715 15614 END
START 1360 3280 7004 522 2270 15173 END
START 2188 2748 6884 -377 1434 14501 END
START 2272 2508 7340 -1083 1224 14062 END
START 2448 2208 6884 -1685 1587 14026 END
START 2324 2528 6700 -2614 1939 14024 END
START 1980 2892 6412 -3680 2385 13991 END
START 1916 2960 5976 -4932 2683 13879 END
START 2000 2748 6296 -6177 1576 14221 END
START 2796 1952 6700 -7317 586 14966 END
START 3312 1584 7488 -7981 348 15581 END
START 3956 1164 8220 -8911 2292 16093 END
START 3544 804 8316 -9871 4387 16246 END
START 3400 332 8480 -10925 4478 16380 END
START 3940 -224 9376 -11844 2986 16495 END
START 5248 -1156 11212 -12409 1247 16578 END
START 6948 -1396 12836 -12623 600 16444 END
START 7744 -1516 13828 -12408 1644 15461 END
START 7308 -848 14100 -12253 3546 13797 END
START 5952 -1236 13648 -12235 3724 12019 END
START 5412 -2048 13600 -12350 2168 11100 END
START 5688 -2496 14276 -12657 254 10684 END
START 6524 -3144 14884 -13024 -319 10001 END
START 7188 -3376 15760 -13245 -345 9184 END
START 6984 -3332 15740 -13318 197 8174 END
START 6676 -3712 15512 -13578 391 7168 END
START 6468 -4336 16132 -13657 -16 6527 END
START 6960 -4992 16908 -13635 -245 6554 END
START 8132 -5472 17408 -13508 46 6586 END
START 9052 -5760 18044 -13432 896 6356 END
START 9936 -6092 18552 -13037 2158 5570 END
START 10568 -6900 19376 -12502 3159 4370 END
START 11248 -7396 19712 -11710 4273 2692 END
START 10684 -7080 20376 -12099 4632 -7 END
START 9896 -7048 21764 -11003 3332 -2341 END
START 9636 -6976 22128 -9450 1743 -4483 END
START 9552 -7240 21984 -8832 1424 -6247 END
START 9612 -7572 22276 -8579 1398 -7180 END
START 10020 -7876 22700 -7917 2463 -7923 END
START 9980 -7908 23144 -7378 4543 -8724 END
START 9584 -7340 23576 -6742 6532 -9488 END
START 8912 -6868 23948 -5879 8251 -10354 END
START 8124 -6456 23820 -4912 9611 -11575 END
START 6932 -6468 23464 -4069 10223 -13333 END
START 5020 -6132 23432 -3050 9298 -15116 END
START 2772 -5344 23752 -1779 7942 -16622 END
START 588 -4760 24068 -599 6602 -17671 END
START -1508 -4056 24288 793 5256 -18188 END
START -3496 -3388 24652 1975 3984 -18281 END
START -5516 -2480 25340 3336 2453 -17780 END
START -6884 -2052 25252 4781 1048 -16991 END
START -7876 -1244 25300 4407 458 -16192 END
START -8784 -848 26088 4712 -488 -15081 END
START -8832 -272 26520 6369 -1935 -13777 END
START -8256 736 26536 8254 -2620 -12732 END