START 9004 -4216 19968 -3229 -103 2151 END
START 9456 -4188 19760 -2960 -684 1937 END
START 9608 -4460 19972 -2366 -1864 1241 END
START 10116 -4528 20204 -1466 -3246 67 END
START 10588 -4216 20360 -1058 -3318 -1051 END
START 11016 -3868 20824 -655 -1886 -2428 END
START 10780 -3584 20816 -100 -415 -3681 END
START 10480 -3132 20496 432 390 -5001 END
START 9796 -2920 20088 736 567 -6427 END
START 9084 -2924 19776 1122 289 -7982 END
START 8460 -2788 19856 1604 -500 -9384 END
START 7732 -2532 19800 2024 -1209 -10987 END
START 7212 -2464 19744 2290 -1620 -12789 END
START 6280 -2512 19360 2738 -1674 -14611 END
START 5040 -2444 19048 2801 -1723 -16086 END
START 3576 -2304 18576 2996 -1891 -17127 END
START 2160 -2112 18064 3144 -2311 -17728 END
START 732 -2104 17200 3069 -2475 -18186 END
START -896 -2176 16656 2729 -2067 -18642 END
START -3240 -2480 16460 2376 -1689 -18854 END
START -5612 -2556 16308 2032 -1343 -18209 END
START -7828 -2812 16208 2002 -1637 -17120 END
START -9028 -2392 16032 1876 -1327 -15610 END
START -10268 -1644 15980 1689 -314 -14072 END
START -11128 -1264 15716 1541 832 -12596 END
START -11820 -1044 15444 1381 1291 -11202 END
START -11752 -404 15664 1372 1054 -9814 END
START -11132 176 15832 1665 888 -8780 END
START -10796 560 15768 1740 614 -7824 END
START -10532 980 15780 1640 206 -6674 END
START -9816 1112 15856 1394 84 -5365 END
START -9060 1520 16408 1108 460 -4272 END
START -7780 1576 17096 948 952 -3114 END
START -6548 1736 17952 886 1151 -1998 END
START -5352 2188 19096 784 1264 -1275 END
START -4060 2236 20008 1210 1233 -840 END
START -3232 2196 20736 1577 1143 -765 END
START -2740 1924 21336 1785 668 -808 END
START -1968 1588 22808 2318 213 -760 END
START -1072 1540 24092 3124 912 -602 END
START -592 1868 25444 4012 3055 -880 END
START -1116 1464 25832 5149 5142 -1417 END
START -2484 1676 25752 6113 5529 -1731 END
START -3668 1812 25756 7525 4753 -2025 END
START -4824 1924 25312 8992 4182 -2388 END
START -5776 1632 24652 10222 3807 -2670 END
START -6612 1260 24280 11320 3107 -2621 END
START -7352 1244 24004 12727 2433 -2068 END
START -7632 1072 22432 13764 2976 -1345 END
START -8528 1376 20836 13237 3348 -783 END
START -9644 1456 19804 13288 2468 -108 END
START -10360 1480 18476 13861 713 578 END
START -10724 1336 17188 13824 -1325 1300 END
START -10412 1512 16264 13568 -2545 2597 END
START -9824 2100 15916 13236 -2063 4049 END
START -9224 2380 15312 12853 -351 5531 END
START -8756 2584 14236 12382 1278 6827 END
START -8212 2420 13224 12029 1929 7617 END
START -8044 2448 12012 11496 1398 8072 END
START -8240 2324 11036 11194 -94 8469 END
START -7996 2168 10252 10775 -1277 9191 END
START -7580 2112 9696 10188 -1529 9909 END
START -7452 1840 8664 9457 -692 10959 END
START -7356 2056 7476 8214 847 12469 END
START -6904 2312 6276 6774 1699 13864 END
START -6272 2896 5704 4933 1946 15525 END
START -4948 3536 6112 3410 1622 16619 END
START -3664 3804 6452 2374 828 16970 END
START -2332 4040 7012 1581 -117 16862 END
START -1416 3876 7240 986 -453 16546 END
START -584 3708 7400 119 -522 16261 END
START -144 3248 7384 -635 -446 15940 END
START 524 2484 7476 -1235 -835 16110 END
START 1812 1860 7888 -1951 -1428 16748 END
START 3084 1452 8856 -2510 -1145 16990 END
START 3644 1520 9288 -2714 -202 16839 END
START 3768 2412 9240 -2771 827 16215 END
START 2648 2756 8520 -2832 1154 15182 END
START 1964 2796 7804 -3132 59 14434 END
START 1616 2572 7160 -3581 -1901 14197 END
START 2152 2324 7184 -4337 -3376 14652 END
START 3132 2228 7728 -5645 -2994 15204 END
START 3896 2008 8212 -6748 -1539 15897 END
START 4596 1636 8196 -7836 271 16336 END
START 4752 1192 8316 -8938 1322 16481 END
START 5180 664 8944 -9850 1479 16309 END
START 5792 552 9576 -10281 947 15909 END
START 6072 248 9808 -10352 699 14994 END
START 6324 -364 9500 -10576 663 13849 END
START 6172 -568 9320 -11145 162 12913 END
START 6904 -648 10164 -12105 -339 12417 END
START 7624 -412 11836 -12983 -440 12143 END
START 8400 -304 12900 -13174 173 11479 END
START 8724 -496 13180 -13567 1478 10317 END
START 8684 -776 13172 -14011 2724 8926 END
START 8572 -1980 12872 -14283 3167 7695 END
START 8660 -3228 12108 -14713 2924 6789 END
START 8564 -3160 13160 -16166 1844 6576 END
START 9312 -2772 14932 -17267 1154 6597 END
START 9732 -2712 16412 -17480 1403 6142 END
START 10424 -2872 17644 -17680 2847 4810 END
START 10348 -4156 18328 -17803 4559 2527 END
START 10168 -6040 19500 -17588 5262 702 END
START 10188 -7924 20040 -16692 5462 -418 END
START 9788 -8924 20672 -15858 5658 -979 END
START 9100 -9004 20812 -15382 5564 -1206 END
START 8552 -8788 21636 -15177 5334 -1430 END
START 8492 -8940 22804 -14447 4801 -2061 END
START 9160 -9668 23512 -13417 4080 -3030 END
START 10000 -10124 24492 -12200 4000 -4277 END
START 10440 -10732 24576 -10875 4740 -5956 END
START 10420 -10452 24708 -10036 5412 -7702 END
START 9964 -10040 25188 -8972 5828 -9222 END
START 9504 -9404 25492 -7704 6677 -10693 END
START 8824 -9508 25924 -6556 8266 -12328 END
START 7756 -9804 25816 -5004 9527 -14031 END
START 6404 -10156 25336 -3336 10285 -15787 END
START 4316 -10284 25188 -1830 11187 -17340 END
START 3888 -16452 18792 2771 10875 -13863 END
START -1324 -9236 24708 1289 13959 -13167 END
START -8412 -8072 27976 3105 13025 -12569 END
START -8924 -9608 27884 7914 8134 -11874 END
START -8892 -7132 27704 10340 2440 -12850 END