START 6400 2176 17252 -1834 4617 2307 END
START 6588 2192 17144 -1627 4136 1857 END
START 6800 2400 17460 -1239 2797 880 END
START 7496 2704 17572 -500 52 -859 END
START 8240 2924 17684 185 -1760 -2348 END
START 9144 3240 17512 557 -2728 -3456 END
START 9680 3696 17392 299 -2238 -4229 END
START 9672 3888 17572 -247 -894 -5070 END
START 9512 3840 17520 -406 152 -6094 END
START 8788 3420 17228 -342 396 -7079 END
START 8176 2848 17156 -328 -145 -8029 END
START 7152 2560 17124 -141 -1455 -8985 END
START 6852 2220 16848 98 -2480 -9998 END
START 5980 1912 16800 -110 -2695 -10969 END
START 5208 1516 16760 -523 -2361 -11439 END
START 4324 1280 16912 -1232 -1544 -11644 END
START 3328 944 17148 -1863 -661 -11711 END
START 2184 664 17496 -2139 -213 -11770 END
START 932 340 17664 -2329 167 -12020 END
START -592 -16 18128 -2419 103 -12499 END
START -1936 -604 18604 -2043 167 -12782 END
START -3188 -1948 18544 -1745 568 -12462 END
START -4360 -3092 18584 -1313 193 -11560 END
START -4692 -3796 18400 -907 -566 -10430 END
START -5180 -4388 18272 -938 -731 -9279 END
START -5392 -4304 19060 -961 -582 -8046 END
START -5496 -3864 19256 -673 -206 -6991 END
START -5448 -3172 19020 -152 69 -6111 END
START -5344 -2644 18840 315 -29 -5563 END
START -5292 -2032 18564 832 -483 -5260 END
START -5180 -1548 18480 1244 -1019 -5126 END
START -4944 -1184 18596 1652 -1391 -4955 END
START -4708 -744 18744 1915 -1183 -4441 END
START -4344 -400 18840 1987 -312 -3570 END
START -3900 212 19116 1992 802 -2788 END
START -3360 372 19420 2155 1663 -2197 END
START -3004 836 19776 2391 2584 -1711 END
START -2724 1176 20248 2576 3471 -1501 END
START -2584 1540 20824 3076 3901 -1567 END
START -2548 1800 21688 3807 4131 -1991 END
START -3016 1832 22608 4806 4407 -2459 END
START -3540 1580 23200 5972 4345 -2827 END
START -4100 1400 23440 7215 4479 -2784 END
START -4712 1416 23420 8092 5142 -2236 END
START -5296 1476 23420 8722 6110 -1348 END
START -6228 1312 23096 9327 6516 -593 END
START -6444 1160 22648 10088 6026 25 END
START -6552 1216 22168 10775 5015 324 END
START -6388 1248 21716 11643 3731 466 END
START -6100 1496 20948 12498 2966 880 END
START -5800 1444 20064 12948 2958 1396 END
START -5768 1500 18784 12964 3494 1947 END
START -5916 1440 17908 12680 4172 2509 END
START -6376 1124 17072 12490 4893 3182 END
START -6960 1108 15956 12377 5302 4161 END
START -7492 1048 14340 12121 5220 5492 END
START -7512 1460 13252 11578 4959 6895 END
START -7360 1444 11980 10815 4976 8251 END
START -7288 1836 10820 9718 5793 9615 END
START -7424 1920 9476 8572 6589 10901 END
START -7408 1888 8180 7444 6787 11774 END
START -7852 1688 6976 6182 6413 12535 END
START -7928 1532 6152 4835 5541 13585 END
START -7580 1752 5824 3566 4633 15120 END
START -6280 1788 5476 2364 4083 16631 END
START -5168 2328 5052 931 3876 17929 END
START -3840 2428 4836 -769 3994 18747 END
START -2636 2728 5008 -2484 4260 19217 END
START -1480 2620 5096 -3641 4215 19170 END
START -712 2648 5332 -4322 3445 18741 END
START 404 2608 5132 -5065 2487 17921 END
START 1176 2784 4976 -6181 1573 16845 END
START 2080 2928 5508 -7353 815 16351 END
START 2864 3016 5940 -8229 568 16045 END
START 3668 3044 5856 -9112 986 15538 END
START 4068 2944 5284 -10414 1658 14850 END
START 4348 2532 5224 -12107 2014 13893 END
START 4552 2300 5796 -13815 1891 13312 END
START 4760 2092 6816 -14973 2000 12749 END
START 5316 2108 8264 -15990 1845 12343 END
START 6236 2028 10024 -16591 1643 11852 END
START 7348 1452 11644 -16779 2104 10757 END
START 8136 748 12992 -16753 2775 8846 END
START 8312 -404 14392 -16728 3176 6507 END
START 7864 -1436 17012 -16458 3013 4156 END
START 7276 -2132 19724 -15514 2150 2375 END
START 6880 -2444 21740 -13948 1504 1032 END
START 6780 -2324 22440 -12728 1481 267 END
START 6556 -2268 22036 -12455 1889 -281 END
START 5940 -2308 21704 -13271 3396 -635 END
START 5108 -1876 22120 -13934 4627 -445 END
START 5076 -1456 23124 -13435 4959 -135 END
START 5664 -720 23712 -12691 4800 -685 END
START 6160 -420 23744 -11639 4144 -2024 END
START 6348 -52 23228 -10488 3176 -3740 END
START 6444 -188 23012 -9824 2715 -5608 END
START 5932 -268 22376 -9317 2902 -7333 END
START 4788 -360 21884 -9116 3311 -8468 END
START 3292 -36 21824 -9061 2799 -9030 END
START 2600 184 22384 -8413 1503 -9090 END
START 3020 108 22880 -7598 499 -9051 END
START 4076 232 23288 -7012 137 -9412 END
START 5212 -288 23824 -6216 -61 -10646 END
START 5916 -604 24172 -4867 -567 -12920 END
START 6096 -840 24068 -3463 -1294 -15932 END
START 5632 -996 23460 -2540 -2079 -18636 END
START 4536 -1208 22968 -2178 -1854 -20272 END
START 3472 -1580 22664 -1511 -1264 -20972 END
START 2332 -2136 21552 -1128 -576 -21142 END
START 1444 -3016 20968 -1125 -230 -21232 END
START 376 -4052 20984 -626 -458 -21564 END
START -372 -5508 21396 316 -935 -22153 END
START -900 -6596 21848 1623 -1234 -23068 END
START -1952 -7376 21852 3489 -2046 -23892 END
START -2916 -8116 21148 5094 -2434 -24208 END
START -4264 -8796 20436 5258 -198 -23321 END
START -5744 -9680 20312 5116 2727 -21238 END