START -1804 -112 17108 1761 2717 -174 END
START -1624 -112 17184 1775 2942 -448 END
START -1872 -12 17684 2010 2980 -1248 END
START -2348 1276 17164 2824 2008 -2668 END
START -2932 -576 16820 2832 -51 -2828 END
START -3668 476 16296 3311 -1529 -1511 END
START -3844 632 15764 2536 -1533 396 END
START -3960 552 15408 887 -867 2426 END
START -3512 412 15444 -683 160 3731 END
START -3344 -124 16072 -1479 1019 3994 END
START -3236 -592 16744 -1340 152 3506 END
START -2912 -828 17444 -299 -1694 2710 END
START -3128 -660 17392 1095 -2752 1975 END
START -2924 -152 16440 1750 -3065 2169 END
START -3212 352 15664 995 -2217 3193 END
START -3080 828 15188 -219 -1277 4494 END
START -2360 652 15480 -1050 -378 5607 END
START -1528 720 15696 -1447 105 5805 END
START -1052 968 15868 -1105 -595 5313 END
START -200 812 15964 -639 -1776 4335 END
START 464 936 15956 -144 -2564 3491 END
START 1396 1080 15660 -64 -3065 2931 END
START 2828 1496 15804 -345 -2818 2359 END
START 4076 1640 15908 -850 -2503 1918 END
START 6048 1740 16908 -1389 -2673 1560 END
START 8628 2304 18220 -1665 -2893 1032 END
START 11804 2784 19412 -1613 -2955 49 END
START 14956 3996 20744 -1310 -2803 -1965 END
START 17844 4708 21888 -357 -3209 -4952 END
START 20080 5576 22264 1062 -3688 -8628 END
START 21536 5844 21356 2083 -3871 -12916 END
START 20756 5220 20380 2260 -3045 -17106 END
START 18408 3620 19176 1919 -2482 -20029 END
START 15404 1844 18216 1371 -1885 -21842 END
START 11760 344 17688 1301 -2504 -22613 END
START 8040 -940 16584 780 -3516 -22435 END
START 5268 -2488 16348 -139 -4045 -21454 END
START 2376 -3624 16744 -1261 -2910 -21151 END
START -392 -4692 17820 -1684 -1288 -22460 END
START -3628 -6344 18488 -485 -2358 -24069 END
START -6064 -7264 18732 727 -3255 -24811 END
START -9276 -9576 18188 1309 -2380 -23657 END
START -12740 -11160 17444 513 -1157 -19708 END
START -15100 -12160 17592 -735 193 -14309 END
START -16376 -12536 17632 -1015 1059 -9449 END
START -16272 -12148 18212 -706 550 -5560 END
START -14640 -10080 19172 762 979 -4289 END
START -13516 -8532 19044 2529 197 -3986 END
START -11900 -6884 19012 3425 -491 -3275 END
START -10884 -5200 19320 3464 572 -1560 END
START -9684 -4116 19904 3165 1947 833 END
START -8284 -2752 20748 2900 3449 2799 END
START -7316 -1860 22072 3132 4551 4021 END
START -6224 -888 22960 3812 4879 4418 END
START -5568 -136 24188 4525 4500 4305 END
START -4824 152 25544 5574 4561 3657 END
START -4252 60 26604 6781 4463 3195 END
START -3612 -128 27372 7985 4406 2944 END
START -3420 -748 27988 9345 4767 2782 END
START -3220 -1644 27848 10922 5120 2664 END
START -3544 -2136 27132 12800 5503 2730 END
START -3840 -2660 25260 13858 5674 3115 END
START -4288 -3000 23900 14324 6253 3449 END
START -5132 -3464 22216 15087 6704 3929 END
START -5940 -4016 20180 15774 6491 4519 END
START -6788 -4196 18384 16493 6365 5606 END
START -7288 -4368 16228 16742 6422 7467 END
START -7264 -3928 13928 16445 6252 9363 END
START -6868 -3184 12004 15828 5769 11009 END
START -6540 -2268 9736 15162 5518 12429 END
START -6620 -1576 6996 14134 5148 13628 END
START -6764 -588 3524 13013 4390 14188 END
START -7208 -172 568 11594 2791 14704 END
START -7160 -12 -1716 9672 872 15659 END
START -6748 68 -3352 7088 -469 16957 END
START -5756 -176 -4304 4410 -1118 18485 END
START -3828 -400 -4736 1522 -1872 20163 END
START -1400 -664 -4524 -1257 -2056 21218 END
START 624 -1096 -3920 -3671 -1881 21015 END
START 2356 -1568 -3264 -5282 -2885 20319 END
START 4052 -1324 -2872 -6800 -3911 19486 END
START 5424 -1224 -2388 -8653 -3675 18387 END
START 6144 -1420 -1780 -10641 -2926 17560 END
START 7004 -2056 -896 -13241 -2022 17069 END
START 8844 -2964 1604 -15623 -1225 17349 END
START 11640 -3372 4984 -17447 466 17380 END
START 14544 -4016 8496 -18629 3272 16135 END
START 15932 -5828 12608 -19100 5528 13327 END
START 15388 -6252 16020 -18982 6646 10387 END
START 13652 -5452 17472 -18528 7589 8953 END
START 12120 -3808 17832 -20081 9513 8872 END
START 11308 -1372 19632 -22125 11115 9226 END
START 11616 952 21112 -22563 11351 9010 END
START 13172 2120 22548 -22327 11074 6853 END
START 14236 2256 24576 -21436 10287 2769 END
START 13680 2180 26176 -19357 8032 -1660 END
START 12792 2468 26808 -17503 6528 -5267 END
START 11548 3108 27368 -16595 5369 -7615 END
START 11076 3784 27628 -15416 4012 -9239 END
START 11108 4416 26956 -14428 3057 -10575 END
START 11988 4204 25820 -14401 2123 -12177 END
START 13196 2568 26812 -14564 1906 -15074 END
START 11772 832 28960 -13300 3586 -19949 END
START 8844 -1084 29400 -10029 3010 -23651 END
START 6344 -2856 29608 -6395 1530 -26446 END
START 3900 -4352 29016 -2755 -606 -28119 END
START 2108 -5904 27616 284 -2528 -28828 END
START 472 -8152 26380 1232 -2603 -28569 END
START -2392 -11252 25656 -225 -382 -26858 END
START -5568 -13828 27144 -1569 2759 -23422 END
START -8672 -15236 27720 -274 3447 -19865 END
START -10160 -16020 26876 2339 1314 -17043 END
START -10856 -16172 25288 4560 -363 -14664 END
START -10992 -15616 23580 5321 -18 -11967 END
START -11112 -14868 22316 4959 2212 -8951 END
START -10964 -13708 21616 4695 5392 -6143 END
START -10956 -12556 20700 5341 7185 -3852 END