START 1164 1848 8312 1647 -3139 5295 END
START 1808 1352 9304 1456 -2934 5755 END
START 1620 1632 11292 1179 -2093 6325 END
START 1540 2784 14940 783 478 5651 END
START 3740 3280 13520 -573 2495 3976 END
START 4528 2528 13788 -2316 2279 2193 END
START 6004 1176 14644 -2821 -1321 714 END
START 8800 2252 16320 -1877 -6223 -156 END
START 13228 3532 18772 -460 -7997 -1988 END
START 16144 3632 19528 561 -6937 -4797 END
START 17556 3060 19816 758 -5511 -7025 END
START 18112 3092 20016 771 -4517 -8751 END
START 18456 3456 20216 690 -3195 -10854 END
START 17944 3444 20000 507 -1558 -13956 END
START 16364 2324 19352 533 -1027 -17289 END
START 13904 2156 18424 1079 -2150 -20317 END
START 11352 1148 18108 1832 -3848 -23068 END
START 8164 500 17188 2228 -4363 -25147 END
START 4980 -1036 16000 1908 -4349 -25974 END
START 1180 -2632 15084 643 -3391 -25518 END
START -2968 -4668 14924 -690 -2651 -24111 END
START -7144 -5904 15476 -1251 -2857 -22078 END
START -9076 -6616 16248 -1144 -2714 -20542 END
START -11108 -7800 17052 -436 -2161 -20042 END
START -12728 -8664 16896 617 -3085 -18843 END
START -13372 -8684 17004 687 -3368 -17323 END
START -14372 -8248 17396 444 -3004 -15082 END
START -14048 -7416 18040 236 -2260 -11827 END
START -13572 -6688 18868 -18 -897 -8736 END
START -12956 -6020 19820 -249 494 -6175 END
START -11696 -5008 21452 260 1573 -4320 END
START -10484 -4408 22452 1418 2325 -3489 END
START -9752 -3972 23344 2769 1934 -2899 END
START -9264 -3200 24468 3906 1390 -2425 END
START -9196 -2424 25696 5250 1954 -1891 END
START -9232 -2080 26140 6725 3538 -1281 END
START -9716 -1852 25812 7984 4632 -415 END
START -9864 -1208 25676 8917 5198 458 END
START -9980 -884 25172 10000 5399 1127 END
START -9772 -684 24460 11169 4993 1641 END
START -9500 -512 23748 12210 4581 2092 END
START -9112 -604 23012 13089 4170 2423 END
START -9000 -620 22208 14263 3800 2821 END
START -8764 -564 20808 15276 3251 3374 END
START -8344 -620 19092 15499 3242 4257 END
START -8056 -620 17528 15357 3934 5407 END
START -8176 -740 15720 14828 5182 7069 END
START -8100 -628 14252 14005 6390 8933 END
START -7852 -832 12712 13031 7521 10541 END
START -7860 -760 10996 12078 7727 12054 END
START -7972 -888 9228 11316 7205 13083 END
START -8360 -1328 6736 10408 6285 13703 END
START -9024 -1532 4388 9304 4952 14624 END
START -9200 -1920 2268 8067 3521 15959 END
START -8420 -1964 484 6401 2064 17578 END
START -7172 -1808 -1032 4558 902 19109 END
START -5652 -1752 -2440 2502 -92 20407 END
START -4148 -1376 -3308 361 -1257 21271 END
START -1992 -1392 -3720 -1830 -2477 21746 END
START 200 -1352 -4100 -4066 -3893 21557 END
START 2144 -1124 -3936 -6204 -4993 21269 END
START 4816 -1124 -3188 -8878 -5172 21148 END
START 7508 -1056 -1736 -11627 -4357 20798 END
START 10392 -660 724 -14039 -2993 20231 END
START 12888 -124 2964 -15897 -1325 18664 END
START 14616 -112 5328 -17133 -199 16151 END
START 15288 -432 7176 -17800 721 13114 END
START 14992 -1008 8652 -18515 1976 9947 END
START 13876 -1556 10620 -19526 2736 7594 END
START 12704 -2176 12736 -20313 2884 6928 END
START 12016 -1136 15076 -20931 4199 6543 END
START 11436 -56 17288 -21459 5238 6082 END
START 11584 740 19092 -21798 6019 4822 END
START 11608 1848 21284 -21978 7021 2634 END
START 10832 1588 23756 -21556 7002 -518 END
START 9584 976 25948 -20135 5722 -3853 END
START 8684 344 28856 -17633 3950 -6560 END
START 8660 -316 30696 -14758 2809 -8234 END
START 8788 -1112 31748 -12899 3817 -9545 END
START 8600 -2292 31632 -12196 4655 -10651 END
START 8068 -2796 32280 -12032 4578 -11667 END
START 7228 -2736 32767 -10470 3862 -12702 END
START 6432 -1960 32684 -7581 2652 -13726 END
START 6268 -1132 31492 -4811 933 -15357 END
START 6396 -600 30024 -2170 -1087 -17687 END
START 6208 -28 27992 99 -2745 -20314 END
START 5924 380 26464 1258 -3344 -22385 END
START 4744 464 24972 1573 -2163 -23739 END
START 2516 -532 23944 1425 -192 -23738 END
START 560 -1672 22884 1159 1773 -22386 END
START -1124 -3560 21900 895 3033 -20840 END
START -3452 -5548 21808 749 3009 -19519 END
START -5544 -7544 22052 1525 2003 -18319 END
START -6712 -8848 21712 2888 515 -17407 END
START -6496 -9708 20900 4016 -314 -16769 END
START -7124 -9896 20632 4775 812 -16697 END
START -8272 -10776 19784 5308 2407 -15453 END
START -9212 -11284 18964 5255 4587 -13002 END
START -10028 -11404 18264 4885 7115 -10115 END
START -10404 -11480 17584 4753 9122 -7201 END
START -10592 -11320 17044 5180 9723 -4538 END
START -10352 -10444 15516 6000 8987 -2289 END
START -9832 -8984 13832 6367 7283 -598 END