START 13016 -2632 20980 536 -896 -11056 END
START 12900 -2540 21212 648 -806 -11360 END
START 12760 -2280 21100 976 -369 -12231 END
START 12360 -2292 20824 1569 795 -14404 END
START 11092 -2188 20304 2141 1195 -16838 END
START 9628 -2180 19260 2770 861 -19229 END
START 7996 -2084 18672 2919 408 -20771 END
START 6348 -2020 17952 2909 342 -21682 END
START 4820 -1308 17244 2897 384 -22168 END
START 3068 -608 16188 2692 297 -22615 END
START 1200 -332 14988 2115 106 -22945 END
START -844 156 13896 1067 -284 -23099 END
START -3576 32 13264 -126 -159 -22896 END
START -6652 -240 12740 -1462 395 -21845 END
START -10164 -876 12388 -2879 840 -19640 END
START -12204 -1608 12396 -4489 586 -16140 END
START -13028 -2556 13788 -5926 466 -12404 END
START -12784 -3076 15836 -6337 857 -9820 END
START -12112 -3328 17708 -5359 1181 -8854 END
START -11384 -3468 18852 -3610 2 -8437 END
START -10644 -3868 19512 -2011 -1971 -8044 END
START -10040 -4168 20468 -584 -3171 -7124 END
START -8828 -4096 21676 506 -3130 -5498 END
START -7788 -3436 22884 1468 -1836 -3832 END
START -6296 -2416 23960 2631 -85 -2477 END
START -5660 -1836 23856 3943 1317 -1895 END
START -5692 -1292 23800 5153 1882 -1683 END
START -5828 -992 23552 6317 2052 -1363 END
START -5896 -664 23288 7363 2290 -764 END
START -6032 -532 22688 7990 2763 -78 END
START -6252 -348 22348 8074 2839 592 END
START -6328 28 22228 8660 2553 1425 END
START -6576 640 22068 9329 2164 2154 END
START -6420 748 21780 9911 1779 2667 END
START -6384 816 21400 10489 1525 3260 END
START -6244 820 21116 11163 1305 3989 END
START -6112 924 20552 11641 1322 4696 END
START -6284 996 19636 11789 1609 5255 END
START -6516 944 18984 12098 1569 5975 END
START -6616 940 18168 12639 1238 6795 END
START -6644 940 17308 12975 944 7620 END
START -6600 1224 16488 13091 943 8498 END
START -6244 928 15652 13041 1229 9753 END
START -5692 1160 14972 12776 1677 11466 END
START -4652 1404 14332 12301 2284 13167 END
START -3528 2180 13752 11816 2473 13955 END
START -2668 2596 12668 11273 2487 13963 END
START -2232 2664 12060 10607 1760 13496 END
START -1808 2680 11528 10314 412 13312 END
START -1268 2816 11200 10013 -263 13345 END
START -588 2476 10752 9328 -205 13797 END
START -120 2012 10124 8323 220 14536 END
START 584 1868 9616 7396 791 15419 END
START 1332 1748 9744 6562 1098 15967 END
START 2004 1952 9300 5805 1297 16189 END
START 2472 1540 9016 5136 1345 16036 END
START 2824 1740 8584 4625 1151 15718 END
START 2992 1640 7944 4219 1054 15269 END
START 3564 1236 7396 3518 994 15068 END
START 4236 1292 7020 2503 578 15256 END
START 4896 1328 7084 1569 145 15556 END
START 5292 1672 7200 705 -415 15743 END
START 5516 2228 7108 -8 -905 15756 END
START 5400 2348 6864 -716 -1074 15438 END
START 5244 2588 6828 -1262 -1056 14727 END
START 5472 1888 6536 -1937 -1934 14526 END
START 6428 1316 6936 -2982 -3036 15033 END
START 7976 1100 7480 -4313 -3126 16002 END
START 8892 1232 8412 -5766 -1663 16918 END
START 9164 1740 9076 -6749 629 17189 END
START 8912 2528 9428 -7391 2822 16627 END
START 7988 2992 9272 -7859 3710 15290 END
START 7336 2640 9300 -8295 2704 13766 END
START 7352 2128 9748 -8953 705 13076 END
START 7876 1472 10580 -9634 -911 12515 END
START 8488 1260 11844 -10435 -1377 12159 END
START 8408 1060 12840 -10840 -52 11530 END
START 7820 1316 12852 -11201 1951 10838 END
START 6820 660 12860 -11758 2843 10319 END
START 7016 -120 13440 -12491 1772 10610 END
START 8176 -776 14364 -12746 472 10985 END
START 9588 -1568 15072 -13616 312 10844 END
START 10480 -1588 15548 -14092 1110 10122 END
START 10072 -1152 16004 -14319 2684 8517 END
START 9456 -1504 15956 -14352 3420 6583 END
START 9572 -2396 16320 -14534 2346 5192 END
START 10780 -3720 17432 -14684 553 4376 END
START 12556 -4552 18672 -14385 -502 3577 END
START 13896 -4880 19424 -13920 272 2109 END
START 14452 -4820 19964 -13208 2613 57 END
START 14128 -4964 20284 -12800 5301 -2317 END
START 14128 -5468 21056 -12202 6516 -4220 END
START 14548 -5868 21932 -11557 7002 -5692 END
START 14864 -6076 22488 -11220 7957 -7403 END
START 14412 -5772 23300 -10662 8700 -9361 END
START 13336 -5504 23916 -9839 9285 -11718 END
START 11544 -5412 24672 -8821 9584 -14277 END
START 9572 -5628 24920 -7723 9688 -16499 END
START 7220 -5580 25148 -6632 9347 -17650 END
START 5144 -5308 25772 -5679 9199 -18347 END
START 3000 -5208 26280 -4779 9222 -18584 END
START 948 -5124 26804 -3632 8779 -18526 END