START 12080 -1644 19836 -2093 -4498 -4318 END
START 13584 -1732 18340 -1901 -4476 -4995 END
START 12876 -1632 19492 -1327 -4724 -6726 END
START 12524 -1292 19704 -390 -5090 -9332 END
START 12012 -1608 19560 286 -4735 -11604 END
START 10664 -1796 18920 636 -5024 -13044 END
START 9376 -1424 18620 620 -5384 -13800 END
START 8980 -1392 18692 511 -4318 -14363 END
START 8120 -1228 18928 146 -1649 -15234 END
START 7112 -1592 18772 -11 555 -16310 END
START 5696 -2016 18592 278 1225 -17437 END
START 4512 -2476 18196 741 1104 -18391 END
START 3084 -2444 17536 1011 42 -18647 END
START 2108 -2328 17420 1071 -601 -18566 END
START 1216 -1656 17420 1248 -802 -18616 END
START 412 -1640 16900 1116 -593 -18894 END
START -624 -1096 16752 719 -53 -19346 END
START -2116 -796 16224 205 846 -19882 END
START -4080 -884 15796 -251 1382 -19876 END
START -5592 -1088 15384 -714 1700 -19198 END
START -7396 -1640 14964 -1558 1970 -18282 END
START -9632 -2280 14840 -2484 1500 -16817 END
START -11824 -2404 14952 -2842 302 -14835 END
START -14140 -2460 15120 -2998 -893 -12551 END
START -15424 -2332 15232 -3534 -1624 -9914 END
START -15356 -2732 16968 -4185 -1506 -6839 END
START -13644 -3272 19596 -4378 -245 -3418 END
START -10876 -3900 22216 -4114 467 -686 END
START -8588 -3688 24176 -3099 -332 778 END
START -7136 -3272 25796 -980 -1975 1032 END
START -5644 -2140 26288 1954 -3246 177 END
START -4588 -1388 25948 4360 -3855 -1200 END
START -4444 -764 25140 6077 -4295 -2230 END
START -4400 -240 24560 7286 -4604 -2587 END
START -4260 -152 24188 8175 -4395 -2399 END
START -4076 -188 23680 8812 -3717 -1618 END
START -3668 -192 23412 9354 -2826 -439 END
START -3448 -36 23000 9858 -1418 596 END
START -3144 24 22556 10262 167 1266 END
START -3456 28 22064 10797 1417 1662 END
START -4084 -276 21672 11522 2018 1868 END
START -4936 -620 21200 12616 2292 2283 END
START -5808 -864 20504 14061 2384 3175 END
START -6100 -932 19228 14956 2846 4492 END
START -6428 -1148 17668 14715 3297 5890 END
START -6676 -920 16240 13776 3301 7026 END
START -6976 -708 15448 13027 2659 7895 END
START -7012 -376 14892 12567 1634 8733 END
START -6632 324 14736 12689 900 9466 END
START -6380 904 14148 12870 706 10047 END
START -5964 1512 13272 12391 1324 10529 END
START -5552 1936 12864 11534 2112 11215 END
START -4956 1856 12516 10672 2734 12059 END
START -4100 1944 12276 9566 2673 12942 END
START -2944 1208 12044 8842 918 13800 END
START -1624 1380 12112 8760 -1254 14404 END
START -160 1512 12088 9092 -2283 14391 END
START 784 1772 11340 9118 -2187 14259 END
START 968 2032 10368 8578 -1677 14254 END
START 1140 1924 9300 7765 -1363 14438 END
START 1448 1888 8344 7098 -1642 14412 END
START 1712 1900 7368 6438 -2264 14510 END
START 2268 1756 6784 5546 -2640 14718 END
START 2840 1784 6216 4612 -2454 15165 END
START 3520 2044 5724 3494 -1457 15508 END
START 3940 2188 5320 2190 -422 15544 END
START 4044 2352 4760 948 -129 15452 END
START 4140 2244 4540 -165 -524 15496 END
START 4340 2072 4616 -1086 -1440 15659 END
START 5144 2408 4784 -2243 -1880 15887 END
START 5640 2428 5220 -3579 -1332 16231 END
START 6040 2240 5872 -4834 154 16709 END
START 6704 1988 6184 -6112 1550 17203 END
START 7080 1628 6376 -7817 2450 17296 END
START 7668 1088 6724 -9578 2408 16750 END
START 8140 512 7444 -10584 1907 15856 END
START 8040 112 8444 -11204 1313 14786 END
START 8276 -276 9524 -11730 782 13953 END
START 8660 -488 10576 -12209 907 13400 END
START 8920 -656 11388 -12578 1869 12877 END
START 8752 -896 11964 -13100 2893 12231 END
START 8536 -1240 12392 -13787 3508 11464 END
START 8220 -2220 13224 -14470 3039 10813 END
START 9192 -2928 14532 -14841 2214 10310 END
START 9848 -3040 16180 -14656 1858 9517 END
START 10584 -2824 17088 -14458 2339 8177 END
START 10384 -2908 17688 -14624 3998 6493 END
START 10188 -3616 18092 -14361 5016 5340 END
START 10652 -4536 18560 -14168 4666 4803 END
START 11736 -5260 18932 -14050 4375 3937 END
START 12132 -5252 19672 -14004 4467 2612 END
START 12388 -5232 20196 -13896 4870 775 END
START 12296 -5356 20824 -13791 4700 -1047 END
START 12732 -5484 21856 -13456 4211 -2929 END
START 13244 -6300 22596 -12814 4196 -5141 END
START 13580 -7108 22852 -12040 4312 -7210 END
START 13592 -7220 23160 -11895 4817 -8987 END
START 13156 -7324 23728 -11469 5692 -10334 END
START 12484 -7264 24592 -10832 6695 -11816 END
START 11608 -7656 25380 -9610 7504 -13714 END
START 10732 -8004 25948 -7712 8789 -15842 END
START 9240 -8140 25380 -5654 10265 -17810 END
START 6848 -8320 25080 -3807 10590 -19373 END
START 4032 -8644 24692 -1643 8389 -20023 END
START 2392 -8416 24888 -212 5992 -20229 END
START 704 -7976 25852 526 6138 -20368 END