START 11336 2620 19048 -2465 -135 -2843 END
START 11280 2488 19152 -1967 -784 -3393 END
START 11716 2428 18996 -926 -2162 -4805 END
START 12636 2164 18832 -375 -2921 -7317 END
START 12240 2244 18756 -519 -2298 -10073 END
START 11520 1748 19064 -343 -1380 -12465 END
START 10256 1656 19012 181 -868 -14182 END
START 9128 1372 18768 437 -663 -15331 END
START 8032 1092 18200 617 -551 -16084 END
START 6832 572 17760 460 -478 -16792 END
START 5152 320 17488 234 -868 -17501 END
START 3728 12 17248 189 -1423 -18291 END
START 1844 -576 17376 455 -1890 -19082 END
START -240 -1216 17264 880 -2745 -19746 END
START -2100 -1608 17088 1039 -3576 -19947 END
START -3988 -2036 16896 767 -3831 -19484 END
START -5892 -2664 17060 188 -3271 -18389 END
START -7676 -3516 17116 -506 -2124 -16767 END
START -9108 -4264 17492 -1053 -1025 -14633 END
START -10200 -4880 17892 -1068 -272 -12788 END
START -10832 -5464 18288 -612 -360 -11266 END
START -11012 -5728 18228 -109 -872 -10174 END
START -11260 -5944 18288 536 -1159 -9141 END
START -11188 -5856 18100 747 -1013 -7689 END
START -11148 -5544 18248 733 -475 -5757 END
START -10864 -4784 18312 803 12 -3533 END
START -10108 -3980 18328 964 534 -1607 END
START -9164 -3036 17888 1066 1057 112 END
START -8020 -2044 17832 1155 1246 1459 END
START -6848 -1144 18008 1345 1172 2404 END
START -5440 148 18332 1645 1147 2806 END
START -4112 1056 18500 1819 1298 2769 END
START -3060 1796 18648 1873 1372 2476 END
START -2036 2312 19548 2131 1584 1935 END
START -1368 2512 19860 2628 2099 1333 END
START -1088 2248 19872 2919 2863 586 END
START -1220 1972 20056 3211 3285 -20 END
START -1816 1556 20376 3662 3305 -482 END
START -2524 1236 20740 4226 3223 -772 END
START -3340 944 21292 4805 2995 -970 END
START -4028 736 21656 5461 2666 -1014 END
START -4784 580 21964 6194 2338 -936 END
START -5552 812 21932 6940 1889 -592 END
START -6208 504 21956 7552 1782 33 END
START -6580 180 21764 7872 2009 719 END
START -6952 148 21780 8200 2384 1369 END
START -7288 -248 21504 8592 2721 2105 END
START -7484 -476 21316 9020 2970 2890 END
START -7700 -784 20740 9603 3140 3424 END
START -8136 -1148 20132 10216 3123 3809 END
START -8664 -1368 18920 10983 2586 4393 END
START -8880 -1688 18092 11515 2000 5174 END
START -8944 -1468 16968 11813 1645 6369 END
START -8632 -980 15688 11812 1592 7850 END
START -8052 -532 14676 11423 2002 9469 END
START -7396 -128 13528 10772 2782 11142 END
START -6772 460 12404 9854 3643 12546 END
START -6460 892 11400 9096 4162 13700 END
START -6020 1392 10280 8395 4513 14638 END
START -5988 1656 9020 7354 5542 15660 END
START -6240 1572 7516 5665 7597 16875 END
START -6488 1508 6548 3757 9030 18319 END
START -6060 1596 6004 1985 9091 19539 END
START -4996 1588 5464 1066 6945 20404 END
START -3176 2056 4868 457 3429 20605 END
START -1224 2444 4624 -399 568 20219 END
START 556 2960 4224 -1953 -832 19662 END
START 1644 2856 3956 -3867 -1005 19149 END
START 2256 2556 3992 -5387 -994 18625 END
START 2752 1888 3652 -6669 -1140 18484 END
START 3568 1204 3512 -7993 -1788 18566 END
START 4840 908 3624 -9382 -2815 18722 END
START 6268 936 4156 -10787 -3779 18781 END
START 7872 1240 4928 -12449 -4101 18193 END
START 9524 1424 6516 -14126 -3682 16956 END
START 10232 1552 7852 -14929 -2749 14855 END
START 10528 940 8988 -14945 -2133 12085 END
START 10336 784 9956 -14920 -1910 9527 END
START 9648 284 11196 -14995 -2081 7277 END
START 8932 64 12580 -15594 -2040 5802 END
START 8660 -632 14584 -16223 -1399 5214 END
START 8312 -644 16404 -16812 -341 4981 END
START 8604 -1140 18028 -17487 744 4579 END
START 9012 -1628 20096 -17936 2118 3452 END
START 8624 -2020 22312 -17622 3056 1607 END
START 8516 -2804 24304 -16057 3234 -446 END
START 7768 -3412 25112 -13761 2391 -2568 END
START 6984 -3440 25332 -11400 651 -4096 END
START 6784 -3432 25108 -10151 -126 -5190 END
START 6956 -3340 25468 -9655 944 -5625 END
START 6804 -3204 25492 -9320 3138 -5605 END
START 6704 -3492 24920 -8860 5630 -5536 END
START 5944 -3704 23900 -8448 7412 -5945 END
START 4692 -3836 22456 -7941 7926 -6584 END
START 2624 -3288 21064 -7483 7086 -7842 END
START 972 -2660 20092 -6798 4913 -8683 END
START 680 -2264 19436 -6265 3003 -8686 END
START 796 -1176 19196 -6397 1988 -8168 END
START 1384 -496 19344 -6900 2139 -7409 END
START 2472 144 19728 -7504 3118 -7011 END
START 3468 1000 20380 -7530 3685 -7363 END
START 4184 1940 20864 -6708 3364 -8952 END
START 4824 2708 21064 -5307 1931 -11364 END
START 5764 3016 20928 -3836 -282 -14186 END
START 6508 2504 20844 -2909 -2168 -17319 END
START 6320 1524 20864 -2646 -2857 -20010 END
START 5488 -76 21796 -2817 -1575 -21437 END
START 3932 -2244 22932 -2850 408 -21926 END
START 2204 -3752 23296 -2065 1336 -21886 END
START 652 -5320 23616 -82 373 -21631 END
START -64 -6328 23872 2086 -1267 -21732 END
START -436 -7172 23856 4456 -3501 -22498 END
START -456 -8188 23588 6841 -5992 -23950 END
START -1036 -9416 23428 7864 -5953 -25007 END
START -2236 -10388 23160 7441 -2691 -24661 END
START -4232 -11332 23220 7104 1397 -22732 END