START 5660 1900 14900 -348 -4382 2217 END
START 12596 888 15884 -490 -7004 2524 END
START 7540 1524 10516 -1427 -4565 1851 END
START 6320 2476 16096 -2936 -4389 1515 END
START 9464 2396 15320 -4272 -3853 1694 END
START 11244 2508 17096 -5409 -3024 1052 END
START 13328 2580 19424 -5577 -1099 -957 END
START 14464 2212 20676 -4424 297 -4399 END
START 14988 1484 21796 -1998 755 -8454 END
START 14608 1096 21564 541 -267 -12329 END
START 13672 632 21052 2643 -2219 -15738 END
START 12696 584 20140 3754 -3728 -18450 END
START 11240 16 19124 3830 -4201 -20455 END
START 9880 -220 18428 3248 -3622 -21424 END
START 7988 -376 17844 2223 -1833 -21804 END
START 5952 -924 17736 981 198 -22027 END
START 3944 -1164 17596 454 950 -22299 END
START 1700 -1848 17616 586 600 -22897 END
START -304 -2196 17588 1164 -856 -23629 END
START -2496 -2680 17604 2061 -2972 -24529 END
START -5084 -3388 17520 2889 -5374 -25173 END
START -7436 -4256 17556 3168 -6756 -25039 END
START -9720 -5044 17292 2647 -5912 -23526 END
START -12232 -5828 17252 1191 -3593 -20246 END
START -13688 -6368 17320 -393 -914 -15644 END
START -14576 -6588 17848 -1455 1017 -11289 END
START -14016 -6640 18024 -1729 2073 -8063 END
START -13220 -6260 18588 -1078 1850 -6370 END
START -12372 -5380 18836 202 376 -5705 END
START -11396 -4508 19148 1585 -1285 -5276 END
START -10384 -3096 19292 2530 -2024 -4360 END
START -9092 -1884 19536 2723 -1244 -2900 END
START -8032 -832 19628 2424 463 -1216 END
START -7060 80 19920 1909 2309 194 END
START -6184 728 20356 1728 3886 917 END
START -5848 1216 21112 2257 4863 974 END
START -5984 1564 21552 3458 4846 518 END
START -6056 1856 21840 4808 4283 -52 END
START -6464 1868 21964 6067 3648 -581 END
START -6928 1728 22220 7129 2839 -517 END
START -7104 1644 22528 8067 2546 -61 END
START -7136 1828 22600 8790 3197 607 END
START -7248 1636 22400 9263 4346 1438 END
START -7296 1504 22004 9565 5615 2376 END
START -7600 1328 21424 9867 6598 3354 END
START -7600 1096 20664 10013 7082 4360 END
START -7684 1188 20368 10101 7286 5337 END
START -7552 988 19724 10315 7453 5971 END
START -7596 604 19212 10686 7384 6371 END
START -7464 224 18148 11114 6988 6856 END
START -7592 88 17380 11320 6424 7241 END
START -7684 -52 16360 11532 5643 7750 END
START -7936 -276 15700 11801 4788 8530 END
START -8016 -476 14520 12058 4240 9597 END
START -8080 -420 12996 12031 4278 10715 END
START -8176 -528 11120 11358 4527 12126 END
START -8240 -676 9336 10129 4487 13737 END
START -8312 -512 7200 8298 4582 15494 END
START -8172 -604 5584 5972 5097 17420 END
START -7576 -392 4400 3672 5129 19288 END
START -6420 -364 3060 1488 4679 20759 END
START -5340 -84 2172 -394 3266 21480 END
START -3680 196 1496 -1848 1342 21631 END
START -1996 776 1240 -3178 -350 21446 END
START 112 1108 808 -4715 -1282 21086 END
START 1772 1516 632 -6730 -1702 20477 END
START 3220 1824 788 -8632 -1995 19676 END
START 4688 2128 1100 -10096 -2414 18988 END
START 6416 2360 1580 -11670 -2430 18153 END
START 7988 2440 2100 -13437 -2009 16887 END
START 9196 2220 2912 -15064 -1359 15026 END
START 9708 1960 4232 -16395 -1194 12772 END
START 9856 1728 5776 -16970 -1600 10548 END
START 10108 1448 6876 -17271 -2277 8452 END
START 9988 952 8200 -17930 -2538 6784 END
START 10380 376 9684 -18613 -2475 5855 END
START 10708 132 11276 -19277 -1963 5246 END
START 11596 -328 13184 -20330 -637 4604 END
START 11888 -452 15368 -21261 1208 3261 END
START 11580 -1356 17200 -21672 2638 1338 END
START 10632 -2356 19344 -21274 2840 -853 END
START 9960 -2796 21324 -20129 1432 -2642 END
START 9424 -3168 23152 -18559 -108 -4200 END
START 9240 -3908 24888 -17047 -769 -5877 END
START 8772 -4424 26668 -15701 -779 -7134 END
START 8408 -4944 27760 -14587 83 -7848 END
START 8312 -5116 29032 -13747 1555 -8230 END
START 8176 -5212 29784 -12537 3137 -8877 END
START 8020 -5204 30852 -10896 4013 -9897 END
START 7300 -5224 30976 -8857 4710 -11269 END
START 6576 -5032 30540 -6763 4794 -12662 END
START 5780 -4620 29460 -4829 4590 -13853 END
START 5084 -4076 28284 -3068 4064 -15013 END
START 4464 -3584 27044 -1502 3180 -16177 END
START 4132 -3112 25436 -256 2432 -17271 END
START 3280 -2624 24596 405 2053 -18221 END
START 2500 -2668 24024 846 2043 -19160 END
START 1208 -2972 23224 1020 2500 -19986 END
START -28 -4840 23712 983 4120 -20682 END
START -1648 -5528 23564 1297 5522 -21017 END
START -4152 -6644 23348 2536 6148 -21138 END
START -5452 -7984 22768 4474 5629 -20821 END
START -7400 -8176 21356 6879 3728 -20072 END
START -8372 -8228 20160 8556 1226 -18966 END