START -6048 2260 23068 511 -1834 787 END
START -2164 520 15288 464 -1384 690 END
START -2360 512 17304 402 -1665 572 END
START -1000 704 17800 587 -478 394 END
START 192 1248 17700 688 1008 167 END
START 564 1788 17448 -43 2563 177 END
START 1440 1780 16932 -855 2845 1019 END
START 3636 1956 17404 -1774 2199 1452 END
START 6864 2600 17636 -1873 1520 735 END
START 9888 4152 17904 -898 443 -1629 END
START 12628 4576 17016 575 -2211 -5103 END
START 14636 4636 16276 1861 -5490 -9035 END
START 15240 4476 15672 1853 -6369 -12352 END
START 14040 3852 15092 733 -4581 -13605 END
START 12492 2624 14924 -888 -2152 -13778 END
START 10136 1264 14948 -2622 57 -14088 END
START 6856 28 16024 -3414 850 -14859 END
START 3352 -964 16736 -2844 -207 -16170 END
START -408 -2520 16964 -1607 -2930 -17861 END
START -3172 -3404 17132 -313 -5301 -19206 END
START -5140 -4780 16964 -407 -5076 -19572 END
START -7680 -6040 17812 -1319 -2973 -18698 END
START -9780 -7376 18556 -1771 -1346 -16267 END
START -11672 -8628 19032 -1990 -457 -13144 END
START -13088 -8992 19548 -1933 423 -9774 END
START -13924 -9244 19892 -1235 280 -6651 END
START -13064 -8452 20168 -608 87 -4297 END
START -11780 -7304 20652 460 -292 -3354 END
START -10268 -5892 20700 2057 -1388 -2675 END
START -7612 -4368 20380 2829 -1775 -1799 END
START -5388 -2904 20876 3159 -719 -748 END
START -3120 -1968 21480 3302 784 424 END
START -968 -576 22492 3441 2359 1015 END
START 944 404 23272 3942 3711 630 END
START 2300 1168 24104 4700 4524 -555 END
START 2444 1612 24612 5858 4751 -2332 END
START 1664 1956 24552 6802 4507 -4129 END
START -148 2112 24872 7495 4196 -5697 END
START -2996 1864 25468 8455 3468 -6540 END
START -5028 956 25656 9578 2774 -6150 END
START -6272 0 25328 10248 3348 -5127 END
START -8100 -908 24884 10103 4679 -3655 END
START -9488 -2368 24664 9796 5727 -1721 END
START -10648 -3840 24328 10258 5857 -87 END
START -11840 -4640 23948 11488 5063 1034 END
START -12668 -5484 22304 12976 3822 1731 END
START -13468 -5944 20460 14380 2559 2681 END
START -14020 -5964 18420 15240 1940 4081 END
START -14008 -5700 16344 15501 2033 6249 END
START -13596 -4924 13712 15193 2428 8846 END
START -12748 -4128 11356 14416 2706 10978 END
START -11992 -3552 9096 13910 2138 12732 END
START -11300 -3040 6076 13199 1164 13844 END
START -10932 -2804 2924 12273 128 14359 END
START -10536 -3000 -380 10862 -1264 15142 END
START -8992 -3344 -3120 8533 -2178 16492 END
START -7092 -3660 -5276 5781 -2793 17836 END
START -4908 -3916 -6300 3245 -4130 19194 END
START -1748 -3992 -7004 686 -5678 20072 END
START 1704 -4540 -6720 -2028 -6068 19895 END
START 4024 -4844 -5948 -4318 -7075 19526 END
START 6056 -4808 -4728 -6170 -7480 18993 END
START 6928 -4904 -3880 -7872 -7248 18705 END
START 7612 -4972 -3144 -10039 -7201 19050 END
START 9268 -4396 -1068 -12598 -5707 20272 END
START 12544 -2596 872 -15218 -2993 21336 END
START 15316 -364 4752 -17843 -316 21237 END
START 17864 1540 8620 -20006 2021 19705 END
START 18968 3008 12000 -21059 3889 16749 END
START 19048 3612 14836 -21327 5561 12343 END
START 17316 2832 17100 -20946 5869 7155 END
START 14948 1892 19800 -19450 3675 3168 END
START 13968 1228 21940 -17586 1422 802 END
START 13676 1276 23404 -16463 843 -75 END
START 14112 1604 24148 -16666 1636 -500 END
START 14860 1328 25376 -17501 3419 -1652 END
START 15148 672 26956 -17701 4142 -3611 END
START 15636 -416 29400 -16314 3784 -6357 END
START 15244 -1012 30772 -13597 2627 -9598 END
START 14148 -1024 30796 -10285 904 -12330 END
START 12996 -1020 30196 -7374 506 -14160 END
START 11172 -668 28812 -5047 1326 -14903 END
START 10040 -476 26320 -4475 2543 -15425 END
START 8824 -1692 25072 -6731 3923 -17462 END
START 6520 -3372 26060 -7544 4105 -19724 END
START 4048 -5116 27268 -6039 3146 -21327 END
START 2388 -6424 27344 -3392 574 -21790 END
START 1348 -6408 27068 -598 -1280 -21492 END
START 472 -6760 26540 1685 -1013 -20494 END
START -176 -6968 25928 3057 1941 -19012 END
START -860 -7672 24252 3393 5064 -17772 END
START -1912 -8236 22796 2046 6441 -17691 END
START -3612 -8900 22676 988 6165 -18266 END
START -5900 -8892 22464 1992 5109 -18113 END
START -7320 -9020 21264 3903 4041 -16922 END
START -8696 -8608 18720 4561 3799 -14922 END
START -9340 -7996 16608 4238 3648 -12310 END
START -9784 -7352 15428 3478 3698 -9551 END
START -10128 -6752 14544 2605 3892 -6599 END
START -9916 -6508 13696 1778 3688 -3327 END
START -9120 -6132 13372 709 3306 -663 END
START -8500 -5736 13436 -25 2701 977 END