START 7856 -2288 17220 -4064 -2569 5428 END
START 9980 -3124 13256 -4291 -2727 5081 END
START 8912 -2436 16668 -5068 -4021 4297 END
START 13020 -2924 15044 -5463 -5382 3282 END
START 13596 -2528 17288 -4714 -5880 1148 END
START 15020 -2276 17604 -3806 -5068 -1480 END
START 14660 -2420 17912 -3422 -3709 -4317 END
START 13936 -2588 18364 -2895 -2810 -6186 END
START 13740 -2732 19012 -2008 -1200 -7777 END
START 12776 -2728 19092 -1526 771 -9276 END
START 11416 -2696 18980 -1186 1918 -10353 END
START 10040 -2644 19144 -742 2123 -11202 END
START 9112 -2644 19224 -231 1881 -12201 END
START 8364 -2804 19280 273 2006 -13352 END
START 7728 -3160 18996 706 1740 -14608 END
START 6560 -3308 18588 1171 1582 -15854 END
START 4972 -3260 18132 1547 1340 -17239 END
START 3152 -3436 17664 1739 737 -18416 END
START 1808 -3240 17076 2069 214 -19042 END
START 124 -3144 16712 2032 304 -18978 END
START -1368 -2524 16248 1567 381 -18182 END
START -2860 -1624 16296 1107 260 -17207 END
START -4220 -1060 16608 735 727 -16473 END
START -5964 -868 16692 426 1857 -15800 END
START -8084 -404 16800 381 2831 -15093 END
START -9928 -308 16500 280 3424 -14705 END
START -11876 -468 16220 383 3111 -14143 END
START -13464 -616 16336 533 1606 -13239 END
START -14144 -668 16276 535 -621 -11935 END
START -14056 -852 17012 161 -2112 -10027 END
START -13284 -780 17968 -14 -2213 -7435 END
START -12040 -544 18864 -30 -1642 -5104 END
START -10444 52 19816 189 -1154 -3085 END
START -8604 744 20704 837 -632 -1974 END
START -6980 1248 20932 1380 -212 -1333 END
START -5648 1568 21528 1783 -272 -1218 END
START -4392 1636 22292 2580 -644 -1386 END
START -3280 1852 22952 3599 -966 -1517 END
START -2388 1904 23436 4298 -633 -1694 END
START -1944 1816 24020 4955 229 -1807 END
START -2204 2152 24180 5836 1483 -2098 END
START -3192 2012 24280 6730 2349 -2114 END
START -3836 2108 24388 7542 2841 -1841 END
START -4604 2712 24508 8172 3330 -1547 END
START -5384 3220 24872 8654 3876 -1110 END
START -6468 3240 25136 9463 4305 -649 END
START -7304 2388 24780 11002 3563 -293 END
START -7544 1188 22884 12252 2438 18 END
START -7988 500 21912 12233 1832 618 END
START -8440 148 21216 12364 1666 1501 END
START -8668 -72 20520 12707 1411 2555 END
START -8792 -252 19448 13108 1207 3751 END
START -8680 -64 18340 13305 1317 4960 END
START -8672 -116 17004 13269 1146 6093 END
START -8484 76 15708 13415 903 7161 END
START -8396 400 14164 13265 1276 8051 END
START -8456 848 12800 12579 1674 9233 END
START -8400 828 11420 11902 1272 10509 END
START -7616 1192 10184 10990 251 11787 END
START -6664 1656 9480 10069 -651 12728 END
START -5744 2432 9320 9317 -619 13285 END
START -5080 2736 9072 8594 -263 13706 END
START -4588 2840 8356 7918 -341 14202 END
START -3528 2724 7784 7130 -876 14976 END
START -2472 2744 7392 5933 -1198 15907 END
START -1056 2884 7472 4852 -1165 16640 END
START -208 2640 7320 4056 -599 17191 END
START 124 2372 7156 3158 108 17358 END
START 136 2104 6844 2421 672 17377 END
START 400 1776 6412 1627 594 17265 END
START 764 1680 6144 702 -417 17167 END
START 1472 2276 6364 -78 -1068 17538 END
START 2348 2312 6568 -913 -1023 17941 END
START 2832 2456 6664 -1917 -367 18111 END
START 2936 2340 6316 -2968 419 17918 END
START 3220 1948 6696 -4029 383 17877 END
START 4020 1656 6940 -4836 85 17899 END
START 4704 1284 7808 -5603 -320 18092 END
START 5652 1320 9040 -6225 -661 18370 END
START 6436 1092 9436 -6785 370 18192 END
START 6292 1388 9392 -7719 2328 17703 END
START 4548 1076 9476 -7872 3171 17112 END
START 4088 64 8968 -8310 1898 16863 END
START 4604 -320 9464 -9201 -241 17161 END
START 6076 -676 10456 -9852 -1584 17779 END
START 7576 -892 11316 -10442 -1035 17983 END
START 7772 -484 11772 -11116 800 17713 END
START 7384 -80 11992 -11573 2534 16768 END
START 6780 -572 12480 -12063 2649 15887 END
START 7400 -1636 13488 -11980 861 15570 END
START 8788 -2476 14648 -11222 -719 15455 END
START 9824 -2648 15820 -10440 45 15398 END
START 10176 -2656 14908 -10411 2459 15114 END
START 9456 -2464 14304 -13356 4715 13940 END
START 8740 -3356 15604 -14917 4066 12393 END
START 9112 -4708 17124 -14303 1059 10799 END
START 10264 -5908 17468 -13207 -1525 8969 END
START 10720 -6716 17616 -12457 -2293 7016 END
START 9544 -6292 17408 -12086 -1211 5629 END
START 8668 -5868 17120 -12458 343 5179 END
START 7984 -6060 17472 -13038 1234 5130 END
START 8324 -6428 18188 -13299 1612 5227 END
START 8864 -7048 18764 -13206 1440 4820 END
START 9772 -7328 19328 -12760 895 3664 END
START 10852 -8120 19704 -11901 678 1625 END
START 11128 -7812 19972 -11009 1219 -453 END
START 11148 -7752 20428 -10776 2155 -1829 END
START 11348 -7796 21636 -10312 3416 -3152 END
START 11572 -8172 22336 -9516 4874 -4505 END
START 11668 -8572 22888 -8388 6383 -5986 END
START 11668 -9288 23196 -7174 7385 -7692 END
START 11660 -9512 23012 -5738 8351 -9795 END
START 11196 -9204 23232 -4503 9558 -11996 END
START 10008 -8324 23668 -3292 11117 -14213 END
START 8596 -7536 23872 -2081 12735 -16423 END
START 6672 -7240 23908 -481 13859 -18311 END
START 4288 -7040 23820 1678 13353 -19671 END
START 1708 -7168 23156 3761 11239 -20404 END
START -444 -6132 22868 4647 9386 -20554 END
START -2508 -4444 23108 4312 8540 -20344 END