START 1212 620 16424 -3560 4049 7621 END
START -5364 3504 32767 -3485 2326 7566 END
START -4172 3760 21836 -3755 3356 6514 END
START 3104 1768 14368 -3053 1805 3643 END
START 3760 1896 15400 -1648 -371 150 END
START 3988 1700 15856 -504 -2882 -3097 END
START 4924 1496 15608 461 -5069 -4940 END
START 5796 1664 15460 731 -5614 -5379 END
START 6852 1164 15284 -132 -4347 -4928 END
START 8004 1176 15512 -2276 -1733 -4194 END
START 8924 648 16740 -4322 803 -4050 END
START 9692 520 17992 -4858 2354 -4883 END
START 9552 468 19544 -4192 2367 -6726 END
START 9700 96 20420 -2422 811 -9266 END
START 9256 -476 20876 -352 -1608 -12041 END
START 8808 -876 20552 1668 -4182 -14813 END
START 7860 -1108 20672 2489 -5021 -17147 END
START 6460 -1492 20540 2442 -4009 -18814 END
START 4540 -2116 20636 1894 -1689 -19419 END
START 2272 -2560 20396 1313 347 -19459 END
START 348 -3408 20284 1400 818 -19472 END
START -1164 -3964 20192 2051 145 -19738 END
START -2696 -4300 19960 2984 -1072 -20159 END
START -3736 -4492 19780 4158 -2415 -20597 END
START -4584 -4628 19568 5348 -3601 -21104 END
START -5256 -4556 18868 6169 -4046 -21430 END
START -5996 -4572 18384 6218 -3391 -21297 END
START -7212 -4992 17736 5481 -2076 -20223 END
START -8196 -4868 17312 4557 -922 -18180 END
START -8792 -4684 17160 3849 -94 -15936 END
START -9332 -4308 16860 3385 133 -14073 END
START -9620 -4112 16668 3243 -201 -12710 END
START -9516 -3700 16816 3281 -672 -11790 END
START -9460 -3216 17040 3515 -1066 -11006 END
START -9548 -2732 17408 3525 -982 -10163 END
START -9612 -2284 18052 3373 -931 -8968 END
START -9540 -1980 18532 2993 97 -7559 END
START -9796 -2028 19324 2567 1588 -6143 END
START -10264 -1852 20132 2449 2602 -4688 END
START -10984 -1680 21272 2843 2715 -3472 END
START -11904 -1200 22540 3572 2141 -2421 END
START -12844 -568 23864 4775 1005 -1635 END
START -12808 -308 24912 6463 -349 -785 END
START -11844 -628 25504 8106 -694 -132 END
START -10844 -1380 25408 9302 164 390 END
START -10488 -2176 25484 10054 1051 1110 END
START -10388 -3092 25296 11005 1971 1875 END
START -10340 -3532 24900 12579 2249 2847 END
START -10372 -3572 23492 14408 2155 3755 END
START -9616 -3476 22032 16170 2094 4568 END
START -9400 -3244 20012 17355 1824 5310 END
START -8692 -2884 18156 17892 1888 6156 END
START -7856 -2476 16260 17586 2398 7158 END
START -7032 -2180 14828 16891 3162 8171 END
START -6324 -1648 13288 16219 4171 9064 END
START -5864 -1300 12020 15361 5424 10182 END
START -5572 -960 10372 14365 6740 11506 END
START -5224 -752 8368 13404 7721 12769 END
START -5140 -552 6616 11944 8275 13678 END
START -5120 -328 4944 10401 8409 14198 END
START -5264 -204 3652 9105 7614 14834 END
START -5464 68 2144 7733 6354 15505 END
START -5564 172 1048 6136 5131 16307 END
START -5200 392 -116 4258 4221 17407 END
START -4952 576 -1004 2120 3917 18608 END
START -4684 668 -1760 -302 3598 19840 END
START -4112 568 -2196 -2678 2741 21029 END
START -3108 756 -2548 -5147 1810 22151 END
START -1900 1144 -2244 -7658 706 22995 END
START -248 1476 -1644 -10062 -207 23958 END
START 1900 1760 -656 -12815 -681 24749 END
START 3832 2220 720 -15255 -635 25229 END
START 6464 2472 1896 -17162 370 24749 END
START 7964 2500 2688 -18680 1627 22817 END
START 8912 2620 3808 -20027 1835 20057 END
START 9376 2468 5688 -21143 680 17299 END
START 10176 2420 7496 -21701 -585 14853 END
START 11048 2204 9948 -21806 -1680 12535 END
START 12128 1960 11816 -21725 -1881 10476 END
START 13088 1020 13248 -22052 -669 8214 END
START 13624 -320 14732 -23104 1609 6108 END
START 13804 -2104 16868 -24147 3940 3851 END
START 13140 -3972 20412 -24146 5144 1597 END
START 11768 -5428 23276 -22626 5018 -804 END
START 10560 -6728 25592 -20025 3713 -3302 END
START 9480 -7480 26628 -17507 2254 -5337 END
START 8400 -7864 26568 -15934 1470 -6473 END
START 7504 -7660 26648 -15208 1397 -6947 END
START 6968 -6628 26576 -15015 2532 -6667 END
START 6348 -5464 26628 -14974 3980 -6240 END
START 6740 -4692 26912 -14412 5457 -6833 END
START 6020 -3764 26920 -13320 5601 -8717 END
START 5644 -3408 27136 -11526 3753 -10944 END
START 5888 -2788 27524 -9554 1582 -12868 END
START 6228 -2340 27408 -7771 381 -14496 END
START 6696 -2488 27264 -6346 328 -16187 END
START 6188 -3048 27176 -5357 1313 -17888 END
START 4864 -3908 26780 -4196 2385 -19393 END
START 3312 -4508 26712 -2698 2859 -20616 END
START 1808 -5192 26056 -522 2145 -21695 END
START 720 -5452 25068 1916 110 -22706 END
START 144 -5316 23700 3924 -2657 -24015 END
START -408 -5464 22592 5706 -5620 -25757 END
START -744 -5776 21500 6653 -7063 -26838 END
START -1752 -6564 20684 6323 -5938 -26868 END
START -2820 -7060 19952 4891 -2561 -25465 END
START -4036 -8096 19768 2768 2342 -22844 END
START -5360 -9360 19656 1313 6092 -19866 END
START -6320 -10096 19372 1379 7465 -16831 END
START -6736 -10596 18920 2445 6639 -14408 END
START -6776 -10704 18216 3629 5231 -12863 END