START 10384 2780 13364 -7590 4210 12549 END
START 12916 2884 14956 -8040 2557 12113 END
START 6996 3456 17484 -9203 2728 9588 END
START 9796 1656 14984 -8455 -1148 5813 END
START 10780 932 15560 -5319 -6355 2574 END
START 12656 1144 15276 -2217 -9829 -220 END
START 14584 1240 14016 -1551 -9736 -3204 END
START 15164 928 13604 -3373 -8230 -5878 END
START 15072 712 14768 -4795 -7203 -7702 END
START 15116 660 16100 -4788 -6548 -9327 END
START 15140 616 16856 -4355 -5566 -11467 END
START 14792 492 17116 -4258 -4627 -14434 END
START 13376 -208 17696 -4110 -4540 -17947 END
START 11080 -924 18884 -3140 -4922 -21690 END
START 7944 -2288 19544 -1853 -5108 -24834 END
START 4960 -3268 19912 -796 -5018 -26949 END
START 1620 -4724 20340 -161 -3994 -27765 END
START -1764 -6424 20680 80 -1998 -27454 END
START -4576 -7940 20724 226 -677 -26216 END
START -6940 -9340 21048 365 -421 -24691 END
START -9196 -9828 21224 973 -531 -22923 END
START -10248 -10096 21400 2121 -1269 -20862 END
START -11316 -9784 20644 2923 -1617 -18201 END
START -11988 -9020 20160 2695 -1253 -15176 END
START -12148 -8116 20092 2205 -81 -11921 END
START -11968 -7200 19960 1731 1811 -8746 END
START -11564 -6392 19524 1446 3282 -5648 END
START -11008 -5276 19236 1523 3254 -3306 END
START -10008 -4176 18928 1982 2055 -1887 END
START -9028 -3076 18676 2629 1044 -1352 END
START -8208 -2020 18184 3032 418 -1231 END
START -7544 -1216 17996 3139 20 -1043 END
START -6988 -536 18096 3253 -264 -394 END
START -5908 56 18320 3235 -325 431 END
START -4540 548 18448 3071 -22 1230 END
START -3308 1116 18864 2716 590 1887 END
START -2024 1364 19508 2471 1333 2172 END
START -940 1548 20496 2556 2141 1779 END
START -548 1692 21508 3230 2779 813 END
START -836 1548 21908 4342 2968 -562 END
START -1532 1532 22172 5339 2791 -2037 END
START -2864 1300 22496 6274 2553 -3205 END
START -4788 1112 23184 7332 2151 -3876 END
START -6368 1052 23424 8597 1583 -3889 END
START -7356 708 23284 9661 1314 -3445 END
START -7552 344 23432 10390 1761 -2591 END
START -7840 -184 23612 11028 2948 -1678 END
START -8316 -824 23412 11892 4371 -763 END
START -8896 -1308 23136 13202 5519 154 END
START -9112 -1708 22316 14620 6625 1142 END
START -9364 -1812 20744 15938 7503 2162 END
START -9476 -2044 18892 16694 8164 3222 END
START -9372 -2300 17004 16601 8111 4407 END
START -9632 -2112 15684 15864 6876 5620 END
START -9228 -1844 14452 15269 5292 7060 END
START -8888 -1796 13160 14693 3927 8467 END
START -8504 -1708 11708 14016 3215 9778 END
START -8528 -1544 10244 13379 2868 11398 END
START -8300 -1616 8344 12279 2691 13368 END
START -8060 -1648 6656 10606 3121 15963 END
START -7328 -1540 4400 8249 3691 18824 END
START -6724 -1640 2644 6016 3283 21574 END
START -5676 -1404 1056 3596 1678 24066 END
START -3812 -1540 -64 1030 -237 26105 END
START -1236 -1504 -1216 -1366 -1521 27399 END
START 1020 -1124 -1496 -4170 -1946 27770 END
START 3172 -1016 -2016 -6739 -2472 27299 END
START 4832 -268 -2172 -8863 -3076 26457 END
START 6236 4 -2212 -10965 -3450 25218 END
START 7300 88 -2332 -13378 -3908 24290 END
START 8648 108 -1488 -16163 -4331 23657 END
START 9864 -168 -444 -18503 -4296 23360 END
START 11144 -472 1088 -20373 -3713 23106 END
START 12968 -484 2748 -22690 -1524 21969 END
START 13788 -860 5208 -24450 1209 19406 END
START 13264 -1028 7716 -24938 2882 15995 END
START 12672 -1628 9844 -24374 2401 12853 END
START 12172 -2104 11180 -23779 1066 10378 END
START 11880 -2992 13096 -24273 406 8651 END
START 11248 -4068 15704 -24994 450 7614 END
START 10508 -5212 19140 -24894 285 6951 END
START 11064 -5916 22760 -23586 673 6180 END
START 12220 -6480 25980 -21522 2858 4257 END
START 12928 -7520 28524 -19144 5614 1624 END
START 12900 -8952 31332 -16762 7248 -1139 END
START 12644 -9792 32767 -13686 7612 -3300 END
START 11848 -9604 32767 -10890 8225 -5034 END
START 10544 -8576 31672 -9320 8852 -6960 END
START 9292 -7596 30224 -8260 9224 -9136 END
START 7460 -5956 28996 -7100 8815 -11519 END
START 6448 -4732 27816 -5435 7339 -13632 END
START 6192 -3508 25772 -3854 5639 -15347 END
START 6396 -2764 24040 -3285 4486 -16697 END
START 6564 -2188 22572 -3185 3977 -18125 END
START 6348 -1836 21644 -3271 3823 -19820 END
START 5964 -2000 21300 -3552 4126 -21912 END
START 4832 -2756 21484 -3942 4545 -24374 END
START 3300 -3112 21868 -3572 4580 -26438 END
START 1516 -3776 22380 -2340 4354 -27822 END
START 92 -5148 22328 -344 3160 -29026 END
START -1284 -6332 22240 1825 1007 -30157 END
START -2456 -7380 22012 4176 -1364 -30940 END
START -3076 -8624 21476 5679 -2172 -30820 END
START -3848 -10276 21472 5837 -780 -29909 END
START -5152 -12104 21936 5493 1775 -27729 END