START 7556 -3236 19928 -27 -2642 -8180 END
START 8628 -3640 19012 21 -2281 -8325 END
START 7268 -3176 20912 246 -1501 -8759 END
START 7456 -3660 20928 1206 -325 -9930 END
START 6844 -3592 20520 2139 145 -11480 END
START 5908 -3888 20008 2567 -351 -12924 END
START 4664 -3968 19212 2972 -1349 -13964 END
START 3768 -3536 18908 3193 -2267 -14553 END
START 3116 -3332 18448 3330 -2041 -15260 END
START 2232 -2820 18256 3427 -876 -16117 END
START 936 -2688 17644 3529 237 -17016 END
START -524 -2544 17208 3652 789 -17681 END
START -2116 -2400 16240 3446 974 -18008 END
START -3960 -2084 15428 3056 919 -18003 END
START -6076 -1844 14528 2590 50 -17551 END
START -8460 -1312 13568 2074 -1581 -16912 END
START -10312 -952 13312 1304 -3139 -16075 END
START -11436 -824 13536 563 -3575 -14760 END
START -12052 -1116 14392 95 -2800 -12955 END
START -12516 -1112 14948 -386 -1520 -11055 END
START -12996 -988 15652 -477 -1011 -9265 END
START -12708 -772 15944 50 -1501 -7414 END
START -12080 -612 16164 -200 -2655 -5836 END
START -10560 -456 17536 -312 -4509 -4270 END
START -7924 -632 19452 31 -4855 -3207 END
START -5884 -804 21360 198 -3734 -2916 END
START -4136 -920 22944 748 -2539 -2832 END
START -2884 -676 24060 1912 -1514 -2869 END
START -2040 -700 24524 2806 -484 -3187 END
START -1812 -736 25128 3483 413 -3551 END
START -2548 -516 25696 4268 1010 -3787 END
START -3264 -360 26092 5369 1089 -3830 END
START -3788 -84 25964 6369 1508 -3697 END
START -4340 172 25660 6957 2373 -3491 END
START -5148 64 25144 7524 2917 -3061 END
START -5672 -24 24616 8084 2632 -2326 END
START -5976 -88 24292 8866 2249 -1636 END
START -6224 -132 24004 9533 2272 -1083 END
START -6680 136 23200 10280 2623 -369 END
START -7036 280 22516 10952 2771 301 END
START -7548 20 21540 11543 2949 1078 END
START -8012 -28 20548 11943 3138 2115 END
START -8296 -64 19792 12291 3277 3250 END
START -8544 128 18796 12643 2982 4089 END
START -8788 432 17968 12761 2229 4955 END
START -8692 464 17244 13003 1522 5650 END
START -8460 556 16288 13212 1004 6428 END
START -8780 460 15396 13052 732 7352 END
START -8236 656 15020 12729 858 8473 END
START -7800 876 14528 12611 1544 9549 END
START -7476 724 13292 12308 2337 10484 END
START -7432 616 12204 11628 2319 11397 END
START -7248 776 11436 10893 1622 12298 END
START -7176 460 10604 10312 1258 13320 END
START -6960 368 9908 9582 613 14625 END
START -6492 384 9320 8788 44 15628 END
START -5432 392 8880 8138 -204 16512 END
START -4224 176 8296 7369 -528 17479 END
START -3196 232 7980 6391 -476 18245 END
START -2364 288 7468 5494 -485 19054 END
START -1176 844 7080 4598 -344 19541 END
START -244 1144 6516 3696 -238 19534 END
START 424 1360 5956 2906 -612 19342 END
START 1168 1524 5624 2305 -1377 18832 END
START 1900 1344 5560 1497 -2207 18568 END
START 2756 1404 5060 595 -2663 18467 END
START 3380 1256 4760 -365 -2334 18373 END
START 3728 1236 4852 -1573 -1624 18031 END
START 4392 1268 5708 -2652 -1226 17946 END
START 5772 1148 6656 -3487 -849 17913 END
START 7124 1536 7468 -4208 -212 17559 END
START 7808 1656 7500 -5159 985 16389 END
START 6676 1636 7564 -5743 1842 15568 END
START 5672 1540 7072 -6487 2268 15119 END
START 5124 1036 7352 -7857 2439 15094 END
START 5648 924 8596 -8617 1751 15384 END
START 6560 712 9388 -8918 1286 15317 END
START 7468 672 10020 -9429 1712 14769 END
START 7584 560 9672 -10073 2584 13891 END
START 7068 384 8952 -10936 3138 12809 END
START 6212 244 8168 -11801 3230 11433 END
START 4964 320 9036 -13160 1842 10465 END
START 5620 -72 10744 -13566 -1164 10809 END
START 8196 88 12188 -13944 -2643 10925 END
START 10188 -412 13192 -14870 -1003 10116 END
START 10356 -1160 13584 -15535 1956 8517 END
START 9044 -1932 13204 -16303 4359 6838 END
START 7796 -3560 13608 -17211 4710 5498 END
START 8028 -4824 15600 -17617 2270 5469 END
START 9600 -5276 17388 -17292 750 5185 END
START 10664 -5836 18508 -17098 1309 4034 END
START 11232 -6712 19584 -16733 2170 2447 END
START 11672 -8232 21020 -16107 2531 944 END
START 12396 -9640 22764 -14882 2582 -213 END
START 12336 -9948 23972 -13881 3479 -1117 END
START 12352 -9988 25964 -13363 5016 -1729 END
START 12236 -10016 27560 -11801 6692 -2405 END
START 12240 -10560 27716 -10014 8616 -3504 END
START 11460 -11268 27528 -8103 9209 -4771 END
START 11596 -11076 27024 -5817 9064 -6336 END
START 10932 -9416 26180 -4480 9997 -8030 END
START 9652 -8236 26212 -3596 11105 -9710 END
START 8060 -7196 25584 -2345 11804 -11072 END
START 6248 -7108 24980 -1726 12318 -12463 END
START 3784 -7284 24332 -497 12125 -13607 END
START 1572 -7112 24036 953 11759 -14209 END
START -1104 -6084 22976 2012 11111 -14319 END
START -3828 -4564 22744 2602 8906 -14166 END
START -6012 -3068 22996 3047 6144 -14161 END
START -7428 -1744 23256 3649 3796 -14261 END
START -8444 -612 23380 4028 2823 -13987 END