START 10448 -2208 14020 -1786 -2076 7973 END
START 16900 -2304 6132 -1797 -2656 7364 END
START 12640 -1708 18852 -1877 -1628 5216 END
START 15928 -1980 17800 -2241 -1617 3162 END
START 16696 -1736 18744 -1585 -3936 1346 END
START 17960 -1588 19628 -460 -6191 -561 END
START 19856 -1220 20356 655 -7176 -3237 END
START 20888 -1300 20476 1402 -6015 -6894 END
START 19972 -1132 20056 1548 -4046 -10277 END
START 18156 -1168 19612 1431 -2289 -12778 END
START 16136 -1372 18564 1432 -1394 -14817 END
START 14064 -1256 17944 1020 -720 -16608 END
START 11616 -1300 17620 668 214 -17959 END
START 9012 -1320 17068 56 1254 -18790 END
START 6184 -1444 17088 -473 2611 -19859 END
START 2216 -2120 16652 -516 3485 -20802 END
START -2392 -2312 15880 -534 3152 -20916 END
START -6408 -2776 15120 -678 1838 -19932 END
START -9644 -3180 14596 -1395 703 -18041 END
START -11924 -3716 15080 -2543 696 -15678 END
START -13180 -3592 16200 -3054 1877 -13829 END
START -14144 -3620 16988 -2089 2978 -13086 END
START -14936 -3808 16596 -759 1836 -12233 END
START -15404 -4136 16052 234 -908 -10559 END
START -14924 -3784 15868 730 -3926 -8020 END
START -13096 -2660 16336 895 -4845 -5476 END
START -11032 -1444 16844 746 -3920 -3531 END
START -8976 -676 17612 648 -3166 -2229 END
START -6748 32 18472 610 -3060 -1331 END
START -4056 584 20280 936 -2734 -970 END
START -1704 1072 21604 1685 -1896 -1174 END
START -348 1568 22372 2371 -1073 -1728 END
START 64 1760 22972 2867 -361 -2284 END
START 152 2060 23964 3405 227 -2732 END
START 376 1940 25028 3950 1229 -3087 END
START 992 1220 25976 4239 2091 -3226 END
START 1304 860 27260 5071 3240 -3669 END
START 268 492 28124 6484 3976 -5400 END
START -2156 204 28280 8391 4124 -7216 END
START -4864 -100 27240 10567 4475 -8328 END
START -7304 -460 25724 12071 5075 -8422 END
START -9092 -1204 23572 12362 5627 -6929 END
START -10448 -1272 22656 12149 5224 -3937 END
START -10704 -1384 21832 12445 4018 -553 END
START -10036 -996 20940 12753 3104 2144 END
START -9560 0 20084 13305 3065 3748 END
START -9484 392 19124 13699 3271 4799 END
START -9332 412 17976 14755 2818 5747 END
START -8820 544 16288 15222 2577 6976 END
START -8368 700 15004 15145 2773 8147 END
START -8524 828 13200 14348 2790 9355 END
START -8284 1396 12168 13416 2069 10521 END
START -7736 1592 11612 12624 1044 11474 END
START -7076 2060 11108 12158 242 12415 END
START -6424 2296 10868 11696 38 13340 END
START -5904 1992 9924 11267 294 14256 END
START -5256 1700 9316 10467 671 15216 END
START -4412 1676 8956 9533 977 16317 END
START -3764 1960 8500 8639 1015 17127 END
START -3356 2380 7976 7471 500 17580 END
START -2868 2340 7500 6959 -436 17934 END
START -2376 2380 6704 6373 -1407 18153 END
START -1408 2412 6204 5575 -2008 18587 END
START -564 2272 5832 4897 -1968 18806 END
START 300 2192 5392 4236 -1987 19103 END
START 1064 2296 5332 3414 -2425 19621 END
START 2120 2592 5044 2724 -2329 19993 END
START 2740 3000 4992 1690 -1579 20172 END
START 3096 3116 4604 733 -711 20114 END
START 3540 3044 4160 -218 -662 19973 END
START 3964 2800 4044 -1292 -858 19568 END
START 4900 2216 3720 -2067 -832 19011 END
START 5928 1616 3608 -3177 -684 18775 END
START 7044 1304 3976 -4484 587 18521 END
START 7744 1452 4388 -5516 2429 17978 END
START 7508 1824 4148 -6892 4019 16916 END
START 6860 2372 4428 -8036 4434 15594 END
START 6940 2448 4852 -8809 4028 13961 END
START 7652 1912 6348 -9807 2649 13140 END
START 9180 1444 8624 -10520 2037 12808 END
START 10456 1336 10336 -10936 3546 12159 END
START 9672 2064 11500 -11121 5817 10997 END
START 8492 1720 11536 -11153 6004 10205 END
START 7828 1336 11288 -11819 5632 9511 END
START 8016 604 12448 -12684 5172 9694 END
START 9020 -316 13692 -13214 5717 9537 END
START 9324 -676 14676 -14017 6233 8690 END
START 9224 -896 15536 -14183 6259 7351 END
START 8168 -616 15996 -14326 5990 6031 END
START 7904 -1084 16004 -14739 4869 4938 END
START 8372 -2004 16844 -15589 2751 4144 END
START 9584 -2904 18156 -15835 1224 3782 END
START 10884 -3940 19252 -15846 1233 3093 END
START 11340 -4348 19716 -15850 2014 2455 END
START 11360 -3816 20688 -16134 3517 1984 END
START 11212 -3952 22228 -16066 4435 844 END
START 11644 -4824 22720 -15167 3973 -764 END
START 12376 -6288 23032 -14390 2979 -2502 END
START 12412 -7888 23708 -13480 2274 -4097 END
START 12200 -8756 23956 -12532 2053 -5018 END
START 11888 -8404 24452 -11842 2296 -5544 END
START 12088 -7820 25088 -11045 3191 -6429 END
START 12328 -8024 25196 -9813 3710 -7967 END
START 12400 -8208 24644 -8577 3479 -9871 END
START 12100 -7864 24160 -7611 3439 -11876 END
START 10816 -7456 23588 -7060 3799 -14072 END
START 9136 -7404 23248 -6636 4877 -15873 END
START 7052 -7524 22552 -6112 5321 -17035 END
START 5068 -7812 22504 -5680 5376 -17610 END
START 3524 -7528 22860 -5045 4901 -17379 END
START 2856 -7008 23060 -4444 4565 -16807 END
START 2044 -6632 23456 -4031 4993 -16612 END
START 1052 -6556 23524 -2972 5463 -16542 END
START -500 -6560 23484 -2041 6062 -16623 END
START -2224 -6144 23616 -889 6490 -16592 END
START -3924 -5616 23264 769 6604 -16313 END
START -5428 -5028 22996 2107 6571 -15994 END
START -6748 -4680 22660 3351 6287 -15680 END