START 7528 92 17096 -2582 3090 3995 END
START 5464 1056 31476 -2439 125 4159 END
START 4144 2796 20824 -2848 2024 2965 END
START 8724 496 15604 -2405 1633 717 END
START 9592 652 16640 -1642 820 -1571 END
START 10444 556 17176 -1152 -1014 -3809 END
START 11032 548 17960 -870 -2745 -5905 END
START 11672 996 18456 -514 -3936 -7872 END
START 12064 864 18460 -220 -4696 -9560 END
START 12532 1040 18484 -353 -4380 -11080 END
START 12428 776 18604 -771 -2816 -12757 END
START 11456 544 18620 -1358 -1313 -14518 END
START 9620 -260 19092 -1708 -1405 -16242 END
START 7780 -756 19592 -1152 -2749 -17896 END
START 5676 -1112 19724 -54 -4495 -19693 END
START 3468 -1700 19728 1066 -5785 -21525 END
START 704 -2732 19492 1581 -6411 -23216 END
START -2544 -3576 19036 1286 -5834 -24117 END
START -5856 -4768 19028 708 -4842 -23782 END
START -8852 -5784 19224 539 -4056 -22404 END
START -11060 -6556 19212 950 -3760 -20277 END
START -12276 -7264 18856 1539 -3783 -18067 END
START -12972 -7432 18592 2032 -3565 -16074 END
START -13356 -7592 18100 1795 -2774 -14204 END
START -13444 -7120 18304 1512 -2173 -12273 END
START -13116 -6800 18688 1945 -1842 -10279 END
START -12464 -6108 18324 2576 -1879 -8356 END
START -11452 -5228 18036 2835 -1792 -6392 END
START -9936 -4156 17784 2800 -1439 -4694 END
START -8352 -3168 17720 3142 -1418 -3438 END
START -6308 -2008 17676 3611 -1749 -2578 END
START -4448 -1096 18192 3717 -1564 -2256 END
START -3040 -236 18184 3824 -1064 -2075 END
START -2000 740 18676 3806 -467 -1817 END
START -996 1500 19192 3856 253 -1717 END
START -448 1940 19512 4149 1097 -2101 END
START -312 2172 19640 4714 1944 -3053 END
START -1000 2008 19464 5324 2309 -4322 END
START -2172 1552 19412 5876 2178 -5425 END
START -3716 820 19404 6257 1430 -5842 END
START -4880 488 19608 6624 721 -5553 END
START -5524 92 20012 6766 1206 -4949 END
START -6844 -16 20312 6805 1970 -4249 END
START -7816 -60 20724 7103 2279 -3231 END
START -8352 -232 21068 7472 2607 -2222 END
START -8648 -560 21296 8042 3048 -1334 END
START -9264 -788 21248 8737 3106 -556 END
START -9648 -964 21296 9641 2413 171 END
START -9564 -1116 20900 10553 1911 775 END
START -9600 -1260 20488 11304 1922 1362 END
START -9700 -1352 19852 11981 2105 2330 END
START -9472 -1304 19144 12429 2517 3649 END
START -9252 -1132 18512 12764 3198 5191 END
START -9064 -980 17320 12854 3948 6916 END
START -8756 -832 16288 12648 4680 8654 END
START -8392 -348 15296 12295 5137 10328 END
START -7948 124 13748 11927 5029 11827 END
START -7212 1060 12420 11354 4599 12814 END
START -6672 1308 11148 10785 4160 13547 END
START -6416 1932 9680 10221 3784 14340 END
START -5964 2124 8100 9192 3865 15498 END
START -5584 2528 6464 7378 4444 16852 END
START -5356 2432 5108 5044 4661 18412 END
START -4888 2436 4016 2811 4042 19895 END
START -4140 2312 3080 911 3222 21197 END
START -3284 1844 2488 -761 1825 22147 END
START -1624 1492 1396 -2370 734 22445 END
START -544 1184 520 -4053 -26 22012 END
START 340 640 -96 -5593 -739 21224 END
START 1100 216 -656 -7066 -1644 20328 END
START 1968 -572 -1056 -8970 -3055 19861 END
START 3752 -1068 -48 -11185 -4333 20143 END
START 5972 -1236 1372 -13615 -4793 21058 END
START 8216 -1224 3216 -15699 -3789 21845 END
START 10884 -1108 5228 -17515 -1712 21465 END
START 12192 -1212 6584 -18919 16 19808 END
START 12836 -1488 8624 -19614 668 17067 END
START 12732 -1440 10640 -19412 56 13959 END
START 12200 -1676 12304 -18436 -1464 10916 END
START 11868 -1476 13544 -17457 -3010 8579 END
START 11136 -1568 14344 -17304 -2662 6895 END
START 10764 -1744 14572 -18790 -756 5961 END
START 9908 -2240 16448 -20513 1594 5091 END
START 9412 -2660 18360 -21455 3316 4418 END
START 9248 -3184 20780 -21430 4686 3399 END
START 8868 -3864 22536 -20406 5041 1541 END
START 8504 -4856 24192 -18753 4066 -700 END
START 7916 -5936 25456 -16846 2797 -3038 END
START 7392 -6556 26444 -15238 1875 -4770 END
START 7052 -6940 27000 -14099 2434 -5573 END
START 6640 -6932 27376 -13239 4162 -5641 END
START 6304 -6448 27428 -12668 5991 -5280 END
START 6028 -5892 27308 -11619 6856 -5120 END
START 6616 -5320 27352 -10207 6722 -5675 END
START 7460 -4468 27456 -8097 5888 -7312 END
START 8228 -3636 26876 -5836 4761 -9742 END
START 8612 -3060 26260 -3917 3775 -12709 END
START 8380 -2424 25620 -2294 3449 -15641 END
START 7720 -2460 24976 -1159 4115 -18058 END
START 5840 -2656 24024 -534 5547 -20038 END
START 4236 -3400 23500 -378 6927 -21018 END
START 2524 -3936 23032 66 7309 -21320 END
START 1140 -4588 22728 1105 6499 -21728 END
START 360 -4732 22484 2587 4912 -22702 END
START 160 -4984 22244 4434 2694 -24409 END
START -172 -5540 22032 6614 -147 -26829 END
START -556 -7024 21448 8693 -2750 -28928 END
START -1824 -7576 20716 9727 -4002 -29315 END
START -2936 -9164 19956 8966 -2356 -27544 END
START -4516 -9844 19752 6959 970 -24058 END
START -6292 -9916 19600 5638 4191 -19813 END
START -7000 -10620 19332 4960 6916 -15610 END
START -7148 -10868 18432 4866 7914 -12117 END
START -7408 -10412 17504 5291 7805 -9715 END