START 10188 2132 17436 -2075 -5475 -14519 END
START 9608 2040 17400 -2137 -5613 -14872 END
START 8668 1612 17480 -2255 -5750 -15351 END
START 6888 1284 17420 -2541 -5855 -15344 END
START 5248 772 17252 -3028 -5363 -15035 END
START 3364 296 17392 -3833 -4077 -14753 END
START 1348 -628 17428 -4689 -2153 -14657 END
START -956 -1716 18044 -5145 30 -14961 END
START -3168 -2812 18776 -4965 1613 -15197 END
START -5740 -3836 18840 -4069 2083 -15229 END
START -7708 -4820 18744 -2824 1280 -14133 END
START -8640 -5100 18696 -2162 309 -12601 END
START -9564 -5524 18340 -2483 671 -10633 END