START 7220 2224 15888 -1376 -3068 8217 END
START 11844 2048 20088 -963 -5824 7693 END
START 10756 1708 11556 -756 -3408 4900 END
START 9520 2448 15588 -192 -5962 1639 END
START 10944 2032 15484 552 -7909 -152 END
START 11864 1916 15832 651 -9236 -705 END
START 14072 1992 15816 -299 -8261 -666 END
START 15464 1760 15904 -1975 -5937 -1271 END
START 16420 2188 16440 -3060 -3693 -3003 END
START 16956 2192 17040 -2789 -2479 -5535 END
START 16940 2160 17412 -1907 -3090 -9001 END
START 16516 2576 17404 -678 -5046 -12914 END
START 15860 2428 17288 414 -7018 -16890 END
START 14708 2360 17176 935 -7971 -20070 END
START 13116 2008 16860 712 -7503 -22449 END
START 10696 1300 17060 193 -6315 -24209 END
START 7788 376 17012 -426 -4496 -25371 END
START 4364 -1104 17168 -1139 -2923 -26145 END
START 512 -2796 17624 -1665 -1809 -26568 END
START -3056 -4604 18520 -1623 -1607 -26409 END
START -6444 -6320 19144 -1289 -2030 -25558 END
START -8624 -7316 19300 -763 -3128 -24455 END
START -10164 -8252 19744 -169 -4286 -23198 END
START -11256 -8516 19976 170 -4260 -21266 END
START -12064 -8340 20128 -97 -2564 -18530 END
START -12632 -7564 20212 -623 -65 -14925 END
START -12556 -6496 20240 -913 1731 -10998 END
START -11540 -4984 20340 -937 3067 -7620 END
START -10192 -3552 20756 -434 3789 -5856 END
START -9152 -2388 20980 590 3699 -5136 END
START -8292 -1368 20960 1997 3232 -5330 END
START -7912 -416 20460 3033 2708 -5801 END
START -8428 24 20536 3623 2081 -6050 END
START -8928 228 20748 4225 1794 -5797 END
START -9328 304 21136 4993 1839 -5079 END
START -9728 296 21216 5649 2150 -3942 END
START -9900 160 21260 6125 2581 -2503 END
START -10128 492 21592 6437 3255 -1098 END
START -10020 532 22028 6949 4128 72 END
START -10024 572 22244 7771 4694 933 END
START -10016 492 22036 8801 4829 1731 END
START -9840 704 21964 9974 4526 2271 END
START -9584 592 21340 11120 3999 2633 END
START -9540 484 20756 12157 3446 2875 END
START -9212 436 19768 12907 2975 3280 END
START -9060 736 19152 13204 2874 3835 END
START -8856 680 18568 13600 3040 4441 END
START -8844 612 17620 13744 3260 5344 END
START -8340 496 16532 14014 3602 6495 END
START -8016 304 15324 14244 3951 7514 END
START -7884 236 13988 14262 4073 8595 END
START -7812 128 12548 14023 4495 9878 END
START -8000 -128 10984 13137 5087 11312 END
START -8348 52 9140 12083 5328 13129 END
START -8524 56 7500 10886 5342 15100 END
START -8768 -56 5904 9204 4814 17356 END
START -8136 96 4588 7262 3789 19743 END
START -7184 452 3628 4819 2487 22020 END
START -5616 564 2848 1588 1546 23804 END
START -4344 916 2620 -1502 366 25220 END
START -3188 768 2892 -4038 -1113 26375 END
START -1636 948 3732 -5642 -2606 26980 END
START -160 1216 4484 -6424 -2604 26398 END
START 688 1296 4908 -6691 -2427 25221 END
START 1308 1160 4700 -6617 -3030 24285 END
START 2148 752 4224 -7422 -4500 23904 END
START 3416 560 4300 -9069 -5804 23832 END
START 4976 332 4780 -11426 -6153 24058 END
START 6408 -176 6472 -13667 -5411 24137 END
START 8092 -124 8220 -14726 -3580 23364 END
START 9296 -900 9552 -14838 -1919 21692 END
START 10224 -1260 10660 -14796 -1645 19666 END
START 11216 -1548 11900 -15064 -2204 17744 END
START 11884 -1292 13320 -15295 -3318 16068 END
START 13260 -1264 14344 -15369 -3977 14944 END
START 14736 -1100 15432 -15967 -3486 14104 END
START 15812 -992 16716 -16542 -1315 12735 END
START 15996 -676 18208 -16442 1433 10930 END
START 15448 -964 18948 -15294 3512 8350 END
START 14444 -572 19152 -13791 3550 5629 END
START 13564 -764 18400 -12247 2073 3126 END
START 12952 -944 17428 -11960 468 718 END
START 12096 -964 16936 -12585 -155 -1097 END
START 11088 -1092 17248 -13684 -66 -2117 END
START 10632 -1676 17924 -14494 964 -2002 END
START 10236 -2028 19024 -15128 1988 -1652 END
START 10856 -2136 20600 -14753 2827 -2194 END
START 11652 -2428 22036 -13304 4097 -4426 END
START 11420 -3156 22392 -11572 4546 -7221 END
START 11112 -3788 22332 -10092 3869 -9559 END
START 10484 -4240 22384 -9626 2818 -11430 END
START 9844 -3928 22920 -8863 2051 -13152 END
START 9436 -3884 23180 -7918 2703 -14304 END
START 8424 -3924 23100 -7549 4727 -15585 END
START 7012 -4232 22968 -7018 6300 -16908 END
START 5572 -4120 22528 -5782 6128 -17979 END
START 4652 -4076 22204 -4293 4935 -19190 END
START 3940 -3764 21668 -3072 3408 -20609 END
START 3292 -3748 20840 -2186 1648 -22168 END
START 2332 -3772 20592 -1670 -195 -23908 END
START 1144 -4132 20560 -1528 -1314 -25214 END
START -32 -4840 20660 -1688 -908 -25556 END
START -1460 -6028 21172 -1808 629 -24973 END
START -2960 -6900 21400 -1612 2615 -23335 END
START -4484 -7584 21716 -798 3567 -21172 END
START -5412 -8360 21752 747 3374 -18901 END
START -5920 -8812 21456 1915 2745 -17097 END
START -6128 -8904 21284 2764 2186 -15457 END
START -6224 -8760 21076 3232 2154 -13630 END
START -5932 -8396 20324 2858 3294 -11547 END
START -6044 -7876 19908 2216 4942 -9012 END