START 15520 -3928 16960 -3195 -96 1742 END
START 14260 -3752 18648 -3275 -1086 1582 END
START 16452 -4108 16676 -3494 -2348 1027 END
START 16940 -3012 18040 -3549 -3390 -302 END
START 17744 -2396 18984 -2839 -2203 -2793 END
START 17844 -1880 19536 -1667 -186 -6200 END
START 17048 -1744 18808 -814 953 -9367 END
START 16216 -1944 18296 -352 788 -11905 END
START 15472 -1792 17752 33 183 -14402 END
START 14368 -1660 17428 54 32 -16683 END
START 13280 -1988 17428 -5 407 -18523 END
START 11840 -1676 17524 -106 1672 -19995 END
START 10012 -1788 17604 -319 4270 -21162 END
START 7328 -2176 17484 -737 6737 -21854 END
START 4096 -2288 16980 -861 7714 -22062 END
START 456 -2156 16612 -1184 7579 -22035 END
START -3072 -1488 15932 -1778 6713 -21814 END
START -6264 -1668 15512 -2597 5562 -21186 END
START -9492 -1628 15940 -3372 4157 -19660 END
START -11816 -1224 17272 -3350 3537 -18351 END
START -13616 -1448 17956 -2906 4593 -17586 END
START -16092 -2576 18252 -2339 5821 -16487 END
START -17960 -3860 18152 -1499 5010 -14618 END
START -18496 -4208 18560 -650 1652 -11847 END
START -17764 -4064 19420 322 -1615 -9027 END
START -15748 -3240 20652 1210 -3236 -6174 END
START -13344 -2056 21800 1759 -2732 -3755 END
START -11148 -848 23084 2653 -1656 -2202 END
START -9188 -20 23860 3956 -1155 -1612 END
START -8040 772 24052 5316 -1399 -1815 END
START -7172 1168 23928 6678 -2208 -2286 END
START -6760 1396 23952 7748 -3566 -2701 END
START -6564 1848 23836 8575 -4341 -2757 END
START -6308 1940 24068 9262 -3898 -2473 END
START -6556 1744 24160 9789 -2429 -2097 END
START -6944 1688 24160 10509 -1005 -1598 END
START -7288 1284 23548 11621 67 -848 END
START -7828 1024 22848 12463 640 338 END
START -7900 680 22164 13064 1287 1780 END
START -7672 556 21028 13639 1898 3183 END
START -7148 52 20304 13797 2045 4564 END
START -6396 -4 19864 14463 2348 5622 END
START -6188 400 19164 15143 3200 6565 END
START -5980 792 17900 15583 4144 7203 END
START -6052 1636 16360 15859 4430 7433 END
START -6340 1836 14796 16101 3982 7241 END
START -6564 1592 12964 15956 2993 7211 END
START -6800 1500 11712 14967 2694 8211 END
START -6884 1932 10712 13319 3376 10190 END
START -6676 2468 10004 11639 4529 12246 END
START -6672 2808 9008 9768 5649 13449 END
START -6272 2624 8216 8338 5044 14372 END
START -5892 1996 8068 7503 2795 15202 END
START -4152 2080 8340 7091 19 15959 END
START -2424 2100 8752 6614 -1365 16532 END
START -424 2128 8904 6141 -1369 16958 END
START 460 2180 8584 5368 -513 16902 END
START 916 2120 8156 4633 270 16735 END
START 1076 1876 7512 3710 726 16476 END
START 1388 1624 7688 2550 613 16729 END
START 2240 1536 7856 1709 109 17371 END
START 3168 1444 8032 975 -397 17828 END
START 3884 2224 8040 302 -399 18048 END
START 4152 2668 7924 -338 406 17659 END
START 3480 3216 7668 -962 1444 17027 END
START 2728 3128 7840 -1479 1741 16585 END
START 2912 2648 7732 -1798 343 16906 END
START 3780 2400 7896 -2304 -1166 17304 END
START 5076 2388 8044 -2991 -1783 17305 END
START 5668 2416 8048 -3726 -982 16680 END
START 5676 2048 7704 -4586 31 15898 END
START 5268 1620 7328 -5404 275 15579 END
START 5240 1640 7620 -6398 -401 15558 END
START 5824 1552 8608 -7250 -1428 15422 END
START 6568 1816 9452 -7609 -1647 14794 END
START 7672 1548 10340 -8243 -1132 13978 END
START 8564 1400 10572 -8755 -333 13325 END
START 9052 1096 11208 -9356 -305 12286 END
START 9444 1264 11716 -9697 -477 11471 END
START 9636 1456 11932 -10192 393 10547 END
START 9064 1676 12212 -10979 1344 9963 END
START 8356 1320 12380 -11400 1418 9560 END
START 9720 940 13016 -12410 874 9464 END
START 11140 544 14296 -13340 1106 8683 END
START 12448 160 15408 -13600 2067 7505 END
START 13056 -400 15852 -13770 3517 5726 END
START 12212 -928 15952 -14207 4632 3771 END
START 10984 -1324 16056 -14381 4940 2422 END
START 9820 -1776 16608 -14591 4445 1775 END
START 10104 -2584 17580 -14965 4050 1911 END
START 11452 -2940 19420 -15379 4264 2324 END
START 12528 -3152 20952 -15145 5751 1952 END
START 12652 -3760 21548 -14426 7907 545 END
START 11412 -4144 21464 -13467 8993 -1278 END
START 9628 -4724 20960 -12730 8670 -3081 END
START 8396 -5448 20972 -12324 7055 -3932 END
START 8216 -5664 21280 -12027 5913 -4381 END
START 8252 -5820 21484 -11899 6453 -5300 END
START 7916 -5824 21656 -11894 6893 -6521 END
START 7340 -5672 22036 -11687 6755 -8190 END
START 6800 -5888 22452 -10941 6160 -10093 END
START 6324 -6152 22792 -9833 5258 -11907 END
START 5852 -6416 22772 -8658 4533 -13662 END
START 4568 -6504 23040 -7627 4150 -15451 END
START 2632 -6836 23912 -6599 4213 -16425 END
START 820 -7096 24516 -5364 5076 -16389 END
START -708 -7760 24908 -4211 6286 -15703 END
START -2088 -7904 25708 -2708 7017 -14657 END