START 5324 -2656 20672 49 -2834 -3180 END
START 5768 -2716 20736 290 -2751 -3312 END
START 5924 -2716 20884 648 -2584 -3496 END
START 6212 -2948 21076 946 -2147 -3747 END
START 6332 -3208 21068 1012 -2076 -3815 END
START 6920 -3004 21108 1496 -1921 -4220 END
START 6876 -2820 20752 2146 -1305 -5164 END
START 6812 -2836 20448 2547 -772 -6509 END
START 6316 -2688 20184 3127 -904 -8022 END
START 5788 -2732 19708 3811 -1195 -9427 END
START 5104 -2248 19148 4232 -1483 -10477 END
START 4400 -2292 18532 4360 -1342 -11274 END
START 2644 -2304 18480 5375 -1380 -11693 END
START 2504 -1408 16540 4829 -641 -12392 END
START 848 -940 16088 4033 407 -13341 END
START -532 -756 15608 3706 727 -13836 END
START -1892 -700 14820 3402 1088 -14127 END
START -3716 -172 13924 2595 1636 -13990 END
START -5724 384 13428 1814 1594 -13374 END
START -6888 700 13564 1410 1221 -12620 END
START -7720 1000 13936 966 1768 -12133 END
START -9284 804 13844 770 2183 -11569 END
START -10192 376 13716 509 2120 -10563 END
START -11028 168 14036 223 1515 -9196 END
START -11200 -72 14460 164 1386 -7838 END
START -11196 -352 14804 10 1413 -6490 END
START -10972 -584 15148 -197 1168 -5161 END
START -10104 -608 15332 -409 492 -3950 END
START -9304 -728 15976 -464 -407 -2971 END
START -8032 -740 16704 -467 -1686 -2024 END
START -6384 -580 17500 -759 -2962 -1043 END
START -4128 -64 19508 -651 -3202 -479 END
START -2132 60 20648 -92 -2553 -603 END
START -608 152 22148 527 -1879 -1120 END
START 520 284 22960 1283 -1292 -1962 END
START 716 524 23656 2141 -750 -2894 END
START 352 496 24124 3048 -543 -3804 END
START -312 244 24364 3789 -504 -4459 END
START -1024 88 24724 4642 -713 -4858 END
START -1512 -136 24660 5555 -546 -5047 END
START -2220 -264 24628 6085 98 -5059 END
START -3188 -688 24740 6758 374 -4914 END
START -3552 -812 24168 7450 405 -4582 END
START -4588 -420 24144 7956 551 -4281 END
START -5304 -164 23812 8827 69 -3758 END
START -5844 12 23232 9319 -681 -3185 END
START -6332 328 23036 9913 -1479 -2475 END
START -6448 528 22588 10722 -1647 -1927 END
START -6352 772 22216 11579 -1137 -1416 END
START -7220 1376 21592 12810 -880 -1088 END
START -6900 972 19856 12633 -327 -693 END
START -8008 1364 19132 12473 456 -43 END
START -8644 1424 17904 12763 462 1173 END
START -8708 1608 17204 12885 404 2430 END
START -8352 1808 16980 13227 838 3277 END
START -8356 2064 16412 13874 1640 3970 END
START -8528 2040 15688 15074 2149 4779 END
START -8212 2168 13692 14796 1795 5644 END
START -8000 2372 12372 13046 643 6401 END
START -7520 2800 12852 12263 -223 6929 END
START -7372 2728 12776 12698 -651 7393 END
START -7000 2968 12032 12715 -627 8075 END
START -6784 2984 11700 12641 289 8961 END
START -6680 2600 10444 13000 1389 10064 END
START -6448 2164 8052 11028 1682 11082 END
START -6452 2552 7844 8991 1114 11835 END
START -6204 2168 8140 8459 534 12325 END
START -6256 1880 7064 7909 -365 12947 END
START -5864 1908 6464 6333 -941 13861 END
START -5416 1672 6552 5179 -917 15229 END
START -4124 1388 6192 4241 -573 17022 END
START -2664 1340 5452 2637 319 18538 END
START -1444 1580 5412 829 1495 19397 END
START -428 2060 5780 -168 2321 19890 END
START 740 2004 5500 -1035 3064 19924 END
START 1440 1800 4968 -2200 2814 19511 END
START 2076 1800 5372 -2789 1230 19348 END
START 3316 1780 6336 -3664 1132 18946 END
START 3616 1068 6588 -4690 2704 18747 END
START 3872 440 6280 -5082 3255 19219 END
START 4180 204 5976 -6270 4050 19054 END
START 4600 980 6336 -7640 4512 18223 END
START 4656 472 7308 -8277 3647 17678 END
START 4872 124 8048 -8384 2868 17339 END
START 5076 -236 7932 -8894 2956 17218 END
START 4932 -216 7668 -10165 3599 17156 END
START 5128 -476 8268 -11231 3741 17194 END
START 5960 -656 9148 -11874 3311 17377 END
START 6936 -524 10132 -12536 3127 16891 END
START 7812 -880 11408 -13196 2773 16293 END
START 8072 -752 12840 -13537 2794 15239 END
START 8144 -852 13672 -13692 3722 14186 END
START 7468 -944 13752 -14002 4588 13075 END
START 7044 -1464 13964 -14673 3868 12780 END
START 8628 -2164 15608 -15740 2516 12459 END
START 10424 -2700 17792 -15801 2178 11424 END
START 10972 -3032 18780 -15318 3025 9834 END
START 10248 -2868 18864 -14950 4058 7772 END
START 8572 -3504 19156 -14702 4050 5914 END
START 7360 -4480 19916 -13974 2727 5049 END
START 8256 -5420 20924 -13609 1876 4833 END
START 9464 -6076 21804 -13716 2218 4376 END
START 10096 -6248 22764 -13628 3802 3477 END
START 9624 -6604 23008 -12975 4922 2268 END
START 9084 -6984 22360 -12161 4865 956 END
START 8368 -7284 22124 -11613 3963 -68 END
START 8308 -7308 22640 -10908 3160 -1092 END
START 8836 -7596 22964 -10202 3250 -2136 END
START 9500 -7572 23232 -9433 3951 -3344 END
START 9784 -7296 23652 -8564 4814 -4932 END
START 9636 -7228 23584 -7509 5158 -6694 END
START 9144 -7204 23628 -6600 5122 -8359 END
START 9036 -7124 24000 -5246 4923 -10185 END
START 8944 -7036 23588 -3922 5065 -12025 END
START 8012 -6876 23060 -3279 5291 -13566 END
START 7160 -6608 23040 -2444 5411 -14797 END
START 5804 -6328 22992 -1665 6170 -15837 END
START 3864 -5792 22424 -982 6257 -16961 END
START 1420 -5524 22524 -598 4493 -18582 END
START -1744 -5620 23372 670 1607 -19523 END
START -4752 -5372 24568 1931 -898 -19101 END
START -6856 -4568 25448 2760 -498 -17262 END
START -8552 -3460 26060 3184 1921 -14570 END
START -9540 -2688 26096 3665 4106 -12161 END
START -10216 -984 25572 4584 3991 -10265 END
START -9616 396 25208 5774 2619 -9226 END
START -8236 1964 24972 7286 1256 -9379 END
START -6432 2332 24384 8914 -342 -10522 END