START 16112 408 15652 -360 -5619 -6554 END
START 14644 936 17812 -181 -5533 -7444 END
START 14652 692 17976 178 -5526 -9224 END
START 14408 716 17432 573 -5531 -11050 END
START 14296 876 16912 280 -4732 -11592 END
START 14060 808 16916 -603 -2639 -12146 END
START 13324 936 17208 -1626 -4 -12962 END
START 12644 340 17408 -2005 1725 -14036 END
START 11864 304 17668 -1936 3297 -15531 END
START 10344 224 17656 -1862 4589 -17171 END
START 8236 -188 17432 -1677 5572 -18913 END
START 5864 -740 17316 -1308 5479 -20484 END
START 3396 -1240 17176 -874 4250 -21501 END
START 1412 -2096 16612 -593 2874 -21960 END
START -828 -2048 16652 -978 1829 -21743 END
START -3436 -2088 16956 -1448 1930 -21107 END
START -6116 -2336 16768 -1996 1816 -19936 END
START -8192 -2576 16756 -2711 1928 -18192 END
START -10748 -2884 17128 -3319 2037 -16402 END
START -12884 -3100 17780 -3377 1037 -14188 END
START -13788 -3412 18264 -3035 -336 -11903 END
START -13384 -3156 19076 -2823 -1397 -9797 END
START -12700 -2728 20004 -2351 -2128 -8346 END
START -11508 -2628 20748 -1591 -2943 -7196 END
START -9848 -2496 22096 -586 -3385 -6115 END
START -7888 -2164 23432 522 -2847 -5153 END
START -6484 -2052 24908 1396 -1583 -4445 END
START -5808 -1784 26272 2442 436 -3728 END
START -5676 -1700 27236 3877 2729 -3347 END
START -6144 -1584 27228 5531 3666 -3255 END
START -6932 -1372 27184 7203 2737 -3179 END
START -7484 -584 27204 9057 1966 -3074 END
START -7816 -152 26604 10700 2284 -2758 END
START -8144 176 25220 11936 2990 -2243 END
START -8608 516 24152 12455 3227 -1440 END
START -8796 1160 23512 12962 3129 -514 END
START -8648 1380 22852 13727 3135 392 END
START -8196 1296 21884 13949 3405 1339 END
START -8052 1380 20588 14213 3637 2208 END
START -8220 1604 19688 14363 3344 2898 END
START -7888 1728 18956 14590 3010 3711 END
START -7580 1616 18028 14705 3442 4415 END
START -7704 1560 17036 14635 4094 5030 END
START -8120 1704 15756 14426 4218 5612 END
START -8540 1856 14820 14212 3659 6457 END
START -8892 1524 13636 13728 3285 7498 END
START -8752 1396 12576 13290 2966 8693 END
START -8660 1496 11876 12522 2538 10062 END
START -8256 1712 11516 11786 1819 11435 END
START -7268 1812 11440 11381 1412 12590 END
START -6420 1900 10988 11195 1162 13291 END
START -5592 1956 10300 10996 617 14070 END
START -4972 2280 9716 10338 25 14791 END
START -4272 2332 9180 9399 -156 15382 END
START -3448 2128 8764 8486 -340 15868 END
START -2592 2192 8400 7738 -81 16509 END
START -1548 2260 8148 7093 570 17437 END
START -680 2140 7580 6290 1389 18209 END
START -140 2276 7124 5541 2049 18597 END
START 48 1996 6000 4725 2292 18786 END
START 336 1976 4912 3875 1952 19000 END
START 640 1952 4256 2826 1274 19077 END
START 848 1940 3832 1728 678 18983 END
START 1276 1672 3600 729 -111 19212 END
START 2388 1584 3828 -341 -800 19903 END
START 3624 1636 4060 -1444 -743 20579 END
START 4572 1836 4384 -2623 69 20941 END
START 4900 2196 4528 -3771 1160 20742 END
START 4848 2420 4760 -4588 1864 19976 END
START 4804 2332 4532 -5469 1265 19133 END
START 5604 1600 5224 -6408 -726 18604 END
START 6860 1292 6084 -7110 -2573 18624 END
START 8752 1232 7064 -8000 -2899 18796 END
START 9724 1216 7748 -8953 -1177 18618 END
START 9716 1188 8084 -10059 2036 18232 END
START 8408 1884 7836 -11480 4989 17490 END
START 6908 1340 8332 -12665 5195 16570 END
START 7164 696 9208 -13067 1889 16559 END
START 9224 352 10328 -13336 -737 16536 END
START 11436 -144 11136 -14162 -556 15563 END
START 12160 -1136 11584 -14983 807 14090 END
START 12528 -2104 12228 -15692 1406 12285 END
START 12752 -2556 13396 -16095 1673 10810 END
START 13452 -2932 14816 -16301 1446 9739 END
START 14992 -2904 15668 -16082 1395 8332 END
START 15972 -3132 16176 -15888 1666 6131 END
START 16260 -3612 16216 -15927 1965 3355 END
START 15692 -4564 16424 -16049 2817 741 END
START 14616 -4844 17344 -16356 3899 -519 END
START 14188 -5328 18780 -16731 4665 -958 END
START 14892 -5704 20252 -16516 5078 -1415 END
START 15916 -5796 21540 -15597 5767 -2632 END
START 16004 -5768 22672 -14468 7141 -5295 END
START 14844 -5396 23772 -13489 8790 -8244 END
START 12232 -4908 25152 -12838 10715 -11005 END
START 8780 -4888 26996 -11575 12092 -13466 END
START 5156 -6108 28428 -9259 12433 -15094 END
START 2180 -7288 29176 -5985 10941 -16105 END
START -300 -7220 30128 -3085 9184 -16489 END