START 9672 2248 15948 -1484 -2873 1382 END
START 10104 2176 15932 -1171 -3053 653 END
START 11064 2336 16028 -472 -3697 -960 END
START 12536 2468 15804 487 -5105 -3212 END
START 13912 2628 15596 707 -5833 -4627 END
START 15072 2976 15180 69 -5487 -5264 END
START 15528 3524 15344 -1137 -4301 -5484 END
START 16564 3800 15644 -2314 -2804 -5760 END
START 17620 4016 16684 -2854 -1570 -7063 END
START 18296 3916 17140 -2428 -1454 -9570 END
START 18056 3756 17464 -1657 -2123 -12770 END
START 17108 3328 17748 -871 -2486 -16218 END
START 15076 2464 17628 -58 -2282 -19206 END
START 11940 1156 16720 -110 -1421 -21013 END
START 8716 -416 15876 -1017 -228 -22026 END
START 4356 -2000 15924 -2130 941 -22054 END
START 292 -3400 16140 -2279 1034 -21289 END
START -3040 -4652 16132 -2860 1394 -20336 END
START -7056 -5924 16964 -3260 1234 -18750 END
START -9628 -6668 17672 -3124 1111 -16810 END
START -11556 -7104 18428 -2963 1587 -14791 END
START -12840 -7252 18860 -2647 1666 -12565 END
START -13488 -6980 19444 -2743 2336 -10121 END
START -13724 -6652 20052 -2431 2707 -7375 END
START -13220 -5948 20460 -1586 2780 -4884 END
START -12052 -5164 20976 -895 2939 -3159 END
START -10912 -4212 21472 196 2747 -2113 END
START -9688 -3004 21480 1407 2156 -1159 END
START -8168 -1756 21436 2645 1984 -253 END
START -6884 -756 21504 3382 2097 699 END
START -5296 268 21164 3587 2481 1698 END
START -3932 1468 21284 3524 2949 2322 END
START -3012 1972 21804 3890 3614 2560 END
START -2396 2460 21880 4421 4151 2391 END
START -1940 2844 22164 5111 4335 1928 END
START -1876 2828 22008 5928 4461 1187 END
START -2488 2812 22284 6896 4152 397 END
START -3056 2856 22240 8018 3816 -86 END
START -3908 2572 21872 8956 3511 -447 END
START -4784 2408 21716 10079 3362 -356 END
START -5240 1956 20580 10748 3500 342 END
START -5528 1860 19272 10231 3264 1173 END
START -5888 1828 18948 9533 3191 1834 END
START -6332 1712 18948 9596 3316 2440 END
START -6976 1624 18336 10028 3605 3152 END
START -7436 1540 17512 10376 3752 3999 END
START -8020 1156 16404 10720 3981 4950 END
START -8492 1252 15396 10914 4207 6204 END
START -8232 1056 14200 10702 4413 7647 END
START -8080 728 12564 9953 4314 9081 END
START -7880 720 11184 8888 3561 10161 END
START -7624 488 10148 7809 2226 11165 END
START -7428 572 9876 7163 916 12070 END
START -6912 836 9084 6774 195 12983 END
START -6232 1448 8028 5820 -445 13921 END
START -5596 2128 7068 4448 -958 15199 END
START -4612 2500 6412 2971 -1230 16527 END
START -3556 2988 5852 1462 -1383 17702 END
START -2392 2696 5348 8 -1393 18469 END
START -1160 2680 4328 -1492 -1497 19204 END
START 384 2200 4188 -3526 -1695 19712 END
START 2284 2060 4384 -5363 -1610 19989 END
START 3724 2056 4688 -6674 -1484 19728 END
START 4600 1496 4660 -7741 -1688 19026 END
START 5256 1148 4224 -8694 -2481 17659 END
START 5416 772 3996 -9496 -3511 16048 END
START 6256 520 4128 -10755 -4609 15125 END
START 7280 432 4672 -12237 -4603 14731 END
START 7848 560 5840 -14059 -3817 14444 END
START 9288 896 7824 -15468 -3236 14360 END
START 10712 1132 9784 -15961 -2314 13960 END
START 12372 1036 11476 -16089 -776 12055 END
START 12480 412 12308 -15945 92 9316 END
START 12256 -136 13444 -15678 -224 6844 END
START 12208 -96 15076 -15534 -601 5066 END
START 12056 -272 16376 -14969 -250 3950 END
START 12068 -552 17448 -14778 564 3087 END
START 12132 -1244 18376 -15030 1682 2093 END
START 11508 -2544 18956 -15457 3423 1012 END
START 10404 -3924 20012 -15896 4416 -205 END
START 9464 -4716 20956 -15463 4163 -1457 END
START 8532 -4904 22144 -14857 2891 -2812 END
START 8028 -5308 23500 -13523 1772 -3622 END
START 7824 -5072 23776 -12175 1721 -4219 END
START 7772 -4816 23848 -11531 2580 -4740 END
START 7712 -4556 24552 -10954 3418 -5227 END
START 7940 -4328 25192 -9919 4595 -5900 END
START 8068 -4424 25248 -8842 5740 -7056 END
START 7908 -4068 24880 -7878 5967 -8656 END
START 7048 -3556 24732 -6727 5272 -10660 END
START 6344 -2652 24672 -5463 3795 -12443 END
START 5800 -2120 24672 -4185 2394 -13871 END
START 5784 -1736 24492 -2891 1818 -15313 END
START 5932 -1744 24108 -1747 1990 -16926 END
START 5612 -2420 23960 -1033 2813 -18325 END
START 4836 -3052 23440 -116 3491 -19338 END
START 3644 -3496 22840 676 3629 -19910 END
START 2344 -4136 22304 1332 3389 -20299 END
START 1036 -4604 21756 1746 3295 -20569 END
START -508 -5432 21876 2126 3542 -20727 END
START -2140 -6216 22000 3333 3123 -20711 END
START -3048 -6916 21520 4594 2927 -20155 END
START -3756 -7184 21376 5612 3132 -19470 END
START -4428 -7472 20908 6672 3314 -18551 END
START -5224 -7820 20084 7432 3890 -17559 END
START -5928 -8216 18944 7431 5458 -15928 END
START -6844 -8504 18120 6950 7135 -13559 END
START -7964 -8724 17324 6606 7653 -10687 END