START -11532 5544 17524 11811 5776 -5693 END
START -11588 5368 17176 11895 4801 -5116 END
START -13312 4516 16912 12333 3596 -3438 END
START -13732 3000 14512 13743 1758 -501 END
START -13808 3072 12488 13670 391 2131 END
START -13424 2496 10720 13634 -816 4569 END
START -12052 2708 8860 13332 -2128 6526 END
START -10240 3040 6692 12187 -2882 7633 END
START -8756 3472 5192 10549 -3679 8457 END
START -7052 3600 3764 8822 -4251 9347 END
START -5844 3248 1872 7090 -4683 10107 END
START -4504 2896 -440 5447 -5295 10340 END
START -3492 1980 -3036 3584 -6770 9826 END
START -2836 1040 -5056 1396 -9567 9238 END
START -1576 -168 -6360 -948 -12457 9063 END
START -152 -1468 -6876 -3594 -13988 9479 END
START 1572 -2672 -6868 -6828 -13901 10372 END
START 3168 -3808 -6076 -10459 -12724 11143 END
START 4960 -4620 -4956 -13442 -12141 11488 END
START 6444 -5104 -3364 -15543 -12201 11523 END
START 7776 -4968 -1920 -17228 -12108 11079 END
START 8868 -4792 -320 -19068 -10701 10308 END
START 9900 -4380 1184 -21037 -8688 9356 END
START 10560 -4092 3200 -23140 -6575 8232 END
START 11144 -4032 5340 -25100 -4146 6552 END
START 10740 -3932 7416 -26549 -1605 4270 END
START 9960 -4264 9508 -27965 434 1725 END
START 8920 -4540 11676 -29378 1882 -573 END
START 7428 -4296 13748 -30395 3226 -2894 END
START 4732 -4176 16072 -30811 3875 -4891 END
START 2324 -3788 17652 -30957 3748 -6299 END
START -164 -4052 19592 -31378 3328 -6829 END
START -1360 -4656 22504 -31794 2594 -6346 END
START -1808 -6184 26228 -32507 2838 -5674 END
START -2576 -7288 31388 -32569 3958 -5017 END
START -3752 -7668 32767 -31060 4867 -4088 END
START -4560 -7420 32767 -27495 4229 -2918 END
START -4540 -6796 32767 -23563 3297 -2330 END
START -4828 -6508 32767 -19566 2501 -1563 END
START -5016 -6244 32767 -16128 2948 -422 END
START -5556 -6112 32767 -12922 3793 1076 END
START -5328 -6024 32767 -9763 4969 2531 END
START -5176 -6216 32767 -6202 5999 3553 END
START -5440 -6696 32767 -1734 6599 4683 END
START -5672 -7180 32767 3730 6235 5872 END
START -5488 -6880 32767 9781 5204 6903 END
START -5012 -6008 32767 15586 4231 7859 END
START -3604 -5372 32767 20172 3559 8304 END
START -2504 -4844 32767 23055 3180 8002 END
START -1900 -4752 31640 25025 2847 7465 END
START -1668 -4504 27520 26667 2586 7014 END
START -1476 -4648 23832 27717 2719 6654 END
START -1476 -4648 20136 27927 3226 6485 END
START -1400 -4584 16536 27147 3992 6682 END
START -1164 -4684 13440 25392 4892 6966 END
START -664 -4660 10896 23099 5623 7472 END
START 376 -4492 8588 20680 5326 7783 END
START 1768 -4060 6100 18064 3742 7391 END
START 3624 -3464 4400 15313 716 6209 END
START 5652 -2260 3356 13232 -2301 4407 END
START 7924 -1088 3036 11313 -4797 2016 END
START 10180 152 3000 10415 -5925 -486 END
START 11680 1468 2492 9676 -6544 -2727 END
START 13256 2704 1832 8093 -6983 -4980 END
START 13988 3740 2080 5544 -6558 -7374 END
START 13856 4628 3016 3052 -5439 -9794 END
START 12436 5504 4372 1080 -4299 -12543 END
START 10228 5324 5844 -466 -3189 -16021 END
START 6480 4532 7776 -1271 -2525 -19650 END
START 1976 2692 10056 -1089 -2973 -22509 END
START -2228 -152 12692 -26 -3991 -23939 END
START -5936 -3044 14712 804 -4404 -23598 END
START -8844 -5532 16476 383 -3154 -21633 END
START -11236 -7316 18860 -453 -1004 -18189 END
START -13292 -7576 20716 -1086 1764 -13731 END
START -13880 -7268 21200 -702 3271 -9350 END
START -13936 -5636 21124 479 3775 -5801 END