START -13032 636 17948 17209 6039 3501 END
START -14096 792 18956 17391 4805 3988 END
START -13220 1004 16288 17823 3030 4861 END
START -12292 732 14672 19065 892 6315 END
START -12056 1860 12500 19587 -8 7313 END
START -11704 2220 10240 19628 -388 8793 END
START -10592 2692 7316 18752 -848 10379 END
START -9048 2792 4416 16721 -269 11721 END
START -8412 3048 1748 13764 -53 13046 END
START -7276 3028 -1120 11183 -720 14142 END
START -6028 2416 -3972 8179 -1954 14578 END
START -4728 2128 -6588 5485 -3946 14866 END
START -2828 1432 -8624 2641 -6261 14611 END
START -1228 844 -9692 -323 -8638 14503 END
START 580 312 -9848 -3218 -10361 14690 END
START 2488 76 -9748 -6012 -11305 15216 END
START 4816 208 -9484 -8962 -12240 15666 END
START 7660 480 -9056 -11884 -11716 15391 END
START 9388 512 -8092 -14804 -10719 13890 END
START 10532 184 -7052 -17317 -9946 11927 END
START 10840 -636 -5688 -19521 -9637 9159 END
START 10620 -1984 -4044 -21330 -9663 6281 END
START 9952 -4108 -2124 -22985 -10213 4059 END
START 9208 -5784 508 -24569 -10820 3133 END
START 9508 -6844 2572 -26630 -9454 3103 END
START 9520 -7580 4796 -29610 -5823 2869 END
START 8696 -8524 7900 -32768 -1917 2169 END
START 7236 -8580 11248 -32768 215 1234 END
START 5728 -8444 14552 -32768 758 231 END
START 4696 -8800 17424 -32768 400 -472 END
START 3924 -8820 20448 -32768 273 -1038 END
START 2672 -9032 23844 -32768 355 -1564 END
START 1528 -9008 27416 -32768 464 -1900 END
START 320 -8888 30904 -32768 -149 -1631 END
START 236 -8640 32767 -32768 -1212 -991 END
START 1076 -7532 32767 -31662 -2361 -134 END
START 2612 -6104 32767 -29488 -2531 428 END
START 4148 -4956 32767 -27070 -2055 141 END
START 4824 -4200 32767 -24525 -867 -1190 END
START 4172 -3752 32767 -22217 436 -2751 END
START 2540 -3892 32767 -19151 1270 -3496 END
START 848 -4364 32767 -14827 933 -3467 END
START -628 -4808 32767 -9983 -304 -2524 END
START -980 -4880 32767 -4916 -986 -1060 END
START -876 -5032 32767 -327 86 432 END
START -660 -5340 32767 3091 1889 1730 END
START -572 -5368 32767 6482 3949 2982 END
START -648 -4988 32767 10195 5557 3878 END
START -508 -4808 32767 14101 6141 4264 END
START -172 -4920 32767 17931 5631 3945 END
START -132 -5368 32388 21006 4461 3019 END
START -416 -5836 29248 23520 3341 2198 END
START -984 -6368 25712 25440 3219 1994 END
START -1280 -6696 22460 26081 4142 2809 END
START -1492 -6876 19028 25583 5829 4396 END
START -1268 -7040 16124 24189 7049 6051 END
START -672 -7040 13444 22657 7318 7253 END
START 252 -6544 11396 21328 6658 7674 END
START 1584 -6064 9356 20153 5264 7352 END
START 2976 -5168 7760 18844 3591 6507 END
START 4244 -4180 6496 17549 2063 5186 END
START 5816 -3344 5592 16204 587 3812 END
START 7668 -2068 4864 14777 -115 2613 END
START 9788 -708 4268 12654 -354 1722 END
START 12044 780 4524 10226 -5 746 END
START 13836 2116 5052 8156 605 -558 END
START 15240 3004 5416 6257 1171 -2657 END
START 15568 3392 5992 4412 1844 -5402 END
START 14532 3936 7040 3255 2207 -8347 END
START 13064 4000 7728 2711 2180 -11211 END
START 10504 3460 8632 2417 2049 -14299 END
START 7352 2644 9540 2281 1653 -17123 END
START 3724 1188 10396 1966 964 -19191 END
START -416 -456 12364 1905 727 -20128 END
START -4252 -2164 13996 2128 1054 -19607 END
START -7164 -3824 15516 2149 1209 -17381 END