START -12420 6012 5192 12047 -87 8627 END
START -12148 5968 3276 11715 -1008 9072 END
START -12468 6676 2960 10584 -3203 10059 END
START -10268 5372 416 9839 -7249 11536 END
START -9044 5212 -736 8662 -9515 12520 END
START -7468 4904 -2540 6217 -10204 12726 END
START -6296 4464 -3732 3252 -10336 12655 END
START -5452 4408 -5296 -477 -10197 12857 END
START -2908 2796 -5640 -3890 -10391 12556 END
START -1048 1740 -5612 -6448 -11618 12369 END
START 1536 532 -6044 -8617 -13489 12065 END
START 3972 -468 -5916 -10588 -15414 11403 END
START 5772 -1332 -6068 -12948 -17221 10383 END
START 7028 -2052 -5744 -15576 -18201 9846 END
START 7664 -2760 -4884 -17953 -18199 10004 END
START 8772 -2900 -4316 -20407 -17604 10503 END
START 10228 -3276 -3252 -23159 -16413 10727 END
START 11564 -3256 -2056 -26474 -14714 10335 END
START 12824 -3952 68 -29581 -12350 8825 END
START 12896 -4540 2464 -31475 -9857 6446 END
START 12168 -5152 4472 -32635 -8736 3888 END
START 11540 -5836 6392 -32768 -8546 1589 END
START 10740 -6500 9420 -32768 -7657 -564 END
START 9400 -6868 12504 -32768 -5959 -2424 END
START 7588 -6692 15500 -32768 -3848 -4051 END
START 6184 -8492 20144 -32768 -1918 -5006 END
START 4452 -8032 24812 -32768 -327 -4985 END
START 3140 -8568 30016 -32768 1482 -5199 END
START 1340 -9208 32767 -32768 2897 -5404 END
START -420 -9284 32767 -32768 2627 -5432 END
START -1744 -9184 32767 -29869 1513 -5088 END
START -32768 -32768 32767 32767 32767 -1612 END
START -2764 32767 -32768 -5998 -23595 12305 END
START 5628 -21492 31804 -32768 -16810 -8206 END
START -480 16600 32767 -32768 6476 -10558 END
START -10912 -1944 32767 -18092 20726 -3204 END
START -8700 -7128 32767 -961 16384 8941 END
START -708 -10772 32767 2844 4776 8329 END
START 72 -16912 32767 4408 -1506 583 END
START -6592 -17840 32767 10528 -5155 -2287 END
START -9032 -14920 32767 22595 -6789 4344 END
START -5056 -9224 32767 29278 -870 12190 END
START -632 -4956 26056 27367 9018 16920 END
START 1988 -1128 17200 21005 16596 18546 END
START 3660 2436 12324 16080 17392 17700 END
START 5272 6120 9688 14460 12957 14404 END
START 5644 8032 8696 14679 5298 10247 END
START 5876 8808 8008 15021 544 6142 END
START 4800 8828 8492 13728 101 3367 END
START 2656 8320 10276 12053 888 2499 END
START 1112 7348 12396 10249 2008 3186 END
START -300 5616 15460 9540 2859 4614 END
START -916 3540 17916 10723 2711 5859 END
START -440 1580 19012 12812 2374 5763 END
START 380 56 18720 14319 1523 4056 END
START 1072 -412 18604 14555 346 1367 END
START 1028 -708 18664 15075 -1156 -1021 END
START 1084 -644 18204 15649 -2739 -2262 END
START 1568 -12 16856 15577 -2026 -1911 END
START 2336 -168 14948 14136 -149 -879 END
START 3584 -100 12920 11909 1205 46 END
START 4928 152 11488 9543 2134 -6 END
START 5968 308 10340 8050 2607 -464 END
START 7180 772 8424 7276 1969 -1090 END
START 8816 1648 7076 6704 80 -2297 END
START 9888 2664 5804 6170 -1605 -4381 END
START 9920 3320 4828 4613 -3377 -6927 END
START 8796 4608 5672 2729 -4345 -9190 END
START 7392 4612 7580 1853 -3246 -10375 END
START 5420 3708 9124 1946 -1335 -10665 END
START 4120 2844 10128 2035 -534 -10471 END
START 2380 2200 10768 1622 -159 -10684 END
START 244 1440 11764 1080 -10 -11187 END