START -11756 2652 8784 13981 1977 7420 END
START -11512 2832 7980 14001 353 7820 END
START -11440 3064 7144 13603 -1137 8357 END
START -9632 2084 5700 13437 -4303 9411 END
START -9224 1992 3292 13628 -6570 10189 END
START -7736 1448 284 12737 -7755 10944 END
START -6872 1384 -3152 10704 -7716 12248 END
START -5160 88 -6076 6812 -6974 13975 END
START -3452 20 -8152 2177 -6945 15375 END
START -1472 -984 -9844 -2941 -7023 16164 END
START 876 -1212 -9644 -7862 -7528 16291 END
START 2704 -1592 -9108 -11197 -8627 15862 END
START 5056 -2284 -8448 -13484 -10363 14636 END
START 6208 -2840 -7748 -15329 -12403 13044 END
START 7012 -3092 -7492 -17040 -13124 11439 END
START 7332 -3668 -7432 -19258 -12909 10167 END
START 7276 -4412 -7164 -22055 -12987 9252 END
START 8000 -4768 -6068 -25513 -12807 9105 END
START 9532 -4868 -3952 -29604 -12055 9239 END
START 11484 -6780 -744 -32768 -9242 8266 END
START 12296 -6696 3660 -32768 -6783 6214 END
START 13088 -7660 8996 -32768 -5552 3045 END
START 11940 -7852 14076 -32768 -4794 -786 END
START 9764 -8012 19364 -32768 -4379 -3777 END
START 7276 -8100 24048 -32768 -3598 -5676 END
START 4680 -7404 28344 -32768 -2588 -5447 END
START 2912 -6772 32767 -32768 -283 -4083 END
START 2384 -7552 32767 -32768 2439 -2165 END
START 2312 -7672 32767 -32768 4552 -1677 END
START 1312 -7248 32767 -32024 5049 -2267 END
START 292 -6408 32767 -27023 4184 -2787 END
START -652 -4600 32767 -21672 2967 -3375 END
START -1528 -2696 32767 -16870 1696 -3376 END
START -2556 -1688 32767 -12859 1376 -2936 END
START -3956 -972 32767 -8815 1783 -1727 END
START -5104 -724 32767 -4848 2569 299 END
START -5588 -952 32767 -911 3261 2478 END
START -5168 -1456 32767 3075 3329 4522 END
START -4020 -1808 32767 7339 3513 5949 END
START -2792 -2220 32767 11779 4155 6546 END
START -1784 -2532 32767 16324 4720 6520 END
START -1008 -2936 32767 20255 4917 5952 END
START -736 -3400 32767 22922 5034 4881 END
START -1056 -3828 29224 24714 4928 4007 END
START -1532 -4268 24360 25886 4969 3631 END
START -1636 -4812 19576 25779 5019 3792 END
START -1876 -5168 15212 24582 4914 4633 END
START -1204 -5344 11852 22966 4436 6105 END
START 268 -5056 8836 20883 3970 7168 END
START 2280 -4416 6984 18987 3397 7517 END
START 4804 -3632 5688 17193 2555 6833 END
START 7384 -2576 4796 15820 1318 5378 END
START 9780 -1324 4656 14744 -512 3638 END
START 12416 552 4888 13570 -1806 1653 END
START 14736 2464 5032 12555 -2003 -323 END
START 16420 4056 5052 10806 -1031 -2566 END
START 16992 5416 5512 8646 276 -5048 END
START 16624 6196 6108 6937 1125 -7533 END
START 15520 6448 6668 5613 1683 -10480 END
START 13352 5896 7492 4643 1648 -13546 END
START 10100 4652 8408 4055 985 -16445 END
START 6608 3208 9664 4033 -114 -18553 END
START 2752 1448 10768 4539 -1402 -19897 END
START -1104 -620 11100 4453 -2262 -20295 END
START -4816 -2620 12264 3104 -1516 -19782 END
START -8236 -3960 13408 1454 805 -17545 END
START -10748 -5028 15160 179 3135 -13840 END