START -13752 2232 13676 17614 -1775 7512 END
START -13632 2460 13804 17690 -3040 8140 END
START -13484 2788 12092 17602 -4296 9567 END
START -12088 2652 9368 17609 -5634 11817 END
START -9992 3500 6372 15946 -5436 13836 END
START -8344 3752 3696 12421 -2906 14848 END
START -6732 3992 1244 7902 -91 15500 END
START -6168 3584 -444 4283 357 15761 END
START -5436 2916 -1896 2228 -1701 15744 END
START -4032 2468 -3716 1107 -5854 15438 END
START -2460 2144 -4892 260 -9798 14538 END
START -544 1804 -6060 -1002 -12526 13939 END
START 1976 1296 -6820 -3235 -14376 13529 END
START 4276 768 -6812 -6246 -14692 12845 END
START 6356 244 -6632 -9533 -13942 11770 END
START 7452 -600 -5812 -12635 -12367 10344 END
START 8092 -1272 -4744 -15227 -11598 8993 END
START 8164 -2140 -3380 -16988 -11278 7860 END
START 8536 -3128 -2112 -18703 -11082 6940 END
START 9076 -3804 -1064 -20845 -9949 5912 END
START 9348 -4328 1152 -23037 -8141 5107 END
START 9596 -5548 3620 -25247 -5559 3913 END
START 9500 -6248 6732 -27628 -2686 2609 END
START 8852 -6368 10136 -29514 -107 1675 END
START 7960 -6072 13244 -30419 1952 614 END
START 6524 -5684 15316 -30703 3743 -1252 END
START 4460 -5528 16536 -30453 4689 -3622 END
START 1228 -5616 18136 -30368 3693 -5621 END
START -1384 -5636 19504 -30058 1960 -6514 END
START -3288 -5420 20636 -30069 297 -5908 END
START -3496 -5556 22224 -30907 571 -4194 END
START -2820 -6064 25340 -32698 2131 -2276 END
START -2072 -6604 29920 -32768 3836 -661 END
START -1244 -6900 32767 -32097 5474 -189 END
START -1328 -6484 32767 -28651 5827 -875 END
START -2044 -5752 32767 -24296 4606 -1859 END
START -2628 -4764 32767 -19570 2995 -2051 END
START -2356 -4500 32767 -15908 2050 -1822 END
START -2912 -4408 32767 -13162 2349 -1595 END
START -3708 -5224 32767 -9924 3161 -526 END
START -4520 -5828 32767 -5891 4340 1228 END
START -4444 -6692 32767 -1134 5968 3205 END
START -4288 -7408 32767 3696 7463 4873 END
START -4200 -7400 32767 8701 7933 6069 END
START -4124 -6892 32767 14282 7379 6787 END
START -3564 -6152 32767 19362 6319 7130 END
START -2952 -5836 32767 23083 5512 6938 END
START -2604 -5580 31496 25312 5264 6591 END
START -2472 -5520 27548 26538 5295 6267 END
START -2376 -5564 23984 27334 5324 6191 END
START -2152 -5456 20372 27763 5078 6193 END
START -1444 -5592 17164 27540 4621 6253 END
START -792 -5376 13920 26558 3970 6142 END
START 152 -5600 11188 24951 3306 6105 END
START 1332 -4928 8888 22874 2631 6053 END
START 2728 -4144 6824 20288 2151 5474 END
START 4264 -3276 4760 17144 862 4576 END
START 6180 -2004 3792 13885 -905 3087 END
START 8156 -636 3908 11631 -2213 828 END
START 9856 988 4288 10224 -3122 -1242 END
START 11724 2180 4652 9156 -3799 -3166 END
START 13748 3748 5308 7995 -4137 -5707 END
START 15072 4616 5532 6499 -3455 -8966 END
START 15120 5004 6268 4306 -1857 -12339 END
START 13756 4880 7256 2400 -37 -15761 END
START 10644 4064 8452 1509 855 -18970 END
START 6868 2720 9340 1435 827 -21622 END
START 2552 896 10368 1842 145 -23493 END
START -1988 -1236 11288 2453 -911 -24281 END
START -6656 -3876 12608 3075 -2052 -23881 END
START -10516 -6120 14148 3023 -2283 -22024 END
START -13312 -7336 15648 2351 -1176 -18174 END
START -15136 -7620 16944 1023 241 -13126 END
START -15712 -6980 18000 -112 1672 -7860 END