START -7892 1768 220 16289 -7835 14198 END
START -8196 2732 -428 15413 -9311 14790 END
START -7680 3612 -4640 12518 -8794 15348 END
START -4816 1340 -7212 7439 -8144 16865 END
START -4172 2000 -9084 896 -5917 18379 END
START -2536 1172 -10112 -5732 -4170 19673 END
START -936 308 -9828 -10831 -4443 20088 END
START 488 -228 -8568 -13370 -6559 19571 END
START 1908 -1072 -7656 -13636 -9845 18628 END
START 3696 -1264 -7292 -12856 -13917 17357 END
START 5680 -1880 -8100 -13052 -17328 15488 END
START 6500 -2152 -8172 -14840 -19141 13904 END
START 7140 -2468 -7824 -17346 -19342 13570 END
START 8416 -2644 -7424 -20545 -18181 13899 END
START 10064 -2972 -6336 -24457 -15707 14307 END
START 12076 -3328 -4588 -28687 -12377 13081 END
START 13348 -3904 -2136 -31943 -10089 11393 END
START 14456 -5152 500 -32768 -8786 8551 END
START 14412 -6684 3200 -32768 -8047 4995 END
START 13184 -8588 5444 -32768 -7528 1497 END
START 11460 -10632 8440 -32768 -7313 -899 END
START 9308 -12428 12188 -32768 -6789 -2045 END
START 7436 -13152 16356 -32768 -5446 -1546 END
START 6152 -13416 19872 -32768 -3685 -90 END
START 6020 -13792 24028 -32768 -1398 785 END
START 6200 -13912 28728 -32768 1049 470 END
START 5180 -12720 32767 -32768 2120 -654 END
START 4480 -12136 32767 -32768 1741 -1436 END
START 3844 -11088 32767 -32768 1062 -2003 END
START 2740 -10504 32767 -30541 1042 -2709 END
START 744 -9628 32767 -25533 1262 -2840 END
START -156 -8808 32767 -20408 1545 -1719 END
START -192 -7408 32767 -15288 2530 -425 END
START -312 -6516 32767 -10766 4434 743 END
START -1108 -5172 32767 -6170 5917 1874 END
START -1864 -3884 32767 -823 6279 3167 END
START -1996 -2804 32767 4520 6066 4411 END
START -1580 -2320 32767 9635 5864 5316 END
START -1064 -1984 32767 14163 5109 5710 END
START -316 -2360 32767 18418 4217 5912 END
START 256 -2784 32767 21993 3875 6018 END
START 716 -3012 32767 24946 3998 6009 END
START 1252 -3384 28808 27174 4219 5837 END
START 1152 -3632 24740 28597 3935 5744 END
START 1344 -3504 20516 29105 3364 5795 END
START 1668 -3124 17112 28761 2976 5829 END
START 2032 -2460 13780 27716 3134 5762 END
START 2584 -1692 10912 25820 3915 5726 END
START 3152 -1360 8968 23377 4386 5601 END
START 4292 -1172 7136 20836 4611 5159 END
START 5288 -780 5864 18082 4719 4211 END
START 5900 -640 5168 15824 4182 3247 END
START 6588 -436 4312 13804 2926 2444 END
START 7816 172 3032 12256 1115 1673 END
START 9272 1100 1760 9972 -762 755 END
START 10836 1916 1012 7552 -1520 -662 END
START 12832 2984 520 4616 -1140 -2679 END
START 14116 4056 976 1572 -597 -5077 END
START 15216 4652 1876 -848 234 -7843 END
START 15376 4788 2860 -2655 1166 -11239 END
START 14032 4284 4700 -3922 1454 -14979 END
START 11720 3300 7064 -4773 1000 -18276 END
START 8680 2008 9664 -4871 101 -20631 END
START 5072 -44 13136 -4334 -985 -22018 END
START 1828 -2240 16696 -3497 -1486 -22752 END
START -2072 -5372 20704 -2631 -1676 -22012 END
START -5316 -6992 23636 -2375 -583 -19419 END