START -17352 204 9272 16930 7841 7709 END
START -16580 224 7116 16805 6309 8782 END
START -18196 924 8628 16368 5077 10561 END
START -15120 -824 6800 16991 1246 13542 END
START -14076 20 5612 17573 -3064 15492 END
START -10968 -400 3068 17692 -5692 16179 END
START -9128 204 -44 16510 -6207 16137 END
START -7840 280 -2936 13819 -5713 16073 END
START -6936 224 -5952 9217 -5697 16628 END
START -6664 60 -8436 4641 -7032 18346 END
START -5400 -12 -10032 376 -8415 20698 END
START -3036 -192 -11080 -3410 -9324 22970 END
START 316 -248 -11740 -6645 -9828 23976 END
START 3148 16 -11796 -9241 -11366 22896 END
START 4972 -384 -11604 -11243 -14403 20967 END
START 6716 -608 -10980 -12501 -17500 18677 END
START 7968 -988 -10552 -13749 -19343 16763 END
START 8884 -1380 -10128 -15704 -20372 15984 END
START 10168 -1832 -9628 -18676 -20203 15628 END
START 11836 -2564 -8520 -22518 -18494 14951 END
START 13200 -3216 -6192 -26086 -15912 13246 END
START 13872 -4164 -3472 -28550 -13950 10873 END
START 14148 -5300 -764 -30463 -13204 8515 END
START 14784 -6292 1948 -32130 -11998 6538 END
START 15036 -7964 4604 -32768 -10044 4373 END
START 14696 -9672 6964 -32768 -6238 2264 END
START 13196 -11668 9140 -32768 -2302 174 END
START 10688 -12776 11800 -32768 258 -1431 END
START 7244 -13180 14944 -32768 2003 -2475 END
START 4060 -12892 18396 -32768 2233 -2677 END
START 2212 -14200 20560 -32768 2499 -2321 END
START 104 -11136 26272 -32768 2055 -2314 END
START -220 -12200 31500 -32768 1891 -1955 END
START -1116 -11680 32767 -32768 2442 -1422 END
START -2328 -11268 32767 -32768 3392 -760 END
START -2740 -10728 32767 -32768 3603 -269 END
START -2432 -10460 32767 -28873 3833 -344 END
START -2848 -10084 32767 -22392 4344 -922 END
START -4516 -10000 32767 -15296 3937 -815 END
START -5608 -9004 32767 -8197 3602 467 END
START -6040 -7456 32767 -1807 4542 2610 END
START -5812 -5772 32767 3969 6016 4989 END
START -5024 -4144 32767 8745 6666 6814 END
START -3796 -3276 32767 13259 6263 7780 END
START -2036 -2988 32767 17566 4899 7674 END
START -676 -3016 32767 21910 2979 6787 END
START 340 -3384 32767 25790 1081 5625 END
START 932 -3648 31332 28868 141 4576 END
START 1392 -4068 26452 30700 421 3943 END
START 1420 -4196 21976 31185 1700 3736 END
START 1424 -4360 17088 30535 3059 4157 END
START 1500 -4020 13148 28857 4540 4990 END
START 1916 -3476 8696 26261 6389 5957 END
START 2300 -3000 5308 22839 7631 6870 END
START 3104 -2492 2960 19202 7449 7404 END
START 4468 -1536 1272 15850 6145 7077 END
START 5728 -288 428 12860 4402 5964 END
START 7332 1004 452 10634 2592 4444 END
START 8668 2312 812 9295 844 2697 END
START 9856 3580 1044 8295 -1021 978 END
START 11672 4492 1580 7037 -2739 -750 END
START 13660 4816 2364 5349 -3077 -3003 END
START 14548 4800 3356 3091 -2441 -5863 END
START 14632 4256 4712 749 -1466 -8926 END
START 13744 3220 6896 -1235 -555 -12064 END
START 11204 1920 9432 -2337 -117 -15035 END
START 7468 628 11904 -2054 -598 -17173 END
START 3696 -560 14060 -820 -2075 -18383 END
START 720 -1896 15584 22 -3259 -18999 END
START -2512 -2980 17364 140 -3088 -18800 END
START -5228 -3716 19432 -447 -1519 -17336 END