START -11560 1620 9528 19263 943 9449 END
START -12972 2320 10868 19316 -966 10044 END
START -12408 2760 6932 19332 -2823 11254 END
START -10236 1428 5088 20239 -6439 13724 END
START -8904 2004 2472 19654 -7470 14637 END
START -7144 2592 -1408 16865 -5718 14173 END
START -6368 2736 -4716 12019 -3049 13984 END
START -6380 2564 -7416 6411 -2415 14069 END
START -5568 1816 -9340 1715 -4041 14687 END
START -4284 1192 -10800 -1237 -7016 15486 END
START -2180 364 -12388 -3352 -10048 15657 END
START 144 -596 -14412 -5579 -11948 14924 END
START 1788 -1808 -15924 -8879 -14182 13793 END
START 3144 -3196 -15872 -12876 -17518 12562 END
START 4512 -4452 -14372 -16329 -20749 12316 END
START 5932 -5092 -12368 -19130 -23263 12957 END
START 8176 -5436 -10456 -21680 -24351 13721 END
START 10656 -5588 -8300 -24527 -23672 14029 END
START 13224 -5908 -5780 -27617 -21959 13154 END
START 15184 -6412 -2524 -30289 -19872 11104 END
START 16072 -6608 1264 -31687 -18150 8729 END
START 16912 -7752 4252 -32768 -16861 6321 END
START 16944 -7708 8044 -32768 -15018 4061 END
START 16132 -8048 12344 -32768 -12197 2333 END
START 14908 -7612 16112 -32768 -8681 692 END
START 12992 -7484 20060 -32768 -6388 -754 END
START 10928 -6924 25020 -32768 -4400 -1837 END
START 9136 -6500 30448 -32768 -2396 -2394 END
START 7440 -6568 32767 -32768 -727 -2754 END
START 5880 -7164 32767 -32768 -258 -3227 END
START 4444 -7728 32767 -31826 -1104 -3472 END
START 3680 -7988 32767 -26724 -2103 -3108 END
START 3060 -7896 32767 -21369 -1580 -2421 END
START 2140 -7600 32767 -16492 797 -1308 END
START 724 -6816 32767 -12690 3415 260 END
START -108 -5604 32767 -9259 5484 2129 END
START -272 -4076 32767 -5199 7304 3770 END
START -84 -2768 32767 -99 8222 4858 END
START 192 -1632 32767 4933 7853 5089 END
START 732 -656 32767 9953 6513 4945 END
START 1372 -448 32767 14289 4871 4566 END
START 2288 -600 32767 18594 3576 4082 END
START 2532 -852 32767 21992 3201 3575 END
START 2660 -1200 32767 24512 3477 3403 END
START 2972 -1784 28988 26183 4294 3331 END
START 2824 -2116 24904 27045 5419 3154 END
START 2440 -2268 20380 27189 6457 3146 END
START 2096 -2312 16404 26566 7440 3248 END
START 1936 -2228 12436 25057 8252 3506 END
START 1692 -2284 8856 22698 9045 4064 END
START 1808 -2196 5684 19849 9281 5104 END
START 2200 -1660 2892 17007 8580 5855 END
START 3208 -1452 384 14060 6647 6201 END
START 4608 -432 -1512 10922 4314 5697 END
START 5880 772 -2400 8069 1877 4480 END
START 7036 1956 -2788 5991 -283 3184 END
START 8624 3808 -2820 4266 -2067 2073 END
START 10316 5308 -2560 2583 -2852 797 END
START 12116 6308 -1768 583 -2886 -1067 END
START 13388 7072 -188 -1671 -1915 -3785 END
START 13676 6636 2084 -3968 -67 -7326 END
START 12120 5880 4920 -5904 1563 -10739 END
START 9416 3984 8768 -7160 1782 -13464 END
START 6984 1624 12816 -7092 1732 -15453 END