START -10000 6396 15680 13284 -4894 -868 END
START -12672 6896 16572 13466 -6131 -467 END
START -12660 6440 16796 13498 -7548 807 END
START -11228 4832 13684 14417 -8105 2865 END
START -11840 5368 12088 14398 -7992 5158 END
START -11100 4656 10456 13549 -7455 7038 END
START -10964 4764 9428 12410 -7347 8846 END
START -9884 5092 8300 11081 -7456 10665 END
START -8424 5548 6872 10127 -6287 11904 END
START -7000 6664 4948 8981 -5365 12894 END
START -4892 6908 2596 7649 -5919 13160 END
START -3732 7052 772 6318 -7341 12588 END
START -2656 6008 -1532 4890 -8539 11354 END
START -2244 5444 -3680 2866 -9939 10126 END
START -1572 4592 -4900 737 -11240 9672 END
START -484 3292 -6228 -1827 -11489 9729 END
START 576 1776 -7264 -5108 -10868 9901 END
START 1832 640 -7376 -8861 -10029 9823 END
START 2976 -584 -6620 -12324 -8943 9094 END
START 3812 -1492 -5596 -14592 -9007 8047 END
START 4552 -2272 -4064 -15626 -10544 6962 END
START 5376 -2732 -3492 -16313 -11502 6385 END
START 5912 -3168 -3140 -17691 -11390 6510 END
START 6128 -3948 -2832 -19804 -9880 7041 END
START 6716 -4844 -2216 -22798 -8215 7305 END
START 7224 -5492 -692 -25623 -6921 6962 END
START 7848 -6236 1412 -27949 -5673 6067 END
START 8032 -7032 4444 -29615 -4508 4625 END
START 7816 -7560 7768 -30506 -3972 3032 END
START 7484 -8028 11264 -30851 -3511 1170 END
START 6792 -8056 14684 -31141 -1880 -307 END
START 5556 -9028 17080 -32336 883 -1292 END
START 3128 -9124 20816 -32768 3103 -1703 END
START 716 -8552 25008 -32768 3985 -1545 END
START -548 -7660 29224 -32768 4074 -634 END
START -1276 -6860 32767 -31476 4101 404 END
START -1352 -6060 32767 -29719 3952 1190 END
START -656 -4980 32767 -27755 3086 1695 END
START 636 -4236 32767 -25573 3057 1641 END
START 1444 -3232 32767 -23056 3564 1258 END
START 2488 -2792 32767 -20381 4042 713 END
START 2996 -2672 32767 -17429 4614 -468 END
START 2116 -2180 32767 -13390 4610 -1960 END
START 848 -2252 32767 -8185 3210 -2697 END
START 64 -2492 32767 -3160 1573 -2604 END
START -184 -3100 32767 1455 916 -1994 END
START -184 -3644 32767 5589 1502 -903 END
START -272 -4324 32767 9401 2504 558 END
START 136 -4784 32767 12958 3597 2061 END
START 648 -4924 32767 16533 4390 3047 END
START 1256 -4936 32767 20250 4374 3250 END
START 1924 -5056 32767 23490 3405 2608 END
START 2000 -5220 30564 25501 2041 1450 END
START 1676 -4920 26384 26734 1801 321 END
START 988 -5144 22948 27265 2555 -254 END
START 156 -5488 18820 26838 3731 -39 END
START -572 -5652 15428 25667 4453 1151 END
START -744 -5632 12528 23858 4819 2768 END
START -180 -5180 10152 21986 4799 4040 END
START 300 -5020 7936 20175 4539 4754 END
START 852 -4220 6744 18656 3502 5424 END
START 2464 -3428 5360 17185 2470 5937 END
START 3948 -2220 4660 15387 1952 6103 END
START 5880 -596 4568 13357 1854 5785 END
START 8540 896 4512 11299 2312 5468 END
START 10788 2168 4812 9388 3023 4192 END
START 12632 3340 5516 7897 2722 2598 END
START 14396 4404 5848 6941 1910 179 END
START 15408 4780 6136 6156 1363 -2707 END
START 15620 5168 5868 5386 1017 -5990 END
START 14724 5216 6168 4613 686 -9378 END
START 13408 5052 6472 3857 318 -12510 END
START 10824 4804 7204 3416 -366 -15242 END
START 7756 4412 7708 3119 -1747 -16961 END
START 4412 3608 8312 2394 -2155 -18089 END
START 792 3000 9492 868 -1341 -18240 END
START -2848 2204 10720 -843 -539 -17391 END
START -5892 916 12652 -2626 197 -15525 END