START -8540 5476 10736 16518 451 9111 END
START -7964 5456 9700 16467 -113 9296 END
START -6392 5588 6972 16066 -1616 9696 END
START -5912 5396 6572 15543 -3573 10246 END
START -4696 5296 4512 14403 -3891 10642 END
START -3376 5204 2312 12192 -3424 10803 END
START -2152 4252 520 9757 -2947 10643 END
START -2924 3316 -1884 7617 -3049 11307 END
START -1520 1944 -3944 5369 -4745 12001 END
START -396 1380 -5772 2262 -7191 12468 END
START 1308 124 -6980 -1863 -9111 12147 END
START 2360 -216 -6712 -5454 -10164 11545 END
START 3292 -404 -6448 -8392 -10408 11184 END
START 4172 -812 -6508 -10981 -10782 11234 END
START 5412 -1136 -6556 -13845 -10692 11462 END
START 6424 -1316 -6276 -16797 -10027 11402 END
START 7704 -1012 -6064 -19664 -9058 10715 END
START 8388 -2220 -4876 -22181 -8355 9547 END
START 8940 -2436 -4196 -24348 -8434 8334 END
START 9812 -2720 -3568 -26662 -8847 6776 END
START 10448 -3564 -2040 -29530 -8777 4880 END
START 10672 -4464 460 -32582 -8292 2673 END
START 10856 -5516 3808 -32768 -7447 513 END
START 10208 -6572 7328 -32768 -6110 -1700 END
START 8996 -8200 11308 -32768 -4841 -3604 END
START 8344 -8324 15908 -32768 -3622 -5271 END
START 6268 -12508 19976 -32768 -2223 -6520 END
START 3100 -11384 23784 -32768 -1739 -6435 END
START 960 -11088 27888 -32768 -1762 -5555 END
START -320 -10340 31752 -32768 -1400 -4075 END
START -1228 -9212 32767 -32768 -522 -2585 END
START -1800 -8028 32767 -32768 464 -1283 END
START -2168 -6636 32767 -29535 1647 -264 END
START -2200 -5932 32767 -25268 2755 478 END
START -2440 -5660 32767 -21370 3509 1111 END
START -2500 -5092 32767 -17144 4185 1858 END
START -2948 -4504 32767 -12408 4937 2829 END
START -2884 -3596 32767 -6814 5447 3937 END
START -2596 -2572 32767 -1129 5831 5003 END
START -1920 -1688 32767 4391 6272 5891 END
START -1272 -504 32767 9447 7041 6395 END
START -572 -24 32767 13984 7806 6515 END
START -68 -48 32767 18613 8082 6420 END
START 464 -824 32767 22529 7632 5926 END
START 640 -1440 32767 26077 6396 5045 END
START 780 -2292 31268 29118 4678 4002 END
START 804 -2864 27248 31503 3111 2944 END
START 928 -3460 23040 32767 2159 2023 END
START 1180 -3600 18884 32767 2360 1373 END
START 1400 -3976 14224 31705 3557 1415 END
START 1888 -3904 9712 28690 5005 2021 END
START 2592 -3704 5596 24544 5494 2966 END
START 4076 -3268 2204 19290 4811 3449 END
START 5228 -2048 -360 14222 3434 2689 END
START 6116 -1484 -1512 10465 1820 1221 END
START 6452 -436 -1848 8191 72 -203 END
START 7044 292 -1804 7051 -1692 -1188 END
START 7828 1516 -1992 5907 -3346 -1960 END
START 9136 2472 -1836 3706 -3928 -2856 END
START 9968 3132 -532 1034 -3550 -4344 END
START 10472 3376 2444 -1669 -2498 -6533 END
START 9780 3040 6296 -3506 -431 -9194 END
START 7936 2256 9784 -4494 896 -11496 END
START 5804 1028 13820 -4502 1676 -13372 END