START -11072 2096 7996 9476 15128 14371 END
START -9640 2172 4140 8934 13441 15287 END
START -9856 3012 4016 7729 12381 16788 END
START -8612 1264 4608 8119 7974 19126 END
START -6004 1472 2896 8596 4001 19087 END
START -3772 1880 504 8691 326 16687 END
START -2604 2144 -1788 8291 -2773 13574 END
START -2576 2244 -4340 7424 -6105 10952 END
START -2912 1440 -6412 6443 -9472 10323 END
START -2716 1416 -8712 4340 -11826 11475 END
START -1636 940 -11020 639 -12983 13401 END
START 192 384 -12228 -4717 -13000 14667 END
START 1908 -252 -12340 -10232 -12025 15038 END
START 3576 -604 -11088 -14992 -11692 14289 END
START 5608 -44 -8324 -17402 -13773 13297 END
START 6496 -1644 -6996 -18210 -16517 12235 END
START 7632 -1380 -6092 -18312 -19634 11668 END
START 9936 -1040 -5828 -19344 -21477 10833 END
START 11752 -1336 -5016 -22501 -19825 9397 END
START 12856 -2108 -3156 -26480 -16367 7324 END
START 12960 -2936 -452 -29856 -13774 4748 END
START 12632 -4112 3380 -31606 -12603 2014 END
START 11824 -5204 6940 -32101 -13025 -504 END
START 11088 -6404 10452 -32505 -14163 -2753 END
START 9720 -8144 14940 -32626 -14871 -4906 END
START 7988 -9260 19532 -32371 -14459 -6150 END
START 5204 -9100 23012 -32537 -11777 -6110 END
START 2488 -8712 26324 -32768 -7492 -4448 END
START 932 -7920 29904 -32768 -3565 -1964 END
START 772 -7316 32767 -32768 -1686 8 END
START 792 -6552 32767 -31994 -1024 731 END
START 788 -5784 32767 -29721 -1634 277 END
START 616 -5348 32767 -26083 -2998 -296 END
START 856 -4428 32767 -21234 -3506 -626 END
START 764 -3996 32767 -16912 -2682 -468 END
START 116 -3164 32767 -13594 -877 202 END
START -896 -2388 32767 -10828 985 1248 END
START -1500 -1428 32767 -7749 1866 3073 END
START -604 -356 32767 -4231 2550 4889 END
START 656 564 32767 -917 3360 5763 END
START 1996 1192 32767 2019 4269 5511 END
START 2572 1276 32767 5362 4758 4664 END
START 2676 1044 32767 8986 4867 3587 END
START 2332 368 32767 12653 4881 2610 END
START 1788 -536 32767 16361 4491 1886 END
START 1460 -1412 32767 20142 4083 1402 END
START 868 -2248 31104 23264 3606 1219 END
START 664 -2924 27292 25536 3292 1343 END
START 236 -2988 22760 26531 3314 1604 END
START 304 -3236 18528 26244 4033 2347 END
START 280 -2848 14040 24558 5720 3543 END
START 356 -2256 9460 21526 8228 5336 END
START 1020 -1588 5708 17869 10165 7516 END
START 2548 -856 2616 13320 10732 9147 END
START 3944 116 760 9456 8734 9323 END
START 5648 684 276 7040 5366 8534 END
START 7108 1632 160 5912 1603 7104 END
START 8816 2576 360 5438 -1919 5003 END
START 10856 3956 432 5501 -4236 2205 END
START 12284 4684 584 5519 -4642 -1470 END
START 12864 4964 528 4394 -3507 -5339 END
START 12688 4540 1188 2096 -1102 -8600 END
START 11108 3676 3316 -774 1922 -11651 END
START 8212 2304 6576 -3164 3369 -13853 END
START 4624 140 11016 -4018 3238 -14699 END