START -10172 3300 10492 18544 -1275 10603 END
START -13276 4816 12400 18368 -3298 11088 END
START -11148 4416 10276 17730 -5218 12059 END
START -6516 3668 5704 17957 -7128 12494 END
START -5068 4840 3284 16177 -6796 11422 END
START -3728 5024 484 13366 -5384 9937 END
START -3048 5252 -1764 10593 -3387 8818 END
START -3384 4684 -4584 6940 -2629 8586 END
START -3548 3744 -6812 3577 -4147 9564 END
START -2848 2860 -8408 559 -6982 11069 END
START -1116 2304 -9608 -2382 -9240 11944 END
START 280 1296 -9688 -5320 -10577 11853 END
START 1448 752 -9664 -7993 -11607 11111 END
START 1672 -344 -9484 -10221 -13233 10487 END
START 2320 -1344 -8708 -11943 -15669 10688 END
START 3476 -1720 -8080 -13711 -17506 11318 END
START 4492 -2352 -7876 -15853 -18186 12070 END
START 6052 -2532 -7312 -18678 -17790 12798 END
START 7708 -2548 -6112 -21912 -16498 12889 END
START 9252 -3220 -4908 -25106 -15029 12236 END
START 10440 -3792 -3080 -27857 -14195 10733 END
START 11056 -4544 -872 -30112 -13951 8881 END
START 11844 -4908 1956 -32075 -13623 7205 END
START 12232 -5820 5108 -32768 -12590 5512 END
START 12140 -7196 9016 -32768 -11244 4022 END
START 12252 -8244 13228 -32768 -9351 2678 END
START 11500 -9280 18128 -32768 -6912 1211 END
START 9820 -10464 23720 -32768 -4501 144 END
START 7976 -10484 28868 -32768 -2832 175 END
START 6820 -10036 32767 -32768 -1431 -148 END
START 5172 -9700 32767 -32768 -908 -536 END
START 3684 -8992 32767 -31988 -698 -850 END
START 2372 -8484 32767 -28183 -449 -346 END
START 1920 -7708 32767 -23958 393 788 END
START 2088 -6956 32767 -20033 2157 1945 END
START 1932 -5592 32767 -16727 4530 2714 END
START 972 -4316 32767 -13129 6306 3185 END
START 16 -3200 32767 -8708 6761 3620 END
START -196 -2140 32767 -3976 6219 4196 END
START 92 -1376 32767 718 5397 4616 END
START 764 -928 32767 4348 4977 4834 END
START 1268 -928 32767 7894 4720 5017 END
START 1760 -1088 32767 11264 4954 5212 END
START 2236 -1152 32767 14320 5765 5497 END
START 2336 -1380 32767 16855 6717 5880 END
START 2676 -1332 29228 18655 7106 6142 END
START 3148 -1352 24464 19730 6871 6073 END
START 3540 -980 20280 20067 6494 5771 END
START 4088 -380 16044 19594 6295 5331 END
START 4812 148 12756 18423 6268 4801 END
START 5788 1128 9944 16655 6430 3970 END
START 7124 1996 7640 14522 6460 2344 END
START 8296 2880 6240 12393 5886 18 END
START 8964 3704 5316 10483 4984 -2463 END
START 9316 4092 4924 8807 3040 -4755 END
START 9288 4536 5160 7909 862 -6333 END
START 9304 4628 5120 7826 -488 -7425 END
START 9600 4620 4696 7712 -521 -8449 END
START 10020 4312 4516 6588 341 -9674 END
START 9304 3216 4808 4511 1155 -10969 END
START 8344 2256 5988 2208 1471 -12440 END