START -12932 2880 9964 16800 3131 8600 END
START -13136 2836 10620 16576 1262 9285 END
START -12884 3080 7932 16002 -471 10458 END
START -10348 2144 6504 15763 -3311 12235 END
START -9324 2276 4584 14364 -4539 13304 END
START -7836 1584 2220 12275 -4743 14063 END
START -6572 1104 -584 9477 -3942 14329 END
START -6336 -8 -2476 6197 -3997 15019 END
START -6024 -764 -4352 3259 -5863 16239 END
START -4672 -1580 -5756 478 -8182 17716 END
START -3040 -1984 -6628 -2226 -10488 19009 END
START -396 -2520 -7008 -5094 -12315 19810 END
START 1928 -2272 -7024 -7591 -13391 20076 END
START 5024 -1896 -6708 -9688 -13321 19689 END
START 7564 -1272 -6428 -11778 -12374 18419 END
START 9080 -928 -6260 -14197 -11652 16778 END
START 10084 -836 -6080 -16866 -11301 15199 END
START 10532 -1048 -5436 -19690 -10640 13700 END
START 10868 -1916 -4320 -22451 -9930 11477 END
START 11096 -2676 -2760 -25001 -9369 9337 END
START 11568 -4016 -664 -27403 -8590 7232 END
START 11168 -5016 1400 -29829 -7186 5001 END
START 10512 -5768 4520 -32132 -5920 3296 END
START 9972 -5840 7188 -32768 -5127 2352 END
START 9556 -5808 9956 -32768 -4096 1067 END
START 8660 -6048 12920 -32768 -3143 -424 END
START 7800 -6444 15956 -32768 -2577 -1959 END
START 6800 -6968 19804 -32768 -1470 -3603 END
START 4936 -7856 24136 -32768 -487 -4725 END
START 2532 -8524 29844 -32768 -730 -5222 END
START 908 -8712 32767 -32768 -2010 -4751 END
START 516 -9716 32767 -32768 -2808 -3573 END
START -148 -6800 32767 -30618 -4099 -1276 END
START 1680 -5316 32767 -26409 -3985 592 END
START 3468 -3828 32767 -23232 -2460 979 END
START 4004 -2284 32767 -19671 -610 839 END
START 3912 -1068 32767 -15211 925 691 END
START 3628 -276 32767 -10423 2005 618 END
START 3336 480 32767 -5322 2924 740 END
START 2904 844 32767 -191 3611 849 END
START 2292 1064 32767 4607 4168 932 END
START 1588 1152 32767 9582 4744 1186 END
START 1236 764 32767 14737 5117 1598 END
START 1680 -112 32767 19748 5300 1878 END
START 2252 -1208 32767 24174 5365 1727 END
START 2460 -2228 32767 27720 5335 1148 END
START 2332 -3176 32767 30143 5009 529 END
START 2204 -3856 29416 31584 4795 -99 END
START 1824 -4404 24936 32049 5277 -473 END
START 1304 -4868 19952 31378 6636 -153 END
START 1224 -5512 15456 29374 8635 1212 END
START 1036 -5924 10592 26202 10141 3259 END
START 1856 -6208 6196 22560 10585 5426 END
START 2960 -5884 2872 18671 9228 6652 END
START 4496 -5116 732 15770 6829 6830 END
START 6040 -4420 -836 13946 4105 6241 END
START 8084 -3064 -2368 12571 1482 4807 END
START 10392 -1216 -3708 10380 -764 3150 END
START 12808 884 -3828 7631 -1467 874 END
START 14556 2832 -3636 4833 -846 -1426 END
START 15792 4392 -2404 2129 340 -4082 END
START 16236 5452 -832 -68 2267 -7737 END
START 14976 5596 1400 -1939 3113 -11837 END