START -8408 4380 11944 15579 1201 4974 END
START -9156 4728 9312 15273 918 5298 END
START -10300 5508 11352 14424 481 5991 END
START -7960 4528 8656 13576 -161 7470 END
START -8176 4840 7440 12418 358 8642 END
START -7576 5164 5472 10944 363 9870 END
START -7252 5752 3620 9422 -649 11016 END
START -5988 5548 1196 7568 -1930 11746 END
START -4940 5400 -1368 5020 -2582 11633 END
START -4492 4716 -3436 2526 -3745 11039 END
START -3880 3572 -5308 512 -6071 10425 END
START -3048 2340 -6832 -1150 -8998 10211 END
START -1336 1172 -8104 -3530 -11382 10552 END
START 984 224 -8480 -6600 -12208 10919 END
START 2836 -616 -7856 -9695 -12144 11319 END
START 5080 -1552 -6612 -12786 -11749 11358 END
START 6904 -2288 -4796 -15371 -11146 10763 END
START 8576 -2760 -2772 -17145 -10649 9731 END
START 9300 -3476 -1108 -18587 -10142 8668 END
START 9696 -3792 360 -20005 -9118 7645 END
START 9532 -3968 1776 -21251 -7660 6711 END
START 9580 -4460 2816 -22526 -5951 5827 END
START 9672 -4696 3812 -24370 -3978 4874 END
START 9576 -4908 5128 -26688 -1531 3541 END
START 8924 -4868 7420 -28967 493 1926 END
START 8244 -4604 9764 -30528 1609 286 END
START 7128 -4272 12160 -31715 2599 -1987 END
START 4956 -4536 14828 -32566 2915 -4596 END
START 2788 -5152 17368 -32750 2120 -6784 END
START 416 -5996 20108 -32717 798 -8234 END
START -1920 -6848 23956 -32570 -386 -8489 END
START -3232 -7440 28396 -32372 -1080 -7377 END
START -3860 -8172 32767 -31845 -577 -4530 END
START -3100 -7844 32767 -30132 593 -1405 END
START -1676 -6928 32767 -27830 2217 57 END
START -1228 -5724 32767 -25352 2479 -395 END
START -1340 -4352 32767 -21856 854 -1621 END
START -1416 -2772 32767 -17351 -1469 -2571 END
START -1248 -1684 32767 -12674 -2839 -2749 END
START -1052 -948 32767 -8666 -2557 -2157 END
START -1200 -868 32767 -5902 -751 -880 END
START -1848 -980 32767 -3774 1414 625 END
START -2276 -1232 32767 -892 2988 2032 END
START -2212 -1312 32767 2728 3925 3412 END
START -1800 -1804 32767 6974 4531 4207 END
START -1316 -2416 32767 11269 4647 4297 END
START -1052 -3140 32767 15294 4055 3906 END
START -964 -3652 32767 18456 3259 3311 END
START -1028 -4280 29920 20697 2851 2755 END
START -1412 -4748 26524 22343 2417 2483 END
START -1540 -5012 23376 23281 2213 2576 END
START -1652 -5164 20288 23539 2649 2822 END
START -1308 -5680 17712 23048 3607 3316 END
START -1136 -6000 14648 21793 4623 3929 END
START -316 -6288 12136 19864 5410 4778 END
START 404 -5828 9660 17594 5305 5610 END
START 1592 -5300 7740 15476 4493 6302 END
START 3144 -4328 5952 13268 2747 6531 END
START 5124 -3076 5212 10864 658 5860 END
START 7104 -1352 5332 9045 -1136 4413 END
START 9296 460 5624 8002 -2308 2472 END
START 10832 1772 6108 7616 -2448 70 END
START 11880 2932 6060 7075 -2373 -2886 END
START 12044 3620 6156 6035 -2298 -6209 END
START 11432 4136 6592 4578 -2061 -9179 END
START 9780 3972 7708 3145 -1426 -11728 END
START 7492 3356 8944 2000 -69 -14061 END
START 4768 2424 10260 1017 1279 -16022 END
START 1572 836 11680 114 2426 -17538 END
START -1856 -1084 13704 -129 2735 -18159 END
START -5224 -2872 15760 451 2180 -17335 END