START -12584 1308 10052 19479 408 9231 END
START -14044 1852 10612 18912 -569 9720 END
START -12700 1664 7664 17678 -848 10592 END
START -11364 516 6948 16699 -2925 11958 END
START -10876 1316 5032 15222 -4711 12999 END
START -9316 1392 3276 13480 -6264 14052 END
START -7088 1708 1188 12189 -6673 15311 END
START -4892 1892 -1704 10367 -7156 15649 END
START -2620 2252 -4896 8167 -8711 15081 END
START -308 1900 -8280 5665 -11013 13417 END
START 1156 1544 -10308 2325 -13464 11452 END
START 2132 952 -11308 -1319 -15199 10263 END
START 3200 144 -11440 -4952 -16351 10206 END
START 4656 -856 -11024 -8230 -16752 10481 END
START 5996 -1628 -10572 -11030 -17100 10730 END
START 7556 -2240 -9980 -13787 -17764 10262 END
START 8404 -2792 -9496 -16339 -18160 9004 END
START 8888 -3236 -8588 -18689 -18415 7714 END
START 9396 -3880 -7756 -21091 -18631 6526 END
START 9976 -4476 -6592 -23634 -18972 5537 END
START 10552 -5096 -4704 -25976 -18689 4788 END
START 11384 -5652 -3136 -28907 -16799 4104 END
START 12268 -6728 -1012 -32398 -14575 2914 END
START 12500 -7752 2108 -32768 -12089 932 END
START 12248 -9388 5384 -32768 -10578 -1167 END
START 11120 -11176 9136 -32768 -8787 -3750 END
START 9340 -12060 14040 -32768 -8104 -5272 END
START 8084 -12932 19104 -32768 -7729 -5833 END
START 6716 -13220 24536 -32768 -6266 -6275 END
START 4924 -14996 29876 -32768 -4654 -6043 END
START 3612 -14020 32767 -32768 -4265 -5167 END
START 2948 -14184 32767 -32768 -3493 -4257 END
START 2688 -13964 32767 -32680 -2809 -3465 END
START 2280 -13712 32767 -28444 -1575 -3022 END
START 1624 -13084 32767 -23808 -58 -2636 END
START 920 -12892 32767 -19450 1502 -1763 END
START -120 -12456 32767 -15680 3263 -619 END
START -1244 -11096 32767 -11985 4693 1175 END
START -2084 -9680 32767 -7735 5859 3565 END
START -2296 -8384 32767 -2802 6648 5510 END
START -1960 -7384 32767 2517 6454 6790 END
START -1312 -6524 32767 7356 6073 7375 END
START -844 -5960 32767 11747 5874 7570 END
START -676 -5896 32767 15756 5836 7891 END
START -88 -6112 32767 19006 5885 8272 END
START 324 -6236 32767 21379 6255 8521 END
START 432 -6384 30796 23206 6663 8800 END
START 632 -6352 27076 24914 6825 9024 END
START 976 -6276 23472 26232 7037 9017 END
START 1548 -6048 19360 26838 7348 8608 END
START 1824 -5840 15224 26599 7506 8015 END
START 2272 -5648 11592 25569 7750 7562 END
START 2432 -5180 7988 23736 7165 7329 END
START 3192 -4836 4884 21604 5686 7423 END
START 4624 -3860 1756 18903 3768 7455 END
START 6476 -3148 -624 15573 1589 6973 END
START 9172 -2084 -2316 11798 -324 5419 END
START 11912 -248 -2964 8052 -1637 2482 END
START 13764 1852 -2448 5083 -3084 -837 END
START 15992 3536 -612 3751 -3213 -4312 END
START 17256 5264 44 3066 -1671 -7902 END
START 17376 5640 456 1837 -87 -11502 END
START 16296 5684 1056 -111 1064 -15229 END
START 13672 4408 2572 -2459 2055 -19596 END
START 9444 2180 5340 -4493 2401 -23277 END
START 3976 -1152 8960 -5499 1743 -25551 END
START -700 -5284 13052 -5675 992 -26142 END
START -5612 -9456 17996 -4881 1022 -24740 END
START -9664 -12744 22588 -3250 2331 -21065 END
START -12048 -13932 24840 -1479 4496 -15661 END