START -12988 2648 9848 18023 2663 7719 END
START -13192 2888 8652 17700 1657 8356 END
START -13048 3192 8896 16931 514 9587 END
START -10928 2668 6536 15932 -1248 11137 END
START -9920 2988 4884 14398 -2766 12412 END
START -8284 3152 2964 12752 -3896 13276 END
START -6956 3112 632 10816 -4816 13767 END
START -5660 2952 -1620 8556 -5551 14031 END
START -4724 2444 -4772 5720 -6618 14034 END
START -3364 1440 -7192 2307 -8704 14447 END
START -1656 496 -8676 -1498 -11216 15023 END
START 1080 -296 -9084 -5580 -12271 15496 END
START 3476 -896 -8708 -9431 -12647 15471 END
START 5468 -1540 -7948 -13052 -12754 14829 END
START 7080 -2376 -6484 -16145 -12167 13603 END
START 7720 -3188 -5180 -18288 -12186 11554 END
START 7260 -4080 -4176 -19808 -13021 10067 END
START 7164 -5064 -3628 -21615 -14053 9123 END
START 6744 -6628 -2732 -23774 -14143 8656 END
START 6868 -6688 -300 -26028 -13735 8626 END
START 7960 -7928 2104 -28351 -12067 8884 END
START 8740 -8180 4364 -31229 -9685 8353 END
START 9084 -8136 7412 -32768 -7479 7230 END
START 8936 -7424 11360 -32768 -6083 5990 END
START 8984 -6712 14472 -32768 -5115 4287 END
START 8352 -5808 17188 -32768 -4634 2059 END
START 7360 -5076 20232 -32768 -4400 45 END
START 6316 -5112 23760 -32768 -3472 -1704 END
START 4484 -5960 27784 -32768 -2103 -2923 END
START 3112 -6568 32304 -32768 -1606 -2994 END
START 2596 -6144 32767 -32768 -1677 -2279 END
START 3052 -5192 32767 -30572 -1724 -1539 END
START 4012 -4560 32767 -26514 -1695 -1643 END
START 4156 -4020 32767 -21904 -1441 -2273 END
START 4192 -3564 32767 -17200 -749 -2786 END
START 3688 -3372 32767 -13000 731 -2601 END
START 3084 -3640 32767 -9134 2904 -1950 END
START 2084 -4224 32767 -5228 4763 -799 END
START 1044 -4884 32767 -752 5910 767 END
START 548 -4868 32767 4021 6515 2297 END
START 636 -4500 32767 8414 7068 3704 END
START 1068 -3868 32767 12311 7500 4491 END
START 1432 -3136 32767 15764 7644 4742 END
START 1832 -2884 32767 18774 7435 4436 END
START 2140 -2664 32767 21521 7189 3550 END
START 1976 -2684 29908 23967 6954 2457 END
START 1652 -2900 26204 25979 6819 1571 END
START 1504 -3228 22544 27029 6638 1153 END
START 1100 -3480 18668 27071 6862 1252 END
START 964 -3408 15036 26088 7081 1762 END
START 1020 -3448 12076 24353 7161 2568 END
START 1680 -3268 9544 22107 7375 3245 END
START 2136 -3208 7000 19798 6985 3603 END
START 3084 -2920 4640 17336 5613 3371 END
START 4120 -2744 2740 14522 3753 2754 END
START 5300 -2124 1180 11861 2201 1702 END
START 6204 -1520 384 9274 667 483 END
START 7212 -548 472 7004 -873 -364 END
START 8748 412 776 4903 -1716 -973 END
START 10356 1388 1460 2777 -2027 -1760 END
START 12064 2568 2540 107 -2271 -2995 END
START 13356 3212 4380 -2017 -1352 -4943 END
START 13888 3320 6580 -3808 281 -7990 END
START 12780 3088 8728 -4754 1614 -11481 END
START 9732 2348 11104 -4558 1390 -14596 END
START 5808 1604 13224 -3317 -356 -16543 END
START 2272 388 14904 -1750 -2456 -17207 END
START -1088 -1228 16272 -1048 -3693 -16975 END