START -12732 616 4944 19460 -736 15433 END
START -12060 848 1756 18918 -2501 15999 END
START -9624 1356 -216 17393 -3756 16670 END
START -8000 764 -716 16416 -6590 16789 END
START -6720 2220 -2736 13978 -8125 15695 END
START -5312 1900 -5232 10262 -8191 14439 END
START -4672 2256 -7048 5733 -7005 14182 END
START -4000 1896 -8432 1068 -4886 15519 END
START -3116 1152 -9864 -3319 -5002 17410 END
START -964 1128 -11108 -7224 -7399 18635 END
START 2176 232 -10964 -10191 -9625 17983 END
START 3940 -56 -10496 -11830 -11429 16064 END
START 5568 -280 -10388 -12902 -12995 13656 END
START 6324 -644 -10316 -14217 -14866 11457 END
START 6828 -1460 -9956 -15923 -16813 10320 END
START 7844 -1852 -9156 -17747 -17587 10273 END
START 9056 -1992 -8764 -20404 -16475 10745 END
START 10424 -2452 -7840 -23814 -14482 10604 END
START 11544 -3352 -6424 -27416 -12644 9229 END
START 12080 -4336 -4188 -30052 -11022 7044 END
START 11960 -5864 -1748 -31626 -10328 4598 END
START 11648 -7844 464 -32768 -10511 2720 END
START 11796 -9288 3068 -32768 -10340 1349 END
START 12104 -10396 6540 -32768 -8869 -323 END
START 11020 -10956 10836 -32768 -5922 -1779 END
START 8800 -11248 16172 -32768 -2419 -2912 END
START 6488 -10944 21096 -32768 -313 -3279 END
START 4464 -10656 25836 -32768 654 -3252 END
START 2580 -10308 31340 -32768 1078 -3205 END
START 940 -9976 32767 -32768 1324 -2765 END
START 372 -10096 32767 -32768 1777 -2156 END
START -252 -9632 32767 -32768 2348 -1675 END
START -656 -9452 32767 -29108 3077 -1246 END
START -1364 -9084 32767 -24047 4106 -557 END
START -2440 -8668 32767 -18905 4987 377 END
START -3500 -8304 32767 -14371 5790 1424 END
START -4844 -7632 32767 -9141 5598 2784 END
START -5268 -6492 32767 -3084 4848 4374 END
START -4688 -5628 32767 2811 4525 5709 END
START -4120 -4516 32767 7979 4641 6717 END
START -3004 -3484 32767 12696 4557 7716 END
START -1776 -3060 32767 17182 4382 8319 END
START -372 -3020 32767 21211 3868 8407 END
START 752 -3228 32767 24522 2575 7811 END
START 2036 -3520 31492 27165 1020 6466 END
START 2660 -3744 26280 29167 164 4704 END
START 2768 -4020 21016 30125 253 3587 END
START 2908 -4156 14848 29347 1333 3343 END
START 3084 -3672 9604 26665 2909 3854 END
START 3792 -2964 5044 22918 4225 4596 END
START 5048 -2440 1472 18707 4554 4809 END
START 6156 -1964 24 15388 3417 4104 END
START 7264 -936 -928 13477 1591 2838 END
START 8696 116 -1392 11917 -704 1275 END
START 10284 1704 -2092 10463 -2708 -98 END
START 12312 3368 -2728 8614 -3486 -1872 END
START 13616 4364 -2996 6280 -2859 -4345 END
START 14144 4460 -2900 2979 -1803 -7476 END
START 13192 4320 -948 -279 -1088 -10836 END
START 10704 3592 2500 -2333 -1064 -13918 END
START 7404 2616 6448 -3539 -1123 -15952 END
START 3816 684 11084 -3480 -1372 -16544 END