START -12652 596 8748 18464 5146 12032 END
START -14468 1712 10112 18410 3346 12579 END
START -12340 1972 5832 18009 1430 13456 END
START -10536 1524 4156 18379 -2031 14613 END
START -9208 2720 1824 16949 -3428 14775 END
START -7860 3160 -932 14687 -3220 14526 END
START -7360 3572 -3868 11209 -2178 14765 END
START -6800 3144 -6316 6692 -1736 15966 END
START -6216 2860 -8064 2850 -2965 17474 END
START -4520 2036 -8976 -186 -5543 18892 END
START -2092 1252 -10296 -2445 -7798 19304 END
START 300 580 -11248 -5011 -10514 18465 END
START 2300 344 -11104 -7539 -13508 17496 END
START 3896 132 -10280 -9979 -16293 16846 END
START 5720 148 -9300 -11828 -17455 16699 END
START 7664 -40 -8452 -13390 -17365 16499 END
START 8960 -408 -8060 -15329 -16819 15821 END
START 10248 -1124 -7828 -17800 -16654 14561 END
START 10536 -2092 -6956 -20680 -16429 12416 END
START 9976 -3396 -5284 -22997 -15927 10132 END
START 8820 -5088 -4220 -24895 -15805 8788 END
START 8436 -6908 -2832 -27107 -15023 8442 END
START 8176 -8636 -656 -29828 -13223 8804 END
START 9028 -10268 1832 -32768 -11074 9343 END
START 10012 -10588 5000 -32768 -8113 9390 END
START 10540 -10804 8688 -32768 -4861 8519 END
START 10320 -10352 12128 -32768 -2962 7053 END
START 9940 -9916 15112 -32768 -1930 4986 END
START 8360 -9688 17664 -32768 -1091 2990 END
START 6936 -8860 21840 -32768 -5 1641 END
START 5452 -7760 27264 -32768 1072 1082 END
START 4844 -7616 32767 -32768 2233 611 END
START 4268 -8092 32767 -32768 2609 8 END
START 3916 -8244 32767 -32768 1959 -439 END
START 3612 -7708 32767 -32115 1646 -489 END
START 3648 -7216 32767 -26975 2847 -513 END
START 3168 -6792 32767 -21649 4568 -822 END
START 2096 -6980 32767 -16444 5565 -1041 END
START 580 -6288 32767 -10800 5943 -907 END
START -416 -5692 32767 -5243 6206 -187 END
START -1124 -4684 32767 140 6595 1071 END
START -992 -4220 32767 5184 7079 2447 END
START -808 -3392 32767 9874 7109 3186 END
START -440 -3080 32767 14355 6637 3337 END
START -204 -2936 32767 18874 5536 3491 END
START 452 -3084 32767 22956 4225 3398 END
START 888 -3312 32767 25934 3302 3105 END
START 1528 -3616 29420 27698 3276 2913 END
START 1572 -3976 23524 27910 4322 3205 END
START 1748 -3900 17116 26683 6421 4146 END
START 2136 -3984 10788 23647 8913 5432 END
START 2564 -3608 4744 19227 9199 6496 END
START 3308 -3512 1060 14689 6886 6551 END
START 4088 -2780 -788 11779 3463 5759 END
START 5072 -2088 -1324 10501 -228 4681 END
START 6696 -1176 -1956 9824 -3302 3370 END
START 8944 264 -2488 8482 -5220 2041 END
START 11464 1516 -2760 6277 -5454 232 END
START 13216 2864 -1972 3105 -4195 -2401 END
START 14384 4048 316 -132 -2343 -5198 END
START 14548 4232 3080 -2299 -4 -8573 END
START 12928 3712 5644 -3715 1865 -12133 END
START 9484 2560 9468 -4600 2029 -15492 END
START 5364 -116 14332 -3814 1111 -17622 END
START 1324 -2988 18576 -966 33 -18383 END