START -17476 -892 12984 22618 4668 3892 END
START -17820 -1192 11732 22574 4005 4745 END
START -17408 -1420 11004 22338 2364 6970 END
START -16552 -2016 9716 22413 527 10780 END
START -16008 -1476 8480 22212 -945 14344 END
START -14104 -1228 5312 21679 -2842 17240 END
START -10940 -652 1876 20192 -3800 19017 END
START -7852 104 -1920 17341 -3380 18717 END
START -5952 680 -5872 13063 -4040 17738 END
START -4956 780 -9016 8755 -6718 17501 END
START -2848 712 -10476 4927 -9572 17942 END
START -168 824 -11732 1478 -10876 18663 END
START 2752 484 -12564 -2301 -11769 19080 END
START 5812 604 -12424 -6462 -12399 18564 END
START 8048 512 -11768 -10079 -13109 17346 END
START 9788 376 -10876 -13061 -13407 15709 END
START 10644 -64 -10184 -15882 -13871 13782 END
START 10672 -564 -9240 -18306 -14513 11684 END
START 10304 -1200 -8548 -20339 -14894 9919 END
START 9832 -2224 -7816 -22476 -15116 8597 END
START 9696 -3252 -7112 -25049 -14971 7412 END
START 9908 -3960 -5868 -28324 -13976 6635 END
START 10260 -4756 -4552 -31952 -12129 5969 END
START 11048 -5660 -1868 -32768 -10707 4870 END
START 11304 -6276 1404 -32768 -9554 3146 END
START 11136 -7616 4832 -32768 -8589 612 END
START 10460 -8940 8812 -32768 -7525 -2220 END
START 9052 -10716 13552 -32768 -6791 -4944 END
START 6840 -11672 18436 -32768 -7077 -6537 END
START 5640 -12248 23700 -32768 -7432 -6815 END
START 4536 -12532 27988 -32768 -6661 -6504 END
START 4084 -13204 32472 -32768 -4654 -5943 END
START 3104 -13856 32767 -32768 -1697 -5284 END
START 1960 -14404 32767 -32768 821 -4725 END
START 312 -14116 32767 -32768 1835 -3884 END
START -264 -13904 32767 -28992 1576 -2919 END
START -1292 -13208 32767 -22457 1284 -2511 END
START -2624 -12404 32767 -15873 1075 -1506 END
START -3584 -11272 32767 -10211 1268 446 END
START -4080 -9848 32767 -5313 2592 2881 END
START -4004 -8088 32767 -771 4436 5339 END
START -3352 -6624 32767 3453 6169 7460 END
START -2432 -5316 32767 7668 7262 8803 END
START -1140 -4716 32767 12187 7096 9130 END
START 240 -4568 32767 16926 5908 8500 END
START 1024 -4708 32767 21222 4043 7529 END
START 1524 -4840 32767 25319 1856 6303 END
START 2068 -4912 30024 28555 515 5060 END
START 2164 -5140 25304 30219 734 4033 END
START 1912 -5300 20680 30429 2042 3390 END
START 1640 -5532 16752 29644 3449 3347 END
START 1180 -5468 13116 28172 4485 4014 END
START 1228 -5036 10152 26196 5253 4841 END
START 1720 -4316 7432 24055 5651 5387 END
START 2300 -3684 5240 21692 5475 5568 END
START 3328 -2716 2776 19080 4895 5424 END
START 4396 -1632 1256 16251 4008 4977 END
START 5904 -668 -52 13528 3209 4401 END
START 7544 440 -1136 10829 2357 3371 END
START 9056 1812 -1836 8292 846 2037 END
START 10796 2980 -2468 5766 -705 829 END
START 13108 4160 -2344 2715 -1658 -934 END
START 15300 4736 -1076 -510 -393 -3840 END
START 15872 4912 900 -2866 2659 -8063 END
START 14536 4244 3084 -4313 4530 -12148 END
START 11504 3168 5556 -5107 4276 -15618 END
START 7636 1876 8668 -5326 2756 -18096 END