START -4136 6292 26832 2332 959 -8358 END
START -4372 6752 25884 2559 -135 -8492 END
START -5016 7208 27608 3228 -1041 -8817 END
START -4008 6552 28132 4544 -1348 -9240 END
START -5168 7148 29460 5390 -111 -9950 END
START -7036 5756 30820 7463 1045 -10289 END
START -9400 4720 30972 10602 1225 -10364 END
START -12560 2984 30352 14696 -525 -10065 END
START -14992 1528 28936 18948 -3261 -9165 END
START -16264 368 27180 21837 -5411 -7589 END
START -16980 -712 24904 23410 -6258 -5535 END
START -16804 -1336 22416 23930 -5772 -2463 END
START -16196 -1736 19748 23412 -4422 782 END
START -15244 -1804 17228 22922 -3787 3684 END
START -13880 -1588 14288 22804 -3867 6100 END
START -12264 -1200 11380 22555 -4441 7501 END
START -10484 -276 8444 22401 -5345 8057 END
START -8516 296 5288 21928 -6149 8006 END
START -7160 1140 2464 20718 -6650 7586 END
START -5620 1672 -40 18871 -6907 7465 END
START -4532 2192 -2064 16484 -6940 7685 END
START -3156 2164 -3892 13295 -6255 7963 END
START -2156 1944 -5496 10065 -5590 8301 END
START -1020 1524 -6448 6667 -5147 8678 END
START 148 1452 -6696 3278 -4749 8783 END
START 1028 1132 -6652 212 -4635 8723 END
START 1788 1164 -6092 -2304 -4865 8614 END
START 2596 1068 -5632 -4324 -5114 8550 END
START 3460 1052 -5348 -6055 -5484 8448 END
START 4464 1032 -5412 -8095 -5697 8158 END
START 5436 928 -4996 -10403 -5666 7680 END
START 5944 672 -4648 -12958 -5202 7156 END
START 6552 228 -4208 -15639 -4622 6387 END
START 7000 -652 -3412 -18382 -4055 5306 END
START 6956 -1688 -2060 -21021 -3582 4059 END
START 6492 -2820 -400 -23519 -3066 2874 END
START 5900 -3668 1192 -25714 -2534 2081 END
START 5556 -4624 3228 -27570 -1765 1431 END
START 5312 -5592 5384 -29478 -691 566 END
START 5160 -6272 7564 -31145 316 -486 END
START 4420 -6164 10060 -32701 855 -1576 END
START 4100 -6196 12752 -32768 1279 -2751 END
START 3100 -6108 15732 -32768 1773 -4011 END
START 1840 -6020 18936 -32768 2223 -4968 END
START 740 -6060 22072 -32768 2391 -5428 END
START -320 -6648 25300 -32768 2616 -5728 END
START -1844 -6936 29532 -32768 2829 -5820 END
START -3192 -6856 32767 -32417 2670 -5605 END
START -3976 -6052 32767 -29596 1952 -4861 END
START -4060 -4848 32767 -27118 1890 -4086 END
START -4020 -3836 32767 -25337 1933 -3546 END
START -3948 -3128 32767 -23671 1906 -3285 END
START -3912 -3344 32767 -21055 1970 -2921 END
START -4508 -4280 32767 -17472 2354 -2481 END
START -5316 -5852 32767 -12838 2873 -1739 END
START -6320 -8484 32767 -6987 4043 -699 END
START -7292 -10632 32767 -888 5006 838 END
START -8376 -11308 32767 5273 5525 3215 END
START -8708 -10584 32767 11364 5844 6249 END
START -7556 -9136 32767 16963 6269 8954 END
START -5960 -7832 32767 21435 6642 10544 END
START -4324 -6964 32767 24957 6775 10837 END
START -3076 -6496 32100 27470 6352 9957 END
START -2720 -6288 27896 29546 5357 8916 END
START -2468 -6280 23860 31245 4089 8337 END
START -2104 -6108 19608 32023 3449 7918 END
START -1684 -5764 16020 31741 3391 7763 END
START -1168 -5532 12888 30346 3950 7937 END
START -624 -4964 9496 27898 4907 8360 END
START 240 -4600 6728 24687 5707 8784 END
START 1896 -3860 4312 21043 5269 8707 END
START 3484 -2996 2736 17270 2946 7758 END
START 5592 -2272 2104 14288 -453 6076 END
START 7860 -1148 1872 12283 -3310 3909 END
START 10564 252 1988 11061 -4725 1633 END
START 12724 1888 1824 9880 -5331 -423 END
START 15132 3024 1080 7768 -5451 -3092 END
START 16552 4116 832 5023 -5160 -6671 END
START 16524 4832 1668 2553 -4689 -10289 END
START 15624 4952 2564 684 -4096 -13889 END
START 13004 5008 3640 -395 -3646 -17118 END
START 9580 4632 4416 -1191 -3540 -20439 END
START 5092 3496 5764 -2173 -4191 -23484 END
START 520 1824 7964 -2585 -4678 -25489 END
START -3956 -476 10776 -2675 -4410 -25779 END
START -7984 -3264 13368 -3252 -2948 -24290 END
START -10996 -5652 16460 -4293 -682 -21023 END
START -13464 -7236 19352 -5037 840 -16324 END
START -14480 -7452 21364 -5105 2601 -11807 END