START -8404 1952 5412 22748 -4453 13830 END
START -10296 3060 7012 22294 -5950 13703 END
START -6632 3140 992 20604 -6057 13643 END
START -4412 2132 -1888 17431 -4283 13900 END
START -4212 2716 -4328 12420 -2019 13619 END
START -3444 2120 -6488 7001 -1017 14088 END
START -2936 2116 -8228 2728 -1778 14734 END
START -1428 1600 -9700 -861 -3655 15297 END
START -92 1368 -10192 -4200 -6174 15177 END
START 1780 1220 -10144 -6691 -8515 14221 END
START 3068 1236 -10112 -8415 -10479 13147 END
START 4012 692 -10012 -9939 -12385 11934 END
START 4940 420 -9892 -11690 -14162 11010 END
START 5484 260 -10156 -13959 -15418 10453 END
START 6200 -116 -9628 -16675 -16344 10301 END
START 7004 -644 -9028 -19644 -16796 10179 END
START 8216 -1188 -7820 -22728 -16629 9907 END
START 10144 -1988 -6048 -25795 -15980 8859 END
START 11348 -3052 -4396 -28772 -15239 7059 END
START 12220 -3980 -1200 -31434 -14926 5125 END
START 12508 -5304 2144 -32768 -14827 3024 END
START 12292 -6216 6272 -32768 -14562 1215 END
START 11780 -7152 10692 -32768 -13702 31 END
START 11396 -7740 14844 -32768 -12019 -894 END
START 10316 -8896 19668 -32768 -10097 -2014 END
START 8632 -9144 25156 -32768 -7792 -2900 END
START 6748 -9196 30272 -32768 -5487 -2788 END
START 4836 -8388 32767 -32768 -3398 -2085 END
START 3628 -7752 32767 -32768 -1815 -1400 END
START 2248 -6956 32767 -30652 -1233 -1069 END
START 1796 -6420 32767 -25676 -1102 -1005 END
START 1348 -5668 32767 -20909 -607 -857 END
START 872 -5184 32767 -17232 555 -715 END
START -108 -4808 32767 -13819 2053 -270 END
START -1360 -4308 32767 -9781 3335 983 END
START -2076 -3036 32767 -4914 3910 2788 END
START -2212 -1636 32767 -112 4492 4252 END
START -2604 208 32767 4430 4360 5391 END
START -2224 1160 32767 8696 3795 6371 END
START -964 1116 32767 12552 3535 7096 END
START 892 788 32767 15366 3952 7217 END
START 2280 40 32767 17123 4843 6732 END
START 2764 -136 32767 18450 5663 5962 END
START 2960 -624 30304 20314 5935 5021 END
START 2836 -1016 27108 22564 5297 4132 END
START 2780 -1456 23888 24856 4106 3274 END
START 2664 -1984 19960 26445 2783 2400 END
START 2308 -2152 15720 26936 2171 1851 END
START 1924 -2148 12144 26135 2419 1990 END
START 1644 -1492 7868 23695 3761 2939 END
START 1892 -1388 4836 19635 5579 4298 END
START 2900 -596 2184 14847 7390 5508 END
START 4024 176 392 10429 7506 5833 END
START 5080 1180 -596 6997 6058 5493 END
START 6448 2376 -924 4675 3363 4650 END
START 8012 3180 -892 3285 422 2999 END
START 9404 4132 -1008 2230 -2039 891 END
START 10588 4848 -616 1259 -3327 -1542 END
START 11360 5112 -32 -350 -3376 -4259 END
START 11264 4816 1308 -2220 -2660 -6795 END
START 10576 4228 3692 -4366 -1642 -8985 END
START 9372 3004 6940 -6711 241 -10960 END
START 7304 1656 10904 -8166 2221 -12321 END
START 4496 88 14908 -8485 2960 -12729 END
START 2756 -1724 18468 -7983 3693 -12584 END