START -13936 2332 14192 14800 4507 4955 END
START -14432 2316 14440 14761 3300 5776 END
START -14292 2460 12520 14819 1710 7507 END
START -12480 1896 11036 15446 -957 10091 END
START -11540 2540 9624 15288 -2475 12014 END
START -9940 2592 7520 14636 -3522 13579 END
START -8196 2976 5208 13475 -4635 14622 END
START -6524 2868 2292 11316 -6281 14863 END
START -5308 2536 80 9078 -7891 14567 END
START -4824 2076 -1808 6860 -9413 14365 END
START -3600 896 -4172 4418 -12019 14962 END
START -1948 200 -5468 1267 -14459 15790 END
START 48 -376 -6056 -2081 -15713 16819 END
START 2572 -812 -6176 -5869 -15416 17542 END
START 4996 -876 -5756 -9933 -14309 17242 END
START 6664 -1312 -4892 -13514 -13575 16100 END
START 7656 -1540 -3620 -16177 -13635 14279 END
START 8252 -2028 -2200 -17701 -13692 12433 END
START 8204 -2188 -1600 -19012 -14050 11025 END
START 8400 -2768 -620 -20568 -14270 10100 END
START 8716 -3388 496 -22632 -13242 9337 END
START 9400 -1892 1280 -25177 -11406 8505 END
START 9436 -5504 3644 -28485 -8333 6191 END
START 8092 -6288 6412 -31052 -7227 4935 END
START 7544 -6264 9416 -32571 -6813 3853 END
START 7032 -6160 12424 -32768 -6000 2947 END
START 6856 -5716 15184 -32768 -5323 2150 END
START 6876 -6008 18388 -32768 -4006 1060 END
START 6256 -6256 21752 -32768 -2094 18 END
START 5228 -5956 25148 -32768 -996 -564 END
START 4424 -5632 28344 -32768 -284 -1003 END
START 3636 -5212 31128 -32317 337 -1203 END
START 2744 -4912 32767 -29980 322 -1412 END
START 1972 -4916 32767 -27166 -252 -1646 END
START 1680 -5120 32767 -24209 -875 -1516 END
START 1472 -5100 32767 -21221 -1263 -835 END
START 1848 -5028 32767 -17954 -912 143 END
START 2440 -4724 32767 -14672 371 995 END
START 2816 -4540 32767 -11517 1875 1540 END
START 2360 -4400 32767 -7689 3115 2128 END
START 2080 -4320 32767 -3384 3867 2919 END
START 1820 -4116 32767 928 4768 3699 END
START 1872 -3640 32767 4618 5491 4546 END
START 2052 -3088 32767 7980 6302 5265 END
START 2372 -2432 32767 10994 7014 5570 END
START 2860 -2084 32767 13688 7404 5405 END
START 3208 -2028 32320 15846 7235 4661 END
START 3184 -2160 29304 17657 7148 3531 END
START 3096 -2504 26696 19124 7059 2545 END
START 2620 -2968 24332 20341 6871 1775 END
START 2540 -3368 21732 21269 6674 1388 END
START 2472 -3924 18896 21454 6676 1267 END
START 2540 -4008 16188 20976 6365 1385 END
START 3136 -4148 13640 19885 5723 1418 END
START 3888 -3924 10804 18168 4605 1222 END
START 4424 -3292 8444 16128 2980 964 END
START 5188 -2620 6092 13543 1011 684 END
START 6500 -1968 4560 10949 -515 -13 END
START 7984 -492 3652 8324 -1508 -1358 END
START 9128 488 3836 6440 -1626 -3073 END
START 10140 1012 4104 5345 -1475 -5097 END
START 10700 1560 4088 4123 -1876 -7334 END
START 11212 1572 4996 2689 -2441 -9604 END
START 11136 1284 6268 1452 -2215 -12091 END
START 9704 788 7896 581 -1379 -14400 END
START 7512 -272 9744 246 -667 -15962 END
START 4464 -1572 11624 187 -349 -16734 END
START 936 -2988 13656 276 -475 -16511 END
START -2016 -4192 15384 120 -646 -15509 END
START -4540 -5020 17400 -287 -426 -13702 END