START -11840 5240 12560 16120 4684 5261 END
START -12168 5244 12576 15703 3617 5614 END
START -11220 4592 10460 14984 2751 6339 END
START -10644 3556 9376 14425 1125 7556 END
START -10580 3232 7856 13853 -510 8764 END
START -9744 2324 6148 13638 -2658 10448 END
START -8468 2168 4056 12918 -4060 12311 END
START -6516 1512 1264 11495 -4674 13714 END
START -4848 144 -2592 9041 -4975 14366 END
START -3440 -684 -4996 5622 -5524 14462 END
START -1944 -1800 -6688 1963 -7223 14101 END
START -1260 -3880 -8016 -1372 -9250 13989 END
START -120 -3396 -7836 -3804 -11850 14138 END
START 1152 -4400 -7788 -5978 -14256 14987 END
START 2752 -4548 -8084 -8588 -14324 16201 END
START 4868 -4312 -8076 -11997 -12607 17064 END
START 6496 -4108 -7740 -15818 -11035 17333 END
START 8168 -3540 -6756 -19062 -9685 16736 END
START 9404 -3316 -5904 -21525 -8877 15256 END
START 10944 -2856 -5024 -23719 -8616 13157 END
START 12136 -2856 -3924 -25993 -8576 10700 END
START 13292 -3132 -2232 -28531 -8148 7872 END
START 13828 -3800 -564 -31363 -6979 4731 END
START 13828 -4700 2344 -32768 -5097 1655 END
START 12832 -6156 5304 -32768 -2933 -1470 END
START 11304 -7640 8716 -32768 -1749 -4551 END
START 9436 -6192 12792 -32768 -1750 -7437 END
START 5904 -10824 17468 -32768 -1934 -9684 END
START 2568 -9988 22164 -32768 -3101 -8902 END
START 1176 -10424 27432 -32768 -3106 -7057 END
START 692 -10740 32767 -32768 -1791 -4796 END
START 1032 -9944 32767 -32768 542 -2913 END
START 1604 -9256 32767 -32768 2663 -2091 END
START 1368 -8352 32767 -31966 3490 -2379 END
START 924 -7764 32767 -26534 3147 -3105 END
START -136 -7080 32767 -21229 2472 -3618 END
START -1384 -5896 32767 -16000 1892 -3162 END
START -2052 -4480 32767 -10916 1935 -1601 END
START -2044 -2792 32767 -6082 3092 375 END
START -1832 -1432 32767 -1626 4738 1843 END
START -1656 -472 32767 3038 5987 3089 END
START -1252 216 32767 7707 6581 4087 END
START -864 616 32767 12486 6541 4660 END
START 156 100 32767 16874 6008 4774 END
START 916 -500 32767 20743 5224 4275 END
START 1320 -1160 32767 24356 4477 3287 END
START 960 -1896 31808 27638 3922 2353 END
START 772 -2628 28008 29989 3871 1688 END
START 592 -3048 23972 31165 4701 1372 END
START 212 -3516 19912 30837 6029 1450 END
START -236 -3704 16512 29298 7774 2199 END
START -536 -3884 13540 27092 8964 3444 END
START -212 -3660 10804 24489 9728 4659 END
START 468 -3528 8784 21920 9696 5249 END
START 1160 -3168 7320 19669 8857 5159 END
START 1664 -2556 6260 17861 7305 4630 END
START 2536 -2132 5524 16240 5221 4175 END
START 3052 -1408 4908 14659 2934 3702 END
START 4084 -416 4464 13288 1073 3651 END
START 5568 580 4096 11385 -36 3470 END
START 6716 1588 3932 9425 -439 3001 END
START 8428 2452 3516 6993 -275 2345 END
START 9908 3568 3580 4047 288 1179 END
START 10980 4004 3996 1090 965 -569 END
START 11756 4536 4896 -1483 1482 -2924 END
START 11880 4680 6400 -3265 1724 -6032 END
START 11060 4572 7748 -4013 1404 -9372 END
START 9200 4216 9240 -4018 98 -12480 END
START 6708 3944 10980 -3454 -1332 -14742 END
START 3428 3288 12644 -2549 -3044 -16343 END
START 244 2368 14472 -2086 -4623 -17180 END
START -2676 940 16964 -1955 -4949 -17266 END
START -5396 -656 19588 -1889 -3995 -16155 END
START -7884 -2092 21912 -1675 -2566 -13477 END