START -18832 -176 12456 25278 -923 -1374 END
START -18560 -112 10876 25354 -3243 -540 END
START -19044 528 11044 25336 -6449 1311 END
START -17196 -4 7868 25151 -8028 4156 END
START -16704 732 5804 23183 -6836 6574 END
START -15048 920 2920 19687 -4155 9354 END
START -13944 868 -208 15068 -1280 12102 END
START -12900 416 -2704 9944 -759 14314 END
START -11576 -160 -4260 5465 -2712 16438 END
START -9420 -292 -4964 2165 -5970 18129 END
START -6708 -612 -5740 421 -9398 18999 END
START -3324 -700 -7028 -861 -11702 18887 END
START -428 -968 -7688 -2565 -13137 18197 END
START 2048 -1172 -8016 -4717 -14673 17456 END
START 4196 -1012 -7532 -6906 -15783 16780 END
START 6388 -740 -6920 -8757 -16023 16190 END
START 8152 -720 -6488 -10744 -15720 15709 END
START 9684 -760 -6368 -13361 -14640 14849 END
START 10416 -1116 -5076 -16326 -12875 13302 END
START 11088 -1536 -3492 -19119 -10823 11695 END
START 11248 -2388 -1260 -21575 -8982 10002 END
START 11648 -3288 1316 -23456 -7271 8245 END
START 11504 -4140 3784 -25199 -5861 6569 END
START 11356 -5220 6484 -26837 -4122 4654 END
START 10128 -5984 8904 -28295 -2059 2336 END
START 8632 -6520 11060 -29369 -588 465 END
START 7404 -6916 13160 -30529 605 -751 END
START 6204 -7508 15152 -31527 1995 -1892 END
START 4164 -6800 17076 -32365 3053 -2839 END
START 1932 -6268 19040 -32768 3053 -3361 END
START 296 -5528 21672 -32768 2637 -3360 END
START -356 -5176 24268 -32768 2536 -3030 END
START -476 -4752 27712 -32768 2555 -2571 END
START 188 -5236 31688 -32768 3226 -2629 END
START 636 -5596 32767 -32508 3908 -3220 END
START -408 -4908 32767 -29882 3540 -4071 END
START -1032 -4136 32767 -25874 2585 -4139 END
START -1888 -2684 32767 -21173 1536 -3685 END
START -2504 -1728 32767 -17150 955 -3068 END
START -2536 -964 32767 -13490 699 -2272 END
START -2560 -916 32767 -9643 1372 -2098 END
START -3396 -1520 32767 -5114 2212 -2200 END
START -4608 -2572 32767 63 1927 -1421 END
START -5036 -3548 32767 4776 1415 134 END
START -4896 -4192 32767 9183 1446 2181 END
START -4156 -4524 32767 13356 2206 4280 END
START -3240 -4544 32767 17275 3183 6024 END
START -2208 -4288 32767 20226 3939 6996 END
START -1492 -4104 29232 22214 3895 7194 END
START -536 -4092 24876 23341 3444 6748 END
START -92 -4276 21296 23729 2926 6068 END
START 356 -4464 18224 23541 2766 5516 END
START 936 -4588 14952 22619 2872 5491 END
START 2032 -4528 12312 21067 3445 5985 END
START 3512 -4500 10016 19139 4069 6502 END
START 5252 -3948 8012 16930 3784 6464 END
START 7196 -2928 6528 14833 3051 5673 END
START 9104 -1684 5712 12936 2038 4028 END
START 11108 -352 4960 11299 696 1805 END
START 12400 824 4256 9705 -939 -762 END
START 13596 2184 3884 8085 -2075 -3432 END
START 14148 3052 3828 6329 -1905 -6398 END
START 13476 3504 4236 4682 -405 -9391 END
START 12092 3620 4804 3256 1290 -11992 END
START 9812 2744 5876 1564 2155 -14495 END
START 7080 1860 7540 -18 2471 -16899 END
START 3768 768 9788 -681 2704 -18806 END