START -6684 6836 280 21061 -6852 10596 END
START -6988 7228 -572 20657 -8592 10563 END
START -7976 8120 -668 19044 -8995 9815 END
START -4988 6708 -3056 15655 -9309 8898 END
START -4192 6268 -3800 10699 -8373 7675 END
START -4488 5176 -4376 5517 -6994 7117 END
START -4612 4300 -4112 1288 -5346 8297 END
START -4696 3608 -4180 -1851 -3592 10702 END
START -3408 2824 -4736 -4142 -3527 13471 END
START -1272 1984 -5320 -6027 -5154 14743 END
START 928 1716 -6204 -8139 -8108 14501 END
START 2480 1304 -6348 -10228 -11262 13258 END
START 3520 1148 -5804 -12315 -13367 12328 END
START 4216 280 -5452 -13978 -14332 12293 END
START 4996 -240 -4740 -15133 -14730 12895 END
START 5320 -972 -4336 -16090 -14582 14031 END
START 6212 -1612 -4644 -17985 -14725 15200 END
START 7280 -2780 -4276 -21094 -14552 16197 END
START 9656 -3956 -2612 -24348 -12486 15696 END
START 11488 -4068 -52 -26767 -9244 12980 END
START 11564 -5072 2124 -28507 -8123 10324 END
START 11516 -6120 4268 -29625 -8800 8223 END
START 11520 -6372 6252 -30434 -9127 6649 END
START 11216 -7100 7776 -31947 -8367 5408 END
START 10364 -7440 9676 -32768 -6722 4528 END
START 9404 -7672 12524 -32768 -4352 3585 END
START 8008 -7224 15688 -32768 -1743 1918 END
START 5708 -6496 19616 -32768 51 779 END
START 3796 -6180 23176 -32768 554 351 END
START 2896 -5912 27176 -32768 59 476 END
START 2980 -6556 31672 -32768 -781 847 END
START 3360 -6760 32767 -32768 -1542 957 END
START 4124 -6224 32767 -32768 -1310 598 END
START 4104 -5464 32767 -31221 -186 70 END
START 4176 -5256 32767 -26573 846 -339 END
START 3132 -4212 32767 -22059 1545 -808 END
START 2052 -2944 32767 -17728 1510 -551 END
START 1296 -1420 32767 -12652 1465 447 END
START 1312 -56 32767 -7393 1957 1637 END
START 1916 840 32767 -3042 2788 2630 END
START 2420 1660 32767 900 3527 3196 END
START 2588 1960 32767 4890 3900 3278 END
START 2380 2148 32767 9207 3747 3091 END
START 2204 1836 32767 13650 3077 2768 END
START 2148 1044 32767 17389 2313 2413 END
START 2012 264 32767 20737 1706 2087 END
START 1840 -812 32767 23401 1732 1862 END
START 1456 -1776 31820 25587 2306 1885 END
START 988 -2116 28136 27209 3161 2117 END
START 532 -2472 24308 28024 4151 2598 END
START 56 -2724 20912 28131 5046 3293 END
START 188 -2540 17928 28018 5252 4313 END
START 888 -2100 15192 27408 5399 5174 END
START 1556 -1672 12520 26251 5280 5600 END
START 3156 -1012 10840 24880 5164 5493 END
START 4420 -168 8808 23197 5487 4909 END
START 5452 284 7760 21381 5357 4300 END
START 6308 928 6232 19636 4817 3751 END
START 7000 1284 4796 17707 4022 3080 END
START 8080 2032 3544 15595 2748 2370 END
START 9180 2436 2552 13815 2065 1127 END
START 10144 3160 1760 12287 1572 -416 END
START 11428 3736 44 10883 1454 -1930 END
START 12236 4448 -1748 8701 1261 -3376 END
START 13124 4728 -3000 5802 833 -5144 END
START 13612 5316 -3152 2724 92 -7493 END
START 13576 5692 -2588 244 -799 -9844 END
START 13344 5828 -1948 -1975 -1791 -12251 END
START 12600 5724 -448 -4216 -2042 -15184 END
START 10916 5104 1532 -6044 -1761 -18027 END
START 8668 3920 3848 -7549 -1318 -20380 END
START 6120 1892 6696 -8973 -1000 -22148 END
START 3672 -460 10476 -10217 -682 -23321 END