START -16916 1488 10112 18564 1231 6282 END
START -16544 1472 8248 18187 -465 7403 END
START -15996 1156 8168 17501 -2274 9584 END
START -13668 544 6376 16435 -4127 12326 END
START -11700 824 4844 14271 -4373 13539 END
START -10056 648 3148 12363 -5105 13955 END
START -8752 332 1656 10944 -6780 14047 END
START -7376 -116 -216 10034 -8520 14168 END
START -6820 -572 -2740 8955 -11257 14966 END
START -4772 -1160 -5528 6654 -13804 15807 END
START -2172 -1256 -8164 2535 -15055 16459 END
START 496 -1424 -8848 -2474 -14616 16892 END
START 2452 -1548 -8480 -7096 -13947 17460 END
START 5148 -1320 -7760 -10687 -13737 17689 END
START 7380 -1064 -6944 -13544 -13255 16643 END
START 8492 -1264 -6156 -15654 -12957 14531 END
START 8760 -1388 -5632 -17196 -13389 12226 END
START 8484 -2080 -5652 -19193 -13537 10038 END
START 8280 -2544 -4696 -21324 -13796 9025 END
START 9108 -3204 -3452 -23964 -13690 9190 END
START 10720 -3820 -1868 -27680 -11777 8907 END
START 11416 -4952 756 -32008 -8535 7353 END
START 10992 -5872 4804 -32768 -6289 5302 END
START 10296 -6888 8908 -32768 -5576 3045 END
START 8924 -7904 12388 -32768 -5480 747 END
START 7208 -8788 15728 -32768 -5825 -935 END
START 5068 -9472 18636 -32768 -5175 -1614 END
START 3484 -8572 23448 -32768 -4482 -1159 END
START 2632 -8812 27720 -32768 -3553 517 END
START 2724 -7996 30912 -32768 -2307 1733 END
START 3396 -6864 32767 -32768 -1484 2238 END
START 4120 -6396 32767 -31555 -728 2103 END
START 4488 -5644 32767 -28777 -337 1410 END
START 4720 -4740 32767 -24845 -468 697 END
START 5116 -4340 32767 -20766 -819 -32 END
START 5108 -4028 32767 -16981 -319 -1048 END
START 4228 -3732 32767 -13458 771 -1510 END
START 3460 -3600 32767 -9967 1522 -1179 END
START 3160 -3256 32767 -5709 2277 -509 END
START 2964 -3044 32767 -1324 3034 215 END
START 3024 -2664 32767 2451 3850 786 END
START 2840 -2424 32767 5983 4736 1254 END
START 2792 -2176 32767 9728 5233 1577 END
START 2720 -2192 32767 13554 5467 1557 END
START 2700 -2244 32767 17686 5842 1377 END
START 2764 -2776 31412 21041 6079 1248 END
START 2760 -3064 27144 23014 6402 1117 END
START 2724 -3464 23704 23625 7200 886 END
START 2348 -3964 20092 23517 7991 835 END
START 2024 -3940 17340 22915 8179 1139 END
START 1908 -4280 14480 21818 8144 1620 END
START 1908 -4376 12032 20394 7954 2227 END
START 2152 -4248 9628 18620 7766 3021 END
START 2832 -3956 7732 16411 7123 3626 END
START 3816 -3344 6564 14062 6024 3589 END
START 4980 -2516 5768 12279 4864 2842 END
START 5868 -1464 5480 10985 3252 1832 END
START 7060 -492 5400 9998 1656 888 END
START 8516 580 5508 8927 685 -358 END
START 9808 1424 5736 7547 620 -1773 END
START 10788 2372 5852 5789 879 -3552 END
START 11432 2748 6536 3925 1051 -5684 END
START 11500 2912 6872 1950 1303 -8099 END
START 10632 2836 7912 377 1610 -10681 END
START 8732 1828 9312 -606 1461 -13190 END
START 6308 904 10860 -811 770 -15238 END
START 3220 -164 12164 -277 -10 -16554 END
START -4 -1572 13652 596 -1102 -16804 END
START -2828 -3100 15104 993 -1671 -15974 END