START -8296 944 8900 25581 2585 11381 END
START -8816 1788 8972 25062 1534 11752 END
START -7960 2588 4108 23316 1257 12393 END
START -6276 2196 992 19776 742 13949 END
START -4852 2852 -2360 15642 887 14791 END
START -3460 3324 -5808 10928 1513 15438 END
START -2008 3180 -7808 6560 1785 15483 END
START -1392 2832 -9620 2681 1203 14874 END
START -844 1756 -10428 -145 -1677 14439 END
START 272 1076 -11036 -2492 -5600 14248 END
START 1452 860 -11560 -4852 -8594 13951 END
START 2824 248 -11836 -7738 -10134 13807 END
START 3836 96 -11724 -11186 -11076 13497 END
START 4816 -456 -11432 -14616 -11306 13567 END
START 5656 -1328 -10396 -18123 -11401 13523 END
START 6880 -2108 -9144 -21228 -12024 12710 END
START 7744 -3256 -7392 -24061 -12221 11521 END
START 8196 -4180 -6008 -26711 -12216 10099 END
START 8620 -5456 -3892 -29315 -12241 8506 END
START 8876 -6588 -1336 -32101 -12031 7300 END
START 9416 -7616 1584 -32768 -11046 6182 END
START 10004 -8644 5416 -32768 -8992 4939 END
START 10276 -9688 9288 -32768 -7041 3254 END
START 9996 -10136 13256 -32768 -5377 1096 END
START 9080 -10464 17356 -32768 -4358 -681 END
START 8164 -9568 21400 -32768 -3457 -2047 END
START 7680 -8772 25444 -32768 -2429 -3282 END
START 6772 -8396 29344 -32768 -1288 -4723 END
START 5348 -7724 32448 -32768 -761 -5802 END
START 4472 -7908 32767 -32768 -935 -6674 END
START 2876 -8328 32767 -32768 -1387 -6880 END
START 2176 -8208 32767 -29429 -2157 -5874 END
START 2488 -8012 32767 -25675 -2041 -4540 END
START 2888 -8164 32767 -22479 -868 -3872 END
START 2620 -7660 32767 -19492 804 -3345 END
START 2200 -7128 32767 -16185 2164 -2533 END
START 1604 -6668 32767 -12660 3288 -1660 END
START 744 -5200 32767 -8762 4193 -595 END
START 76 -3584 32767 -4711 4549 599 END
START -136 -2236 32767 -929 4733 1577 END
START -40 -1168 32767 2642 5119 2439 END
START 296 -700 32767 5740 5872 3159 END
START 1120 -1128 32767 8625 6932 3461 END
START 1124 -1728 32767 11726 8066 3247 END
START 1084 -2740 32767 15303 8503 2867 END
START 728 -3900 32767 18985 8722 2493 END
START 32 -4556 32767 22580 8801 2517 END
START -372 -5472 30808 25586 8769 2755 END
START -812 -5884 27044 27453 9318 3389 END
START -1372 -5908 23388 28180 10366 4472 END
START -1380 -5656 19496 27776 11343 5745 END
START -848 -4992 15904 26423 12067 6735 END
START -508 -4164 12996 24804 11677 7067 END
START 672 -2948 10888 23312 10149 6614 END
START 1536 -2020 9172 22143 8181 5643 END
START 2252 -1236 7600 20997 5718 4835 END
START 2660 -776 6696 19563 3452 4102 END
START 3008 -228 6428 17962 2309 3629 END
START 3408 -120 5884 16169 2321 3352 END
START 3880 -156 5724 14343 2897 3412 END
START 4316 24 5260 12438 3045 3797 END
START 5232 192 4904 10619 2260 4088 END
START 6720 956 4624 8498 1137 3992 END
START 8556 1964 4568 6202 87 3529 END
START 10912 3336 4904 3708 -447 2465 END
START 12980 4840 5904 1363 -393 387 END
START 14604 6156 7216 -439 171 -2794 END
START 15200 6956 8656 -1393 1581 -7158 END
START 13896 6820 10596 -1238 2425 -11905 END
START 11176 5884 11728 -333 1285 -15818 END
START 7640 4488 13296 1197 -1252 -18403 END
START 3748 2980 14768 2757 -4407 -19824 END