START -9300 1900 4224 21294 -1553 12829 END
START -9392 2556 3452 20829 -2989 12970 END
START -8152 3336 1308 19184 -3258 13208 END
START -6248 2192 -2120 16090 -2406 13417 END
START -5540 3388 -5060 10513 -1118 13746 END
START -4992 2860 -7492 4597 -877 14027 END
START -4076 2972 -8416 78 -1697 14062 END
START -3196 2356 -9208 -2326 -3483 14251 END
START -1364 1736 -10172 -3838 -6296 13903 END
START 0 1316 -11224 -5252 -9883 12894 END
START 1140 596 -12048 -7343 -13194 11943 END
START 2260 -12 -12156 -10211 -15758 11484 END
START 3260 -652 -11400 -13161 -16281 11943 END
START 4152 -1264 -10648 -16063 -15989 12850 END
START 5772 -2064 -9760 -19018 -15423 13427 END
START 7136 -2860 -8904 -21812 -15006 13104 END
START 7996 -3356 -7368 -24205 -14810 11942 END
START 8488 -4344 -5752 -26013 -15070 10652 END
START 9264 -4584 -4212 -27607 -15455 9924 END
START 10800 -4892 -2876 -29675 -15481 9341 END
START 12392 -5164 -904 -32468 -14124 8098 END
START 13400 -5712 1736 -32768 -11769 6057 END
START 13252 -6932 5396 -32768 -9281 3516 END
START 12528 -8400 9532 -32768 -7326 900 END
START 11072 -9740 14688 -32768 -5790 -1092 END
START 9280 -10748 20076 -32768 -4778 -2192 END
START 7492 -11440 26248 -32768 -4477 -2685 END
START 6308 -11688 30976 -32768 -4483 -2983 END
START 5656 -11388 32767 -32768 -4648 -3114 END
START 5064 -10668 32767 -32768 -3678 -2988 END
START 4160 -9628 32767 -31399 -2279 -2355 END
START 3468 -8560 32767 -28395 -753 -1367 END
START 3404 -7968 32767 -24991 668 -384 END
START 3696 -7520 32767 -21489 1790 85 END
START 3632 -6796 32767 -17880 2824 -2 END
START 3020 -5904 32767 -13513 3905 10 END
START 2084 -4584 32767 -8888 4188 174 END
START 1584 -3560 32767 -4698 4221 592 END
START 1596 -2924 32767 -1238 4574 1227 END
START 1388 -2492 32767 2189 5351 1952 END
START 1480 -2312 32767 5836 5789 2562 END
START 1968 -2568 32767 9788 5597 2864 END
START 2308 -3040 32767 13728 5555 2761 END
START 2256 -3452 32767 17271 5474 2456 END
START 2112 -3508 32767 20596 5555 2195 END
START 1648 -3648 29940 23492 5568 1989 END
START 1388 -3816 25032 25281 6031 2055 END
START 1076 -3864 20260 25285 7063 2427 END
START 748 -3528 15684 23617 9487 3499 END
START 444 -3016 12048 20894 12360 5203 END
START 448 -2244 8932 18343 13802 6901 END
START 1172 -1080 6388 16566 13748 8112 END
START 2592 88 3784 14797 11975 8069 END
START 3340 552 2496 13528 8486 6621 END
START 3944 1860 1768 13295 3796 5054 END
START 4840 2716 932 12794 -1014 3563 END
START 6360 3344 464 11776 -3770 2333 END
START 8460 3904 636 9233 -3835 815 END
START 10316 4004 2024 6062 -2500 -680 END
START 11544 3864 4132 2546 -884 -2224 END
START 12496 3644 6540 -48 215 -3820 END
START 13040 3156 8708 -1449 1153 -5770 END
START 12244 2040 10552 -2298 2205 -8602 END
START 10212 676 11828 -2655 2562 -11228 END
START 7188 -744 13168 -2468 2253 -13134 END
START 4388 -2208 14044 -1900 1312 -14388 END
START 836 -3564 15280 -1325 13 -14799 END
START -2212 -4476 16876 -751 -990 -14294 END
START -4412 -4860 18764 -243 -671 -13000 END