START -12316 2508 8420 19776 299 8934 END
START -13560 3120 9328 19437 -892 9459 END
START -12580 2916 7136 18671 -1710 10212 END
START -10044 1984 4332 17897 -2790 11431 END
START -9052 2676 1652 15872 -3226 12221 END
START -7684 2244 -764 13693 -3628 12941 END
START -6308 2396 -3608 10636 -4103 13322 END
START -5052 1780 -5992 7175 -4721 13558 END
START -4468 1656 -7816 4331 -6589 14155 END
START -2588 1088 -9528 1539 -8935 15163 END
START -780 760 -10936 -1657 -11189 15705 END
START 1968 516 -11336 -5208 -12239 15766 END
START 3868 172 -11136 -8819 -12384 15164 END
START 5748 -268 -10320 -11726 -12730 14192 END
START 7024 -804 -9472 -13854 -13890 13395 END
START 7868 -1168 -8948 -15498 -15401 12059 END
START 8448 -1844 -8584 -17168 -17054 10736 END
START 8648 -2500 -8636 -19496 -18425 9543 END
START 8588 -3088 -8268 -22384 -18966 8673 END
START 9252 -4244 -7388 -25970 -18009 8258 END
START 10380 -5380 -5624 -30155 -16091 7626 END
START 11428 -6600 -2520 -32768 -14380 6605 END
START 12452 -7740 992 -32768 -13569 5147 END
START 12876 -9380 4688 -32768 -12672 3206 END
START 12316 -11376 9004 -32768 -11973 936 END
START 10208 -12852 14776 -32768 -10743 -683 END
START 7488 -13140 20116 -32768 -9470 -958 END
START 4792 -12552 24816 -32768 -8684 324 END
START 4228 -11940 28476 -32768 -7777 1946 END
START 4192 -11600 32708 -32768 -6045 3010 END
START 4320 -11432 32767 -32768 -4001 3710 END
START 4188 -11028 32767 -32768 -2086 4257 END
START 4644 -10540 32767 -31840 -721 4448 END
START 4748 -9776 32767 -27306 400 4061 END
START 4340 -8696 32767 -22247 1181 3471 END
START 3572 -6892 32767 -16639 1596 3154 END
START 2952 -5148 32767 -11044 1786 3185 END
START 2960 -3436 32767 -6127 2508 3551 END
START 3048 -1752 32767 -1784 3934 4166 END
START 3124 -328 32767 2652 5179 4642 END
START 3512 244 32767 7156 5525 4924 END
START 3456 876 32767 11522 4765 4779 END
START 3348 1112 32767 15900 2516 4167 END
START 4096 1012 32767 20401 -332 3459 END
START 5932 836 32767 24545 -1685 1968 END
START 7304 512 32767 28200 -1742 -409 END
START 7600 -476 30676 31279 -2460 -2476 END
START 7404 -1520 26428 32767 -4200 -3829 END
START 7072 -2308 21620 32767 -5258 -4281 END
START 6568 -2796 16232 32767 -4207 -4049 END
START 5952 -2672 9432 32189 162 -3168 END
START 5292 -3144 2784 27307 4547 -1466 END
START 5104 -4032 -4368 19477 6614 279 END
START 4580 -3588 -7992 10248 6341 1053 END
START 3592 -3076 -7700 3641 5572 1739 END
START 3320 -1956 -6700 633 4315 2422 END
START 4020 -1172 -6068 -224 2904 2574 END
START 4420 -56 -5592 -1078 1025 2688 END
START 5448 160 -5132 -3390 -654 3078 END
START 6420 380 -2976 -6933 -853 3477 END
START 7244 -316 1400 -10944 527 3498 END