START -9764 904 -1152 18055 -1186 14519 END
START -10240 1236 -2244 16736 -2562 15432 END
START -9360 1928 -3716 13490 -2545 16950 END
START -7592 572 -5844 9566 -3306 19037 END
START -5744 1056 -8284 5377 -3655 20488 END
START -3072 620 -11308 1188 -4350 20753 END
START -1240 348 -12516 -2841 -7275 20153 END
START 724 136 -12776 -6208 -11281 19174 END
START 2136 -132 -12368 -8624 -14345 18394 END
START 4068 -308 -11680 -10379 -15386 17630 END
START 5888 -660 -11624 -12319 -15493 16486 END
START 7468 -1048 -11208 -15277 -15761 15273 END
START 8676 -1548 -10164 -18469 -16160 13979 END
START 9320 -1900 -8656 -20990 -15920 12644 END
START 10004 -2540 -7604 -23208 -15487 11631 END
START 10228 -3468 -6268 -25501 -15199 10365 END
START 10564 -4284 -4684 -27829 -14910 9004 END
START 10664 -5828 -2480 -30143 -14222 7768 END
START 11032 -6748 -256 -32440 -13055 6385 END
START 11276 -7936 2560 -32768 -11657 4684 END
START 11080 -9068 5956 -32768 -10187 2773 END
START 9660 -10228 10696 -32768 -8235 912 END
START 8032 -10964 15336 -32768 -6984 -47 END
START 6840 -11024 20008 -32768 -6707 -76 END
START 6040 -10788 24480 -32768 -6500 333 END
START 5560 -10400 29420 -32768 -5651 636 END
START 4892 -9596 32767 -32768 -4586 1069 END
START 4732 -8940 32767 -32768 -3313 1699 END
START 5184 -8136 32767 -32552 -1445 2073 END
START 5448 -7832 32767 -29812 887 1455 END
START 4728 -7436 32767 -26362 2491 334 END
START 3260 -7248 32767 -21812 3166 -307 END
START 1944 -7012 32767 -16676 3340 -278 END
START 856 -6320 32767 -11519 2867 208 END
START 36 -5296 32767 -6714 2147 1092 END
START -152 -4588 32767 -2496 2528 2379 END
START 104 -3416 32767 1570 3735 3676 END
START 120 -2248 32767 5609 4653 4573 END
START 264 -1544 32767 9318 4981 5074 END
START 796 -1304 32767 12507 4435 5178 END
START 1284 -1600 32767 15300 3490 5020 END
START 1956 -1580 32767 17962 2601 4654 END
START 2168 -1344 31644 20687 1869 4178 END
START 2616 -1392 28484 23157 1490 3716 END
START 2996 -1428 24868 24919 1246 3140 END
START 3064 -1444 21320 25716 1234 2475 END
START 2892 -1240 18532 25807 1404 1999 END
START 2956 -996 15544 25087 2205 1809 END
START 3004 -716 13356 23801 3657 1668 END
START 3116 -520 11552 22238 4803 1966 END
START 3776 -348 9720 20237 5683 2102 END
START 4276 36 8540 18246 6314 1951 END
START 4748 336 7756 16632 6130 1634 END
START 5500 408 6872 15313 5198 951 END
START 5800 588 6072 14410 3879 -71 END
START 5952 608 5132 13558 2582 -830 END
START 6648 880 3800 12743 1413 -1484 END
START 7456 1464 2164 11036 867 -2255 END
START 8608 1644 888 8589 530 -3115 END
START 9520 2228 212 5909 330 -4346 END
START 9844 2432 188 3274 160 -5789 END
START 9880 2524 676 1008 -195 -7099 END
START 9724 2688 1572 -917 -765 -8437 END
START 9424 3116 2660 -2580 -1447 -9824 END
START 9012 3528 4228 -4253 -1876 -11322 END
START 8068 3464 6584 -5719 -1562 -13177 END
START 6152 3196 9572 -6705 -1223 -14795 END
START 3888 1588 13384 -7200 -1200 -16063 END
START 1276 -56 17600 -6965 -945 -16842 END
START -1632 -1968 21324 -6415 -651 -16518 END
START -4976 -3132 25724 -5931 -549 -14637 END