START -13388 3100 18700 13818 -402 -352 END
START -13592 3080 18712 14349 -671 379 END
START -14052 3148 16280 14412 -1739 2075 END
START -13240 1832 16432 14471 -2035 4939 END
START -12828 1868 14844 14414 -2257 7228 END
START -11608 1684 12588 14158 -2696 9102 END
START -10100 2108 10432 13553 -3077 10219 END
START -8856 2384 8512 12404 -3438 11125 END
START -7216 2524 6248 11393 -3236 11688 END
START -6396 2976 3480 10085 -3176 11952 END
START -5124 2292 344 8698 -3706 12229 END
START -4052 1732 -2300 7009 -5233 12377 END
START -2504 1276 -4200 5182 -7881 12745 END
START -20 940 -5488 2969 -10223 13256 END
START 2400 820 -5924 866 -11548 13600 END
START 4956 664 -5816 -1496 -12023 13475 END
START 6976 656 -5428 -4156 -11543 12415 END
START 8312 700 -4984 -7086 -10701 10826 END
START 8912 688 -4516 -10032 -9159 8894 END
START 8688 224 -3632 -12541 -7882 7095 END
START 8180 -544 -2692 -14916 -6999 5547 END
START 7412 -1680 -1772 -17134 -6103 4376 END
START 6488 -3112 -372 -19090 -5272 3796 END
START 5776 -4076 888 -21238 -4530 3500 END
START 5488 -4752 2636 -23523 -3454 3086 END
START 5112 -5540 4620 -26055 -1623 2242 END
START 4548 -5572 7048 -28213 -294 1496 END
START 4004 -5260 9580 -29940 132 1095 END
START 3512 -4784 11880 -31499 358 411 END
START 2872 -4268 14528 -32768 569 -902 END
START 1684 -4068 18068 -32768 382 -2260 END
START 840 -4752 21680 -32768 98 -3268 END
START 224 -5448 25040 -32768 -167 -3944 END
START -400 -6504 29288 -32768 -303 -4247 END
START -1236 -6656 32767 -32768 -802 -3986 END
START -1468 -5848 32767 -30757 -1326 -2921 END
START -952 -3968 32767 -26915 -1089 -1788 END
START 68 -2312 32767 -22822 185 -1093 END
START 920 -1104 32767 -19633 2157 -962 END
START 1064 -420 32767 -16823 3943 -1338 END
START 260 -568 32767 -13545 4840 -2020 END
START -940 -1052 32767 -9246 4389 -2433 END
START -1948 -1828 32767 -3864 2996 -2075 END
START -2528 -2572 32767 2100 1665 -974 END
START -2352 -2892 32767 7437 1620 781 END
START -1920 -3008 32767 11496 2757 2565 END
START -1180 -2864 32767 15279 4561 4011 END
START -660 -2824 32767 18599 6027 4792 END
START -116 -3044 32556 21090 6564 4823 END
START 220 -3292 28392 22757 6152 4098 END
START 216 -3644 24124 23660 4935 2945 END
START 112 -4068 20696 23842 3420 1924 END
START 144 -4324 16960 23331 2797 1744 END
START 224 -4604 13224 21837 3188 2473 END
START 540 -4680 9872 19570 3915 3679 END
START 1288 -4008 6644 16831 4147 4912 END
START 2344 -2848 3996 13917 3845 5542 END
START 3700 -1720 2364 11707 3279 5269 END
START 5456 -684 1444 9894 1926 4047 END
START 7288 576 1264 8633 92 2085 END
START 9096 1540 1672 7802 -1888 98 END
START 10916 2124 2416 6663 -3044 -2238 END
START 12516 2784 4328 4840 -3117 -4941 END
START 13276 2988 6576 3240 -2043 -7542 END
START 13088 2448 8592 2054 134 -10402 END
START 11516 1544 10276 1436 2675 -13488 END
START 8312 288 11608 1427 4284 -16451 END
START 4716 -1260 12492 1789 4504 -18568 END
START 304 -3016 13256 2380 3494 -19987 END
START -3832 -4080 13952 2923 1872 -20321 END