START -12396 2076 13964 14372 337 12793 END
START -13448 2304 13532 14157 -836 13258 END
START -12372 2632 12172 13658 -1977 14290 END
START -9852 1668 9960 14253 -3520 15885 END
START -7964 2520 6756 13592 -3962 16563 END
START -6028 1588 3008 11986 -4621 16426 END
START -4420 1344 -456 10379 -6161 15728 END
START -2620 340 -4072 8097 -7915 14885 END
START -1324 -1040 -6600 5226 -10108 14139 END
START 332 -2436 -8260 1810 -12333 14033 END
START 2836 -3112 -9084 -1651 -13488 14492 END
START 5044 -3080 -8568 -5318 -13434 15744 END
START 8264 -2688 -8108 -8926 -12654 16526 END
START 11160 -2020 -7100 -12235 -11414 15981 END
START 12888 -1116 -6008 -14895 -10505 13748 END
START 13500 -748 -5236 -16997 -10191 10859 END
START 13128 -880 -4232 -19064 -10421 7654 END
START 12380 -1216 -2372 -21429 -10623 5213 END
START 11748 -1996 84 -24137 -9742 3746 END
START 11032 -3432 2832 -27165 -7473 2795 END
START 10252 -3992 6096 -30079 -5367 2181 END
START 9452 -5588 10084 -32263 -3294 619 END
START 7612 -7048 14744 -32768 -2357 -1729 END
START 5204 -7692 19196 -32705 -2668 -3864 END
START 2940 -8224 22980 -31589 -3517 -5143 END
START 960 -7216 28120 -30401 -4865 -4818 END
START 504 -6564 31852 -29376 -4447 -3528 END
START 220 -5420 32767 -28776 -2100 -2286 END
START -348 -4248 32767 -27530 860 -1312 END
START -656 -3816 32767 -25659 2781 -785 END
START -1536 -3144 32767 -24166 4472 -855 END
START -3024 -1224 32767 -19965 2896 -66 END
START -2744 560 32767 -16746 2521 348 END
START -2944 1740 32767 -13739 2237 937 END
START -2412 2576 32767 -10425 2217 1822 END
START -2004 3308 32767 -6595 2321 2454 END
START -1684 3252 32767 -2845 2392 2691 END
START -1608 2836 32767 1145 2221 2821 END
START -1152 2152 32767 5247 1800 3101 END
START -792 1232 32767 9068 2094 3185 END
START -492 172 32767 12509 3200 2974 END
START -604 -1180 32767 15806 4219 2762 END
START -1140 -2276 32767 18991 4924 2794 END
START -1360 -3280 29084 21259 4837 3038 END
START -1396 -3632 25092 22278 4147 3193 END
START -1236 -3724 21276 22437 3729 3280 END
START -608 -4080 17456 22191 3454 3874 END
START 468 -3848 13196 20897 3139 4729 END
START 2196 -3720 10144 18618 2800 5601 END
START 4460 -3028 7812 16279 2519 6036 END
START 6724 -2296 6268 14518 2376 5822 END
START 9072 -1552 4936 13296 1480 4902 END
START 11776 -284 3784 11881 182 3070 END
START 13544 1376 3440 10875 -1434 923 END
START 15796 2876 3140 9415 -2643 -1322 END
START 17364 4340 2764 7341 -2797 -4267 END
START 17788 5340 3444 4990 -2131 -7816 END
START 17084 5688 4340 2919 -1577 -11226 END
START 15612 5536 5384 1007 -811 -14692 END
START 12840 4548 6824 -843 125 -17834 END
START 9388 3044 8584 -2175 822 -20204 END
START 4920 772 10720 -2930 880 -21583 END
START 916 -1496 12900 -3406 250 -22049 END
START -3068 -4352 16136 -3650 -351 -21441 END
START -6564 -6584 19124 -3400 -766 -19329 END
START -8904 -7668 21532 -2488 -389 -15872 END