START -18724 1084 16476 19144 4657 3964 END
START -20164 1416 16404 19061 3235 5109 END
START -17028 640 11732 18293 2395 7334 END
START -16112 -420 10072 17225 307 10351 END
START -14960 -488 8520 15313 -1653 12246 END
START -13188 -968 7332 13663 -3923 13406 END
START -11400 -524 5848 13616 -5861 14137 END
START -9400 -600 3252 13152 -7201 14958 END
START -8024 -1224 -56 11777 -8611 15597 END
START -6580 -1604 -3380 9336 -10937 16606 END
START -3780 -1964 -6280 5612 -12251 17574 END
START -936 -2124 -7480 1039 -12129 18006 END
START 1196 -2096 -7532 -3187 -12145 18319 END
START 4472 -1788 -7020 -6522 -12194 18360 END
START 6632 -1316 -6560 -9103 -12521 17604 END
START 8464 -1148 -6316 -11351 -12665 16175 END
START 9480 -952 -5956 -13621 -12901 13927 END
START 9376 -1212 -5780 -15649 -12614 12087 END
START 9032 -2032 -5104 -17891 -12158 10209 END
START 8856 -2904 -4188 -20107 -12184 8901 END
START 8796 -3760 -3176 -22635 -12180 8156 END
START 9780 -4588 -1444 -25836 -11315 7253 END
START 10748 -5524 1860 -29244 -9605 5755 END
START 10816 -5972 5608 -31872 -7749 3848 END
START 10008 -6388 9304 -32768 -6541 1878 END
START 9036 -6880 13096 -32768 -6548 82 END
START 7832 -6840 16328 -32768 -6505 -1243 END
START 6708 -6508 19976 -32768 -5834 -1894 END
START 5864 -6204 23996 -32768 -3692 -1752 END
START 5152 -6188 28652 -32768 -982 -1466 END
START 4412 -5848 32767 -32768 973 -1475 END
START 3912 -5524 32767 -32736 1934 -1813 END
START 3380 -4660 32767 -28862 1978 -2364 END
START 2920 -3520 32767 -24101 1277 -2984 END
START 2812 -2556 32767 -19253 753 -3342 END
START 2588 -2080 32767 -15759 943 -3316 END
START 2244 -1440 32767 -13108 2265 -3026 END
START 1324 -1304 32767 -9932 3887 -2350 END
START 328 -1064 32767 -5909 4438 -1305 END
START 16 -784 32767 -1572 4083 -216 END
START 404 -300 32767 2410 3900 633 END
START 812 316 32767 6100 4133 1187 END
START 1200 484 32767 9920 4666 1489 END
START 1512 448 32767 13848 5258 1737 END
START 2100 148 32767 17277 5778 1701 END
START 2360 -300 32136 20005 6335 1341 END
START 2272 -916 28824 21781 6913 762 END
START 1988 -1480 25492 22734 7329 59 END
START 1376 -2148 22392 23180 7407 -425 END
START 840 -2872 18988 23091 7207 -360 END
START 400 -3028 15624 22181 7480 323 END
START 256 -3464 12732 20549 7955 1416 END
START 532 -3384 9896 18375 8437 2905 END
START 1380 -3136 7276 15799 8638 3977 END
START 2560 -2500 5084 13090 7905 4193 END
START 3848 -1980 3956 10840 6295 3431 END
START 4460 -1440 3332 9264 3949 2077 END
START 5028 -656 3276 8333 1504 810 END
START 6000 148 3392 7472 -228 -190 END
START 7084 1056 3576 6135 -1010 -1028 END
START 8376 2048 4272 4170 -1182 -1769 END
START 9316 2628 5200 1932 -253 -2903 END
START 9560 2988 6716 -388 1298 -4604 END
START 8948 2616 8900 -2279 3123 -6739 END
START 7336 1684 11144 -3054 4012 -9015 END
START 4556 468 13776 -2483 3225 -10769 END
START 1864 -592 16124 -464 1269 -11748 END