START -7228 6068 25440 9881 7596 -4338 END
START -7620 5688 25152 10516 7271 -4430 END
START -10664 5708 25644 11488 5338 -4430 END
START -11312 3780 23544 13321 2023 -3327 END
START -12556 3304 22756 15533 -882 -1737 END
START -13040 2404 21020 17082 -1769 -99 END
START -13304 1656 19140 17801 -1532 1247 END
START -13440 1032 16384 17635 -1120 3113 END
START -13408 824 13836 16970 -909 5734 END
START -12120 1164 11192 16078 -941 8482 END
START -10676 1296 8012 14393 -763 10725 END
START -8532 1928 4620 12420 -1008 12412 END
START -6516 2536 1288 10473 -1524 13025 END
START -4796 2472 -2136 8629 -2394 12452 END
START -3740 2012 -5552 6840 -4281 11378 END
START -3096 760 -8048 4751 -7415 10693 END
START -1704 -48 -9512 2394 -10844 10673 END
START 532 -832 -10224 -891 -12984 11008 END
START 2800 -1580 -9412 -4597 -12929 11423 END
START 4616 -2168 -8192 -8333 -11818 11971 END
START 6784 -2296 -6816 -11608 -10530 12212 END
START 8276 -1840 -5472 -14282 -9387 11369 END
START 9260 -1636 -4444 -16358 -8401 9838 END
START 9884 -1676 -3324 -18388 -8009 8049 END
START 10264 -2072 -1856 -20539 -7160 6022 END
START 9780 -2244 -344 -22501 -6116 3895 END
START 9244 -2872 1220 -24401 -4844 2066 END
START 8816 -3080 2836 -26286 -3458 807 END
START 8608 -3468 4756 -28572 -1571 -612 END
START 7824 -4028 7364 -30731 417 -2576 END
START 6340 -4772 10572 -32116 1669 -4490 END
START 4844 -5788 14896 -32533 1324 -5982 END
START 3952 -8592 17108 -32768 2421 -7624 END
START 1760 -9264 21152 -32768 2748 -8143 END
START -704 -10572 24672 -32768 3686 -7433 END
START -2440 -9924 28108 -31482 3697 -5543 END
START -2040 -9332 30496 -29914 3675 -3878 END
START -1736 -8712 32767 -28750 5251 -4151 END
START -2748 -8420 32767 -26840 7811 -5688 END
START -5096 -7936 32767 -23822 8601 -6171 END
START -6900 -7476 32767 -20302 7775 -5162 END
START -8372 -6276 32767 -17201 5904 -3473 END
START -9220 -5252 32767 -13734 4048 -1787 END
START -9680 -4760 32767 -10052 2977 -331 END
START -9640 -4876 32767 -6702 2742 1275 END
START -9444 -5180 32767 -3620 2803 3191 END
START -8532 -5292 32767 -32 3274 5479 END
START -7140 -5116 32767 4093 4103 7336 END
START -6064 -4992 32767 8657 4734 8758 END
START -4724 -4640 32767 13314 4563 9588 END
START -3456 -4304 32767 17751 3888 9501 END
START -2828 -4340 32767 21489 2934 8891 END
START -2052 -4592 29640 24027 2385 7914 END
START -2044 -4676 26004 25595 2411 6929 END
START -2184 -5196 22936 26382 2403 6586 END
START -1900 -5288 19776 26423 2309 6616 END
START -1560 -5320 17020 25759 1939 6852 END
START -776 -4804 15000 24674 1342 7029 END
START 948 -4224 13400 23270 967 6665 END
START 2180 -3728 12572 21976 138 5751 END
START 4200 -3280 11628 20801 -949 4448 END
START 6492 -3040 9948 19623 -2423 2924 END
START 9012 -2288 8120 17751 -3708 1210 END
START 11508 -632 6424 15115 -4034 -692 END
START 13348 1312 5388 13132 -2576 -2910 END
START 14168 2768 4072 11514 -915 -5134 END
START 14312 3928 2868 9755 15 -7492 END
START 13808 4592 1732 7790 611 -10155 END
START 11840 4876 1328 5619 735 -13416 END
START 8820 4668 1384 3810 337 -16623 END
START 5324 3804 2196 2615 -1057 -19125 END
START 1092 2504 3516 1603 -3273 -20956 END
START -2932 736 5896 616 -5399 -21656 END
START -6272 -1236 8720 -206 -6535 -21080 END
START -8848 -3872 12360 -1142 -6321 -19164 END
START -11080 -6060 16064 -1916 -4287 -15485 END
START -12368 -7020 19184 -2313 -2308 -10661 END