START -11924 3736 5956 20542 -1233 9092 END
START -12156 3900 5272 19956 -2060 9475 END
START -11800 4232 4128 18337 -3793 10207 END
START -10384 3444 2572 16247 -6331 11185 END
START -8944 3708 484 13659 -6956 11688 END
START -7744 3664 -1208 10552 -5611 12110 END
START -6712 3356 -3032 6814 -3005 12909 END
START -6172 2952 -4924 3596 -2166 14086 END
START -4668 1992 -7072 1624 -4840 14772 END
START -2536 1288 -8892 -101 -9345 14472 END
START 164 584 -10292 -1910 -13541 13490 END
START 1656 -136 -10924 -4336 -15972 12047 END
START 3336 -1212 -11000 -7176 -17351 11213 END
START 4212 -2020 -10488 -10042 -17786 11302 END
START 5744 -2732 -9860 -13049 -17856 11966 END
START 7360 -3408 -9288 -16244 -17555 12493 END
START 8804 -3908 -8532 -19236 -17191 12301 END
START 9696 -4136 -7316 -21825 -16635 11356 END
START 10740 -4272 -6328 -24186 -16452 10210 END
START 11804 -4464 -4996 -26463 -16003 8534 END
START 12520 -4768 -3472 -29048 -15180 6560 END
START 13140 -5384 -1312 -31938 -13724 4708 END
START 12800 -6728 1272 -32768 -11918 2593 END
START 12324 -8168 3712 -32768 -9553 659 END
START 11580 -10416 7208 -32768 -7395 -1705 END
START 9748 -11820 11392 -32768 -5468 -4052 END
START 7352 -15052 16240 -32768 -4243 -5175 END
START 4724 -15560 20884 -32768 -3251 -4462 END
START 2968 -15740 24860 -32768 -1977 -3163 END
START 1448 -15732 29400 -32768 -1011 -1533 END
START 1216 -15076 32767 -32768 -189 -139 END
START 1708 -13592 32767 -32768 1645 -304 END
START 1200 -12508 32767 -32768 2695 -1396 END
START 500 -12292 32767 -30327 1740 -2320 END
START -340 -12252 32767 -25886 1043 -2388 END
START -1456 -11876 32767 -21919 1407 -1414 END
START -2052 -11384 32767 -17878 2647 493 END
START -1876 -11176 32767 -13653 4417 2597 END
START -1524 -10948 32767 -9556 7033 4159 END
START -1860 -9612 32767 -4846 9279 5243 END
START -2140 -8384 32767 1185 9492 6259 END
START -1220 -7132 32767 7735 7972 6853 END
START 48 -6368 32767 13816 6363 6493 END
START 828 -6000 32767 18352 5093 5788 END
START 1344 -6080 32767 22341 4100 5183 END
START 1536 -6336 32767 25754 3490 4762 END
START 1560 -6524 31932 28434 3219 4521 END
START 1660 -7088 27244 30210 3153 4495 END
START 1616 -7096 22872 30987 3456 4682 END
START 1576 -7364 18440 30862 3942 5137 END
START 1752 -7152 13996 29845 4859 5694 END
START 2056 -6436 9844 27665 6136 6307 END
START 3000 -5752 5768 24692 7039 6777 END
START 4072 -4748 2288 21052 6660 6520 END
START 5420 -3948 -584 16894 4396 5370 END
START 6712 -2736 -2272 12578 878 3135 END
START 7372 -1528 -1552 9810 -1933 803 END
START 7880 -296 -696 8911 -3688 -464 END
START 9288 1176 -480 8752 -5239 -1044 END
START 11840 2684 -892 7183 -5648 -2298 END
START 14564 3680 -644 3724 -4667 -4534 END
START 16488 4488 1376 -271 -1814 -8053 END
START 16640 4120 3940 -3117 1180 -12314 END
START 14728 3224 6968 -4595 2929 -16725 END
START 11032 1568 9996 -4369 2825 -20209 END
START 6856 -552 12292 -2948 1539 -22265 END
START 2800 -2768 14244 -1571 201 -23414 END
START -1068 -5552 15960 -880 -657 -23628 END
START -5112 -8408 18284 -694 106 -22578 END
START -9088 -10284 20872 -702 2169 -19930 END
START -12220 -11184 22764 -600 4013 -15554 END
START -13240 -10676 23808 -289 5271 -10732 END
START -13444 -8944 24468 192 6628 -6566 END