START -14300 2452 14932 15102 2562 7487 END
START -14920 2804 15600 15102 1345 8093 END
START -12592 2416 12452 15293 107 9149 END
START -11616 1932 11352 15784 -1753 10486 END
START -11028 2380 9284 15646 -3252 11672 END
START -9584 2492 7020 14825 -4614 12903 END
START -7588 2640 4712 13382 -4937 13886 END
START -6012 2628 1700 11090 -4866 14651 END
START -4596 2340 -1252 8333 -5522 14647 END
START -3756 1620 -3452 5527 -7220 14007 END
START -2672 784 -5052 2909 -9870 13968 END
START -1196 -100 -6256 -28 -12382 13798 END
START 704 -668 -6640 -3261 -13247 13929 END
START 2792 -1000 -6272 -6718 -13510 14050 END
START 4876 -1148 -5760 -10293 -13032 14016 END
START 7192 -1512 -4448 -13707 -12050 13460 END
START 8392 -1768 -3116 -16322 -11070 12163 END
START 8644 -2092 -1728 -17919 -10653 10308 END
START 8296 -2496 -544 -19061 -10812 8559 END
START 7952 -3520 352 -20154 -10832 7355 END
START 7992 -4088 1524 -21780 -10163 6766 END
START 7828 -4660 2572 -24204 -8472 6297 END
START 7996 -5372 4268 -27307 -6367 5472 END
START 7548 -5692 6908 -30094 -4868 4299 END
START 6752 -5508 10136 -31982 -4203 2958 END
START 5980 -4628 13168 -32768 -3913 1412 END
START 4844 -4676 15648 -32718 -4118 -250 END
START 4380 -3720 18196 -32098 -5223 -1478 END
START 3972 -3296 20712 -32199 -5177 -2604 END
START 3228 -3516 24112 -32768 -3263 -3403 END
START 1888 -4124 28660 -32768 -722 -3425 END
START 496 -4460 32767 -32768 809 -2773 END
START -160 -4652 32767 -31255 1395 -1699 END
START 164 -4260 32767 -27298 910 -1002 END
START 40 -4848 32767 -23089 507 -947 END
START 136 -3252 32767 -18566 -108 -676 END
START 400 -3512 32767 -14463 772 -213 END
START -232 -3060 32767 -10776 2878 586 END
START -844 -2468 32767 -6428 4747 2133 END
START -780 -2184 32767 -2002 6098 3698 END
START -520 -2176 32767 2142 7499 4734 END
START -600 -1708 32767 6362 8449 5416 END
START -956 -1224 32767 11134 8164 6184 END
START -436 -808 32767 16142 6784 6583 END
START 496 -612 32767 19849 5308 6158 END
START 1272 -600 31764 22314 4133 5118 END
START 1588 -896 27384 23668 3489 3881 END
START 1668 -1644 22840 24027 3618 3208 END
START 1784 -2108 18972 23243 4319 3132 END
START 2076 -2456 15020 21491 5186 3277 END
START 2324 -2876 12276 19337 4932 3507 END
START 3132 -2856 9664 17380 3783 3444 END
START 4188 -2804 7480 15835 2148 2795 END
START 5684 -2140 5336 14249 -126 1515 END
START 6936 -1172 4132 12914 -1954 -184 END
START 8164 -224 2792 11598 -3065 -2283 END
START 8896 544 1632 10002 -3768 -4190 END
START 9560 1416 752 7841 -4503 -5758 END
START 9892 2016 532 5131 -4408 -7271 END
START 9876 2104 1084 2278 -3551 -8948 END
START 9168 2012 2492 -578 -2473 -10464 END
START 7724 1196 4836 -2573 -1556 -11993 END
START 5388 76 7812 -3298 -1204 -13494 END
START 2940 -1468 10564 -3108 -1811 -14575 END
START 436 -2568 13692 -2647 -2811 -15406 END