START -2960 4108 20796 -2800 2824 -4886 END
START -2772 4492 19800 -3109 1688 -5047 END
START -3572 5144 22244 -3428 -477 -5570 END
START -3236 4748 24776 -2336 -3988 -6716 END
START -3652 4612 28048 -166 -5079 -8231 END
START -5084 4240 29812 3283 -3763 -9606 END
START -7348 3220 31280 8005 -1716 -9864 END
START -9984 2880 31372 12848 -1461 -8353 END
START -11072 2272 30652 16887 -2113 -6408 END
START -11712 1252 29264 19407 -2933 -4994 END
START -12420 348 27932 20863 -2917 -4567 END
START -13328 -208 27188 22014 -3089 -4209 END
START -14376 -476 25952 23829 -3838 -3201 END
START -14388 -1744 24332 25701 -4700 -1559 END
START -14060 -2256 22516 27046 -4212 -8 END
START -13640 -3076 20260 27726 -3081 1402 END
START -13648 -3264 17648 27910 -2596 3079 END
START -13056 -3460 15228 27797 -2961 4857 END
START -12028 -2976 12612 27480 -3685 6189 END
START -10928 -2464 9632 27207 -4609 6877 END
START -9952 -1508 6712 26463 -5734 7406 END
START -9020 -644 3904 24926 -6706 8058 END
START -8084 320 1400 22729 -6813 8892 END
START -6876 1020 -1168 19841 -6133 10120 END
START -5752 1548 -3344 15693 -5474 11595 END
START -4256 1888 -5096 10971 -4731 12401 END
START -2924 1504 -6068 6642 -4072 12187 END
START -2072 1164 -6632 3290 -4600 11447 END
START -1456 264 -7356 683 -6099 10670 END
START -540 24 -7344 -1665 -8024 10245 END
START 532 -504 -7452 -4050 -9460 10103 END
START 1836 -1040 -7588 -7311 -9323 10040 END
START 2756 -1712 -6812 -11363 -8342 9925 END
START 3308 -2576 -5664 -15263 -7669 9833 END
START 3912 -3264 -3592 -18069 -7312 9422 END
START 4292 -3788 -1932 -19889 -7377 8755 END
START 4512 -3968 -796 -21278 -7508 7871 END
START 4792 -4488 36 -22632 -7744 7111 END
START 5384 -4504 1032 -24395 -7715 6220 END
START 5928 -4176 2120 -26609 -6624 5154 END
START 6660 -4164 3372 -29790 -3927 4161 END
START 7236 -3900 4992 -32768 -991 2811 END
START 7504 -3428 7304 -32768 616 1103 END
START 7808 -3108 10736 -32768 1702 -1262 END
START 7152 -2768 14772 -32768 2435 -4533 END
START 6276 -2904 18116 -32768 2210 -7946 END
START 4056 -4072 22144 -32768 941 -10432 END
START 1704 -4604 26276 -32768 -1208 -12078 END
START -1124 -4800 31508 -32768 -2522 -12354 END
START -3840 -4588 32767 -31308 -3226 -10578 END
START -5124 -4396 32767 -28128 -3470 -7415 END
START -5180 -4316 32767 -24740 -2110 -4882 END
START -4796 -5124 32767 -21408 618 -3526 END
START -5380 -6368 32767 -17903 3237 -2779 END
START -6296 -7648 32767 -12908 4310 -1462 END
START -6996 -8156 32767 -6801 4368 434 END
START -7056 -7896 32767 -758 3862 2670 END
START -6352 -6468 32767 4984 3661 4842 END
START -5060 -5000 32767 10256 4134 6493 END
START -3440 -3464 32767 14797 4526 7315 END
START -2096 -2308 32767 18458 4530 7315 END
START -720 -1876 31652 21194 4679 6387 END
START -376 -2040 28436 22957 5029 5254 END
START -700 -2680 25412 24413 5624 4483 END
START -1184 -3176 22644 25409 6338 4261 END
START -1976 -3864 20024 25792 6820 4775 END
START -2176 -4488 17308 25651 7104 5968 END
START -1948 -4624 14584 24679 7090 7240 END
START -1480 -4604 12120 22762 6779 8244 END
START -680 -4092 10240 20177 6321 8862 END
START 20 -3340 9520 17849 5754 9151 END
START 900 -2724 9000 16270 4765 9129 END
START 1624 -2260 8404 15194 3598 8852 END
START 2908 -1852 7516 14154 2278 8474 END
START 4576 -900 6756 12650 1262 7946 END
START 6716 -208 6296 10654 1062 7078 END
START 8828 872 5956 8533 1171 5657 END
START 10976 2012 5992 6809 649 3711 END
START 13288 3368 6420 5315 -380 1104 END
START 15360 4988 6804 4189 -1560 -1869 END
START 17136 6464 7256 3214 -1914 -5476 END
START 17388 7016 7204 2141 -1321 -9409 END
START 16204 6912 7204 897 -904 -13410 END
START 13884 5908 7320 -126 -1125 -17244 END
START 9500 4780 8124 -487 -2589 -20426 END
START 4184 3600 9248 -292 -4680 -22371 END
START -720 2488 10360 -45 -6939 -23094 END
START -4960 1048 12440 -228 -7881 -22901 END
START -8784 -1316 14988 -1410 -7037 -21480 END
START -12536 -3392 18116 -3205 -4246 -18180 END
START -14892 -4988 20844 -4579 -1184 -13203 END