START -16656 2236 17356 19782 3007 253 END
START -16416 1824 16472 19487 2061 975 END
START -17396 1292 15800 18898 1390 2780 END
START -16600 -192 14376 18921 -6 6466 END
START -16100 -132 12584 18593 -601 9478 END
START -14560 -976 10304 18019 -1514 12380 END
START -12324 -468 7752 16664 -2412 14557 END
START -10144 -192 4916 14921 -3655 15920 END
START -8100 -424 1340 12919 -5481 16566 END
START -6504 -564 -1796 10654 -7720 16421 END
START -5096 -1008 -4732 8114 -9928 15968 END
START -3620 -1912 -6904 5102 -11518 16335 END
START -1984 -2316 -8516 1521 -12851 17506 END
START 400 -2604 -9464 -2495 -13353 18707 END
START 2668 -2812 -9616 -6471 -13374 19249 END
START 5216 -2436 -9328 -10115 -12614 19124 END
START 7280 -2084 -9016 -13484 -12133 17991 END
START 8976 -1688 -8192 -16556 -12184 15904 END
START 9916 -1736 -6908 -19111 -12721 13772 END
START 10696 -2012 -5768 -21246 -12600 11408 END
START 10864 -2720 -4328 -23598 -12719 9397 END
START 11732 -3444 -2296 -26296 -12443 7994 END
START 12660 -4272 968 -29475 -10572 6108 END
START 12504 -5624 4700 -32118 -8177 3906 END
START 11668 -6596 8564 -32768 -6461 1895 END
START 10264 -7676 12028 -32768 -4783 -248 END
START 8024 -8628 15536 -32768 -3399 -2235 END
START 5428 -9624 18932 -32768 -2918 -3305 END
START 3316 -9064 23168 -32768 -3350 -2632 END
START 2748 -7760 26656 -32768 -3391 -1688 END
START 2276 -6616 30236 -32768 -3169 -1157 END
START 2636 -5712 32767 -32768 -3679 -689 END
START 3676 -4752 32767 -30719 -3930 -491 END
START 4964 -4264 32767 -27581 -3228 -1025 END
START 5224 -4536 32767 -23872 -2103 -2018 END
START 5024 -4596 32767 -19285 -1532 -2453 END
START 4392 -5496 32767 -15071 -166 -2502 END
START 3276 -5900 32767 -11857 1842 -1782 END
START 2012 -5744 32767 -8168 3547 -321 END
START 1296 -5272 32767 -3884 4834 1180 END
START 1040 -4356 32767 748 5636 2677 END
START 1524 -3040 32767 5178 6077 3855 END
START 2252 -2208 32767 9269 6493 4565 END
START 2900 -1516 32767 12809 7116 4717 END
START 3392 -1188 32767 16017 7563 4401 END
START 3768 -1692 32767 18834 7535 3656 END
START 3900 -2212 29688 21104 7351 2752 END
START 3676 -2484 26376 22892 7073 1877 END
START 3732 -2732 22552 23999 7040 1202 END
START 3568 -3048 18968 24329 6990 846 END
START 3628 -3272 15744 23982 7112 812 END
START 3784 -3152 12356 22631 6923 1005 END
START 4116 -2912 9324 20441 6435 1356 END
START 4740 -2560 7036 17764 5650 1282 END
START 5188 -2296 5688 15275 4258 721 END
START 5644 -1728 4684 13393 2467 -216 END
START 6288 -1128 4428 11394 502 -1271 END
START 6676 -376 4800 9972 -1028 -2303 END
START 7472 412 5156 8917 -2104 -3146 END
START 8264 940 5452 7669 -2363 -4051 END
START 8728 1564 5556 6028 -2102 -5080 END
START 8880 1788 5960 4264 -1582 -6349 END
START 8488 1836 6740 2418 -1126 -7829 END
START 7440 1680 8208 964 -942 -9527 END
START 6224 1416 9992 38 -482 -11248 END
START 4196 692 11928 -287 127 -12687 END
START 1872 -36 13956 -230 -112 -13185 END