START -10320 2544 5920 16389 338 8562 END
START -11188 2964 7492 15560 -746 9238 END
START -10348 3316 5080 13420 -1038 10326 END
START -8004 1732 1944 10537 -1280 12093 END
START -7076 2252 820 7127 -942 12764 END
START -5764 1472 -436 5122 -999 12599 END
START -4552 832 -2300 3817 -2094 11897 END
START -3784 208 -4444 2714 -4673 11412 END
START -3028 -392 -6584 1161 -7823 11612 END
START -1556 -852 -8428 -1379 -10213 12335 END
START 112 -1060 -9444 -5067 -10897 12792 END
START 1664 -1112 -9296 -8746 -9954 12900 END
START 2828 -1404 -8944 -11791 -9079 12975 END
START 4368 -1548 -8248 -14426 -8838 12921 END
START 5748 -1672 -7616 -16603 -9052 12433 END
START 7072 -1660 -7040 -19097 -8687 11275 END
START 8448 -2428 -5504 -21691 -7794 9645 END
START 8932 -3040 -3548 -23900 -6912 7999 END
START 9216 -3712 -1596 -25850 -6351 6741 END
START 10264 -5244 800 -27900 -5222 5484 END
START 10284 -5924 3388 -29846 -3101 3821 END
START 10028 -6308 5864 -31562 -963 2421 END
START 9560 -6896 7968 -32768 1322 773 END
START 8396 -7264 9820 -32768 3387 -1152 END
START 6164 -7076 12364 -32768 4419 -3274 END
START 4096 -7120 15580 -32768 4757 -5121 END
START 2304 -7916 19216 -32768 4461 -6576 END
START 532 -8384 23796 -32768 3399 -7490 END
START -712 -9420 29440 -32768 2163 -7930 END
START -1548 -9960 32767 -32768 678 -7433 END
START -1872 -10088 32767 -32768 -241 -6163 END
START -2084 -9500 32767 -30023 -105 -5073 END
START -2496 -9176 32767 -26731 978 -3997 END
START -2780 -8828 32767 -23576 2104 -2722 END
START -2964 -8400 32767 -19893 3047 -1131 END
START -2856 -7548 32767 -15417 3425 130 END
START -3132 -6756 32767 -10428 3196 849 END
START -3820 -5620 32767 -5168 2425 1354 END
START -4136 -4616 32767 -100 2004 2194 END
START -4196 -3840 32767 4418 2007 3552 END
START -3596 -3404 32767 8450 2418 4874 END
START -2788 -3272 32767 12437 3039 5876 END
START -1616 -3448 32767 16299 3728 6190 END
START -604 -3300 32767 19734 3642 5964 END
START 52 -4076 31932 22626 2979 5222 END
START 348 -4348 28552 24609 1956 4261 END
START 296 -4456 25388 26151 1039 3073 END
START 232 -4588 22176 27075 191 2089 END
START -56 -4660 19260 27319 -232 1467 END
START -144 -4556 16588 26927 -61 1206 END
START -356 -4664 14100 26189 434 1478 END
START -68 -4700 12192 24941 1015 2026 END
START 172 -4284 9768 23350 1532 2785 END
START 820 -4228 8028 21209 2007 3535 END
START 2048 -3548 6512 18804 2284 3978 END
START 2724 -2992 5256 16419 2009 4096 END
START 3600 -2288 3832 13950 1143 3943 END
START 5044 -1204 2892 11774 172 3645 END
START 6400 -128 2472 9941 -478 2865 END
START 7828 836 2260 8129 -1343 1753 END
START 9276 1820 2728 6295 -2502 460 END
START 10856 2544 3536 4457 -2987 -1395 END
START 11700 3436 4796 2596 -2722 -3512 END
START 12080 4220 5992 1035 -2242 -5461 END
START 11972 4740 7388 -355 -1265 -7756 END
START 10988 4932 8908 -1359 -279 -10264 END
START 8812 4556 10380 -1852 150 -12885 END
START 5968 3592 11612 -1982 -63 -15170 END
START 2884 2316 12948 -2082 -667 -16964 END
START -496 40 14624 -2238 -1400 -18084 END
START -3920 -2092 16880 -2357 -1535 -18270 END
START -7060 -3468 19228 -2303 -1128 -16907 END
START -9404 -4108 21012 -1912 -151 -13706 END
START -10452 -4344 22308 -1754 1526 -9945 END