START -12172 5068 19112 5674 3224 -4041 END
START -11748 4932 16896 5983 1996 -3474 END
START -12544 4612 18608 6952 1180 -2119 END
START -13844 3292 18672 9086 -231 309 END
START -14092 2780 17720 10069 -812 2246 END
START -14276 1932 16732 9910 -1214 4062 END
START -13888 1288 15292 9115 -589 6096 END
START -13716 512 14416 7769 508 8191 END
START -13048 36 13616 6554 1463 10368 END
START -12672 -676 12032 5290 2068 12816 END
START -11816 -1080 10648 3905 2583 15571 END
START -10340 -1640 8904 2504 2878 17882 END
START -9028 -2396 7304 1317 2252 19318 END
START -7348 -3140 5436 500 288 20155 END
START -5656 -3616 3900 140 -2238 20343 END
START -3712 -3992 2260 -325 -4962 20266 END
START -1240 -4180 816 -1479 -6881 20170 END
START 1336 -4384 -264 -3595 -7708 20208 END
START 3848 -4104 -192 -6108 -7897 20325 END
START 6048 -3588 616 -8039 -7395 20111 END
START 8412 -2780 1172 -9640 -6285 19139 END
START 10184 -2404 2100 -10938 -5651 17693 END
START 12224 -1456 3116 -12175 -5325 15804 END
START 13552 -600 4960 -13779 -4782 13776 END
START 14532 616 7244 -15358 -4136 11579 END
START 15344 2716 10536 -16468 -3538 9784 END
START 16468 4732 14440 -17362 -2706 7949 END
START 17384 7368 18468 -17809 -1720 5542 END
START 18108 9836 23104 -17622 -275 2191 END
START 17968 11540 27596 -16437 1048 -1902 END
START 16772 11956 31584 -14339 1311 -6544 END
START 14492 11600 32767 -11660 710 -10781 END
START 11236 10148 32767 -8892 10 -13924 END
START 7412 8356 32767 -6173 -473 -15686 END
START 3636 6164 32767 -3308 -794 -16104 END
START 360 4200 32767 391 -1127 -15259 END
START -1856 2676 32767 4385 -1359 -13704 END
START -3604 1864 32767 8772 -1115 -11987 END
START -4704 1392 32767 12872 -505 -10416 END
START -5260 1380 32767 16355 287 -8845 END
START -5392 1572 32767 19120 1165 -7604 END
START -5188 1428 30960 21218 2414 -6494 END
START -4996 944 27140 22732 3438 -5632 END
START -4724 548 22552 23785 4024 -4789 END
START -4676 380 18480 24237 4042 -3854 END
START -4312 76 13364 23691 3895 -2910 END
START -3788 -204 9324 22212 3561 -2000 END
START -3380 -516 5036 20189 3101 -1099 END
START -2904 -600 2004 17719 2614 -110 END
START -2360 -1220 -936 14954 1984 883 END
START -1840 -1704 -3104 12068 1258 1478 END
START -1444 -2184 -4864 9378 390 2046 END
START -956 -2652 -6084 7141 -935 2628 END
START -88 -2748 -7248 5014 -2351 3120 END
START 568 -2784 -8192 2744 -3823 3434 END
START 1508 -2708 -8872 302 -5106 3644 END
START 2440 -2304 -9112 -2540 -5819 3513 END
START 3440 -2344 -9324 -6008 -5950 3358 END
START 4224 -2216 -8664 -9646 -5534 3046 END
START 4884 -2668 -7156 -13099 -4814 2384 END
START 5328 -3584 -4956 -16132 -4185 1117 END
START 5012 -4248 -2572 -18610 -3894 -353 END
START 4772 -5180 448 -20543 -4144 -1761 END
START 4172 -6320 3564 -21993 -4216 -3495 END
START 1904 -5448 6608 -23212 -4615 -4903 END
START -420 -4500 9232 -24325 -5286 -5566 END
START -3184 -2500 12068 -25569 -5866 -5732 END
START -5860 -540 15448 -26965 -6206 -5114 END
START -7392 1264 19008 -28164 -5527 -3647 END
START -8292 2132 23316 -29290 -3472 -1888 END
START -8668 1464 28084 -30209 -393 -196 END
START -8964 -1456 32767 -30067 1901 759 END
START -9800 -3576 32767 -27687 2363 1771 END
START -10324 -4196 32767 -22111 937 4407 END
START -8824 -3704 32767 -15038 -173 7868 END
START -6416 -2508 32767 -9717 1615 10738 END
START -4340 -1208 32767 -6966 4956 12762 END
START -2296 -816 32767 -5021 7877 14725 END
START -848 168 32767 -2206 9992 16653 END
START 948 772 32767 658 11459 17831 END