START -19792 2428 21224 14663 569 -2173 END
START -19236 2004 19776 14794 -430 -1100 END
START -18896 804 18852 14624 -914 1317 END
START -17356 -1544 16328 13455 -1832 5043 END
START -15716 -3052 15180 10938 -1169 8274 END
START -13672 -4956 14188 8592 1594 11033 END
START -12120 -6288 12596 7102 4158 13234 END
START -10284 -7648 10500 6243 5004 15349 END
START -8612 -9120 8360 5925 4278 16961 END
START -6396 -9908 5308 5884 2623 17669 END
START -4876 -10600 2816 5656 411 17626 END
START -3736 -11020 540 5338 -2552 17732 END
START -1816 -10640 -1536 4577 -5611 18350 END
START 164 -9988 -2948 2976 -7315 19060 END
START 2128 -9212 -3720 907 -7749 19798 END
START 4452 -8068 -3856 -1462 -7379 20312 END
START 6564 -6704 -3396 -4446 -6539 20328 END
START 8796 -4992 -2148 -7576 -6052 20237 END
START 11036 -2480 -84 -10392 -5929 19991 END
START 13964 12 3076 -12829 -5044 18904 END
START 15696 2188 6608 -14806 -4413 17142 END
START 17756 4828 11188 -16196 -4197 14976 END
START 20080 7472 16772 -17128 -3323 11946 END
START 21516 9768 22032 -16866 -1161 7454 END
START 20984 11500 26660 -15301 736 2433 END
START 18964 12824 30060 -13092 715 -1904 END
START 16608 13804 32767 -10388 -729 -5810 END
START 13944 14216 32767 -7504 -2338 -9345 END
START 10800 13824 32767 -4873 -3308 -12133 END
START 8072 12056 32767 -2801 -3285 -13575 END
START 5200 10064 32767 -1456 -2333 -14066 END
START 2612 7516 32767 186 -1233 -13616 END
START 444 4880 32767 2703 -1117 -12728 END
START -1172 3080 32767 6581 -1774 -11568 END
START -2096 1828 32767 10936 -2501 -10501 END
START -2648 1168 32767 14667 -2507 -9613 END
START -2984 960 32767 17519 -1897 -8774 END
START -3292 1004 30020 19359 -806 -7766 END
START -3392 752 25752 20530 400 -6790 END
START -3556 672 21292 21027 1286 -6080 END
START -3844 160 17364 21021 1485 -5604 END
START -3932 20 13284 20625 1097 -4941 END
START -4148 -132 9532 19800 1145 -4138 END
START -4408 -276 5528 18390 1354 -2958 END
START -4260 -596 2508 16274 1483 -1718 END
START -4012 -1204 -180 13435 1262 -494 END
START -3860 -1432 -2060 11270 831 243 END
START -3908 -2096 -3744 9288 -382 757 END
START -3908 -2464 -4984 7652 -2222 1589 END
START -3108 -2404 -6468 5620 -3950 2731 END
START -2200 -2148 -7580 3005 -4954 3858 END
START -1152 -1944 -8188 213 -5440 4812 END
START 64 -1516 -8560 -2916 -5110 5583 END
START 796 -1388 -8672 -6319 -4422 5896 END
START 1420 -1448 -7744 -9705 -4031 6044 END
START 2328 -1620 -6712 -12642 -4187 5836 END
START 3264 -2004 -5100 -15073 -4705 5281 END
START 4036 -2548 -3064 -17244 -4944 4189 END
START 4656 -3820 -276 -19349 -4529 2568 END
START 3896 -4996 2660 -21168 -4272 817 END
START 2660 -5692 5284 -22450 -4487 -149 END
START 1192 -5764 7888 -23664 -4903 -392 END
START 456 -5500 10048 -25196 -5119 -34 END
START -236 -4764 12768 -26959 -4600 297 END
START -720 -3660 15412 -28809 -3566 673 END
START -1700 -2896 18576 -30574 -1325 861 END
START -3196 -3080 22636 -31725 958 1300 END
START -4704 -4400 27336 -31751 1546 1703 END
START -6180 -6332 32692 -30591 748 1888 END
START -7920 -7476 32767 -27234 -1120 2925 END
START -8372 -6716 32767 -21827 -3327 5937 END
START -6640 -5424 32767 -16265 -3266 9821 END
START -4236 -3760 32767 -12333 -6 13230 END
START -2256 -2480 32767 -9743 4030 15611 END
START -356 -1404 32767 -6776 7423 17565 END
START 2084 -584 32767 -2708 10253 18616 END