START -15860 -3284 9324 10820 2981 9038 END
START -15792 -3380 8904 10748 2191 9767 END
START -15664 -4144 8260 10568 220 11479 END
START -13676 -5420 6576 10658 -2750 14358 END
START -12548 -5600 4960 9754 -3820 17077 END
START -10920 -5520 2556 7056 -2255 19980 END
START -8908 -6072 484 2723 604 22846 END
START -7520 -6000 -944 -1004 2399 25058 END
START -5684 -6692 -1528 -3672 1587 26567 END
START -2716 -6928 -2392 -4933 -1877 26594 END
START 264 -6740 -2916 -5292 -6285 25269 END
START 3036 -6200 -3060 -5563 -10273 23570 END
START 5380 -5760 -3176 -6397 -12439 22306 END
START 7464 -5288 -2948 -8387 -13029 21932 END
START 9740 -4480 -1712 -11008 -12117 22311 END
START 12048 -3728 -264 -14378 -8903 22989 END
START 14468 -2336 1740 -17513 -5844 22886 END
START 17228 -680 3820 -20061 -3318 21458 END
START 19172 968 7096 -22400 -1078 18313 END
START 20420 3008 10852 -23781 140 14541 END
START 21336 5588 15380 -24082 847 10763 END
START 21764 8080 19520 -23328 1371 6990 END
START 21976 10168 23300 -22087 1840 2928 END
START 21328 11908 27192 -20784 2322 -1518 END
START 19948 12812 30988 -19329 2409 -6246 END
START 17536 12736 32767 -17427 2067 -10829 END
START 13628 11376 32767 -15211 1686 -14689 END
START 9372 8740 32767 -12476 1117 -17035 END
START 5252 5976 32767 -9263 93 -17788 END
START 2020 3868 32767 -5597 -925 -17372 END
START -824 2368 32767 -852 -1769 -16218 END
START -2448 1500 32767 4545 -2220 -14250 END
START -2964 1240 32767 9454 -2297 -12418 END
START -2888 1364 32767 13608 -2000 -11151 END
START -2836 1564 32767 17004 -1067 -10190 END
START -2904 1664 32767 19937 -101 -9289 END
START -2876 1740 31772 22007 794 -8490 END
START -2764 1452 27000 23139 1919 -8068 END
START -3016 1076 22476 23554 3021 -7768 END
START -3320 456 18456 23431 3738 -7286 END
START -3416 12 14840 22931 4029 -6755 END
START -3788 -364 11436 22090 4308 -6015 END
START -4036 -636 8000 20707 4789 -4943 END
START -4232 -944 4788 18928 5273 -3659 END
START -4228 -1152 2060 16827 5644 -2224 END
START -4112 -1680 -556 14294 5478 -889 END
START -4052 -2056 -2656 11838 4302 228 END
START -3740 -2684 -4392 9401 2262 1046 END
START -3216 -2704 -5672 7002 -410 1893 END
START -1904 -2780 -6816 4391 -2815 3104 END
START -708 -2396 -7556 1564 -4416 4286 END
START 868 -2092 -7832 -1605 -4794 4934 END
START 2216 -1800 -7904 -4830 -4465 5278 END
START 3384 -1624 -7708 -8283 -4072 5379 END
START 4500 -1512 -7172 -11653 -3687 4989 END
START 5640 -1848 -5984 -14783 -3644 3879 END
START 6804 -2972 -3828 -17390 -3995 2060 END
START 6956 -4004 -1168 -19323 -4869 0 END
START 7132 -5180 1604 -20487 -5929 -1747 END
START 6844 -5984 4340 -21560 -6244 -3346 END
START 6176 -6296 7176 -23068 -5751 -4488 END
START 4608 -5824 9792 -24527 -5022 -5298 END
START 2544 -4680 12200 -25796 -4719 -5660 END
START 72 -3184 15036 -27130 -4507 -5835 END
START -1544 -1932 17960 -28163 -4836 -5244 END
START -2916 -336 21912 -29463 -4458 -4035 END
START -4440 372 25844 -31176 -2169 -3093 END
START -6872 56 30908 -32723 1110 -2189 END
START -10368 -940 32767 -32768 4108 -540 END
START -12980 -2844 32767 -31089 5552 2382 END
START -13548 -5404 32767 -25685 4670 6104 END
START -12400 -6208 32767 -17734 1898 9936 END
START -9956 -5724 32767 -9501 -1328 13367 END
START -7068 -4496 32767 -2760 -3008 16089 END
START -4312 -3116 32767 1786 -1599 18515 END