START -16516 1572 11072 12096 1324 -1340 END
START -16396 1348 8120 11653 648 -1111 END
START -17680 264 10968 11037 -929 -267 END
START -16332 -1816 9476 11561 -2901 2029 END
START -15996 -2804 8780 11763 -4471 4803 END
START -15128 -3652 7508 11637 -6245 8025 END
START -13456 -4636 6784 11322 -7471 11282 END
START -11648 -5460 5324 10036 -7708 14166 END
START -10004 -5936 4128 8179 -7618 16124 END
START -7896 -6504 2352 5619 -7028 17761 END
START -5976 -6772 1424 2356 -6418 19550 END
START -3528 -6584 988 -434 -6224 21101 END
START -1352 -6376 900 -2586 -5909 22102 END
START 504 -6132 1000 -4200 -6466 22591 END
START 2416 -5420 996 -5170 -7667 22659 END
START 4372 -4504 1416 -6031 -9065 22441 END
START 6312 -3128 2080 -6462 -9706 22033 END
START 8480 -1884 2488 -6940 -9071 21316 END
START 10632 -680 2712 -8189 -7741 20502 END
START 12156 428 3132 -10369 -6217 19492 END
START 13980 1908 4292 -13338 -4296 18081 END
START 15300 3796 6104 -16411 -1954 16184 END
START 16248 5664 8892 -18880 -143 14106 END
START 17036 7728 12092 -20552 959 11127 END
START 17400 9864 15724 -21181 1766 8093 END
START 18164 11604 19548 -21146 2280 4765 END
START 18224 13072 23316 -20597 2639 774 END
START 17744 13904 27112 -19228 2568 -3625 END
START 16048 14296 30896 -16491 1310 -8045 END
START 14076 14028 32767 -12935 -623 -11827 END
START 11924 12720 32767 -9804 -2036 -14943 END
START 9524 10660 32767 -7768 -1914 -17277 END
START 6280 7796 32767 -5992 -885 -18726 END
START 2804 5008 32767 -3391 -172 -19032 END
START -748 3044 32767 475 -77 -18108 END
START -3168 1856 32767 4965 -805 -16482 END
START -4284 1040 32767 9555 -1698 -14715 END
START -4744 552 32767 13523 -1860 -13230 END
START -4724 480 32767 16976 -1536 -11968 END
START -4736 276 32767 19452 -810 -10853 END
START -4728 408 28992 21239 236 -9908 END
START -4856 60 25260 22526 843 -9072 END
START -4900 8 21652 23353 729 -8137 END
START -4724 -152 17956 23845 803 -7307 END
START -4540 164 13988 23602 1472 -6608 END
START -4604 300 9404 22045 3027 -5938 END
START -5032 468 5688 19987 3952 -4753 END
START -5060 604 2080 17810 3920 -3135 END
START -4640 236 -772 15462 2990 -1670 END
START -4036 -180 -3044 13193 1602 -463 END
START -3600 -872 -5264 10601 -185 85 END
START -3132 -1624 -6668 7991 -2122 402 END
START -2968 -1784 -7412 5287 -4702 1187 END
START -2112 -2188 -7992 2724 -7055 2680 END
START -712 -1892 -8404 -68 -8224 4072 END
START 824 -1936 -8640 -3021 -8779 5194 END
START 2564 -1664 -8696 -6341 -8748 5932 END
START 4556 -1724 -8068 -9935 -8630 6214 END
START 6144 -1680 -6996 -13258 -8402 5434 END
START 7044 -1732 -5240 -16172 -8375 4030 END
START 7384 -2324 -3756 -18508 -8850 2465 END
START 7764 -2920 -1840 -20562 -9272 922 END
START 7876 -4016 212 -22719 -9164 -385 END
START 7620 -4836 2180 -25179 -8359 -1662 END
START 6848 -6108 4364 -28117 -6949 -3086 END
START 5356 -7144 6856 -31386 -5420 -4560 END
START 2600 -7928 10172 -32768 -4545 -5528 END
START -1300 -7660 14036 -32768 -5399 -5498 END
START -4528 -6688 18092 -32768 -7594 -4166 END
START -7008 -5480 21936 -32768 -9486 -1792 END
START -7844 -5900 26728 -32768 -9936 1209 END
START -7184 -8320 32767 -32768 -7974 4041 END
START -7172 -9380 32767 -32768 -3954 6974 END
START -7528 -9784 32767 -30928 -187 10855 END
START -6384 -10228 32767 -24940 1411 14193 END
START -4148 -9536 32767 -18430 1839 16516 END
START -2128 -8212 32767 -12389 3034 17733 END
START 248 -6256 32767 -7065 5308 19071 END
START 2804 -3964 32767 -2731 8105 20251 END
START 5708 -1804 32767 1142 11475 20805 END
START 7828 728 32767 4192 14624 20062 END
START 9172 1524 32767 7115 16146 18539 END
START 10364 1688 32767 10301 16010 16646 END