START -14472 620 11776 8926 9221 3046 END
START -15268 600 11800 8595 7783 3740 END
START -15168 -160 10668 7947 6623 5191 END
START -14536 -1432 9804 7167 2720 7646 END
START -13540 -2036 8736 6048 -792 9680 END
START -12640 -2636 7988 5018 -3495 11520 END
START -10780 -2688 6692 3821 -3090 13592 END
START -9212 -3284 4528 1918 227 15367 END
START -8040 -4000 2152 -516 3031 17138 END
START -6752 -4896 60 -3547 3845 18909 END
START -5132 -5940 -848 -5883 1256 20335 END
START -2672 -6384 -896 -7156 -3703 21072 END
START 624 -5924 -212 -7582 -8520 20650 END
START 3388 -5252 336 -7756 -11074 19405 END
START 5784 -4780 864 -8515 -11601 17957 END
START 7640 -4380 1832 -9806 -10925 17299 END
START 9468 -3316 2556 -11698 -10032 17398 END
START 11788 -2224 3940 -14214 -8217 17358 END
START 14000 -760 6052 -17081 -5151 16391 END
START 15244 1040 8880 -19703 -2465 14424 END
START 16084 2708 12944 -21222 -1195 11922 END
START 16844 4780 16912 -21192 -1018 9015 END
START 17484 6924 20648 -20049 -1070 5665 END
START 17188 8524 23720 -18418 -1273 1832 END
START 16044 9828 26628 -16684 -2377 -2023 END
START 14388 10652 29928 -14864 -3769 -5644 END
START 12456 10904 32700 -12752 -4814 -8597 END
START 10436 10236 32767 -10577 -5028 -10889 END
START 8224 8896 32767 -8539 -3723 -12455 END
START 5600 7364 32767 -6370 -2457 -13213 END
START 2996 5612 32767 -3398 -2354 -13544 END
START 244 3560 32767 493 -3098 -13593 END
START -1808 2464 32767 4762 -3955 -12999 END
START -3040 1484 32767 9341 -4333 -12148 END
START -4172 1324 32767 13419 -4287 -11221 END
START -4460 1000 32767 16370 -3120 -10156 END
START -4676 1488 32767 18323 -1471 -8944 END
START -4612 844 28812 19719 113 -7721 END
START -4828 1040 25428 20747 1288 -6795 END
START -4576 76 21512 21506 2266 -6096 END
START -4776 12 18108 21762 2590 -5506 END
START -4928 356 14820 21548 2144 -4700 END
START -4512 -508 11060 20985 1594 -3841 END
START -4260 -564 7856 20041 970 -2929 END
START -3716 -1032 4572 18412 882 -1981 END
START -3620 -1492 1780 16253 977 -939 END
START -3412 -2008 -580 14066 483 195 END
START -2916 -2556 -2568 12061 -149 1262 END
START -2160 -2960 -4480 9702 -900 2112 END
START -1376 -3428 -6388 6872 -2088 2731 END
START -324 -3528 -7556 3732 -3308 3211 END
START 452 -3328 -8280 588 -4284 3640 END
START 1420 -3228 -8704 -2416 -4678 4146 END
START 2328 -3040 -8688 -5927 -4869 4615 END
START 3344 -2724 -8388 -9474 -5082 4663 END
START 4684 -2716 -7196 -12839 -4752 3856 END
START 5560 -3136 -5300 -15812 -4212 2169 END
START 5964 -3944 -3180 -18330 -4016 36 END
START 5584 -4396 -652 -20278 -4662 -1718 END
START 5212 -5264 1948 -22134 -5477 -3149 END
START 3924 -5056 4440 -23889 -5394 -4285 END
START 2128 -4792 7004 -25978 -4989 -4955 END
START -68 -3968 9376 -28649 -3543 -5860 END
START -3364 -3224 13052 -30861 -2284 -6387 END
START -6664 -2836 17496 -32125 -2379 -5687 END
START -8684 -2900 21856 -32499 -3128 -3626 END
START -9772 -3748 29096 -32227 -3942 -780 END
START -9516 -5964 32767 -31009 -3488 1972 END
START -9664 -6456 32767 -27454 -1394 5023 END
START -9500 -6200 32767 -21799 897 8775 END
START -8148 -5432 32767 -16507 2879 12030 END
START -6668 -4624 32767 -12395 4664 14302 END
START -5356 -4024 32767 -8858 5717 16606 END
START -3576 -2840 32767 -5369 5985 18946 END
START -920 -1616 32767 -1905 6307 21298 END
START 2028 -552 32767 1096 7113 22764 END
START 4584 188 32767 3321 8077 23056 END