START -15552 -800 15396 19568 3401 -5250 END
START -17004 -704 16284 19911 1928 -4757 END
START -17512 -600 14548 19746 -1500 -3291 END
START -17868 -2884 12536 18725 -4203 -827 END
START -17704 -3236 10932 16537 -4420 1446 END
START -17556 -4460 9188 13577 -2511 4108 END
START -17656 -4956 7220 11213 -173 7442 END
START -17088 -5912 5472 8832 1146 11403 END
START -15244 -6196 3460 6535 2105 15324 END
START -13320 -6576 1832 4668 1614 18470 END
START -10524 -6684 -248 3568 -709 20134 END
START -7536 -6544 -2364 2706 -3791 20300 END
START -5576 -6756 -3872 1737 -7808 19834 END
START -3480 -6584 -5040 263 -11465 19729 END
START -1448 -6272 -5428 -1640 -13467 20372 END
START 944 -5980 -5244 -4167 -14359 21813 END
START 3440 -5212 -4920 -7366 -13199 23337 END
START 6196 -4412 -3872 -11261 -10593 24374 END
START 9296 -3204 -1920 -14592 -8378 24788 END
START 12312 -1928 124 -16998 -6716 23983 END
START 14844 -380 2572 -18848 -5302 21795 END
START 16532 1444 5448 -20469 -4197 18522 END
START 18036 3440 9240 -21687 -3319 14845 END
START 19096 5504 13452 -21954 -2581 11354 END
START 20160 7016 17756 -21601 -1816 7555 END
START 20752 8792 21704 -21241 -675 3559 END
START 20636 9376 25956 -20753 976 -526 END
START 19296 9368 30028 -19596 2236 -4379 END
START 17204 9152 32767 -17917 2944 -7874 END
START 14480 8280 32767 -15830 3394 -10622 END
START 10996 6628 32767 -13261 3451 -12624 END
START 7940 4944 32767 -9766 2668 -13633 END
START 5036 3404 32767 -5895 1612 -13964 END
START 2436 2696 32767 -1446 248 -13769 END
START 604 2364 32767 3299 -1154 -13384 END
START -800 2068 32767 7754 -1795 -12829 END
START -1476 1616 32767 12022 -1669 -12161 END
START -2216 1128 32767 15619 -881 -11501 END
START -3172 584 32767 18535 -81 -10750 END
START -3656 68 32767 20891 505 -9928 END
START -4208 -276 29452 22605 1592 -9147 END
START -4656 -1020 25156 24010 2931 -8087 END
START -4888 -1220 20484 24384 3481 -6810 END
START -4764 -1776 16184 23996 3011 -5751 END
START -4704 -1608 12188 23316 2500 -4828 END
START -4220 -1556 7828 22406 2292 -3977 END
START -3912 -1692 3936 20899 2119 -3077 END
START -3436 -2044 456 18590 1703 -2276 END
START -3036 -2332 -2552 15835 949 -1396 END
START -2772 -3100 -5080 12768 -370 -649 END
START -2384 -3320 -6852 9793 -2268 428 END
START -1676 -3548 -8028 6826 -3931 1661 END
START -660 -3288 -9044 3715 -4906 2891 END
START 656 -2824 -9664 478 -5078 3778 END
START 1804 -2656 -10016 -2779 -4722 4262 END
START 2228 -2564 -9008 -6689 -4382 4391 END
START 3444 -3008 -8856 -10571 -4007 3884 END
START 4092 -3300 -7172 -14047 -3978 2894 END
START 4460 -4276 -4932 -16540 -4170 1637 END
START 4596 -5816 -2304 -18665 -4575 226 END
START 4196 -6588 328 -20281 -5267 -794 END
START 4056 -7644 2776 -21853 -5193 -1744 END
START 2376 -6768 5528 -23701 -4619 -2480 END
START 888 -6144 7572 -25997 -3902 -2552 END
START -648 -4884 9988 -28313 -2936 -2519 END
START -2392 -4060 13028 -30465 -1787 -2932 END
START -4616 -3028 16936 -32254 -1164 -3606 END
START -6920 -2568 22416 -32768 -1409 -3557 END
START -8624 -2548 27896 -31726 -1834 -2325 END
START -9556 -4552 32767 -29831 -1844 -560 END
START -10288 -6856 32767 -27575 -1477 1014 END
START -11896 -7252 32767 -23406 -593 3673 END
START -11696 -6520 32767 -17118 258 8299 END
START -8816 -5908 32767 -11734 2265 13204 END
START -5664 -4360 32767 -8134 5654 17087 END
START -2584 -2912 32767 -5230 8839 19784 END
START -656 -1596 32767 -1562 10766 21440 END