START -21116 -108 15144 21336 3927 -6237 END
START -20460 -168 11292 20654 2533 -5158 END
START -20716 -224 10892 18833 1124 -2311 END
START -21292 -2652 11444 16699 -344 2595 END
START -20372 -3516 10712 13835 763 7732 END
START -18736 -5184 9188 11441 3351 12207 END
START -16816 -5792 7932 9060 5880 16167 END
START -14996 -6604 6352 6693 6598 19446 END
START -12712 -7032 5380 5086 5129 21914 END
START -9816 -7156 4140 4351 2579 22961 END
START -7268 -6908 2504 3724 216 22845 END
START -5144 -6788 1392 3139 -1985 22334 END
START -3448 -5748 712 2671 -4353 21908 END
START -1492 -4696 136 2178 -5625 21737 END
START 68 -3496 -352 1464 -6043 21632 END
START 1556 -2564 -1012 380 -6516 21788 END
START 3832 -1444 -1620 -1266 -6490 21856 END
START 5700 -604 -1760 -3553 -5661 21333 END
START 7304 60 -2000 -6028 -4438 20401 END
START 8364 480 -1848 -8607 -3340 19299 END
START 9504 1128 -1388 -11001 -3088 18012 END
START 10372 1328 -700 -13187 -3334 16645 END
START 11268 1992 504 -15245 -3597 15118 END
START 12288 2448 2248 -17347 -3917 13862 END
START 13148 3284 4568 -19655 -3463 12472 END
START 14060 4288 7752 -21690 -2596 10936 END
START 15248 5444 11308 -23129 -2023 9072 END
START 16436 6808 15272 -23921 -1683 6163 END
START 17868 8072 19624 -24024 -1032 2333 END
START 18000 9032 24004 -23502 -665 -1806 END
START 17800 9476 27952 -21879 -842 -5664 END
START 17016 9708 31940 -19851 -764 -9327 END
START 15480 9404 32767 -17692 -186 -12520 END
START 13160 8436 32767 -15192 751 -14966 END
START 10396 7292 32767 -12381 1935 -16658 END
START 6584 5552 32767 -8460 2284 -17741 END
START 3564 3596 32767 -3814 1670 -18349 END
START 412 2420 32767 1419 326 -18730 END
START -2272 1528 32767 6075 -1542 -18439 END
START -4588 860 32767 10598 -3108 -17212 END
START -6180 708 32767 14151 -3464 -15326 END
START -6816 680 32767 16971 -2342 -13142 END
START -6972 648 32767 18900 -824 -11126 END
START -6936 808 30616 20347 189 -9480 END
START -6864 852 27360 21757 719 -8403 END
START -6744 664 24172 23090 850 -7680 END
START -6760 544 20108 24155 246 -7115 END
START -6504 488 16664 24471 -210 -6750 END
START -6456 732 13168 24054 287 -6410 END
START -6708 564 9860 22910 1566 -5641 END
START -6916 164 6644 21286 2795 -4172 END
START -7056 92 3792 19186 3454 -2284 END
START -6620 -76 1460 16853 3647 -340 END
START -5984 -196 -828 14257 3634 1272 END
START -5200 -116 -3012 11539 3411 2300 END
START -4136 -624 -4264 8628 2788 2868 END
START -3464 -544 -5392 6134 2076 2817 END
START -2544 -884 -6116 3962 694 2956 END
START -1488 -944 -6640 2040 -986 3128 END
START -660 -820 -7240 1 -2494 3412 END
START 408 -860 -7360 -2120 -3770 3981 END
START 1940 -636 -7392 -4882 -4116 4597 END
START 3408 -676 -7180 -8284 -3475 5041 END
START 4832 -1120 -6408 -12000 -2768 4821 END
START 6072 -1500 -4872 -15578 -2327 4113 END
START 7316 -1884 -2764 -18645 -2405 2799 END
START 8432 -2628 -368 -21022 -2684 813 END
START 9060 -3556 2564 -22634 -2991 -1442 END
START 9296 -4160 5420 -23693 -3612 -3656 END
START 9872 -4904 8072 -24334 -4604 -5597 END
START 10148 -5752 10240 -25476 -4879 -7640 END
START 9356 -6212 12040 -27462 -3941 -9660 END
START 7120 -7396 13808 -30095 -2268 -11714 END
START 1776 -6496 16532 -32635 -1667 -13813 END
START -3920 -5440 19904 -32768 -3193 -14327 END
START -8628 -4812 23456 -32174 -5926 -12744 END
START -11700 -4084 27016 -30580 -7941 -9011 END
START -12896 -3600 29624 -29971 -7532 -4122 END
START -13708 -4484 32767 -30748 -4954 832 END
START -13008 -6456 32767 -31028 -2421 4745 END
START -12772 -8888 32767 -29026 211 7853 END
START -12788 -8940 32767 -23444 1330 11173 END
START -11520 -8188 32767 -15183 400 14928 END
START -8848 -6688 32767 -7760 -866 18354 END
START -6024 -4688 32767 -2362 -683 20853 END
START -3244 -2824 32767 1080 912 22563 END
START -804 -1432 32767 3457 3206 23761 END
START 1688 -96 32767 5260 6076 24533 END
START 4592 596 31844 6483 8849 24809 END