START -20276 136 18072 16339 4633 193 END
START -20616 -56 17356 16663 4090 1230 END
START -21124 -476 17460 17420 2846 3693 END
START -18956 -1524 15280 18723 1571 8333 END
START -17180 -1424 12656 18673 1021 12368 END
START -15068 -1792 9796 17476 337 15337 END
START -12692 -2176 7484 15068 -848 17221 END
START -10280 -2172 5296 12054 -2255 18038 END
START -8088 -2608 4008 9319 -2764 17977 END
START -6540 -3192 2932 8157 -2546 17550 END
START -4976 -3384 468 7586 -1931 16926 END
START -3656 -4348 -2732 6030 -1368 16514 END
START -2120 -5668 -5112 2930 -2633 16981 END
START -256 -6072 -6320 -820 -5379 17901 END
START 2004 -6244 -6172 -4368 -7497 18880 END
START 4728 -6276 -5152 -7480 -8389 19386 END
START 7528 -5752 -4268 -9787 -8220 19028 END
START 9880 -5224 -3188 -11583 -8110 17754 END
START 11652 -4292 -1552 -12934 -8476 15730 END
START 12880 -3100 268 -13944 -9712 13830 END
START 13848 -1596 2356 -14927 -10503 12617 END
START 14532 60 4672 -16399 -10021 11176 END
START 15032 2884 7632 -18327 -8642 10070 END
START 16032 5624 11420 -20670 -6389 9120 END
START 16572 9152 16000 -23148 -2951 7582 END
START 17240 11796 21716 -24562 388 4982 END
START 17108 13616 26968 -24519 2760 1064 END
START 16060 14672 32044 -22886 3785 -3648 END
START 13808 14884 32767 -19467 3083 -8952 END
START 10748 13600 32767 -14769 1282 -13567 END
START 6912 10600 32767 -9566 -536 -17162 END
START 3056 6888 32767 -4734 -1979 -19185 END
START -1464 4044 32767 433 -2681 -19057 END
START -4696 2084 32767 5772 -2227 -16877 END
START -6556 896 32767 10953 -583 -13329 END
START -7216 332 32767 15048 1660 -9934 END
START -7428 96 32767 18205 2877 -7235 END
START -6868 72 32767 20679 2918 -5328 END
START -6324 348 31540 22904 1973 -4181 END
START -5472 636 27164 25288 982 -3626 END
START -4652 696 21848 27122 399 -3521 END
START -4048 844 16724 28059 172 -3532 END
START -3532 1056 11864 27742 491 -3486 END
START -3264 1012 6072 25891 1362 -3035 END
START -3136 924 1236 22924 2012 -2091 END
START -2536 432 -2224 18782 2135 -823 END
START -2064 -228 -4364 14324 2325 562 END
START -1684 -720 -6284 10654 2295 1618 END
START -1292 -1764 -7896 7456 1421 2384 END
START -952 -2464 -8852 4883 -112 2795 END
START 4 -3048 -9616 2589 -1878 3127 END
START 416 -3136 -9988 223 -3130 3159 END
START 1028 -3276 -10324 -2475 -4146 3446 END
START 1608 -3284 -10224 -5951 -5040 3881 END
START 2456 -3600 -9508 -9927 -5387 4180 END
START 3352 -3764 -8032 -13736 -5441 4387 END
START 4052 -4224 -6196 -17117 -5173 3967 END
START 4696 -4652 -3864 -20075 -4892 3187 END
START 5360 -4724 -1928 -22366 -4861 1902 END
START 5896 -4944 400 -24529 -4912 43 END
START 5840 -5280 2232 -26261 -5155 -1812 END
START 5016 -5244 4460 -28217 -5536 -3575 END
START 3704 -5392 6768 -30236 -5930 -5004 END
START 2108 -4548 9572 -32201 -6521 -6005 END
START 480 -3676 13100 -32768 -7207 -6545 END
START -968 -2816 17088 -32768 -7533 -6235 END
START -1840 -2268 20808 -32768 -6965 -5347 END
START -2944 -2372 25220 -32768 -5653 -4960 END
START -4068 -4020 30652 -32768 -4190 -5495 END
START -6060 -6588 32767 -32082 -2876 -6375 END
START -8548 -7860 32767 -28400 -2264 -5598 END
START -10032 -8188 32767 -21854 -1750 -2099 END
START -9812 -7620 32767 -14679 32 3004 END
START -8048 -6740 32767 -10254 3191 7251 END
START -5868 -5660 32767 -8005 7276 10651 END
START -4232 -4196 32767 -6462 10766 13372 END
START -2300 -3136 32767 -3865 12632 15644 END
START -144 -2100 32767 -192 13302 16745 END
START 2156 -904 32767 3748 13222 16707 END
START 4200 -252 32767 7201 12647 16129 END