START -10172 5412 18448 10056 -577 -1785 END
START -9476 5288 16336 9966 -1502 -1472 END
START -9500 5956 17332 9767 -2065 -816 END
START -10836 6444 17344 9166 -617 -144 END
START -11596 6524 17772 7874 1622 805 END
START -12584 6608 17536 7363 3512 2172 END
START -14116 5708 17068 7364 4890 3333 END
START -15064 4740 16088 8073 5224 3760 END
START -15660 2996 15164 9341 4262 4529 END
START -15872 748 13676 10347 2193 5844 END
START -15340 -192 11932 11186 292 7488 END
START -14088 -772 10048 11234 -656 9337 END
START -13128 -4528 7604 9799 -290 11480 END
START -12560 -4848 4740 7639 -74 14053 END
START -11176 -7320 1388 5212 -42 15657 END
START -10104 -8540 -1012 2465 -1321 17049 END
START -6968 -13200 -2520 -82 -3742 17866 END
START -6420 -10416 -3244 -1489 -7577 19657 END
START -3380 -11844 -3484 -2288 -11734 21520 END
START -544 -10948 -3304 -3468 -13556 23324 END
START 2744 -9780 -2988 -5193 -13716 24814 END
START 6064 -8412 -2116 -7378 -12624 25847 END
START 9472 -6520 -948 -9812 -11094 25350 END
START 12040 -4240 1168 -12171 -9683 23568 END
START 14136 -1540 3968 -13866 -8221 21128 END
START 15984 1800 7632 -15180 -7553 19186 END
START 18692 5716 11932 -16795 -6963 17886 END
START 22120 10004 17280 -18389 -4249 15760 END
START 25528 14500 23436 -18847 204 11528 END
START 26784 17208 28200 -17914 4171 4918 END
START 25132 18588 32192 -15609 5274 -2975 END
START 21468 18684 32767 -11999 3242 -10788 END
START 16192 17400 32767 -7529 -311 -17267 END
START 11164 15188 32767 -3254 -3778 -21535 END
START 5936 11860 32767 -597 -5485 -23464 END
START 1164 8552 32767 251 -4675 -22997 END
START -2664 5500 32767 1082 -2555 -20579 END
START -6036 2728 32767 3348 -285 -16740 END
START -7604 1824 32767 6972 635 -13237 END
START -8340 1656 32767 11136 275 -10763 END
START -8000 884 32767 15111 -358 -9414 END
START -7828 1028 32767 18752 -1232 -8529 END
START -7460 688 30184 21457 -2150 -7889 END
START -6632 720 25668 23009 -2287 -7105 END
START -6100 468 21416 23592 -1135 -6113 END
START -5668 332 16732 23247 445 -4962 END
START -5408 144 12616 22176 1882 -3744 END
START -5024 232 8272 20645 3213 -2361 END
START -4480 160 4676 18771 3863 -963 END
START -4056 180 1264 16634 3673 343 END
START -3280 -144 -1400 14298 2674 1273 END
START -2460 -708 -3628 11888 1594 1779 END
START -1624 -840 -5676 9443 469 1716 END
START -1216 -1640 -7168 6872 -863 1454 END
START -788 -1744 -8060 4291 -2553 1533 END
START -332 -2068 -8648 1772 -4220 2241 END
START 648 -1860 -9052 -883 -5104 3162 END
START 1800 -1860 -9304 -3824 -5024 3949 END
START 2988 -1828 -9100 -7332 -4555 4577 END
START 4272 -2036 -8660 -11094 -3603 4826 END
START 5000 -2396 -7504 -14707 -2727 4600 END
START 5500 -3220 -5960 -17915 -2270 3409 END
START 5752 -4328 -3852 -20386 -2171 1690 END
START 5244 -5044 -1520 -22177 -2433 298 END
START 5296 -6116 892 -23882 -2394 -909 END
START 4340 -6900 3396 -25844 -2031 -2295 END
START 2888 -6936 6676 -28194 -1738 -3466 END
START 1180 -6252 10700 -29816 -1046 -4164 END
START -572 -4624 14876 -30465 -172 -4453 END
START -2340 -2520 18344 -30562 526 -4657 END
START -4432 124 21660 -30382 1093 -5179 END
START -6360 896 24772 -29971 1607 -5956 END
START -9016 1388 27204 -29633 2448 -6881 END
START -12640 356 30208 -29851 3621 -7918 END
START -17232 -1876 32767 -29466 3126 -8205 END
START -21116 -6444 32767 -26489 -660 -5884 END
START -22464 -7440 32767 -20349 -5820 679 END
START -19276 -6644 32767 -13795 -7092 8365 END
START -14648 -5404 32767 -9627 -2640 14410 END
START -10716 -3788 32767 -7023 3874 18284 END
START -7436 -2728 32767 -3377 7821 20815 END
START -3428 -1676 32767 973 9002 21864 END
START 320 -672 32767 5146 8655 21728 END
START 3656 176 32767 8866 7796 20973 END
START 6640 760 32767 11798 7556 20212 END
START 9500 1372 31252 13614 8079 19608 END
START 12652 2004 27380 14183 9310 18556 END
START 14932 2240 23628 14131 10632 16287 END
START 16172 1944 19864 13550 10720 12617 END