START -13320 -736 16260 12870 1708 2475 END
START -13252 -828 15740 12874 1640 2915 END
START -13968 -1060 14516 12490 842 4170 END
START -13308 -2352 14136 12258 120 6358 END
START -12948 -2516 12632 11601 -214 8590 END
START -11896 -3296 11420 10682 48 11059 END
START -11012 -3096 9800 9344 1854 13261 END
START -10004 -3180 7872 7591 4173 15308 END
START -9352 -3304 5728 5960 5463 17368 END
START -8192 -3668 3216 4644 5191 18886 END
START -7316 -3932 864 3442 3198 19769 END
START -5764 -4404 -1448 2084 -301 19882 END
START -4028 -4384 -3036 557 -4863 19135 END
START -2300 -4036 -3660 -1134 -8858 18206 END
START -112 -3988 -3640 -2612 -11280 17359 END
START 1960 -3420 -3212 -4119 -11974 16580 END
START 3484 -3544 -2760 -6384 -12114 16434 END
START 5532 -3040 -1644 -9379 -11597 17413 END
START 7956 -2516 168 -12641 -10559 18781 END
START 10780 -1680 2504 -15897 -9068 19204 END
START 13680 260 5888 -18844 -6859 17961 END
START 16260 2204 9920 -20820 -4967 15577 END
START 18540 5392 14036 -21834 -3571 12635 END
START 20948 8128 18716 -21718 -2396 9125 END
START 22188 10516 22216 -20755 -772 4391 END
START 22096 11992 25952 -19392 838 -1331 END
START 19876 12568 29208 -17798 1442 -7206 END
START 16568 11856 32488 -15426 1171 -12214 END
START 12184 9868 32767 -12373 705 -15883 END
START 7696 7856 32767 -9617 96 -17384 END
START 4044 5556 32767 -6647 -389 -17102 END
START 332 3436 32767 -2576 -846 -15424 END
START -1940 2332 32767 1797 -982 -13306 END
START -3256 1816 32767 5962 -638 -11284 END
START -4172 1572 32767 9434 47 -9692 END
START -5124 1704 32767 12163 651 -8512 END
START -5720 1640 32767 14955 1135 -7277 END
START -6016 1760 32767 17705 1610 -6147 END
START -6064 1380 31452 20089 2191 -5183 END
START -6028 1164 27544 21881 2567 -4217 END
START -5708 1028 23976 23102 2694 -3145 END
START -5052 720 19476 23714 2841 -2248 END
START -4516 724 15308 23543 3351 -1447 END
START -3912 568 11312 22717 3912 -737 END
START -3224 304 7240 21183 4339 -106 END
START -2776 -364 3772 19194 3858 572 END
START -1788 -932 948 16534 2995 1212 END
START -1352 -1520 -1056 13754 2049 1777 END
START -952 -2312 -2820 10755 988 2369 END
START -784 -2844 -4268 8306 171 2744 END
START -332 -3128 -5520 6123 -910 3300 END
START 632 -3588 -6532 3812 -2044 3958 END
START 1836 -3384 -7468 1339 -3190 4460 END
START 3016 -3012 -8024 -1377 -3952 4345 END
START 4424 -2940 -8224 -4602 -4297 3636 END
START 5364 -3228 -7168 -7831 -4539 2391 END
START 5776 -3852 -5764 -10867 -4599 1217 END
START 5952 -4384 -3896 -13573 -4698 398 END
START 6212 -4864 -1912 -15865 -4349 -484 END
START 6340 -5876 264 -17806 -3771 -1614 END
START 6072 -6028 2260 -19520 -3336 -2983 END
START 5028 -5796 4616 -20879 -3090 -4473 END
START 3268 -4732 6008 -22322 -3190 -5726 END
START 1220 -3328 7364 -24108 -3435 -6760 END
START -1700 -1456 9316 -26637 -3670 -8201 END
START -4264 -656 12224 -28736 -4281 -8909 END
START -6740 -460 16524 -30490 -4547 -8824 END
START -8932 -156 21340 -31736 -4043 -7968 END
START -11224 -912 26512 -32181 -3070 -6243 END
START -13312 -3596 32767 -31622 -3078 -3775 END
START -14528 -5292 32767 -29013 -4193 -564 END
START -14584 -4912 32767 -23344 -4662 3822 END
START -12960 -3732 32767 -17127 -3218 8245 END
START -9964 -2376 32767 -13097 339 11785 END
START -6996 -1260 32767 -10742 5007 14288 END
START -4572 -704 32767 -8176 8887 16270 END
START -1976 -244 32767 -4905 11255 17256 END
START 184 -132 32767 -1124 11594 17517 END
START 2252 -216 32767 2727 10723 17359 END