START -14896 504 16536 13191 3232 5155 END
START -14392 688 15932 13165 2065 5924 END
START -13720 604 14932 12816 1647 7410 END
START -13232 -352 14048 12649 1344 9759 END
START -12560 -416 12720 11623 1560 11936 END
START -11364 -936 12528 11648 -1335 14254 END
START -10488 -844 10768 11421 -966 16001 END
START -9480 -504 9228 10562 163 17450 END
START -8476 -456 7076 10035 746 18034 END
START -8000 -744 4676 9161 -157 17963 END
START -7204 -1104 1796 8132 -3014 17621 END
START -6068 -1252 -764 6413 -5921 17385 END
START -4580 -1880 -3032 4067 -7403 17283 END
START -2936 -2604 -4572 538 -8457 17711 END
START -772 -2948 -4948 -3581 -8794 18486 END
START 1652 -3040 -4360 -7862 -8368 19223 END
START 4468 -2784 -2876 -11587 -6832 19307 END
START 6744 -2656 -1240 -14559 -5438 18641 END
START 8480 -2632 -24 -16452 -5561 17457 END
START 9532 -2220 1172 -17341 -6336 15816 END
START 10744 -2068 2516 -17966 -7188 14490 END
START 12204 -1548 3784 -18779 -7192 13388 END
START 14060 -624 5456 -20469 -5570 11948 END
START 15332 148 7860 -23365 -3005 9899 END
START 16088 1452 11764 -26657 -1250 8053 END
START 16848 3796 17712 -28794 587 5948 END
START 17492 6568 24056 -28603 2457 3097 END
START 18184 8616 29784 -26539 3323 -454 END
START 18080 9328 32767 -23284 2837 -4290 END
START 17072 8908 32767 -20141 1964 -8051 END
START 15584 7340 32767 -17274 1699 -11577 END
START 12992 4860 32767 -13884 1709 -14205 END
START 9396 2060 32767 -8781 1718 -15347 END
START 6508 484 32767 -3005 1804 -15831 END
START 3240 -764 32767 2185 1689 -15912 END
START 356 -1468 32767 6712 1431 -15395 END
START -1552 -1436 32767 10804 1237 -14353 END
START -2924 -1520 32767 14580 1120 -12825 END
START -3876 -1584 32767 17859 1337 -11333 END
START -4340 -1592 32767 20791 1021 -10032 END
START -4676 -1584 32767 23391 782 -9091 END
START -4468 -1440 29796 25784 769 -8429 END
START -4680 -1740 25496 27604 651 -7930 END
START -4920 -2088 21312 28857 521 -7646 END
START -5108 -2036 17000 29372 622 -7280 END
START -5076 -2168 12360 28823 1109 -7101 END
START -5252 -2156 7976 27179 2260 -6640 END
START -5336 -2164 4028 25011 3064 -5420 END
START -5048 -2508 508 22411 3743 -3698 END
START -4552 -2504 -2800 19050 3605 -1998 END
START -3484 -3032 -5176 15261 2928 -564 END
START -2472 -3940 -6804 11967 2215 45 END
START -1768 -5584 -8232 9418 1630 -440 END
START -1212 -7400 -9880 7187 466 -654 END
START -420 -8684 -11180 5063 -1175 111 END
START 336 -9032 -12584 2402 -2842 1851 END
START 1448 -8848 -13376 -1100 -4252 3944 END
START 3512 -8360 -13872 -5916 -4795 5643 END
START 5208 -7236 -13008 -11479 -4181 5857 END
START 6172 -6100 -11436 -16972 -3453 4543 END
START 6800 -5292 -9072 -21322 -3506 3060 END
START 7624 -4596 -6740 -24548 -4049 1619 END
START 8244 -4724 -4184 -27545 -4340 -159 END
START 8504 -4600 -2004 -30900 -3899 -2249 END
START 7924 -5680 1084 -32768 -2168 -5213 END
START 5396 -5844 4804 -32768 -1247 -8416 END
START 1384 -5760 10148 -32768 -2055 -10873 END
START -3076 -4644 16240 -32768 -5120 -11875 END
START -6428 -4228 22792 -32768 -9405 -9980 END
START -7148 -4856 28236 -32768 -10471 -6638 END
START -7096 -6940 32767 -32768 -6038 -4534 END
START -10048 -8492 32767 -32768 730 -3646 END
START -13736 -10536 32767 -32768 3820 -1584 END
START -16208 -11664 32767 -27474 3463 2035 END
START -16332 -12676 32767 -19599 1939 6010 END
START -15536 -12616 32767 -13770 1192 10293 END
START -13572 -11504 32767 -9669 2269 15455 END
START -10580 -9768 32767 -6088 4859 20560 END
START -6432 -8252 32767 -2737 8114 24119 END
START -3080 -7240 32767 971 10274 25999 END
START 72 -6100 32767 5173 10825 26711 END
START 3376 -5372 32767 8998 10421 26915 END
START 6848 -4644 31200 11933 10089 26219 END
START 9488 -4064 27472 13772 10308 24899 END
START 11280 -3652 23824 14330 11191 23324 END
START 12784 -3180 20728 13530 11915 21350 END
START 13068 -3600 17828 12239 12006 18998 END