START -16300 1344 12844 13636 1332 1025 END
START -16788 1476 12292 13234 -236 1694 END
START -16284 960 12892 13060 -1638 2760 END
START -16460 304 11984 13542 -4102 4491 END
START -16156 -308 10908 13669 -5375 6595 END
START -15528 -1208 9680 13450 -5644 8845 END
START -14660 -1456 8160 12459 -5170 11254 END
START -13472 -2212 6536 10940 -4819 13574 END
START -12264 -2464 5040 9332 -4891 15896 END
START -10508 -2768 3148 7777 -5102 17607 END
START -8780 -3120 1280 6189 -5581 18259 END
START -7352 -3924 -96 4708 -7441 18532 END
START -5276 -4488 -1044 3453 -10020 18770 END
START -2780 -4424 -1304 1933 -12210 18706 END
START -412 -4432 -1448 200 -12129 18776 END
START 1560 -4760 -1628 -1814 -11067 19319 END
START 3232 -4852 -1832 -4195 -9844 19934 END
START 4896 -4908 -1504 -6679 -8891 20288 END
START 6980 -4552 -692 -8992 -8373 20511 END
START 9280 -3856 776 -10575 -7800 20224 END
START 11488 -3060 1920 -11828 -6818 18898 END
START 13072 -2076 3112 -13190 -5628 16778 END
START 13916 -1112 4684 -14897 -4487 14457 END
START 14580 560 7364 -16733 -3551 12581 END
START 15612 2216 10072 -18257 -2566 11359 END
START 17344 4228 13940 -19613 -1220 10154 END
START 19116 6240 17892 -20543 489 8225 END
START 20388 8140 21944 -21057 2457 5098 END
START 20484 9588 26288 -20801 3770 653 END
START 19292 10792 30028 -19378 3636 -4073 END
START 17532 11096 32767 -16706 2419 -8793 END
START 14920 10700 32767 -13271 872 -12485 END
START 12320 9516 32767 -10244 -52 -15106 END
START 9208 7620 32767 -8097 -85 -16890 END
START 5432 5648 32767 -5842 244 -17405 END
START 2224 3720 32767 -2555 539 -16842 END
START -392 1996 32767 1710 908 -15415 END
START -2428 1128 32767 6438 1120 -13704 END
START -3604 560 32767 11306 1105 -12042 END
START -4748 608 32767 15545 1381 -10574 END
START -5284 260 32767 18946 1694 -9028 END
START -5592 384 32767 21608 2235 -7499 END
START -5436 368 30548 23690 2921 -6240 END
START -5396 256 26540 25071 3501 -5346 END
START -5424 96 22260 25835 3983 -4678 END
START -5248 -116 18116 25963 4490 -4072 END
START -5132 -428 13880 25365 5142 -3149 END
START -5044 -648 9996 24105 5797 -1930 END
START -4828 -768 6564 22568 6048 -684 END
START -4208 -796 3820 21035 5908 453 END
START -3956 -680 1200 19423 5337 1551 END
START -3112 -872 -936 17512 4635 2359 END
START -2212 -928 -2680 15354 3798 2765 END
START -1284 -888 -4404 12836 2656 2686 END
START -464 -916 -5620 10346 1319 2373 END
START 104 -908 -6472 7775 93 2063 END
START 792 -1032 -7008 5308 -1069 2243 END
START 1476 -1164 -7580 2364 -2090 2836 END
START 2584 -1072 -7340 -686 -2698 3806 END
START 3836 -944 -7476 -3935 -2701 4506 END
START 5112 -932 -7040 -7501 -1824 4345 END
START 5992 -1352 -6012 -10885 -667 3208 END
START 6236 -2180 -4428 -13804 -143 1438 END
START 6016 -3064 -2980 -16145 -468 -167 END
START 5456 -4352 -1256 -18298 -1084 -1335 END
START 4468 -5228 500 -20461 -1093 -2339 END
START 3336 -5428 2004 -22840 -579 -2689 END
START 2132 -5280 3724 -25331 213 -2473 END
START 1236 -4376 5672 -28153 1245 -2169 END
START 672 -3460 8180 -30931 2685 -2243 END
START -68 -2316 10664 -32768 3931 -3365 END
START -1356 -1752 13768 -32768 4313 -5480 END
START -3312 -1380 16648 -32768 3534 -7976 END
START -6104 -1236 19552 -32768 1855 -9932 END
START -9656 -1832 22916 -32768 -285 -11063 END
START -12636 -2460 26964 -32347 -2653 -10005 END
START -13340 -5188 31448 -31358 -3835 -7118 END
START -14236 -5768 32767 -30400 -3327 -3287 END
START -14004 -6072 32767 -28048 -1073 1217 END
START -12996 -6312 32767 -24145 979 5124 END
START -11336 -6040 32767 -19434 2252 8130 END
START -9232 -5636 32767 -14052 3036 10136 END
START -7424 -4844 32767 -9043 3503 11243 END
START -5616 -4184 32767 -4822 3980 12147 END
START -3948 -3712 32767 -1111 4934 13126 END
START -2224 -3496 32767 2315 6300 14168 END
START -432 -3296 32767 5211 7775 15526 END
START 1536 -3280 32767 7472 9089 16563 END
START 3476 -3656 29896 9251 10354 17509 END
START 5156 -3684 26420 10461 11116 18100 END
START 6940 -3636 23096 11061 11028 18113 END
START 8544 -3636 19676 11031 10376 17042 END
START 9804 -3616 17492 10604 9369 14654 END