START -16604 2232 18920 11474 6232 -4610 END
START -16648 1896 18428 12087 5022 -3826 END
START -17732 1100 17932 13600 3512 -1751 END
START -18280 -400 17128 14958 1296 1753 END
START -17476 -1680 15732 14494 710 4958 END
START -16628 -2804 14236 12848 1615 7568 END
START -15920 -3712 13044 10807 2067 10307 END
START -14812 -4264 12288 9312 1919 13079 END
START -13376 -5200 10476 8425 1560 15816 END
START -11584 -5404 8524 7870 1022 18209 END
START -9528 -5776 6020 7030 1033 19851 END
START -7624 -6052 3120 5495 1379 20649 END
START -6044 -6568 336 3426 833 21091 END
START -4400 -6532 -1176 1554 -1296 21859 END
START -1524 -6204 -1848 -225 -4554 22576 END
START 1628 -5136 -2240 -1674 -6646 22100 END
START 4188 -4396 -2508 -2812 -8360 20759 END
START 6132 -3560 -2404 -4493 -10103 19255 END
START 8320 -3040 -1720 -6636 -11070 17940 END
START 10436 -1868 -140 -9012 -10567 16824 END
START 12176 -1100 1680 -11463 -9020 15637 END
START 13604 -300 3844 -13748 -7375 14027 END
START 14784 960 6980 -16029 -5950 12121 END
START 15548 2756 10344 -17599 -5114 10015 END
START 16656 5316 14844 -18235 -4093 7639 END
START 17300 7576 18664 -17782 -2906 4857 END
START 17668 9960 22180 -17180 -1781 1457 END
START 17428 11452 25552 -16388 -1196 -2728 END
START 15776 12268 29808 -15085 -1038 -7667 END
START 12808 11988 32767 -12649 -1208 -12395 END
START 8932 10536 32767 -9706 -1536 -15764 END
START 5044 8788 32767 -6999 -1971 -17117 END
START 1052 6436 32767 -4221 -1949 -17049 END
START -2452 4184 32767 -1348 -1481 -16055 END
START -5668 2800 32767 2312 -1331 -13975 END
START -7352 2060 32767 6927 -1449 -11103 END
START -7756 1992 32767 11288 -1151 -8576 END
START -7648 2024 32767 14898 -435 -6755 END
START -7312 2216 32767 17783 290 -5426 END
START -6724 2692 32767 20142 1000 -4645 END
START -6268 2012 29688 22107 1552 -4164 END
START -5968 1556 25936 23474 1809 -3890 END
START -5612 848 21476 24504 2067 -3597 END
START -5208 576 16988 24889 2221 -3237 END
START -4724 -44 12188 24337 2998 -2480 END
START -4212 -400 7312 22834 3667 -1410 END
START -3432 -1104 3308 20188 4055 -492 END
START -3044 -1752 -328 17170 3833 438 END
START -2416 -2828 -2612 14299 2950 1327 END
START -2320 -3380 -4808 11725 1678 2050 END
START -1612 -3932 -6776 9432 -68 2752 END
START -864 -4096 -8500 7169 -1576 3338 END
START 80 -4004 -10020 4513 -2679 3842 END
START 976 -3700 -11016 1315 -3273 4039 END
START 1920 -3188 -11508 -2216 -3669 4161 END
START 2464 -2988 -11320 -5942 -3912 4107 END
START 2968 -3148 -10624 -9575 -3959 3893 END
START 3372 -3896 -9216 -13209 -3946 3623 END
START 3388 -4752 -7392 -16548 -4072 3034 END
START 3340 -5656 -4972 -19256 -4287 2318 END
START 3164 -6808 -2548 -21494 -4459 1463 END
START 2840 -8048 60 -23477 -4568 602 END
START 2124 -8828 2680 -25372 -4499 23 END
START 1172 -8952 5584 -27433 -3664 -399 END
START 72 -7580 8356 -29372 -2703 -587 END
START -504 -6036 10556 -31211 -1712 -518 END
START -892 -4316 13400 -32768 -580 -965 END
START -1288 -2720 16764 -32768 427 -2444 END
START -2732 -1488 20468 -32768 1253 -4898 END
START -5032 -1220 24200 -32768 1469 -7298 END
START -8008 -2744 29572 -32768 424 -8817 END
START -10520 -4992 32767 -32768 -1911 -9157 END
START -13888 -6848 32767 -29682 -4781 -7234 END
START -15364 -5968 32767 -23284 -5848 -2160 END
START -14424 -6624 32767 -17540 -3257 4197 END
START -12736 -6400 32767 -14846 1889 9294 END
START -11776 -6608 32767 -12405 5880 12790 END
START -10616 -6660 32767 -7737 6956 15360 END
START -8888 -6628 32767 -1308 6351 17404 END
START -6520 -6616 32767 5212 5309 19189 END
START -3340 -5720 32767 9950 4623 20969 END
START 508 -4372 32767 12530 5221 22809 END
START 4584 -3396 32620 13752 7730 23691 END
START 7576 -2500 28736 14473 11014 23384 END