START -12860 3644 14136 8727 3068 7514 END
START -13320 3916 13336 8579 1934 7817 END
START -14584 3968 15120 8155 1750 8457 END
START -12604 1620 14376 8631 476 10282 END
START -12332 2180 13420 9145 -298 11687 END
START -11392 1124 12328 9210 -1048 13111 END
START -10236 768 10740 9061 -1118 14155 END
START -8856 -24 8648 8196 -671 14841 END
START -8024 -716 6300 6639 -656 15106 END
START -7224 -2176 4020 5353 -1304 15235 END
START -6424 -2768 1980 4513 -3428 15158 END
START -5328 -4464 -12 3505 -5481 15673 END
START -3968 -5308 -2380 1848 -7064 16637 END
START -1928 -6248 -3912 -738 -8423 17831 END
START 244 -6820 -4208 -3775 -9148 19159 END
START 2524 -6696 -3624 -6559 -8781 20406 END
START 4624 -6348 -2812 -8754 -7825 21198 END
START 6544 -5788 -2044 -10321 -7178 21514 END
START 8356 -5028 -1392 -11754 -7076 21289 END
START 10520 -3420 -356 -13675 -6910 20423 END
START 12604 -1976 1232 -15500 -6240 19331 END
START 14316 -220 2756 -17235 -4825 17825 END
START 15980 1808 5056 -19516 -3016 15904 END
START 16952 3972 8336 -22037 -1231 13706 END
START 18076 5804 12500 -23982 640 11120 END
START 18840 7652 16616 -25025 2194 7972 END
START 19260 8916 20784 -25085 3119 4149 END
START 19460 9528 24608 -24279 3673 -450 END
START 17996 9284 28712 -22943 3183 -5572 END
START 16332 8524 32664 -20771 1821 -9947 END
START 14236 6852 32767 -18426 944 -13254 END
START 11648 4576 32767 -16389 1728 -15380 END
START 8112 2376 32767 -14308 3000 -16149 END
START 4380 1104 32767 -11184 3320 -15632 END
START 1228 272 32767 -6272 2964 -14632 END
START -980 -468 32767 -893 2386 -13721 END
START -3232 -756 32767 4267 1169 -13117 END
START -4844 -628 32767 8863 56 -12506 END
START -6000 -640 32767 12347 -57 -11600 END
START -6872 -816 32767 15326 774 -10017 END
START -7348 -608 32767 18017 2059 -8231 END
START -7420 -1092 32767 20416 2793 -6702 END
START -7260 -1380 32424 22605 2911 -5644 END
START -7112 -1656 28588 24812 2604 -4944 END
START -6880 -2124 24672 26837 2246 -4248 END
START -6336 -2420 19900 28014 2234 -3550 END
START -5944 -2492 15120 27788 2810 -2911 END
START -5504 -2592 10340 26576 3648 -2047 END
START -5036 -2540 5924 24517 4324 -715 END
START -4024 -2728 1976 21998 4786 724 END
START -2956 -3000 -988 19116 4905 1842 END
START -1844 -3320 -3424 16337 4735 2690 END
START -804 -3708 -5420 13414 3675 3281 END
START 40 -3548 -6816 11233 2520 3473 END
START 956 -3852 -8076 8996 1581 3523 END
START 1832 -3908 -9436 6742 1057 3512 END
START 2532 -3704 -10384 4148 592 3532 END
START 3044 -3080 -11056 1066 102 3689 END
START 3648 -2860 -11204 -2470 104 3903 END
START 4272 -2624 -11136 -6626 564 3779 END
START 4780 -2808 -10060 -10435 953 3208 END
START 5308 -3272 -8680 -14037 802 1973 END
START 5532 -3740 -6532 -16908 349 368 END
START 5556 -4832 -4252 -19348 -266 -1142 END
START 5348 -6092 -1752 -21684 -461 -2672 END
START 4380 -6908 1168 -24010 -600 -3778 END
START 3308 -6968 3600 -25817 -373 -4665 END
START 1984 -6356 6092 -27654 -104 -5225 END
START 40 -5148 9120 -29874 304 -6203 END
START -2160 -4176 11968 -31321 206 -7010 END
START -4348 -2700 15744 -32128 -912 -7554 END
START -6136 -1456 19736 -31913 -2148 -7968 END
START -8040 -1192 23292 -31310 -3166 -8175 END
START -9692 -1708 26868 -31283 -3726 -8377 END
START -11588 -4932 32340 -31931 -4050 -8403 END
START -13648 -6540 32767 -31353 -4507 -7093 END
START -15936 -10140 32767 -27341 -4906 -3151 END
START -16148 -8488 32767 -19765 -4496 3374 END
START -13588 -7680 32767 -13687 -2122 8680 END
START -10380 -6416 32767 -10221 1305 12072 END
START -7660 -4960 32767 -7133 4318 14109 END
START -5452 -4232 32767 -3055 6132 14985 END
START -3484 -3056 32767 1816 6891 16017 END
START -968 -2288 32767 6406 7515 17099 END
START 1484 -1976 32767 9823 8766 17870 END
START 3616 -1428 31516 12087 10254 18296 END
START 5420 -2060 27164 13378 11440 18387 END
START 6568 -1912 23020 14090 11840 17982 END
START 7096 -2168 20104 13623 11203 17051 END
START 7736 -2828 16260 12723 10324 15443 END