START -14052 -1388 11956 7321 4736 9872 END
START -14856 -1708 12852 7133 4146 10263 END
START -13548 -2708 11652 7061 3850 11021 END
START -13232 -3696 11236 7582 2368 12586 END
START -12828 -4440 10384 8137 -174 14129 END
START -11472 -5252 8720 8679 -2401 15954 END
START -9816 -5316 6648 8528 -3106 17405 END
START -8388 -5904 4388 7246 -2836 18032 END
START -7156 -6036 1644 5158 -3037 18370 END
START -5640 -6368 -396 2897 -4421 18878 END
START -3832 -7108 -1608 777 -6842 20159 END
START -1444 -6864 -1680 -1121 -9195 21670 END
START 1128 -5888 -1660 -2664 -11514 22966 END
START 4556 -4860 -1560 -3933 -12642 22945 END
START 7904 -3684 -1240 -5509 -12667 21233 END
START 9996 -2676 -880 -7646 -11344 19112 END
START 11692 -1444 160 -10220 -9895 17606 END
START 13384 -36 1432 -12916 -8061 16415 END
START 14728 1392 3216 -15554 -5981 14688 END
START 15456 3416 6080 -18133 -4159 12597 END
START 16524 5620 10096 -19931 -2709 10345 END
START 17904 8232 15040 -20830 -1660 7712 END
START 19688 10340 19940 -20944 -529 4201 END
START 20452 12140 25072 -20188 921 -918 END
START 19644 12844 30016 -17968 1325 -6397 END
START 17656 13096 32767 -15017 457 -11541 END
START 14400 12800 32767 -11891 -698 -15542 END
START 9888 11536 32767 -8559 -982 -18395 END
START 5476 9936 32767 -5623 -582 -19432 END
START 928 7472 32767 -3004 -181 -18952 END
START -2728 4908 32767 -45 -290 -17282 END
START -5212 2880 32767 3845 -919 -15145 END
START -7240 2040 32767 8604 -1382 -12979 END
START -8336 1320 32767 13327 -1302 -10726 END
START -8680 844 32767 17125 -882 -8345 END
START -8592 836 32767 19810 -195 -6312 END
START -8304 904 30880 21500 616 -4837 END
START -8252 1148 27092 22824 1255 -3719 END
START -7768 1256 22656 23993 1330 -2671 END
START -7200 1032 18100 24546 1140 -1809 END
START -6640 1116 14224 24491 1110 -1074 END
START -6048 1040 10368 23739 1227 -124 END
START -5344 1004 6732 22587 1451 852 END
START -4420 916 3160 20858 1958 1893 END
START -3756 956 -224 18307 2536 2862 END
START -3196 888 -2572 15169 2922 3554 END
START -2440 444 -4400 11879 2695 3912 END
START -1364 -108 -5592 8868 1891 4097 END
START -208 -452 -6740 6334 402 4235 END
START 992 -972 -7788 3780 -960 4119 END
START 1568 -1256 -7808 1034 -1395 4020 END
START 2536 -1508 -8004 -1980 -1094 3849 END
START 3276 -1624 -7832 -4931 -550 3653 END
START 3836 -1856 -7772 -7807 -383 3565 END
START 4632 -2164 -6988 -10807 -499 3245 END
START 5636 -2672 -5816 -13832 -542 2188 END
START 6028 -3476 -3772 -16590 -266 236 END
START 5824 -4060 -1760 -18510 -206 -1684 END
START 5016 -4092 468 -19936 -496 -3679 END
START 4012 -4380 2452 -20799 -1244 -5212 END
START 3040 -4700 3992 -21797 -2107 -5975 END
START 1884 -4588 5328 -23830 -2237 -6598 END
START 72 -4308 7284 -26659 -1805 -7424 END
START -2032 -4116 10168 -29463 -1244 -8238 END
START -4564 -3844 13752 -31637 -627 -8644 END
START -7408 -2768 17808 -32610 -601 -8131 END
START -10400 -2052 21376 -32640 -1061 -7362 END
START -13320 -1272 24880 -31762 -2852 -5923 END
START -15680 -1240 29000 -30234 -5921 -3926 END
START -15200 -3428 32767 -28374 -9701 -1669 END
START -13708 -4704 32767 -25792 -11430 1405 END
START -10620 -4844 32767 -22084 -8580 5316 END
START -7848 -5464 32767 -18154 -2690 8833 END
START -6044 -5500 32767 -14271 2708 11428 END
START -4628 -5336 32767 -9818 5751 13063 END
START -3584 -4568 32767 -4529 6284 14245 END
START -2192 -3536 32767 1072 5628 15350 END
START -388 -1784 32767 5440 5267 16334 END
START 1520 -704 32767 8306 5733 17307 END
START 4084 -4 31356 9777 6688 18110 END
START 6036 352 28016 10086 7900 18472 END