START -13340 3600 20648 8425 7794 473 END
START -13324 3568 20188 8355 6558 1110 END
START -14496 3724 21220 8852 6061 2556 END
START -13832 2560 21040 10032 4704 4573 END
START -13404 2140 19988 11394 3278 5894 END
START -12484 1376 18404 12550 2946 6273 END
START -12024 508 16408 12988 3046 6301 END
START -11800 -748 14472 13036 2608 6304 END
START -11824 -2160 13268 12151 1699 7348 END
START -11800 -2180 11080 11339 795 9361 END
START -10880 -3408 9024 9886 1184 11936 END
START -9472 -3884 6600 7285 3641 14754 END
START -8488 -4844 4080 4292 6140 17311 END
START -7472 -5972 1856 1918 6714 18963 END
START -6440 -6952 -108 362 4588 19798 END
START -5036 -7776 -1692 -545 122 19800 END
START -3384 -8152 -2608 -949 -5293 19600 END
START -1500 -8076 -3180 -1387 -9554 19859 END
START 624 -7804 -3628 -2712 -11565 20927 END
START 3084 -7084 -3968 -5161 -11552 22256 END
START 6028 -6148 -3588 -8770 -9775 23234 END
START 8284 -5140 -2424 -12596 -7280 23590 END
START 10516 -3940 -656 -15865 -5846 23332 END
START 12868 -2616 1596 -18119 -5213 21631 END
START 14884 -800 4968 -19863 -4908 18423 END
START 16188 1392 8908 -21128 -4863 14986 END
START 17096 3380 13580 -21544 -5002 11814 END
START 18304 5928 17948 -21053 -4764 8660 END
START 19984 7848 22028 -20332 -3847 5418 END
START 20276 9796 26224 -19776 -1794 1072 END
START 19236 10908 30468 -19005 87 -3706 END
START 17556 11308 32767 -17735 1343 -8064 END
START 14668 10536 32767 -15713 1807 -11971 END
START 11348 9136 32767 -13253 1259 -15081 END
START 7600 6724 32767 -10158 162 -17140 END
START 4044 4212 32767 -5942 -1496 -17989 END
START 1208 2172 32767 -59 -3314 -17483 END
START -592 1116 32767 5519 -4147 -16247 END
START -1524 212 32767 10264 -3808 -14981 END
START -2508 -60 32767 14080 -3006 -13884 END
START -3624 -712 32767 16968 -2435 -12711 END
START -4228 -1120 32767 19699 -2322 -11165 END
START -4436 -1492 32260 22058 -1914 -9812 END
START -4460 -1520 27112 23528 -595 -8772 END
START -4684 -1992 22664 24153 1008 -7884 END
START -4788 -2244 18008 24123 1865 -6717 END
START -4560 -2340 13568 23400 1720 -5589 END
START -4408 -2340 9548 22279 1555 -4523 END
START -3980 -2144 5720 20749 1772 -3473 END
START -3640 -2124 2304 18447 1892 -2468 END
START -3304 -2388 -448 15462 1597 -1549 END
START -3124 -2752 -2500 13112 978 -1036 END
START -2932 -3140 -4148 10888 -626 -421 END
START -2092 -3332 -5540 9035 -3052 421 END
START -1240 -2972 -6828 7169 -5422 1298 END
START -48 -2516 -7980 4753 -6429 2113 END
START 1140 -1892 -8776 1577 -5987 2772 END
START 2116 -1376 -9072 -2217 -4930 3229 END
START 2968 -1156 -8796 -6178 -3917 3312 END
START 3552 -1028 -8088 -9764 -3092 2961 END
START 3876 -1492 -6744 -12716 -3015 2189 END
START 4500 -2564 -5324 -15257 -3401 847 END
START 4848 -3548 -3148 -17237 -4281 -784 END
START 5028 -4540 -832 -18935 -5535 -2246 END
START 4900 -5520 1520 -20614 -6305 -3779 END
START 4136 -5720 3672 -22331 -6441 -4906 END
START 3312 -5880 5888 -24309 -6423 -5509 END
START 2316 -5644 8540 -26616 -5977 -5895 END
START 1140 -5200 11756 -29288 -4782 -6113 END
START -216 -4380 16992 -31567 -3029 -6227 END
START -1312 -3024 22160 -32215 -1484 -5786 END
START -2028 -2948 28052 -31330 -702 -6106 END
START -2656 -4508 32767 -29518 -1209 -8246 END
START -5024 -6432 32767 -26840 -2851 -10908 END
START -8684 -8280 32767 -22119 -3938 -11335 END
START -12132 -8172 32767 -14687 -4159 -7219 END
START -12896 -8540 32767 -8004 -2268 -120 END
START -11420 -7268 32767 -4340 1616 7549 END
START -8860 -5024 32767 -2657 5791 14598 END
START -5692 -2724 32767 -1455 9435 19413 END
START -2232 -824 32767 37 11187 21821 END
START 452 544 32767 2251 10697 22596 END
START 2924 1596 32767 4957 9013 22674 END