START -9776 1316 12328 10325 -2129 8860 END
START -9852 1308 13480 10197 -1954 9507 END
START -7936 684 9992 9767 -916 10831 END
START -7640 420 9260 8906 204 12485 END
START -6832 328 8420 7680 431 13833 END
START -6276 396 7464 6510 334 14548 END
START -5376 -20 6620 5460 173 14786 END
START -4820 -180 6084 4543 -229 14441 END
START -4032 -316 5048 3898 -529 13925 END
START -3804 -508 4232 3376 -1421 13241 END
START -3432 -1220 3084 2255 -2758 13035 END
START -2952 -1684 1952 727 -4503 13355 END
START -2424 -2012 872 -987 -5848 14059 END
START -1124 -2608 64 -3020 -6379 15299 END
START 348 -2704 -324 -5530 -6176 16583 END
START 2776 -2788 -256 -8713 -4979 17529 END
START 5096 -2568 476 -12363 -3126 17469 END
START 7140 -2392 2012 -15293 -2226 16492 END
START 8432 -2080 4096 -16750 -3074 15125 END
START 10716 -1540 6180 -16916 -4197 13806 END
START 12240 -972 7464 -17060 -4652 12283 END
START 14368 132 9496 -18053 -4603 11077 END
START 16216 1028 12552 -19595 -3904 10071 END
START 17700 3012 15960 -21196 -2771 8798 END
START 19760 5184 20464 -22293 -1168 6830 END
START 21504 7084 24788 -22197 1205 3243 END
START 21840 8452 29008 -20802 2573 -1277 END
START 20756 9156 32700 -18471 2254 -6087 END
START 18848 8796 32767 -15471 1077 -10517 END
START 15772 7636 32767 -12052 -151 -14114 END
START 11996 5884 32767 -8356 -823 -16375 END
START 8116 3744 32767 -4403 -1053 -17219 END
START 4324 1852 32767 -259 -1137 -16725 END
START 1292 348 32767 4133 -1280 -15469 END
START -1176 -632 32767 8156 -1259 -14104 END
START -3200 -1036 32767 12150 -1287 -12306 END
START -4108 -1168 32767 15921 -1220 -10045 END
START -4032 -1128 32767 19065 -905 -8067 END
START -3712 -852 32767 21610 -557 -6574 END
START -3208 -488 31788 23725 -201 -5798 END
START -2952 -516 27892 25529 63 -5396 END
START -2916 -640 24060 26752 218 -5190 END
START -2648 -880 19984 27378 355 -5188 END
START -3096 -1292 16204 27226 1008 -5374 END
START -3304 -1568 11892 26448 1505 -5203 END
START -3644 -1672 7856 25168 1767 -4381 END
START -3420 -1868 4172 22994 2500 -3179 END
START -3016 -1860 696 20232 3240 -1772 END
START -2048 -1876 -1876 17114 3704 -680 END
START -1168 -2096 -3624 14062 3660 -159 END
START -616 -2224 -5156 11255 2913 -32 END
START -500 -2324 -6544 8962 1801 -106 END
START -452 -2624 -7696 6823 374 -134 END
START -668 -3024 -8564 4376 -627 238 END
START -664 -3084 -9144 1713 -1160 1231 END
START -124 -3304 -9544 -1386 -1389 2809 END
START 816 -3144 -9456 -4795 -1304 4289 END
START 1960 -3004 -9348 -8253 -1530 5138 END
START 3240 -2912 -8612 -11960 -1965 5227 END
START 4124 -3260 -7208 -15210 -2432 4609 END
START 4852 -3944 -5344 -17949 -2907 3373 END
START 4956 -4548 -3856 -20365 -3471 2063 END
START 5184 -5096 -2204 -22669 -4084 1176 END
START 5332 -5472 -452 -25263 -4160 484 END
START 5540 -5648 1228 -28034 -3456 -418 END
START 5152 -6008 3136 -30960 -2312 -1714 END
START 4208 -6028 5452 -32768 -1368 -3303 END
START 2000 -5988 8356 -32768 -1325 -4916 END
START 220 -6080 12344 -32768 -2950 -5838 END
START -1580 -5120 16600 -32768 -5359 -6237 END
START -3408 -4968 21552 -32768 -6298 -6209 END
START -4856 -6380 27124 -32768 -5245 -5638 END
START -7468 -7600 32767 -32768 -2620 -4591 END
START -9528 -8988 32767 -32768 357 -2068 END
START -11924 -9092 32767 -31245 1380 1692 END
START -11664 -9376 32767 -23990 1850 6321 END
START -10076 -9840 32767 -17753 2927 10384 END
START -7648 -9796 32767 -12945 5190 13719 END
START -5516 -9752 32767 -8123 8233 16046 END
START -3708 -9180 32767 -2527 9959 18177 END
START -1552 -8060 32767 3390 10279 20317 END
START 1808 -6320 32767 8516 10129 21982 END
START 4608 -5156 32767 12001 10533 22752 END
START 7380 -3880 32767 14571 11194 22403 END
START 9688 -2756 27744 16575 12167 21025 END
START 11088 -2528 23004 17503 12593 19063 END
START 11828 -2832 19020 17346 11910 16667 END
START 12152 -2936 15840 16279 10586 13859 END