START -11412 3976 12724 6852 -2276 10191 END
START -12028 3684 13864 6790 -2404 10535 END
START -11420 2748 12980 6696 -2755 11530 END
START -10700 2160 11360 6143 -2860 12934 END
START -10096 1292 10256 5439 -3283 14123 END
START -9916 804 7688 5428 -5300 15535 END
START -7504 16 7860 6870 -9099 14772 END
START -7168 -504 6204 6393 -8102 13943 END
START -7016 -1360 4792 5182 -7484 14117 END
START -6576 -1776 2956 3671 -7856 14812 END
START -5948 -2516 2300 1822 -8563 16234 END
START -4764 -2796 1268 255 -9551 17820 END
START -2500 -2764 876 -1795 -9961 19344 END
START 500 -2452 928 -4148 -9301 20389 END
START 3432 -1708 1544 -6635 -7662 20517 END
START 5824 -1032 2144 -9307 -5415 19525 END
START 7240 100 3720 -11550 -3589 17699 END
START 8692 608 5236 -12752 -2704 15922 END
START 9656 1400 6704 -13227 -1808 14279 END
START 10764 1900 7616 -13250 -903 12411 END
START 11264 2464 8220 -13378 -303 10537 END
START 11956 3056 8564 -14172 166 8807 END
START 12908 3552 9436 -15976 1162 6851 END
START 13532 3964 11340 -18896 3198 4128 END
START 12932 4928 14424 -21591 5242 704 END
START 11596 5676 17980 -22492 5536 -2505 END
START 10376 6488 21984 -21408 3730 -5236 END
START 9672 6812 25216 -19229 934 -7251 END
START 9640 6756 28208 -17304 -1060 -8521 END
START 9632 6128 31164 -15869 -1755 -9714 END
START 9076 4816 32767 -14832 -1309 -10643 END
START 7840 3300 32767 -13303 -989 -11398 END
START 6496 2040 32767 -10401 -1224 -11894 END
START 4992 1136 32767 -6188 -1618 -12116 END
START 3632 684 32767 -1729 -1944 -12221 END
START 2444 444 32767 2399 -2044 -12280 END
START 1140 304 32767 6106 -1862 -12294 END
START -316 316 32767 9551 -1507 -12104 END
START -1268 296 32767 12741 -997 -11670 END
START -2224 68 32767 15698 -725 -11142 END
START -2868 -128 32767 18282 -843 -10579 END
START -3492 -520 32028 20739 -1061 -10047 END
START -3768 -812 29208 23014 -1302 -9691 END
START -4372 -944 26560 24956 -1548 -9178 END
START -4668 -1212 23528 26406 -1589 -8578 END
START -4908 -1256 20228 27217 -1067 -8035 END
START -5224 -1476 17208 27327 -366 -7444 END
START -5580 -1396 14096 26982 104 -6641 END
START -5732 -1376 11160 26013 496 -5651 END
START -5880 -1180 8512 24426 996 -4681 END
START -5672 -940 5992 22598 1347 -3875 END
START -5584 -660 3512 20346 1702 -3405 END
START -5608 -368 1500 18065 1469 -2594 END
START -5092 44 72 15912 1302 -1467 END
START -4284 128 -1732 13646 1801 -328 END
START -3568 -68 -3332 10790 2320 859 END
START -2868 -216 -4928 7887 2831 1793 END
START -2336 -668 -6252 4658 3227 2291 END
START -1860 -904 -7276 1288 3055 2617 END
START -1468 -1160 -7608 -2152 2439 2874 END
START -916 -1108 -7596 -5546 2023 3060 END
START -700 -1264 -7280 -8460 1586 3302 END
START -384 -1324 -7004 -11094 950 3541 END
START 156 -1356 -6528 -13685 49 3765 END
START 948 -1988 -5928 -16447 -760 3707 END
START 1852 -2456 -4708 -19563 -1073 3223 END
START 2524 -3112 -2924 -22575 -1256 2441 END
START 3116 -3856 -956 -25115 -1733 1612 END
START 3444 -4436 1096 -27197 -2400 627 END
START 3608 -5060 2776 -29289 -3105 -538 END
START 3568 -5440 4864 -31615 -4137 -1703 END
START 3500 -5652 7172 -32768 -5283 -2525 END
START 3556 -5936 9932 -32768 -5753 -3334 END
START 2916 -6344 13348 -32768 -5454 -4623 END
START 1928 -7768 17352 -32768 -5654 -5872 END
START 508 -10160 22200 -32768 -6707 -6929 END
START -1792 -11984 27908 -32768 -8184 -6757 END
START -4772 -12832 32767 -32768 -10752 -4827 END
START -5912 -11996 32767 -27928 -13408 -958 END
START -5528 -11204 32767 -23922 -13301 3822 END
START -4108 -10380 32767 -21990 -9970 8070 END
START -3256 -9836 32767 -20458 -5613 11207 END
START -2404 -9048 32767 -18505 -1663 13878 END
START -1420 -7500 32767 -15011 720 16175 END
START -180 -5756 32767 -10180 2266 17749 END
START 1748 -4072 32767 -4602 3853 18260 END
START 3940 -2452 32767 1063 5524 17632 END
START 5240 -1272 32767 6199 6843 16585 END
START 6472 -424 32767 10523 7653 15468 END
START 7852 -56 32767 14150 8439 13797 END
START 9012 -68 31728 16582 9514 12106 END
START 9212 -304 28324 18372 10249 9956 END
START 9564 -944 25256 19505 10753 7640 END
START 9508 -1216 21584 20039 10715 5145 END
START 9444 -1696 18692 20169 9755 2671 END
START 9384 -1696 16112 19670 8094 343 END
START 9072 -1708 13492 18436 6155 -1801 END
START 9372 -1460 11924 16715 4605 -4163 END
START 9484 -1016 11052 15071 4277 -6993 END
START 9416 -808 10588 13584 4213 -9881 END
START 9000 -916 10084 12624 4139 -12701 END
START 8336 -1044 10304 11397 3858 -15168 END
START 7068 -1192 10388 10489 3573 -17398 END
START 5444 -1872 11048 9993 2983 -19216 END
START 2784 -2764 11468 10078 2029 -20261 END
START 44 -3728 11860 10601 1017 -20404 END
START -2464 -4852 11948 10986 -74 -19630 END
START -4508 -6000 12308 10960 -770 -18217 END
START -6476 -6836 12696 10017 -977 -16322 END
START -7600 -7124 13224 8028 -291 -14033 END
START -8468 -7140 14100 5957 1135 -11187 END