START -9848 3352 15020 13209 1700 2005 END
START -10260 3224 14584 13059 928 2257 END
START -11008 3404 15544 12496 682 2777 END
START -10108 2260 13800 12182 247 4005 END
START -10116 2192 13096 11723 216 5319 END
START -9808 1532 12000 11222 524 6920 END
START -9216 1632 10468 10489 771 8539 END
START -8536 1420 8852 9411 787 9695 END
START -8320 1564 7764 8657 -209 10575 END
START -7672 1384 5736 8256 -1502 11168 END
START -7184 780 3660 7453 -2465 11360 END
START -6716 -8 992 5957 -3254 11510 END
START -6284 -536 -972 3857 -4178 11791 END
START -5656 -988 -2308 1042 -5501 13230 END
START -3732 -1560 -2852 -2176 -6081 15228 END
START -1424 -2508 -2400 -5823 -5508 17350 END
START 1488 -2408 -1636 -9160 -4839 18647 END
START 4236 -2252 36 -11453 -4476 18178 END
START 6008 -2124 1628 -12413 -5403 16718 END
START 7284 -2084 2552 -12387 -7357 14888 END
START 8296 -1768 3948 -12279 -9023 13749 END
START 9256 -1040 4996 -12862 -9467 13315 END
START 10636 -184 6048 -14237 -8456 13507 END
START 12172 676 7792 -16761 -6242 13545 END
START 13552 2356 10524 -19847 -3352 12910 END
START 14584 3944 14588 -22042 -1048 11755 END
START 15556 6372 19000 -23057 407 9758 END
START 16140 8204 23356 -22940 1349 7002 END
START 16420 9816 27348 -21745 1749 3339 END
START 16396 10184 31656 -19682 1913 -879 END
START 15136 9808 32767 -17072 2156 -5605 END
START 13008 8312 32767 -14291 1694 -9499 END
START 9772 5752 32767 -11288 1155 -12248 END
START 6468 3428 32767 -7709 730 -13576 END
START 3508 1952 32767 -3932 746 -13476 END
START 812 852 32767 460 946 -12317 END
START -1020 136 32767 4305 1291 -10878 END
START -2376 -232 32767 8321 1614 -9356 END
START -2992 -384 32767 11906 1906 -8179 END
START -3768 -16 32767 15318 2075 -7253 END
START -3572 72 32767 18429 1950 -6753 END
START -3640 420 32767 21064 2064 -6595 END
START -3840 476 31508 23203 2363 -6630 END
START -4068 104 27744 24846 2654 -6780 END
START -4704 -552 23576 25990 2702 -6771 END
START -4852 -1144 19452 26760 2493 -6263 END
START -5004 -1468 15224 26751 2274 -5526 END
START -4576 -1544 10908 26077 2631 -4649 END
START -4388 -1672 6760 24737 2932 -3632 END
START -3784 -1736 2532 22977 3139 -2469 END
START -2936 -1900 -1376 20288 2899 -1376 END
START -2252 -2292 -4512 16599 2073 -583 END
START -1660 -2412 -6520 12969 1367 -208 END
START -1552 -2916 -7868 9862 534 35 END
START -1576 -3412 -9012 7454 -888 667 END
START -756 -3704 -9860 4870 -2308 1642 END
START 248 -3612 -10632 1870 -2933 2703 END
START 1384 -3268 -11016 -1481 -2722 3668 END
START 2700 -3032 -10952 -5269 -2118 4367 END
START 4108 -2988 -10268 -9066 -1813 4254 END
START 5332 -3236 -9016 -12456 -1641 3071 END
START 5888 -3348 -7300 -15229 -2012 1478 END
START 6340 -4264 -5472 -17524 -2514 -142 END
START 6500 -5272 -3380 -19903 -2345 -1628 END
START 6244 -5840 -1400 -22399 -1715 -2808 END
START 5272 -6256 516 -24855 -1144 -3783 END
START 3788 -6072 2060 -27201 -641 -4437 END
START 2240 -5652 4212 -30068 -68 -5352 END
START -224 -4896 7112 -32510 -135 -6736 END
START -3528 -4004 10996 -32768 -2308 -7629 END
START -6272 -3484 15664 -32768 -6037 -7907 END
START -8160 -1864 20460 -32307 -9333 -7192 END
START -9320 -1600 25560 -32006 -9537 -5745 END
START -9320 -3180 31532 -32768 -6818 -3534 END
START -9520 -6248 32767 -32768 -2733 -957 END
START -10484 -8012 32767 -32768 1070 1772 END
START -11900 -9020 32767 -26245 3135 4850 END
START -11768 -9476 32767 -17763 3401 7243 END
START -10864 -9032 32767 -10140 2729 8981 END
START -9420 -8040 32767 -4197 2581 10661 END
START -7636 -6596 32767 116 3947 13069 END
START -5292 -5304 32767 3691 5984 15711 END
START -2356 -3796 32767 7105 7931 18193 END
START 404 -2472 32767 9866 9672 20139 END
START 2840 -1884 32767 11696 10823 21490 END
START 5344 -1392 28768 13084 11230 22128 END
START 7780 -1144 24492 13711 10975 21470 END
START 9272 -1268 21068 14337 10014 19290 END