START -12840 -2720 9432 14244 4170 8355 END
START -12416 -2840 7940 13862 2738 9003 END
START -11924 -2536 7556 12324 2247 10507 END
START -11076 -4112 7224 10622 1923 13232 END
START -10352 -4068 6908 8761 2304 15753 END
START -8884 -4772 5932 7518 2161 17899 END
START -7372 -5232 5328 6617 1717 18989 END
START -5928 -4852 4208 5888 414 19253 END
START -4692 -5312 4008 5377 -1181 18879 END
START -3880 -4624 3608 5417 -3347 18134 END
START -3032 -4188 3112 5978 -6055 17873 END
START -1676 -3576 2752 6498 -8159 18014 END
START 12 -2812 1812 5882 -8029 18720 END
START 1652 -1876 656 3125 -5053 20242 END
START 3264 -752 -256 -1504 -721 22354 END
START 5260 -8 -424 -6857 3107 24315 END
START 7240 1068 464 -11332 5509 24683 END
START 8968 1976 1676 -14341 6552 23615 END
START 10612 2856 3336 -15813 5731 21701 END
START 11812 3656 4700 -16038 3230 19350 END
START 13388 4708 6100 -15876 464 16716 END
START 14984 6256 8188 -16131 -1475 13748 END
START 16964 7944 10856 -16830 -2040 11121 END
START 18980 9424 13564 -18191 -173 8113 END
START 20172 10492 16864 -19612 2450 4973 END
START 20360 11412 20284 -20560 4171 1617 END
START 19904 11720 24068 -20594 5140 -2047 END
START 18244 11612 28312 -19647 5622 -5806 END
START 15844 11240 31972 -17522 5428 -9164 END
START 12976 10512 32767 -14429 4738 -12007 END
START 9732 8956 32767 -10770 3517 -14212 END
START 6564 6888 32767 -7204 2469 -15764 END
START 3436 4664 32767 -3463 1784 -16457 END
START 240 2720 32767 434 1491 -16332 END
START -2400 1208 32767 4124 1540 -15454 END
START -4796 -160 32767 8395 1588 -13715 END
START -5980 -868 32767 12575 1173 -11446 END
START -6304 -1172 32767 16286 492 -9444 END
START -5856 -908 32596 19297 93 -8111 END
START -5304 -696 28596 21636 -170 -7422 END
START -4720 -308 25156 23700 -799 -7243 END
START -4412 -40 21252 25482 -2011 -7516 END
START -4008 116 17076 26909 -3437 -8033 END
START -3880 308 13276 27614 -4774 -8520 END
START -3828 868 9264 27653 -5497 -8530 END
START -3400 1224 5500 26549 -5203 -8133 END
START -2648 1524 1156 23762 -3214 -7579 END
START -2364 1336 -2472 19223 -617 -6484 END
START -2336 1112 -4876 13990 1657 -4983 END
START -2176 444 -6744 8914 3113 -3425 END
START -2296 -440 -7652 5035 3291 -1971 END
START -1668 -1488 -8448 2410 2019 -616 END
START -704 -2124 -9180 622 -137 156 END
START 328 -2600 -10256 -935 -2461 246 END
START 1432 -3152 -11304 -2931 -5373 -146 END
START 2088 -3092 -12048 -5911 -7837 -971 END
START 2540 -3060 -12464 -9792 -8911 -1519 END
START 2272 -3116 -11952 -14467 -9262 -1514 END
START 2272 -3108 -11036 -19373 -9831 -779 END
START 2724 -3448 -9496 -24290 -10075 133 END
START 3152 -3892 -7284 -29170 -9779 594 END
START 3424 -4380 -4052 -32768 -8672 309 END
START 3292 -5200 72 -32768 -6788 -1083 END
START 1668 -6284 5964 -32768 -4471 -3269 END
START -1240 -8104 13408 -32768 -2928 -5064 END
START -4488 -10260 22960 -32768 -3518 -4869 END
START -7356 -11068 32612 -32768 -4940 -1578 END
START -8084 -10428 32767 -32768 -5607 2605 END
START -6928 -10448 32767 -32768 -4459 4987 END
START -6148 -9928 32767 -29216 -1602 4928 END
START -6632 -9444 32767 -25646 719 4416 END
START -7668 -8640 32767 -21079 1480 4906 END
START -7908 -8352 32767 -15913 1806 6723 END
START -7480 -8056 32767 -10538 2594 9347 END
START -6236 -7268 32767 -5669 4146 12119 END
START -5188 -6176 32767 -1376 6140 14810 END
START -3252 -4860 32767 2511 7342 16997 END
START -848 -3316 32767 5865 7973 18717 END
START 1748 -1432 32767 8505 9260 20021 END
START 4108 -528 29316 10374 9936 21166 END
START 6676 192 25268 10951 9667 21975 END