START -9588 1892 17876 17185 4529 -14054 END
START -10316 2276 17252 17046 4001 -13532 END
START -11384 2536 15292 15978 2200 -11763 END
START -12568 1364 14484 15164 762 -8770 END
START -13440 1732 13592 13344 1809 -6647 END
START -14708 916 12928 10333 4317 -5044 END
START -16360 40 12712 7959 6716 -3076 END
START -17628 -996 12404 6463 7693 -883 END
START -18640 -2108 12144 6251 7131 1942 END
START -19384 -2748 11424 6974 5092 5414 END
START -18908 -2768 10024 7997 2793 8864 END
START -17924 -2984 7964 8407 1111 12103 END
START -16488 -2920 5856 7494 699 14887 END
START -14896 -3048 4088 5462 979 17172 END
START -13516 -3116 2532 2862 1220 19314 END
START -11916 -3576 1420 450 814 21793 END
START -9948 -3960 456 -1598 -494 24252 END
START -7400 -4756 -144 -3396 -2227 26423 END
START -4396 -5112 -964 -5349 -4039 28184 END
START -1100 -5616 -1204 -7595 -5633 29198 END
START 2456 -5564 -744 -9772 -6968 29177 END
START 5864 -5152 -64 -11540 -7950 28308 END
START 9116 -4808 928 -13101 -8626 26967 END
START 12364 -4480 2416 -14527 -8811 25149 END
START 15012 -4092 4368 -15698 -8802 22792 END
START 17572 -3188 6632 -16655 -8379 20061 END
START 19400 -2448 9436 -17271 -7412 16917 END
START 20792 -760 12196 -17958 -5806 14016 END
START 21576 688 15088 -18866 -3328 10312 END
START 21496 2660 19040 -19555 -707 6756 END
START 21004 4572 22136 -19331 1444 3340 END
START 19724 6100 25248 -18451 2740 -186 END
START 18260 6908 27944 -16896 2881 -4079 END
START 16432 7384 30052 -14958 2221 -8075 END
START 14112 6908 32168 -12998 902 -11736 END
START 11264 6336 32767 -11333 -401 -14673 END
START 7888 5896 32767 -9232 -1128 -16262 END
START 5124 4872 32767 -6964 -1091 -16593 END
START 2932 4000 32767 -4518 -617 -16319 END
START 564 2872 32767 -1657 -198 -15793 END
START -1212 1704 32767 2224 -489 -15241 END
START -2860 404 32767 6875 -1617 -14578 END
START -3692 -348 32767 11671 -2685 -13849 END
START -4024 -720 32767 16028 -2763 -13116 END
START -4252 -1004 32767 19362 -1650 -12418 END
START -4560 -1168 30848 21536 89 -11321 END
START -5056 -1184 26048 22512 1395 -10081 END
START -5288 -1012 22032 22575 2315 -8996 END
START -5472 -1540 18008 22585 2992 -8146 END
START -5600 -1724 14208 22500 2973 -7113 END
START -5432 -2048 10660 22003 2153 -5835 END
START -5204 -2152 7020 20841 1437 -4601 END
START -4572 -2472 3744 19195 614 -3408 END
START -4092 -2920 1224 17364 235 -2403 END
START -3688 -3652 -1616 15235 -189 -1372 END
START -3012 -4136 -4100 12607 -1371 -151 END
START -2156 -4520 -6320 9575 -2901 1262 END
START -1396 -4400 -7676 6411 -3956 2792 END
START -252 -4128 -8624 3062 -4191 4031 END
START 944 -4024 -8872 -696 -3498 4735 END
START 1836 -3904 -8960 -4656 -2783 4751 END
START 2572 -4120 -8132 -8660 -2625 4339 END
START 3020 -4316 -6492 -11922 -3005 3540 END
START 3228 -4880 -4144 -14137 -3884 2532 END
START 3388 -5456 -2312 -16047 -4515 1238 END
START 3132 -5656 -580 -18135 -4624 -253 END
START 2300 -6012 1580 -20503 -4604 -1343 END
START 856 -5796 3536 -22937 -4047 -2042 END
START -808 -4884 5360 -25554 -3760 -1974 END
START -2412 -3956 8004 -28294 -3478 -1701 END
START -4244 -2744 11932 -30552 -2802 -1671 END
START -6040 -2048 16608 -31964 -2456 -1914 END
START -7592 -1112 21960 -31799 -3069 -913 END
START -7560 -2524 28128 -30840 -3709 845 END
START -7144 -4516 32767 -29679 -3311 2101 END
START -7512 -4348 32767 -26657 -2084 3601 END
START -7812 -4440 32767 -21334 -727 6382 END
START -6740 -3596 32767 -15849 742 10049 END
START -4476 -2084 32767 -11748 3367 13008 END
START -2356 -1140 32767 -8933 6439 15113 END
START -1264 -916 32767 -5848 8898 16900 END
START -148 -896 32767 -2049 10254 18292 END
START 944 -1076 32767 2034 10505 19370 END
START 2288 -1376 32767 5796 10033 19968 END