START -13280 -1180 16000 19986 6611 -906 END
START -13416 -1240 15488 19999 6658 -428 END
START -14460 -1236 14232 19542 6385 984 END
START -13944 -2348 12136 18696 5702 3402 END
START -13820 -3120 9960 17580 4275 5832 END
START -13076 -3568 7948 16124 2294 8003 END
START -11928 -3696 6260 14567 868 9954 END
START -10812 -3796 4676 13036 250 11843 END
START -8828 -3704 2728 10972 445 13537 END
START -6624 -3916 452 8004 2707 14719 END
START -5256 -3992 -1376 3938 4733 15868 END
START -3752 -4248 -2664 -207 5128 16924 END
START -1964 -4592 -3440 -3426 3603 17611 END
START -100 -4828 -3420 -5325 785 17812 END
START 1484 -4524 -3236 -6209 -2281 17417 END
START 3376 -4208 -2852 -6948 -5181 16819 END
START 4904 -3664 -2716 -8254 -6915 16248 END
START 6692 -2728 -1804 -10046 -7244 15791 END
START 8316 -1604 -1220 -12550 -6626 15634 END
START 9884 -1096 68 -15668 -5392 15286 END
START 10848 72 2012 -18673 -4188 14469 END
START 11608 1416 4636 -21152 -3397 13225 END
START 12348 3008 8332 -22960 -2664 11562 END
START 13316 5200 12876 -23653 -2250 9644 END
START 14304 7704 17152 -23320 -1801 7334 END
START 15644 10336 20852 -22852 -885 4019 END
START 15684 12384 25228 -22393 -72 -265 END
START 14592 14044 29472 -21223 208 -4683 END
START 12904 14592 32767 -19032 162 -8757 END
START 10556 13916 32767 -15958 152 -11869 END
START 7892 12436 32767 -12265 -135 -14235 END
START 4704 9920 32767 -8835 -185 -16271 END
START 1420 6924 32767 -5396 -135 -17600 END
START -2684 4100 32767 -1490 -134 -17590 END
START -6344 1984 32767 3240 -661 -15996 END
START -8796 408 32767 8445 -1488 -13462 END
START -9600 -68 32767 13105 -2286 -10751 END
START -9716 -160 32767 16772 -2849 -8289 END
START -9056 100 32767 19554 -2848 -6424 END
START -8300 -4 30808 21755 -2462 -4871 END
START -7608 352 26632 23374 -2181 -3618 END
START -6604 524 22524 24434 -2129 -2908 END
START -5904 568 18440 24911 -1999 -2683 END
START -5508 656 14404 24950 -1826 -2630 END
START -5120 652 10304 24347 -1604 -2525 END
START -4644 552 6200 22731 -855 -2299 END
START -4428 84 2908 20193 -195 -1566 END
START -4100 20 216 17220 -64 -463 END
START -3380 -528 -1808 14427 -128 611 END
START -2996 -956 -4232 11852 -2 1255 END
START -3292 -1528 -6280 9458 -917 1793 END
START -2964 -1672 -8240 6934 -2950 2422 END
START -2436 -2008 -9620 4244 -5605 3297 END
START -1300 -1848 -10416 1527 -7413 4136 END
START 464 -1872 -11048 -1882 -7802 5043 END
START 2168 -2144 -11436 -6173 -7802 5510 END
START 3808 -2232 -10696 -10914 -8234 5261 END
START 4964 -2328 -9084 -15400 -9007 4575 END
START 5948 -2880 -7136 -18744 -9773 3681 END
START 6564 -3612 -5208 -21487 -10506 2421 END
START 7132 -4808 -2620 -24143 -11269 809 END
START 7248 -6144 -60 -26578 -11695 -1162 END
START 6988 -7560 2648 -29021 -11178 -2981 END
START 5896 -9356 5544 -31754 -9799 -4822 END
START 3696 -10556 8540 -32768 -8925 -5970 END
START 832 -10928 12384 -32768 -9107 -5650 END
START -1632 -10860 16376 -32768 -9032 -4290 END
START -3916 -10768 21288 -32768 -8678 -2240 END
START -5584 -10848 27588 -32768 -8246 141 END
START -6500 -10988 32767 -32768 -7511 2646 END
START -6812 -10060 32767 -32768 -5559 5356 END
START -6692 -8848 32767 -29607 -3330 8612 END
START -5604 -7616 32767 -24923 -1016 11807 END
START -4108 -6732 32767 -20401 1514 14301 END
START -2168 -5548 32767 -16258 4765 16237 END
START -656 -4784 32767 -11662 8480 17254 END
START 476 -4428 32767 -6315 11356 17459 END
START 1328 -3772 32767 -638 12985 17667 END
START 2948 -2716 32767 4992 13386 17806 END