START -9704 772 11896 10856 687 11822 END
START -10072 896 12224 10366 -290 12301 END
START -10392 752 11676 9496 -570 13113 END
START -8532 -300 9976 9178 -794 14796 END
START -7708 -108 8656 7927 400 15888 END
START -6856 -604 6940 6019 2590 16487 END
START -6076 -1316 5044 3630 5090 16891 END
START -5980 -1856 3732 1138 5319 17887 END
START -5172 -3244 2508 -383 2904 19048 END
START -3588 -3472 1376 -1545 -1074 19779 END
START -1224 -3684 1104 -2773 -4857 19636 END
START 868 -3044 856 -4022 -7407 18647 END
START 2368 -2280 1204 -4965 -8728 17568 END
START 3748 -1640 1316 -5945 -9067 17024 END
START 5268 -1436 1572 -7394 -8921 16754 END
START 6752 -996 2024 -9380 -8748 16991 END
START 8852 -364 3056 -11532 -7878 17019 END
START 10696 864 4456 -14193 -6166 15850 END
START 11892 2336 6860 -16412 -4515 13742 END
START 12728 3964 9796 -17731 -4276 11617 END
START 13816 6092 12880 -17794 -5113 9622 END
START 15100 8148 16084 -17296 -6038 7481 END
START 16456 10256 19412 -16593 -6101 4881 END
START 17212 12408 23056 -16120 -4964 1600 END
START 16868 13576 26652 -15672 -3261 -2200 END
START 14940 14380 30696 -14307 -2592 -6011 END
START 12516 14220 32767 -11498 -2915 -9414 END
START 9832 12836 32767 -8063 -3812 -11789 END
START 7216 10896 32767 -5137 -4385 -13323 END
START 3828 8632 32767 -2353 -4472 -13929 END
START 856 7304 32767 1291 -4218 -13421 END
START -1676 6248 32767 5433 -3736 -11993 END
START -3132 5468 32767 9346 -2994 -10238 END
START -4144 4984 32767 12489 -1697 -8543 END
START -4608 4608 32767 15057 -301 -7108 END
START -4908 4072 32767 17026 531 -6004 END
START -4876 3340 29408 18439 360 -5149 END
START -4476 2828 25760 19657 -55 -4695 END
START -4260 2096 22436 20604 -141 -4415 END
START -4156 1420 18520 21206 175 -3877 END
START -4084 872 14336 21208 621 -3035 END
START -4004 460 10612 20520 1285 -1983 END
START -3632 92 6924 19003 2060 -695 END
START -3268 -44 3788 16906 2214 468 END
START -2772 -148 968 14676 1904 1382 END
START -2200 -216 -980 12572 1427 1935 END
START -1740 -420 -3196 10574 758 1866 END
START -1852 -920 -4984 8338 -438 1545 END
START -1944 -1108 -6176 6098 -2355 1554 END
START -1544 -1524 -7064 3513 -3972 2107 END
START -844 -1924 -7564 602 -4521 2984 END
START -80 -2568 -7588 -2475 -4213 4076 END
START 828 -3188 -6792 -5635 -3813 5088 END
START 1876 -3856 -5500 -8506 -3615 5674 END
START 3116 -4456 -3768 -10899 -3484 5723 END
START 4240 -4872 -2084 -12991 -3394 5155 END
START 5188 -5228 -772 -14851 -3046 4324 END
START 5848 -5248 924 -16599 -2539 3767 END
START 6628 -5468 2284 -18629 -1286 3035 END
START 6368 -4616 3588 -20821 306 2014 END
START 5444 -3972 4728 -22830 1616 774 END
START 4100 -3008 5976 -24843 2420 -484 END
START 2592 -2176 7440 -26591 2861 -1748 END
START 1380 -1508 9404 -27972 2819 -3306 END
START -468 -876 11728 -29130 1949 -5376 END
START -2684 -140 14612 -29468 -204 -6902 END
START -5024 996 17836 -29364 -2312 -7861 END
START -6996 1684 20752 -29546 -2759 -8252 END
START -9740 1016 24364 -30707 -1009 -8208 END
START -12600 -2320 30196 -32768 2166 -8341 END
START -16848 -4888 32767 -32768 3996 -7764 END
START -20028 -7468 32767 -27424 2272 -4060 END
START -19900 -7184 32767 -19303 -371 2814 END
START -15392 -5204 32767 -12557 -216 9731 END
START -9440 -2720 32767 -9216 3722 14585 END
START -4132 -764 32767 -7538 9150 16790 END
START -644 428 32767 -5213 12853 17443 END
START 2428 936 32767 -1540 14007 17144 END
START 4792 1112 32767 2656 13564 16074 END
START 7032 1056 32767 6699 12742 14560 END
START 8720 944 32767 10049 11778 13321 END
START 9836 636 31412 12540 11521 12082 END