START -13772 1540 10788 12229 4854 6591 END
START -12420 1096 7872 11589 3671 7038 END
START -12776 1332 8008 9993 3690 8212 END
START -12892 -632 8616 8299 2080 11177 END
START -12296 -928 8220 6686 1040 14150 END
START -10336 -1408 6820 5301 927 16374 END
START -8680 -2200 6048 4130 787 17132 END
START -7256 -2648 4796 3800 625 16559 END
START -6472 -2880 3156 3829 -630 15473 END
START -6040 -3600 1292 3857 -3187 14558 END
START -4868 -4400 -424 3015 -6517 14568 END
START -4160 -4548 -1756 1279 -9503 15980 END
START -1884 -4572 -2340 -1517 -10447 18219 END
START 416 -4620 -2776 -5471 -9213 20650 END
START 2448 -4476 -2308 -9383 -7431 22001 END
START 4528 -4244 -1276 -12333 -6562 22135 END
START 6516 -3620 60 -13984 -6555 21434 END
START 8748 -2888 1156 -14682 -6901 20126 END
START 10700 -1856 2180 -15277 -7364 18612 END
START 12228 -888 3064 -16462 -7389 17072 END
START 13596 316 4960 -18260 -6785 15427 END
START 14580 1492 7116 -20390 -5805 13841 END
START 15568 3116 9956 -22462 -4369 12149 END
START 16896 4656 14112 -23957 -2728 9825 END
START 17784 5936 18204 -24450 -1141 7152 END
START 18472 7184 22436 -24226 -117 4172 END
START 19140 7824 26584 -23544 603 527 END
START 18716 8300 30404 -22428 1380 -3662 END
START 16908 7920 32767 -20310 1862 -7954 END
START 14108 6500 32767 -17621 1985 -11005 END
START 10712 5152 32767 -14374 1760 -13053 END
START 7384 3628 32767 -10586 1442 -14032 END
START 4284 2572 32767 -6158 1039 -13995 END
START 1676 1588 32767 -1244 263 -13374 END
START -376 1220 32767 3516 -263 -12676 END
START -2100 1040 32767 7756 -334 -11842 END
START -3608 780 32767 11579 179 -10805 END
START -4620 512 32767 14819 945 -9441 END
START -5412 332 32767 17735 1625 -7999 END
START -5936 12 32767 20566 2269 -6804 END
START -6080 -464 32767 23132 2769 -5779 END
START -6200 -944 30004 25440 2946 -4661 END
START -5900 -1352 25872 27142 2937 -3767 END
START -5700 -1556 21716 28273 3226 -3213 END
START -5468 -1980 17504 28966 3368 -2661 END
START -5248 -2164 13204 28810 3226 -1934 END
START -4772 -2336 8700 27369 3548 -823 END
START -4112 -2328 4456 25216 4336 456 END
START -3568 -2440 1080 22517 4786 1627 END
START -2508 -2860 -2228 19210 4213 2581 END
START -1444 -2976 -4660 15512 3050 2999 END
START -936 -3024 -6464 12175 2064 3004 END
START -536 -3200 -7596 9580 1371 3013 END
START -240 -3256 -8604 7357 489 3294 END
START 304 -3224 -9728 5253 -899 3958 END
START 1140 -3332 -10848 2713 -2538 4694 END
START 1980 -2956 -11108 -754 -3761 5430 END
START 3392 -2660 -11432 -4804 -3533 5828 END
START 4236 -2524 -10712 -8916 -2693 5781 END
START 5012 -2732 -9828 -12895 -2305 5395 END
START 5912 -3532 -8056 -16361 -2725 4507 END
START 6548 -4512 -5404 -19052 -3213 2762 END
START 7060 -5292 -2556 -21127 -3918 1143 END
START 7752 -5832 128 -22889 -4546 -361 END
START 8192 -6660 2628 -24649 -4248 -2025 END
START 7420 -6476 4680 -26528 -3643 -3581 END
START 6732 -6076 6704 -28804 -2891 -4941 END
START 5520 -5660 9080 -31463 -1764 -6904 END
START 3048 -4324 11672 -32768 -1634 -9328 END
START 880 -3396 15020 -32768 -2996 -11376 END
START -1132 -2472 18304 -32768 -4677 -12632 END
START -3092 -2484 21864 -32768 -4834 -13002 END
START -4744 -4392 27308 -32768 -3277 -12788 END
START -7568 -8840 32767 -32768 -2088 -12380 END
START -11184 -9900 32767 -32768 -2562 -9826 END
START -13612 -11300 32767 -29132 -3304 -5223 END
START -13740 -10340 32767 -20666 -2725 790 END
START -12172 -9200 32767 -16155 96 5619 END
START -11276 -8172 32767 -13435 3286 9560 END
START -9828 -7440 32767 -10069 5352 13338 END
START -7704 -6380 32767 -5815 6372 16455 END
START -5092 -5668 32767 -922 6759 18838 END
START -2172 -4164 32767 3751 6696 20475 END
START 1376 -3648 32767 7607 7481 21433 END
START 4324 -2648 32767 10483 9156 21362 END
START 6028 -2356 29944 12551 11024 20628 END
START 7020 -2680 26052 14004 11928 19696 END
START 8040 -3052 21732 15041 11761 18767 END