START -18128 3392 15992 17188 942 -2334 END
START -17944 3208 15132 17401 520 -1445 END
START -17460 2552 13132 17073 -88 479 END
START -17484 1100 11588 15942 -33 3408 END
START -17132 56 9772 13656 770 6080 END
START -16408 -1156 8396 11090 847 8414 END
START -15672 -2280 7304 8252 436 10729 END
START -14552 -3056 6700 6204 228 12981 END
START -13000 -4004 5748 4890 9 15067 END
START -11712 -4600 3856 3705 379 16752 END
START -9940 -5680 1796 2193 770 18124 END
START -8120 -6524 -56 576 235 19388 END
START -5900 -7228 -1652 -1123 -1246 20591 END
START -2420 -7740 -2572 -3567 -3673 21348 END
START 632 -7268 -2640 -6265 -5226 20861 END
START 3164 -6648 -2032 -8787 -6436 20301 END
START 5696 -5772 -896 -11142 -7698 20243 END
START 8152 -4424 968 -12946 -8189 20266 END
START 11240 -2892 2956 -14277 -7426 20095 END
START 14216 -916 4992 -15587 -5951 19367 END
START 16924 812 6884 -17217 -4547 17802 END
START 19268 3068 9872 -19289 -3156 15301 END
START 20948 5904 13968 -21472 -1172 11629 END
START 21692 9288 18744 -22665 1349 6761 END
START 21020 11820 23552 -22401 2989 2125 END
START 19856 13344 27808 -20513 2956 -2239 END
START 18432 14044 31552 -17194 1422 -6715 END
START 16420 14096 32767 -13271 -823 -10786 END
START 14228 13396 32767 -9413 -2827 -14548 END
START 10944 11748 32767 -5992 -3550 -17756 END
START 6716 9120 32767 -3066 -3084 -19792 END
START 2348 5988 32767 -510 -2283 -20356 END
START -1700 3628 32767 2869 -2163 -19386 END
START -5364 1540 32767 7471 -2798 -17112 END
START -7148 528 32767 12680 -3682 -14106 END
START -7320 448 32767 16991 -3874 -11322 END
START -7084 540 32767 19984 -3188 -9133 END
START -6432 580 32624 22168 -2206 -7408 END
START -5924 548 28932 23904 -1592 -6071 END
START -5192 556 24716 25327 -921 -5150 END
START -4800 496 20516 26285 -513 -4671 END
START -4288 308 16272 26607 -217 -4413 END
START -4068 300 11760 26159 178 -4065 END
START -3896 416 7684 24835 1164 -3623 END
START -3672 548 3312 22380 2414 -3057 END
START -3496 564 80 19187 3483 -2089 END
START -2916 516 -2744 15911 3991 -787 END
START -2028 140 -4804 12109 4421 402 END
START -1660 -372 -6484 8772 4922 964 END
START -1576 -1300 -7928 5563 4751 1111 END
START -2096 -2212 -8948 2378 3605 1219 END
START -2456 -2528 -9532 -581 1657 1646 END
START -2560 -2544 -9804 -2984 47 2634 END
START -2052 -2560 -10052 -5576 -845 3861 END
START -1392 -2696 -10136 -8927 -1501 5069 END
START -200 -2708 -9676 -12792 -2216 5944 END
START 1004 -2620 -8684 -16478 -2905 6192 END
START 2420 -2832 -7340 -19721 -3993 5732 END
START 4028 -3128 -5356 -22416 -5185 4671 END
START 5792 -3428 -2896 -24832 -6032 2807 END
START 7032 -3736 -172 -26954 -7298 1007 END
START 8224 -3712 2468 -28872 -7999 -647 END
START 8716 -4008 5544 -31193 -7604 -2615 END
START 8392 -3988 9024 -32768 -6849 -4496 END
START 7796 -4052 13508 -32768 -5801 -6425 END
START 6200 -3824 18172 -32768 -4516 -8360 END
START 4304 -3436 23028 -32768 -4200 -9683 END
START 2276 -3972 27240 -32768 -4825 -11113 END
START -768 -5640 31628 -32066 -6409 -12711 END
START -4168 -6544 32767 -29108 -8183 -12818 END
START -7844 -6456 32767 -25124 -8946 -10157 END
START -9984 -6624 32767 -20900 -8842 -5556 END
START -9960 -6244 32767 -17515 -8308 -619 END
START -9008 -6424 32767 -15423 -5588 4176 END
START -7704 -6052 32767 -13816 -1244 8777 END
START -5916 -6144 32767 -11480 2528 12223 END
START -4392 -5952 32767 -7629 4519 14277 END
START -2712 -5704 32767 -2366 4843 15452 END
START -1220 -5092 32767 3203 4125 16107 END
START 676 -3932 32767 7755 3763 16785 END
START 2532 -2712 31260 10592 4465 17581 END
START 4564 -1684 26644 11929 6761 18289 END
START 5900 -1108 22628 11581 9592 19029 END
START 6984 -856 19156 10085 11819 19691 END
START 8172 -1008 17140 8434 13302 19725 END
START 8984 -1000 15532 7128 14178 18769 END