START -15816 132 12896 15637 2912 5102 END
START -16120 88 13628 15463 2026 5650 END
START -16100 -196 12768 15161 1194 6655 END
START -14508 -1508 10752 15174 -1131 8698 END
START -12692 -2140 8636 14758 -3137 10499 END
START -11012 -2552 7328 13949 -4528 11856 END
START -8416 -3084 5644 12650 -5352 12561 END
START -6496 -3144 4336 10649 -4922 12442 END
START -4556 -4004 2700 8335 -3461 11864 END
START -3720 -4440 1732 5872 -2058 11075 END
START -3328 -5192 1036 3938 -2191 10764 END
START -3068 -5748 524 2911 -3691 11216 END
START -2644 -5688 84 2475 -5335 12260 END
START -1564 -5396 -436 1719 -6264 13869 END
START 288 -5016 -1304 -213 -6083 14837 END
START 1568 -4188 -1628 -3101 -5391 15422 END
START 3380 -3400 -1344 -6216 -4264 15531 END
START 4420 -2108 -636 -8687 -3279 15290 END
START 5688 -1148 72 -10682 -3816 15604 END
START 7456 148 684 -12250 -4481 15961 END
START 9300 1144 1636 -14064 -4619 16008 END
START 11372 2740 2992 -16701 -4004 15439 END
START 12880 4256 5352 -19780 -3010 13930 END
START 13700 6280 9324 -22224 -2693 12142 END
START 14912 8612 13672 -23107 -2975 10071 END
START 16676 11048 18496 -22873 -2838 7429 END
START 18180 12728 22472 -22267 -1871 3819 END
START 18600 13508 26196 -21634 -1672 -289 END
START 17832 13804 30700 -20597 -2001 -4584 END
START 16096 13568 32767 -18176 -2245 -8451 END
START 13508 12396 32767 -14541 -2318 -11646 END
START 10332 10244 32767 -10674 -2591 -14323 END
START 7152 6952 32767 -7210 -2604 -16757 END
START 3104 4428 32767 -3440 -2352 -18389 END
START -1316 1868 32767 1339 -2948 -18500 END
START -4216 340 32767 7052 -3958 -16854 END
START -5600 -308 32767 11852 -4121 -14580 END
START -6256 -416 32767 15493 -3354 -12415 END
START -6312 -216 32767 18293 -2148 -10682 END
START -6296 124 32556 20474 -746 -9014 END
START -6276 252 28848 22120 68 -7548 END
START -5744 504 24832 23164 430 -6630 END
START -5304 516 20652 23739 1030 -6123 END
START -5072 460 16672 23516 1856 -5788 END
START -5228 500 12804 22720 2664 -5246 END
START -5416 384 9636 21664 3183 -4277 END
START -5396 328 5952 20185 3336 -3092 END
START -5228 292 3328 18170 3148 -1794 END
START -4888 504 704 15918 2667 -513 END
START -4436 440 -1256 13425 2233 626 END
START -3516 68 -2768 11206 1660 1580 END
START -3236 -244 -4336 8740 1330 1819 END
START -3084 -764 -5732 6275 151 2002 END
START -2392 -1320 -6520 3881 -1672 2351 END
START -1732 -1388 -7172 1370 -3316 2872 END
START -764 -1504 -7456 -1157 -4251 3698 END
START 128 -1520 -7516 -3988 -4794 4737 END
START 1484 -1480 -7272 -7122 -5037 5488 END
START 2580 -1912 -6644 -10543 -5189 5705 END
START 3888 -2192 -5244 -13762 -5024 5070 END
START 5068 -2728 -3020 -16515 -4765 3821 END
START 5812 -3192 -584 -18709 -5074 2344 END
START 6576 -3668 1392 -20241 -5881 911 END
START 7128 -3580 3700 -21505 -6581 -586 END
START 7484 -3484 5300 -23164 -6690 -1994 END
START 7068 -3416 6968 -25688 -6213 -3399 END
START 5620 -2896 8984 -28432 -5430 -4737 END
START 3764 -2660 11484 -30805 -4918 -5474 END
START 1660 -2512 14484 -32637 -4871 -5671 END
START 4 -2312 17460 -32768 -5214 -5628 END
START -1676 -1896 20776 -32768 -5803 -5515 END
START -2584 -2436 25820 -32768 -6075 -4872 END
START -3116 -5052 31964 -32768 -6286 -4268 END
START -4192 -6680 32767 -32768 -5766 -3478 END
START -6120 -6912 32767 -28457 -4909 -1272 END
START -6800 -6696 32767 -22033 -3343 2233 END
START -6320 -6268 32767 -16235 -1083 5356 END
START -5468 -5664 32767 -11784 1423 7859 END
START -4356 -4504 32767 -8028 3579 10091 END
START -2864 -3620 32767 -4135 5701 12279 END
START -1592 -2504 32767 410 7840 14064 END
START 44 -1280 32767 4622 9496 15335 END
START 1360 -584 32767 7960 10410 16195 END
START 2816 232 32767 10483 11295 16513 END