START -11952 2872 15592 11460 6065 -801 END
START -13616 3232 16880 11099 4800 -79 END
START -11784 2728 12964 10582 4460 1495 END
START -11988 1692 12952 10467 3275 4480 END
START -12048 1888 12024 9569 3015 7071 END
START -11536 1412 10772 8773 2704 9296 END
START -11132 592 9448 8062 2187 11081 END
START -11092 392 7876 7464 1452 12376 END
START -10916 -384 5816 6646 44 13038 END
START -10936 -1012 4144 5660 -2069 13743 END
START -10588 -1888 2408 4804 -5313 15323 END
START -9980 -2684 480 3577 -7438 17323 END
START -8972 -3732 -1324 1750 -8935 19767 END
START -7528 -5040 -2820 -501 -10789 22453 END
START -4996 -6352 -4196 -3015 -12329 24909 END
START -1700 -7332 -4860 -5714 -13216 26125 END
START 1096 -7728 -5312 -8447 -13480 26264 END
START 4028 -8232 -5332 -11172 -15043 26723 END
START 7524 -7708 -3676 -14133 -17346 28421 END
START 12472 -6276 -1296 -17222 -18078 30932 END
START 17844 -3380 1468 -20762 -15756 32280 END
START 23224 -264 5252 -24559 -11779 32065 END
START 28072 2456 9708 -27636 -7163 28240 END
START 31460 5964 15028 -29258 -2078 21054 END
START 32767 9036 21412 -29156 1531 12188 END
START 31976 11464 26844 -27009 2838 3959 END
START 30200 12744 31120 -23147 2996 -3213 END
START 27672 12928 32767 -19041 2854 -9450 END
START 24044 12260 32767 -15550 2997 -14700 END
START 19888 10220 32767 -13115 3815 -19182 END
START 14460 6836 32767 -11349 4891 -22683 END
START 8492 3500 32767 -9102 4987 -24184 END
START 3108 1060 32767 -5681 4236 -23108 END
START -856 -620 32767 -1510 3704 -20133 END
START -2920 -940 32767 3173 3099 -16408 END
START -3216 -684 32767 7495 2873 -13422 END
START -2928 -420 32767 11171 3451 -11453 END
START -2744 -144 32767 14404 4283 -9925 END
START -2412 168 32767 17745 4420 -8749 END
START -1816 600 32767 20531 4441 -7971 END
START -1480 556 30776 23042 4634 -7755 END
START -1356 200 26440 24990 4776 -7908 END
START -1940 -184 22260 26364 4879 -8081 END
START -2508 -464 18204 27022 5077 -8035 END
START -3188 -572 13952 26712 6034 -7850 END
START -4196 -784 10052 25674 6867 -7008 END
START -5060 -848 6592 24033 6821 -5561 END
START -5296 -928 3680 21832 6483 -3901 END
START -5644 -928 1300 19295 6072 -2376 END
START -5524 -1084 -656 16723 5566 -892 END
START -5412 -1120 -2224 14279 4572 574 END
START -4820 -1236 -3736 12157 3392 1976 END
START -4188 -1564 -5408 9758 2350 3110 END
START -3104 -2016 -6724 7138 1167 4146 END
START -1956 -2032 -7596 4212 -68 4990 END
START -700 -2200 -7880 1233 -1060 5909 END
START 556 -2176 -7864 -1802 -1804 6457 END
START 2084 -2156 -7408 -4705 -2146 6947 END
START 3500 -2132 -6900 -7674 -2239 7026 END
START 5088 -2188 -6092 -10745 -2151 6373 END
START 6332 -2428 -4652 -13721 -2060 4998 END
START 6812 -2864 -2848 -16179 -2138 3219 END
START 6984 -4012 -960 -18272 -2622 1378 END
START 6436 -4636 1128 -19987 -3265 -45 END
START 6280 -5172 2740 -21529 -3570 -778 END
START 6404 -5236 4168 -23480 -2660 -1472 END
START 6552 -5364 5636 -26125 -1136 -2558 END
START 6064 -4996 7456 -29092 552 -4071 END
START 5060 -4784 9732 -31450 1458 -5875 END
START 2872 -4304 12072 -32768 1308 -8210 END
START -244 -3848 14684 -32768 -527 -10843 END
START -4060 -3292 18192 -32768 -4331 -12558 END
START -6864 -2672 22316 -31157 -8475 -12204 END
START -8284 -3492 26284 -30256 -9724 -10282 END
START -8768 -6864 31960 -31731 -7380 -7959 END
START -10952 -9060 32767 -32768 -3748 -4924 END
START -13344 -10716 32767 -30809 -1055 -89 END
START -13736 -9792 32767 -24366 -864 6379 END
START -11384 -8260 32767 -17541 -632 11799 END
START -8048 -6380 32767 -12864 429 15396 END
START -5484 -4936 32767 -10201 2061 17985 END
START -2624 -3396 32767 -7388 4348 20377 END
START 668 -2036 32767 -3616 7304 21720 END
START 3716 -796 32767 960 9928 21373 END
START 5348 -168 32767 5805 10846 20014 END
START 6864 -184 32767 10404 9998 18290 END
START 7840 -240 30472 13826 8761 16510 END