START -12032 -2628 18500 18287 5542 4503 END
START -12272 -2732 17808 18107 5333 4946 END
START -12400 -2956 16628 17466 4520 6020 END
START -12080 -3456 14512 16696 3592 7869 END
START -11304 -3956 12532 15871 3616 9889 END
START -10416 -4012 10216 14665 4449 12277 END
START -9112 -4104 7648 12910 5522 14868 END
START -7652 -4240 5216 10391 6229 16965 END
START -5952 -4068 2384 7606 6258 18205 END
START -4960 -4432 -88 4526 4831 18480 END
START -3784 -4668 -1052 1919 2162 18450 END
START -2800 -4684 -1644 508 -1202 18423 END
START -1320 -4620 -2032 76 -4117 18586 END
START 228 -4276 -2884 -863 -5768 18763 END
START 1988 -4060 -3384 -2497 -6504 19065 END
START 3952 -3732 -3452 -4993 -6031 19443 END
START 5804 -3392 -3136 -7972 -4477 19512 END
START 7356 -3192 -2492 -11297 -3156 19386 END
START 9448 -2716 -1064 -14852 -2161 18508 END
START 10516 -1912 1540 -17555 -1802 16541 END
START 11352 -928 4152 -18942 -2394 14370 END
START 12316 492 7076 -19737 -3238 12506 END
START 13732 2236 10204 -20677 -3250 10571 END
START 15172 4276 13764 -21814 -1951 8231 END
START 16504 6392 18164 -22709 -230 5515 END
START 17148 8036 22136 -22992 1381 2114 END
START 16496 9172 26360 -22204 2633 -2182 END
START 15104 9848 30436 -20270 3200 -6828 END
START 12520 9212 32767 -17755 2718 -10835 END
START 9520 7540 32767 -14848 1174 -13680 END
START 6408 5468 32767 -11537 -602 -15236 END
START 3596 3648 32767 -7510 -2133 -15357 END
START 1412 2580 32767 -3029 -2566 -14341 END
START -384 2024 32767 1209 -2047 -12960 END
START -1520 1440 32767 4754 -1257 -11426 END
START -2072 1240 32767 8023 -324 -10059 END
START -2728 1132 32767 11128 321 -9123 END
START -3192 840 32767 14213 125 -8426 END
START -3160 576 32767 17193 -272 -7814 END
START -2964 380 31272 19941 -548 -7288 END
START -2608 244 27088 22002 -407 -7085 END
START -2424 -204 23308 23114 147 -7025 END
START -2592 -668 19388 23482 768 -6815 END
START -2668 -1216 15288 23387 1274 -6255 END
START -2684 -1476 11676 22861 1410 -5442 END
START -2284 -1428 7584 21687 1283 -4703 END
START -1976 -1792 4416 19618 1152 -4240 END
START -1824 -2316 2136 17336 517 -3629 END
START -1776 -2572 80 15160 -576 -2813 END
START -1772 -2804 -1640 13404 -1626 -2274 END
START -1680 -3320 -3800 11289 -2758 -1616 END
START -1388 -3728 -5264 8428 -3745 -901 END
START -1080 -3972 -6104 5109 -4352 188 END
START -756 -4080 -6588 1407 -4208 1209 END
START -32 -4324 -6200 -2358 -3674 2186 END
START 648 -4840 -5324 -5857 -3365 2911 END
START 1100 -5056 -4080 -8702 -3498 3339 END
START 1748 -5292 -2324 -10979 -4103 3446 END
START 2716 -5220 -1188 -13155 -4573 2947 END
START 2940 -5224 -76 -15389 -4769 1959 END
START 3080 -4752 1016 -17545 -4706 983 END
START 2308 -4348 1980 -20019 -4391 -6 END
START 1324 -3504 3256 -22476 -4436 -668 END
START 256 -2848 5152 -25140 -4742 -1199 END
START -1184 -1680 8184 -27483 -4897 -1940 END
START -2620 -1188 12044 -29050 -4707 -3164 END
START -5128 -120 16168 -30030 -5186 -4309 END
START -7784 340 21388 -30110 -6682 -4085 END
START -8968 -1272 27456 -29679 -8267 -2196 END
START -8304 -3808 32767 -28290 -8947 926 END
START -7384 -4104 32767 -25371 -6927 4961 END
START -5920 -4152 32767 -21847 -2978 8883 END
START -4400 -4284 32767 -18930 1023 11795 END
START -2884 -3560 32767 -16133 3992 13699 END
START -1928 -2800 32767 -12129 5374 14814 END
START -896 -2176 32767 -7160 4985 15934 END
START 340 -1516 32767 -1388 4147 16989 END
START 1944 -924 32767 3726 3822 17880 END
START 4112 -432 32767 7016 4654 18589 END