START -11896 6648 15660 3511 5505 1560 END
START -11456 6412 14176 3223 5319 1684 END
START -14776 7076 15576 2506 4991 2012 END
START -13244 5600 14624 2434 3989 2725 END
START -14388 4600 14688 2930 3064 4037 END
START -14336 3560 13748 3549 1423 5936 END
START -14092 2400 13228 4093 276 7849 END
START -13576 1496 12208 4122 -281 9562 END
START -12980 144 11184 3716 -129 11444 END
START -12504 -952 9920 2808 74 13480 END
START -11312 -2084 8960 2082 -870 15104 END
START -10768 -3104 7848 1499 -2298 17699 END
START -9368 -3084 5896 1270 -4539 19851 END
START -7076 -4156 4032 578 -6616 21533 END
START -4792 -4504 2752 -708 -7514 23089 END
START -2040 -4612 1588 -2375 -7969 24440 END
START 1236 -4868 616 -4231 -8531 24988 END
START 4368 -4924 152 -5980 -9130 24581 END
START 6684 -4632 28 -7565 -9770 23371 END
START 8372 -3832 536 -8726 -10416 21749 END
START 9988 -3348 1400 -9654 -10613 20099 END
START 11692 -2532 2412 -10758 -10162 19038 END
START 13828 -1436 3508 -12147 -8619 18329 END
START 15984 -184 4768 -14004 -5875 17243 END
START 18092 1120 6476 -16424 -2321 15507 END
START 19460 2376 9052 -18961 1451 12653 END
START 19536 3848 12336 -20665 3807 9229 END
START 19168 5720 16008 -21225 4522 5682 END
START 19120 7324 19744 -20782 4776 1881 END
START 18400 8592 23660 -19827 4732 -2225 END
START 17228 9632 27668 -18385 4133 -6267 END
START 15464 9472 31248 -16374 3495 -10166 END
START 13220 8380 32767 -14650 3126 -13788 END
START 10204 6608 32767 -13269 3238 -16632 END
START 6524 4256 32767 -11305 3350 -18105 END
START 2032 1472 32767 -7813 2624 -18057 END
START -1072 -80 32767 -2810 1014 -17090 END
START -3608 -1504 32767 2654 -1044 -15721 END
START -5480 -1784 32767 7609 -2269 -14143 END
START -6680 -1860 32767 11276 -1596 -12300 END
START -7324 -1844 32767 14021 208 -10027 END
START -7736 -1700 32767 16715 1547 -7945 END
START -7800 -1552 32767 19214 2282 -6419 END
START -7736 -1356 31396 21736 2528 -5470 END
START -7568 -1212 27380 24189 2194 -4667 END
START -7212 -1304 23316 26093 1813 -3780 END
START -6660 -1188 19236 27076 2093 -2743 END
START -5996 -1080 15116 26907 2909 -1557 END
START -5208 -944 10956 25867 3440 -310 END
START -4652 -1024 7064 24116 3224 813 END
START -3792 -968 3724 21931 2906 1770 END
START -2640 -728 776 19396 3029 2413 END
START -1636 -944 -1504 16627 3068 2802 END
START -472 -1260 -4016 13499 2528 2976 END
START 488 -1588 -5864 10707 1488 2830 END
START 1212 -1732 -6848 7977 355 2410 END
START 1972 -1968 -7516 5711 -313 1956 END
START 2156 -2280 -8348 3166 -1161 1845 END
START 2756 -2392 -8904 138 -1779 1994 END
START 3356 -2272 -8836 -3104 -1846 2095 END
START 3828 -2304 -8504 -6523 -1056 2044 END
START 4132 -2684 -7616 -9840 -186 1824 END
START 4380 -3096 -6508 -12734 159 1289 END
START 4768 -4092 -4880 -15360 36 253 END
START 4664 -4604 -2916 -17540 -314 -781 END
START 4508 -5740 -696 -19698 -205 -2055 END
START 3832 -6528 2160 -21721 373 -3357 END
START 2508 -6168 4412 -23469 835 -4235 END
START 1224 -5500 6760 -25410 944 -4226 END
START 432 -4308 8900 -27049 1495 -4249 END
START -768 -2776 10668 -28544 2131 -4732 END
START -1788 -1336 12672 -30218 1913 -5535 END
START -2420 -136 15740 -31725 876 -6581 END
START -3444 872 19168 -32482 -139 -8058 END
START -5020 824 22644 -32476 -657 -9619 END
START -7200 -308 25836 -31924 -683 -11108 END
START -9420 -2604 30020 -31105 -1643 -11580 END
START -11892 -5948 32767 -29055 -3702 -10170 END
START -13968 -5536 32767 -24248 -5865 -6015 END
START -13736 -5436 32767 -18627 -5934 -868 END
START -12036 -5920 32767 -14796 -3669 3018 END
START -10708 -6456 32767 -12748 -452 5259 END
START -9776 -6848 32767 -9812 1619 7108 END
START -8580 -7500 32767 -5798 2479 8908 END
START -6868 -7548 32767 -1172 2906 10702 END
START -5076 -7432 32767 3474 3629 12490 END
START -3080 -6736 32767 7904 4806 14254 END
START -1376 -5496 32767 11819 6046 15809 END
START 972 -5024 31348 14628 7733 17135 END
START 2700 -4060 26452 16006 9054 18029 END
START 4528 -3436 22156 16121 10099 18638 END
START 6148 -2884 18464 15280 10368 18725 END
START 7388 -3176 15612 13947 9725 17997 END
START 7940 -2828 13424 11946 9027 16633 END