START -13228 -2184 10060 15341 -805 10582 END
START -13212 -2068 9484 15178 -1571 11093 END
START -13852 -1312 10984 14719 -3290 12186 END
START -9884 -2236 7124 13828 -5290 13377 END
START -8648 -2328 5956 12771 -5620 14143 END
START -7436 -2880 4252 10537 -3416 15267 END
START -6740 -3564 2616 7204 532 17323 END
START -6560 -4536 1012 3591 3143 20249 END
START -5660 -5600 -12 471 2844 23566 END
START -4176 -6408 -796 -2135 441 25909 END
START -1632 -6780 -1328 -4329 -3434 26882 END
START 1396 -6340 -916 -6052 -7085 26047 END
START 3780 -5624 -152 -6819 -9169 24253 END
START 6252 -4884 780 -7265 -10199 22483 END
START 8276 -4208 1356 -8278 -10421 20862 END
START 9828 -3312 2168 -10049 -10354 19796 END
START 11040 -2148 3608 -12158 -10007 19365 END
START 12764 -244 5712 -14615 -9135 19337 END
START 15204 1944 8440 -16989 -6805 18215 END
START 17336 4308 11888 -19049 -3540 15590 END
START 18632 6216 15592 -19950 -1180 12282 END
START 19484 8864 19636 -19665 -391 8403 END
START 19772 10636 23108 -18484 -525 4286 END
START 19164 12256 26124 -16771 -1296 -236 END
START 17884 13036 28684 -14740 -2389 -4776 END
START 16016 13160 31404 -12886 -2669 -9032 END
START 13548 11796 32767 -11291 -2038 -12193 END
START 10332 9788 32767 -9595 -1201 -14258 END
START 6868 7332 32767 -7181 -797 -15072 END
START 3056 5356 32767 -3661 -1265 -14836 END
START 180 4052 32767 1174 -2385 -13443 END
START -1036 3460 32767 5653 -3004 -11842 END
START -1396 3148 32767 9080 -2625 -10757 END
START -1740 3172 32767 11535 -1490 -10038 END
START -2048 2704 32767 13876 -252 -9233 END
START -2332 2012 31304 15736 720 -8495 END
START -2412 1860 27624 17135 1442 -7855 END
START -2344 1080 23868 18154 1923 -7431 END
START -2628 644 20320 18855 1917 -6850 END
START -2768 124 17044 19198 1767 -6370 END
START -2752 -148 13516 19122 1801 -5886 END
START -2916 -348 9984 18397 2083 -5260 END
START -2684 -516 6876 17035 2238 -4446 END
START -2732 -876 4008 15106 2117 -3478 END
START -2464 -1080 1948 13067 1723 -2454 END
START -1976 -1264 104 10738 1062 -1487 END
START -1616 -1764 -1496 8624 461 -936 END
START -1292 -1992 -2736 6491 -458 -508 END
START -840 -2204 -3924 4313 -1827 -83 END
START -264 -2208 -4560 2208 -3206 430 END
START 184 -2256 -4984 -24 -3941 1032 END
START 788 -2292 -5396 -2666 -3985 1758 END
START 1808 -2548 -4800 -5566 -3438 2323 END
START 2264 -3116 -3976 -8418 -2672 2395 END
START 2564 -3840 -2680 -11040 -2213 2210 END
START 2600 -4592 -1128 -13367 -2081 1875 END
START 2468 -5708 872 -15354 -2231 1490 END
START 2168 -5976 2332 -16955 -2433 962 END
START 1792 -6204 3624 -18710 -2555 512 END
START 1076 -5688 4868 -20748 -2646 358 END
START 580 -4808 6404 -22834 -2615 545 END
START 288 -3948 8236 -25148 -2378 399 END
START -368 -2560 10836 -27262 -2087 -263 END
START -1124 -2388 14208 -28747 -1758 -1586 END
START -3080 -1696 17944 -29547 -1878 -3386 END
START -6036 -1628 22244 -29250 -3204 -4377 END
START -8412 -1964 26868 -28111 -5027 -3767 END
START -9756 -2676 32204 -26304 -6498 -1137 END
START -9656 -4216 32767 -24330 -6286 2757 END
START -8868 -4204 32767 -21607 -3615 6845 END
START -7472 -3756 32767 -17926 578 10648 END
START -5468 -2868 32767 -14221 4488 13974 END
START -3080 -1428 32767 -10618 7788 16185 END
START -1084 -732 32767 -7138 9755 17745 END
START 700 -204 32767 -3511 9885 18327 END
START 2352 108 32767 433 9020 18252 END
START 3496 304 32767 4293 7860 17889 END
START 4776 464 32767 7551 6964 17475 END