START -16788 1340 10056 23117 1164 -2914 END
START -18348 1512 8788 22222 76 -2264 END
START -17656 928 7952 20363 -128 -903 END
START -17804 -640 6164 18467 -1195 2104 END
START -17604 -1384 4460 16115 -2035 6000 END
START -16316 -2240 2276 13517 -2982 9825 END
START -14416 -2260 580 10415 -3442 13280 END
START -12124 -2972 -1000 6986 -2794 15748 END
START -10140 -3468 -1968 3779 -1984 17067 END
START -8168 -4224 -2916 1318 -2716 17659 END
START -6420 -4816 -3452 -232 -4908 17915 END
START -4628 -5188 -4128 -1538 -7316 18217 END
START -2652 -5920 -4660 -3447 -9084 18893 END
START -324 -6012 -4432 -5815 -9560 19944 END
START 1856 -5636 -3876 -8425 -8891 20813 END
START 4008 -5168 -3296 -11053 -8071 21249 END
START 6744 -4736 -1984 -13589 -7382 21058 END
START 9272 -3832 -276 -15583 -6739 20067 END
START 11420 -2864 1452 -17294 -6699 18940 END
START 13180 -1420 3704 -18969 -6441 17685 END
START 14924 720 6380 -20833 -5668 16574 END
START 16644 3564 9896 -22419 -4694 15736 END
START 19340 6412 14048 -24054 -2938 14419 END
START 22844 9568 18704 -25337 663 10875 END
START 23980 11904 23200 -25751 4278 5642 END
START 23932 13408 28528 -24599 5777 108 END
START 22780 14160 32664 -22060 5019 -4972 END
START 20868 14012 32767 -18284 3205 -9960 END
START 18228 13268 32767 -13947 1603 -14516 END
START 14456 11272 32767 -9666 701 -18591 END
START 10168 8560 32767 -5960 448 -21481 END
START 5152 5528 32767 -2478 501 -22846 END
START 564 3400 32767 1282 -47 -22320 END
START -2896 1932 32767 5198 -788 -20219 END
START -4904 928 32767 9220 -1539 -17047 END
START -5492 684 32767 12617 -1364 -14081 END
START -5368 868 32767 15594 -576 -11868 END
START -5308 724 32767 18120 107 -10459 END
START -5176 372 32104 20408 343 -9448 END
START -5044 332 28020 22577 101 -8746 END
START -4984 248 23824 24572 -263 -8350 END
START -4856 52 19180 25867 -156 -8187 END
START -4936 -120 14652 25952 492 -7926 END
START -5360 -384 10592 24773 1566 -7177 END
START -5680 -404 6356 22620 2652 -5688 END
START -5520 -512 2468 20135 3629 -3869 END
START -5220 -636 -1044 17136 4319 -2141 END
START -4888 -912 -4100 13468 4135 -820 END
START -3968 -1452 -6484 10217 3359 -69 END
START -3804 -2196 -8052 7077 2781 -108 END
START -4252 -2980 -9256 4325 1547 99 END
START -4144 -3796 -9972 1697 -99 1030 END
START -4036 -3816 -10272 -1004 -1626 2731 END
START -3292 -3840 -10592 -4243 -2584 5044 END
START -1828 -3904 -10536 -7964 -2911 6964 END
START -476 -4008 -9432 -11925 -3048 7658 END
START 844 -4132 -8104 -15249 -3405 7145 END
START 2032 -4576 -6436 -17794 -4334 5766 END
START 3028 -4908 -4336 -19704 -5919 4100 END
START 3408 -4832 -2540 -21372 -7800 3106 END
START 4456 -4948 -728 -23524 -9213 2900 END
START 5612 -5016 964 -26424 -8854 2578 END
START 6108 -4836 3420 -29724 -7891 1871 END
START 6200 -4260 7064 -32768 -7065 709 END
START 5304 -3176 11208 -32768 -6471 -965 END
START 3836 -1860 16484 -32768 -6854 -2567 END
START 2300 -364 22700 -32768 -8114 -3696 END
START 1488 292 27632 -32768 -9204 -4229 END
START 992 -1136 32767 -31784 -9330 -4500 END
START -260 -3932 32767 -30867 -7751 -4447 END
START -2512 -5704 32767 -28346 -5354 -3070 END
START -4764 -6648 32767 -23918 -3405 441 END
START -5276 -6932 32767 -18735 -1690 4500 END
START -4844 -6868 32767 -13648 407 8314 END
START -4072 -6280 32767 -9169 2207 11343 END
START -3148 -5348 32767 -4866 3703 14157 END
START -1600 -4100 32767 -143 5754 16000 END
START 260 -3072 32767 4433 7875 17181 END
START 2020 -1408 32767 8170 9045 17891 END
START 4060 -264 32767 10868 9792 18219 END
START 6116 852 31240 12459 10709 18414 END
START 7976 1136 27132 13488 12105 18082 END