START -16012 -3108 9140 13803 4926 7113 END
START -14708 -2860 7432 13433 3545 8093 END
START -15116 -3176 9612 12724 1666 10178 END
START -13416 -3708 8424 11871 54 13376 END
START -12208 -3688 7380 10351 -245 15919 END
START -10648 -3796 5908 7990 1431 18311 END
START -9312 -3692 4200 4904 3921 20417 END
START -8204 -4232 2500 1794 5464 22351 END
START -7356 -4888 1412 -831 4556 24235 END
START -5872 -5384 144 -2345 1346 25545 END
START -4148 -5724 -612 -3051 -3017 25917 END
START -1868 -5860 -1556 -3225 -7645 25557 END
START 520 -5636 -2260 -3838 -11107 25294 END
START 3592 -5240 -2448 -5701 -12188 24986 END
START 6772 -4448 -2312 -8675 -11427 24131 END
START 8836 -3768 -1192 -11826 -9708 22815 END
START 10448 -3408 556 -14476 -8350 21685 END
START 12288 -2984 2440 -16277 -7784 20764 END
START 14340 -1972 4824 -17952 -7951 19302 END
START 16300 -660 7660 -19368 -8162 16995 END
START 18084 908 11292 -20166 -7739 14066 END
START 20160 2840 15488 -20186 -6480 11063 END
START 21580 4796 18900 -19828 -4475 7821 END
START 22652 6808 22148 -19426 -2320 4016 END
START 21904 8540 25068 -18991 -809 -233 END
START 20140 10172 28280 -18015 -458 -4356 END
START 17640 10420 32000 -16160 -963 -8381 END
START 15488 9840 32767 -14002 -1738 -11473 END
START 13148 8456 32767 -11583 -1787 -13893 END
START 10844 6588 32767 -8954 -1259 -15941 END
START 7428 4172 32767 -5742 -1585 -17104 END
START 4816 2712 32767 -1415 -2684 -17359 END
START 2864 1812 32767 3517 -3803 -16742 END
START 1500 1444 32767 7709 -4224 -15994 END
START 636 1648 32767 10932 -3626 -15317 END
START 136 1724 32767 13603 -2393 -14629 END
START -476 1488 32767 16129 -640 -14124 END
START -1148 1276 31196 17885 1326 -13628 END
START -2324 584 27420 19071 2984 -13045 END
START -3340 -68 23568 20139 3670 -12230 END
START -4324 -1148 19684 20925 3425 -10782 END
START -5044 -1564 15868 21072 3086 -8971 END
START -5184 -1648 12208 20347 3142 -7379 END
START -5304 -1684 8748 18909 3596 -6060 END
START -5380 -1444 5656 17369 4120 -4626 END
START -5440 -1288 2456 15628 4264 -3097 END
START -5396 -1580 -400 13364 3827 -1787 END
START -5156 -1724 -3000 11028 2577 -767 END
START -5240 -1984 -4696 8855 537 481 END
START -4744 -2108 -5936 6747 -1281 1831 END
START -4216 -2436 -7064 4088 -2599 3110 END
START -3228 -2396 -7568 995 -3472 4321 END
START -2300 -2732 -7488 -2315 -3835 5211 END
START -1192 -3356 -6864 -5680 -3938 5877 END
START 68 -4612 -5456 -8870 -4090 6333 END
START 1212 -5600 -3824 -11636 -4357 6276 END
START 1752 -6396 -1716 -14200 -5156 5930 END
START 2652 -7512 1084 -15997 -6149 5457 END
START 3340 -8220 3316 -17396 -6850 4895 END
START 3972 -7780 5196 -18705 -7133 4358 END
START 4528 -7280 6772 -19895 -6773 4032 END
START 4936 -5848 8056 -21276 -6095 3818 END
START 5716 -4196 9168 -23294 -4944 3454 END
START 6240 -2848 11412 -25652 -3822 2812 END
START 6616 -1824 14276 -27657 -2762 1549 END
START 5944 -248 17696 -28905 -1583 -423 END
START 4176 924 21448 -29135 -946 -3005 END
START 2104 1564 25164 -28483 -1350 -5596 END
START -392 1844 29288 -26888 -2491 -7128 END
START -2276 752 32767 -24596 -4076 -6535 END
START -2916 -1068 32767 -21998 -4786 -4359 END
START -3812 -1604 32767 -19040 -2787 -1409 END
START -4532 -1868 32767 -15596 1341 2173 END
START -5176 -1604 32767 -12553 5100 5928 END
START -4788 -1596 32767 -9363 7052 9521 END
START -3744 -796 32767 -6323 7929 12450 END
START -1944 -272 32767 -3451 8390 14558 END
START -188 -396 32767 -669 8551 15911 END
START 1100 -492 32767 1711 8768 16790 END