START -14256 1176 11376 11148 1533 9007 END
START -14636 964 12112 10971 463 9448 END
START -13996 204 11124 10786 -622 10278 END
START -13224 -988 10500 10962 -2308 12135 END
START -12728 -1224 9156 10656 -3195 14417 END
START -11356 -2116 7404 9451 -1599 17095 END
START -9612 -3164 4976 6304 2423 19406 END
START -8864 -4396 2556 2118 6051 21284 END
START -7884 -5536 1072 -1306 6083 22917 END
START -6632 -6876 -280 -3374 2021 23728 END
START -4292 -8148 -956 -3951 -4744 23417 END
START -1840 -7968 -1044 -3579 -11143 22500 END
START 980 -7328 -684 -2885 -15259 21487 END
START 3468 -6544 -656 -2956 -15882 20755 END
START 5328 -6148 -944 -4197 -14976 20436 END
START 6996 -5392 -828 -6904 -13497 20789 END
START 9004 -4556 136 -10425 -11802 21599 END
START 10924 -3296 1668 -13410 -9463 22052 END
START 12552 -1004 3444 -15696 -7534 21593 END
START 15340 1204 5896 -17627 -6008 19991 END
START 17260 4100 9600 -19268 -4462 17169 END
START 19156 6848 13232 -20389 -3337 13907 END
START 21120 9308 17108 -20839 -2095 9559 END
START 22084 11668 21000 -20671 -183 4472 END
START 21460 13924 24792 -19690 903 -855 END
START 19508 15236 28912 -17754 912 -5662 END
START 17564 15960 31612 -15505 -341 -9962 END
START 14892 15868 32767 -13077 -1616 -13938 END
START 12144 14280 32767 -10324 -2195 -17322 END
START 8940 12108 32767 -7616 -1897 -19845 END
START 4620 8692 32767 -4789 -1703 -21268 END
START -208 6204 32767 -453 -2708 -21115 END
START -3892 4680 32767 4855 -4626 -19356 END
START -5880 3804 32767 10426 -6314 -16622 END
START -6592 2964 32767 14854 -6712 -13657 END
START -6528 2668 32767 17932 -4842 -11044 END
START -6120 2316 32767 19798 -1875 -8994 END
START -6316 1788 31596 20958 478 -7352 END
START -6320 1056 27588 21956 2262 -6083 END
START -6236 332 23648 22939 3469 -4852 END
START -6264 -268 19144 23702 3916 -3480 END
START -5820 -568 14436 23946 4048 -1989 END
START -5124 -528 9368 23353 4363 -551 END
START -4652 -632 4768 21758 4431 747 END
START -3688 -660 1100 19399 4121 1778 END
START -2876 -960 -2440 16488 3737 2403 END
START -2184 -1928 -4936 13547 2534 2821 END
START -1452 -2604 -6912 10169 799 3021 END
START -1080 -3036 -8036 7259 -1153 3562 END
START -280 -3052 -8960 4478 -2911 4469 END
START 1204 -2972 -9564 1757 -3715 5453 END
START 2520 -2876 -9936 -1356 -3547 6053 END
START 3712 -2860 -10236 -5125 -3008 6191 END
START 4660 -2840 -9840 -8946 -2696 5848 END
START 5328 -3056 -8472 -12211 -3098 5048 END
START 5812 -3604 -7180 -15031 -3302 3708 END
START 6148 -4176 -5552 -17468 -3324 2220 END
START 6204 -5248 -3592 -19992 -3503 704 END
START 5884 -6404 -1236 -22515 -3292 -798 END
START 4708 -6764 1148 -25096 -2627 -1866 END
START 3300 -7296 3640 -27754 -1061 -2640 END
START 1256 -6196 6016 -30324 921 -3048 END
START 20 -5508 9028 -32678 2337 -3180 END
START -1720 -3792 11764 -32768 3186 -4254 END
START -3828 -3264 15980 -32768 2790 -5723 END
START -6052 -2008 20252 -32768 1043 -6545 END
START -8196 -1576 24184 -32768 -842 -6617 END
START -9548 -1728 29080 -32768 -1840 -5780 END
START -10648 -3792 32767 -32768 -1498 -4926 END
START -12560 -4792 32767 -31754 -670 -3376 END
START -14304 -4836 32767 -26990 -228 515 END
START -13436 -4284 32767 -20443 362 6011 END
START -10676 -3616 32767 -14601 2429 10772 END
START -7492 -3076 32767 -10160 5880 13749 END
START -5520 -2748 32767 -6029 8431 15163 END
START -3456 -2788 32767 -1031 9660 16216 END
START -1460 -2596 32767 4398 9938 17269 END
START 684 -2116 32767 9130 10052 18105 END
START 2892 -1852 32767 12680 10705 18853 END
START 5056 -1704 32644 15025 11815 19507 END
START 7304 -1596 27524 16235 13253 19731 END
START 9284 -1616 22752 16295 14455 18975 END