START -12164 -140 17552 16270 13195 -12752 END
START -14104 24 18492 16053 12684 -11870 END
START -15312 -488 17480 15655 10918 -9191 END
START -15480 -2124 17384 16029 8809 -5725 END
START -15924 -2888 16716 15962 7129 -2928 END
START -16036 -4048 15612 15918 5894 -471 END
START -16032 -4896 14060 15593 5152 2062 END
START -16164 -5976 12956 14855 4811 4560 END
START -15912 -6480 11328 14054 4787 7396 END
START -15028 -6812 10024 13065 4914 10367 END
START -13872 -6848 8612 12189 4914 13358 END
START -12384 -6476 6728 11223 3972 15975 END
START -10820 -6104 4884 9744 2901 18530 END
START -9176 -5956 3292 7922 1447 20700 END
START -7372 -5992 1400 5879 -231 22359 END
START -5452 -5872 -304 3676 -2166 23867 END
START -2956 -5740 -1372 1514 -3526 24277 END
START -820 -5224 -2080 -692 -4323 24081 END
START 996 -5040 -2352 -2639 -5894 24060 END
START 3052 -4416 -2196 -4335 -7961 24405 END
START 5552 -3516 -1740 -5998 -9523 24742 END
START 8164 -2464 -1368 -7943 -9773 24252 END
START 10248 -1288 -820 -10306 -9180 22854 END
START 12068 88 -112 -12945 -8591 20815 END
START 13304 1188 884 -15372 -8233 18638 END
START 14756 2712 2704 -17410 -7732 16116 END
START 15176 4024 5240 -19174 -7389 13629 END
START 15748 5520 7900 -20998 -6674 10844 END
START 15868 7484 11224 -22854 -5513 8300 END
START 15740 9236 15296 -24057 -4085 5547 END
START 15592 11108 19612 -24790 -2835 2299 END
START 15724 12568 24132 -24365 -2127 -1687 END
START 14380 13780 29000 -22969 -1884 -6329 END
START 12252 13900 32767 -19899 -2673 -10713 END
START 9808 12788 32767 -15586 -4127 -14211 END
START 7560 10872 32767 -11414 -4891 -16334 END
START 5132 7900 32767 -7967 -4079 -18035 END
START 1756 5156 32767 -4569 -2674 -18549 END
START -2228 3308 32767 -216 -1985 -17354 END
START -4472 1796 32767 4911 -1531 -14875 END
START -5680 1020 32767 9759 -1068 -12224 END
START -6052 648 32767 13916 -756 -10001 END
START -5860 612 32767 17081 -631 -8345 END
START -5556 844 32767 19922 -694 -7118 END
START -4908 972 30116 22392 -850 -6140 END
START -4396 1072 26200 24271 -908 -5345 END
START -3736 1024 21896 25277 -642 -4902 END
START -3400 768 17876 25508 -405 -4657 END
START -3476 820 13756 25014 74 -4380 END
START -3644 644 9904 23599 952 -3856 END
START -3796 544 6400 21168 2074 -3215 END
START -3908 516 3508 17903 3767 -2350 END
START -4128 72 964 14608 4980 -1104 END
START -3968 -312 -480 12010 4551 172 END
START -3616 -660 -2144 9904 3222 1197 END
START -3024 -1156 -3448 7975 1823 1623 END
START -2708 -1440 -4756 5837 60 1747 END
START -2420 -1928 -5824 3683 -1542 1982 END
START -1968 -2048 -6492 1333 -3351 2878 END
START -924 -2072 -6952 -1178 -4715 3994 END
START 308 -2064 -7068 -4060 -5467 5063 END
START 1876 -2248 -6740 -7404 -5561 5778 END
START 3520 -2440 -5768 -11162 -4744 5738 END
START 4800 -2808 -4124 -14727 -3820 4881 END
START 5088 -3252 -2180 -17604 -3543 3731 END
START 5432 -3808 -136 -19657 -4090 2750 END
START 5860 -4332 1624 -21174 -4671 1612 END
START 5972 -4384 3248 -22514 -5036 214 END
START 6080 -4884 4292 -23955 -5483 -1189 END
START 5992 -5016 5320 -25658 -5560 -2706 END
START 5864 -5224 6884 -27608 -5983 -4051 END
START 5136 -4080 8252 -29330 -6709 -5046 END
START 4060 -3140 9876 -31335 -7378 -6274 END
START 1672 -2420 12912 -32768 -8097 -8133 END
START -1556 -1412 17664 -32768 -8981 -9916 END
START -3780 -3364 24452 -32768 -8790 -9673 END
START -5380 -6336 32767 -32768 -6663 -7355 END
START -7748 -6708 32767 -32768 -3573 -2420 END
START -8884 -7736 32767 -29322 -1829 4058 END
START -7800 -8092 32767 -23084 -417 9088 END
START -6756 -8156 32767 -18210 871 11980 END
START -5292 -8048 32767 -13700 2195 13525 END
START -3608 -6744 32767 -8968 4125 14884 END
START -1948 -5380 32767 -4256 6435 16356 END
START 136 -3472 32767 80 8617 17854 END