START -15124 -448 14364 16191 5811 -216 END
START -14480 -472 13456 16078 5292 361 END
START -14968 -540 12956 15810 4560 1770 END
START -14456 -1132 12280 15604 3297 4359 END
START -14084 -1328 11280 14797 2911 7014 END
START -13340 -1504 10324 13418 2682 9676 END
START -12388 -1776 9580 12003 2483 12308 END
START -11400 -2060 8524 10607 2229 14847 END
START -9932 -2452 7504 9078 1462 17138 END
START -8636 -2856 6256 7823 349 18923 END
START -7336 -3320 5040 6366 -709 20269 END
START -5864 -3948 3716 4680 -1674 21063 END
START -4492 -4176 2476 2609 -2238 21537 END
START -3040 -4176 1608 211 -2921 22225 END
START -1484 -4460 968 -2121 -3674 23251 END
START 688 -3996 584 -4387 -4290 24256 END
START 2680 -3768 424 -6558 -4882 24880 END
START 5176 -2824 664 -8380 -5482 24738 END
START 7428 -2204 1108 -9816 -5846 23536 END
START 9716 -1484 1600 -11237 -6253 21339 END
START 11708 -352 2536 -12494 -6688 18432 END
START 13376 1100 4076 -13466 -7312 15884 END
START 14880 2452 5864 -14273 -7529 13592 END
START 16464 4528 8176 -15690 -6939 11675 END
START 18112 6472 10956 -17469 -5639 9419 END
START 19736 8744 14424 -19521 -3412 6582 END
START 20844 10992 19064 -20997 -313 2999 END
START 21036 12308 23428 -21266 2495 -1583 END
START 19724 12972 27668 -20480 4464 -7280 END
START 16808 12752 31516 -18246 4672 -12897 END
START 12792 11704 32767 -14721 2535 -17471 END
START 8388 9528 32767 -10278 -486 -20563 END
START 4868 7880 32767 -5946 -2533 -21955 END
START 1304 5876 32767 -2177 -3056 -21916 END
START -1708 3540 32767 948 -2136 -20428 END
START -4164 2092 32767 3892 -759 -18137 END
START -6220 960 32767 7302 373 -15401 END
START -7064 448 32767 10883 971 -12687 END
START -7612 224 32767 14842 963 -10345 END
START -7500 -28 32767 18502 928 -8747 END
START -7372 -176 32388 21567 842 -7731 END
START -7172 -468 28124 23944 412 -6893 END
START -7088 -328 24372 25867 -103 -6053 END
START -6664 -468 20072 26960 -135 -5149 END
START -6364 -396 15296 26911 931 -4162 END
START -6320 -364 10636 25400 2808 -2748 END
START -6476 -452 6924 22744 4486 -866 END
START -5788 -368 2904 19675 5341 1262 END
START -5008 -336 120 16604 5254 3110 END
START -4028 -312 -1888 13592 4508 4511 END
START -2744 -508 -3880 11167 3336 5192 END
START -1836 -552 -5248 8650 2144 5035 END
START -1092 -736 -6272 6366 879 4618 END
START -704 -924 -7204 4397 -746 4557 END
START -24 -848 -7880 2354 -2381 4937 END
START 968 -832 -8144 48 -3656 5430 END
START 1828 -776 -8420 -2328 -4311 5823 END
START 2896 -1168 -8284 -5376 -4284 6051 END
START 3688 -1668 -7872 -8977 -3994 5693 END
START 4168 -2396 -6852 -12635 -3742 4844 END
START 4536 -3304 -4792 -15677 -4192 3814 END
START 4456 -4344 -2440 -17833 -5046 3043 END
START 4600 -4568 -480 -19567 -6101 2568 END
START 4792 -4872 1260 -21648 -6657 2036 END
START 4908 -4432 3376 -23992 -6711 1140 END
START 5028 -3960 5536 -26804 -6315 168 END
START 4916 -3480 8444 -29236 -5737 -1021 END
START 4260 -2960 11284 -31145 -5712 -2807 END
START 4016 -2800 15056 -32161 -6626 -5002 END
START 4216 -3176 19312 -32197 -6861 -8047 END
START 2428 -3396 23580 -32049 -6441 -11689 END
START -312 -4136 27568 -31982 -6003 -13967 END
START -5148 -3356 31696 -31346 -6466 -13488 END
START -9048 -3064 32767 -28318 -7227 -10141 END
START -11040 -2744 32767 -24698 -6755 -5522 END
START -10908 -3848 32767 -22787 -5212 -573 END
START -9884 -4536 32767 -22747 -2649 3925 END
START -8716 -4804 32767 -21796 814 7850 END
START -7572 -4656 32767 -18972 4030 11258 END
START -6316 -4208 32767 -14506 6253 14479 END
START -4764 -3760 32767 -9413 6615 16984 END
START -2972 -3488 32767 -4488 5579 18828 END
START -824 -3024 32767 67 4196 19673 END
START 1136 -2544 32767 3816 3385 19798 END
START 3440 -2100 32204 7085 2718 19786 END
START 6084 -1792 28664 8896 2536 19620 END
START 8268 -1108 26080 9470 3948 18858 END
START 10260 -1032 23548 9393 6658 17681 END