START -16528 608 15964 13260 4363 -1066 END
START -16760 236 16528 13733 3868 -266 END
START -17684 -264 16916 13595 2860 1513 END
START -15612 -1868 14528 12986 1962 4639 END
START -15012 -2848 14160 12086 1768 7482 END
START -14472 -3408 13020 11043 1659 9800 END
START -13412 -3752 11980 9864 1601 11953 END
START -12556 -4104 10884 9134 1192 14286 END
START -11104 -3932 8892 8588 993 16775 END
START -9848 -3968 6712 7676 1536 18950 END
START -8212 -4300 4040 5907 2589 20984 END
START -6860 -4896 1200 3073 2478 22417 END
START -4936 -5604 -760 -158 315 23093 END
START -3104 -5588 -1204 -2620 -3207 23208 END
START -388 -5284 -808 -3552 -7340 23034 END
START 2672 -4460 -772 -3837 -10202 22304 END
START 5436 -3528 -228 -4565 -11081 20966 END
START 7924 -3236 316 -6008 -10910 19812 END
START 10240 -2420 1380 -8058 -10499 19087 END
START 12488 -1060 3188 -10457 -9175 18391 END
START 14108 308 5316 -12983 -6991 17268 END
START 15756 1828 8480 -15409 -4974 15566 END
START 17120 4172 12332 -17062 -3372 13628 END
START 18340 6404 16976 -17430 -1647 10399 END
START 18892 8036 20748 -16474 -132 6378 END
START 18444 9788 23696 -14903 307 2271 END
START 17528 10632 25816 -13357 52 -1701 END
START 15528 11260 27912 -11834 -907 -5699 END
START 13288 11260 29928 -10064 -2164 -9159 END
START 10732 11260 32408 -8104 -2914 -11374 END
START 8180 10644 32767 -6769 -2215 -12713 END
START 5816 9752 32767 -5522 -903 -13471 END
START 3628 8288 32767 -3711 -83 -13667 END
START 1828 6588 32767 -1241 81 -13424 END
START -104 5112 32767 2097 -172 -12969 END
START -1672 3928 32767 6137 -1087 -12584 END
START -2688 3024 32767 10651 -2025 -12285 END
START -3532 2228 32767 14669 -2127 -11892 END
START -4160 1612 32767 17656 -1667 -11125 END
START -4516 1388 29032 19623 -688 -10018 END
START -4920 1096 24256 20391 905 -8835 END
START -5012 828 20332 20395 2423 -7590 END
START -5248 296 15536 19795 3560 -6234 END
START -4896 12 11556 18605 3928 -4942 END
START -4588 -456 7668 17121 3713 -3865 END
START -3988 -1048 4556 15551 3032 -2991 END
START -3240 -1536 1436 14076 2011 -1959 END
START -2740 -2184 -1292 12272 637 -1131 END
START -2196 -2544 -3576 10462 -772 -596 END
START -1436 -2708 -5308 8349 -2211 193 END
START -256 -2780 -6884 5647 -2998 1033 END
START 956 -2744 -7904 2276 -2559 1675 END
START 1728 -2780 -8492 -1284 -1311 2007 END
START 2240 -3048 -8652 -5076 -80 2215 END
START 2464 -3228 -8152 -8395 536 2162 END
START 2572 -3552 -7512 -11227 438 1975 END
START 2580 -4156 -6232 -13849 -100 1474 END
START 2516 -4632 -4792 -16201 -923 1058 END
START 2864 -5536 -3220 -18558 -1252 433 END
START 2620 -6192 -1592 -21119 -879 -606 END
START 1364 -6776 204 -23749 -152 -1879 END
START -1072 -6348 2060 -26181 -102 -3014 END
START -3764 -5592 4568 -28690 -970 -3511 END
START -6284 -4412 7952 -30524 -2667 -3089 END
START -7964 -2884 12300 -31594 -5149 -2094 END
START -8084 -2300 17196 -32218 -6570 -994 END
START -7608 -1784 22704 -32481 -6079 -119 END
START -6900 -3208 29024 -32455 -4088 537 END
START -7120 -5180 32767 -31940 -2021 366 END
START -8808 -6448 32767 -28493 -973 800 END
START -10480 -7032 32767 -22470 -1054 3028 END
START -10540 -5824 32767 -15754 -1603 6782 END
START -8568 -4476 32767 -10522 -161 10560 END
START -6240 -3140 32767 -7026 3265 13368 END
START -4300 -1984 32767 -4218 6336 15401 END
START -2492 -1412 32767 -1018 7756 17053 END
START -404 -796 32767 2656 8116 18041 END
START 1184 -444 32767 6060 7942 18601 END