START 792 -2596 -5968 -3720 -3566 339 END
START 344 -2688 -4468 -4209 -4516 337 END
START 900 -3200 -4504 -5136 -6523 318 END
START 1992 -3228 -5780 -7437 -7724 -335 END
START 2048 -3300 -5728 -10387 -7810 -1189 END
START 1924 -3636 -5428 -13231 -6648 -1449 END
START 2020 -3936 -5464 -16031 -4431 -970 END
START 1928 -4316 -5224 -18766 -3196 -502 END
START 2232 -4760 -4676 -21036 -3621 -544 END
START 2684 -5520 -4352 -23384 -4573 -1511 END
START 2888 -6440 -3864 -26012 -6232 -3330 END
START 2416 -7772 -2868 -29090 -8696 -4918 END
START 2256 -9372 -368 -32200 -10894 -5867 END
START 1996 -10776 2716 -32768 -10957 -5830 END
START 2036 -11940 7212 -32768 -9264 -4926 END
START 1620 -12932 13256 -32768 -7862 -4336 END
START 1348 -13676 19716 -32768 -7892 -3891 END
START 1168 -13916 26652 -32768 -8981 -3600 END
START 908 -13716 32767 -32768 -10094 -3369 END
START 1024 -13108 32767 -32768 -10110 -3419 END
START 752 -12816 32767 -32768 -8210 -3062 END
START 464 -12576 32767 -31986 -6616 -2156 END
START -24 -12312 32767 -28719 -5088 -1629 END
START -1212 -11820 32767 -24011 -3863 -849 END
START -2420 -10456 32767 -18014 -3364 609 END
START -2400 -9088 32767 -12047 -2586 2147 END
START -1808 -7392 32767 -6693 -622 3095 END
START -1936 -5512 32767 -2034 1967 3796 END
START -2016 -4284 32767 2376 4157 4792 END
START -1588 -3204 32767 6343 5192 5812 END
START -796 -2640 32767 10188 5054 6331 END
START -164 -2320 32767 13970 4109 6243 END
START 680 -2552 32767 17711 2617 5804 END
START 1428 -2980 32767 20537 1558 5019 END
START 1728 -3884 32767 22531 832 4199 END
START 1740 -4444 29920 23864 533 3556 END
START 1796 -5252 26752 24689 909 2964 END
START 1520 -5724 24104 25212 1606 2647 END
START 1644 -6488 20848 25508 1926 2399 END
START 1524 -6816 18132 25312 1545 2210 END
START 1864 -7536 15284 24913 207 2106 END
START 2820 -7952 12856 24400 -1567 1840 END
START 3756 -8008 10308 23398 -3181 1303 END
START 4860 -7788 7780 21960 -3662 492 END
START 5936 -7280 6136 20334 -3176 -431 END
START 7436 -6692 4848 18408 -2204 -1255 END
START 8764 -5540 3772 16156 -982 -1898 END
START 9840 -4776 3240 13474 145 -2485 END
START 11200 -3696 3392 11210 1283 -3683 END
START 12180 -3040 3016 9174 2300 -5322 END
START 12728 -2044 3088 7133 2713 -7410 END
START 12736 -1320 3336 5380 2962 -9666 END
START 11980 -276 3440 4032 2997 -12135 END
START 10560 412 3952 2683 3150 -14416 END
START 8156 788 4972 1413 3051 -15931 END
START 5500 1396 5828 662 2378 -16512 END
START 3080 1608 6664 25 1521 -16884 END
START 296 1184 7756 -1031 1085 -17438 END
START -2644 388 9764 -2303 561 -17938 END
START -5876 -776 12140 -3514 371 -18105 END
START -9432 -2596 14900 -4403 578 -17093 END
START -12476 -4764 17864 -4213 566 -14175 END
START -14220 -6108 19516 -2831 399 -10013 END
START -14432 -6724 19540 -1259 615 -5820 END
START -13920 -6164 18384 73 1199 -2771 END
START -12920 -5620 16008 927 1311 -739 END
START -11784 -5300 13396 1067 446 985 END
START -10176 -4632 10792 701 -735 2519 END
START -8104 -4208 7736 -204 -1763 3893 END
START -6084 -3560 5020 -1486 -2819 4974 END
START -3828 -2984 2584 -3247 -3650 5546 END
START -1688 -2304 700 -5409 -4053 5600 END
START 68 -1864 -1116 -7829 -4088 5128 END
START 1620 -1772 -2076 -10185 -3768 4221 END
START 2640 -1356 -2912 -12486 -4037 3105 END
START 3376 -1556 -3560 -14770 -4964 1763 END
START 3748 -1632 -4004 -17222 -6165 533 END
START 3660 -1712 -3404 -19161 -7787 -217 END
START 3592 -2744 -1964 -20826 -9902 -525 END