START 1068 -2928 -8672 -6351 -893 -1770 END
START 960 -3056 -8336 -7032 -1686 -1495 END
START 1196 -3192 -8972 -8795 -1521 -867 END
START 1788 -3856 -9204 -11627 -1255 16 END
START 2220 -3864 -8832 -15072 -64 226 END
START 2704 -4140 -8676 -18311 695 -107 END
START 3036 -4600 -8168 -21466 1223 -878 END
START 3088 -5656 -7200 -24084 463 -1866 END
START 2932 -6356 -6268 -26456 -1625 -2891 END
START 3196 -7904 -4704 -28897 -3853 -3509 END
START 3196 -9332 -2560 -31828 -5015 -4010 END
START 2976 -10820 496 -32768 -5757 -4574 END
START 2960 -12444 5792 -32768 -6218 -5136 END
START 2784 -13684 12264 -32768 -7056 -5831 END
START 2884 -14772 19860 -32768 -7641 -6571 END
START 2552 -15464 26720 -32768 -6738 -7153 END
START 1376 -15752 32767 -32768 -5876 -6813 END
START 12 -16092 32767 -32768 -6508 -5878 END
START -1716 -15232 32767 -32768 -8419 -4386 END
START -2520 -14228 32767 -28990 -9633 -2168 END
START -2132 -13184 32767 -25477 -7434 17 END
START -1856 -12176 32767 -22382 -4040 1751 END
START -1572 -10284 32767 -18384 -1289 3193 END
START -1296 -8404 32767 -14377 496 3934 END
START -1020 -6692 32767 -10733 1039 4013 END
START -1120 -4972 32767 -7170 848 3855 END
START -1264 -3668 32767 -3691 292 3880 END
START -1220 -2256 32767 48 10 4334 END
START -616 -1504 32767 3854 204 4774 END
START 48 -960 32767 8164 891 5016 END
START 948 -1140 32767 11741 2356 5111 END
START 1848 -1668 32767 15069 3992 4921 END
START 2284 -2344 32767 17999 5187 4473 END
START 2652 -3024 32767 20778 5706 3922 END
START 2664 -3824 31156 22900 5761 3164 END
START 2648 -4668 27328 24455 5402 2562 END
START 2576 -5288 23452 25345 4886 2012 END
START 2408 -5776 20336 25205 4422 1385 END
START 1876 -6252 18060 24732 4026 774 END
START 1672 -6376 16024 24527 2935 596 END
START 1504 -6960 14556 24186 2041 699 END
START 1756 -7148 12876 23339 2404 862 END
START 2104 -7048 11444 22318 3411 1092 END
START 2540 -6832 9616 21058 4331 1080 END
START 3000 -6688 8244 19569 4588 952 END
START 3192 -6232 6396 17991 3796 772 END
START 4112 -5676 5284 16481 2264 608 END
START 5572 -4844 4324 14975 538 90 END
START 6988 -4168 3732 13463 -401 -816 END
START 8384 -3092 3336 11726 -1138 -2002 END
START 10212 -1900 3208 9709 -1505 -3298 END
START 12092 -816 3552 7778 -974 -4910 END
START 13520 264 3980 6088 215 -6899 END
START 14164 1216 4356 4175 1571 -9154 END
START 13464 2120 4992 2344 2781 -11739 END
START 12020 2584 5712 960 3268 -14452 END
START 9140 2812 6560 -31 2644 -16707 END
START 5836 2628 7644 -411 1306 -18097 END
START 2336 2264 8752 -121 -413 -18422 END
START -808 1960 8852 -467 -1649 -18023 END
START -4264 1096 9176 -2421 -717 -17453 END
START -7992 -544 10220 -5255 1650 -16061 END
START -11380 -2496 11940 -7186 2744 -13831 END
START -13652 -4556 13896 -7262 1556 -10916 END
START -14628 -6012 14280 -5348 -1879 -7510 END
START -13312 -6004 12576 -3373 -4753 -4739 END
START -12004 -6096 9908 -2605 -6445 -2766 END
START -10488 -5824 6348 -3756 -7208 -748 END
START -8964 -5436 3508 -5820 -7409 1379 END
START -6900 -5320 1476 -8171 -7336 3342 END
START -4976 -4948 168 -10496 -7554 4807 END
START -2912 -4992 -724 -12851 -7835 5691 END
START -816 -4924 -972 -15191 -8155 5874 END
START 1824 -4636 -572 -17182 -8342 4614 END
START 3192 -4928 620 -19337 -8342 2389 END