START 644 -3020 -2784 -8571 -3451 -498 END
START 1772 -3016 -6432 -9545 -3939 -283 END
START 2448 -3668 -6060 -12245 -4602 280 END
START 2452 -4848 -5212 -16271 -5702 844 END
START 2852 -4868 -5036 -20269 -6472 501 END
START 3976 -5196 -3984 -23466 -6713 -769 END
START 4508 -6380 -3360 -25310 -5713 -2561 END
START 3864 -7464 -2256 -26662 -5240 -4147 END
START 2768 -8704 -700 -28479 -6946 -4857 END
START 2100 -9876 1644 -30336 -9465 -4639 END
START 1572 -9412 5780 -32400 -11231 -4082 END
START 1524 -8816 11212 -32768 -11218 -4101 END
START 2068 -7652 18716 -32768 -9400 -5383 END
START 1448 -7812 26872 -32768 -7242 -7528 END
START 512 -8932 32767 -32768 -5941 -9446 END
START -1516 -9556 32767 -32768 -4852 -10523 END
START -4856 -9080 32767 -32768 -3765 -9712 END
START -6916 -8452 32767 -26997 -2853 -7341 END
START -7680 -7088 32767 -21207 -2062 -4803 END
START -7608 -6208 32767 -17046 -1145 -3049 END
START -7688 -5012 32767 -14505 647 -2062 END
START -8084 -3532 32767 -12014 1837 -1322 END
START -8244 -2068 32767 -8538 2127 -362 END
START -8156 -544 32767 -4550 1515 1020 END
START -7376 288 32767 -385 568 2363 END
START -6668 716 32767 3378 -60 3459 END
START -5624 1064 32767 6703 -243 4448 END
START -4456 1132 32767 9519 27 5029 END
START -3220 1116 32767 11977 388 4913 END
START -2292 308 32767 14073 990 4338 END
START -1880 -600 32767 16046 1527 3666 END
START -1540 -1676 32767 17927 1776 2970 END
START -1668 -2776 31228 19895 1188 2551 END
START -1544 -3684 28648 21707 -311 2166 END
START -1144 -4268 26024 22981 -1389 1746 END
START -468 -4908 23136 23645 -1638 1359 END
START 292 -5632 20116 23535 -1120 1166 END
START 1532 -6852 16796 22386 4 1085 END
START 2512 -7156 14736 20524 1308 950 END
START 3348 -7264 12292 18916 2816 1147 END
START 4412 -6672 10504 17788 3428 1566 END
START 6164 -6312 8736 16813 2559 1731 END
START 8268 -5596 7428 15890 749 1293 END
START 10208 -4824 6112 14742 -1381 119 END
START 11504 -3176 5392 13484 -3041 -1987 END
START 12344 -1736 5292 12268 -3429 -4626 END
START 11556 -436 5508 11190 -2511 -7389 END
START 9584 672 5484 9979 -1012 -9489 END
START 7236 1068 5928 8603 711 -10391 END
START 4056 1756 7008 7384 1682 -10750 END
START 1092 1412 7940 6431 1715 -11336 END
START -2916 1044 9844 5324 759 -11840 END
START -6516 260 12544 4883 -1330 -11617 END
START -8884 -540 14904 5553 -3455 -10295 END
START -10016 -1268 16228 6772 -4238 -8859 END
START -10768 -1700 16188 7366 -3613 -7253 END
START -10812 -1540 15608 7181 -2097 -5130 END
START -10268 -1236 14464 6965 -328 -2897 END
START -9460 -924 12072 6443 828 -1398 END
START -8464 -676 10136 5739 731 -536 END
START -7320 -472 8376 5189 -99 96 END
START -6240 -424 6476 4685 -1364 542 END
START -4704 -408 4652 4112 -2831 797 END
START -2832 -88 3188 3035 -3968 1117 END
START -740 180 1956 1509 -4450 1351 END
START 1108 332 340 -433 -3947 1300 END
START 2636 640 -612 -2848 -3199 892 END
START 3540 896 -1168 -5319 -2436 219 END
START 4372 828 -1972 -7580 -2066 -661 END
START 4920 668 -2528 -9631 -2283 -1983 END
START 5428 260 -3104 -11881 -3029 -3737 END
START 5072 148 -3336 -14004 -4136 -6079 END
START 2912 136 -2840 -15547 -6519 -8258 END
START 1056 -140 -2080 -16035 -11068 -8497 END
START 1100 296 -1684 -15994 -16165 -6622 END
START 2000 412 -1588 -18001 -17308 -5378 END
START 2308 -1236 720 -23856 -12627 -5596 END
START 864 -3444 7184 -31395 -5610 -6059 END
START -1508 -6264 16824 -32768 194 -5493 END
START -3672 -9024 27436 -32768 2614 -2972 END
START -3896 -12024 32767 -32768 877 273 END