START 1212 -156 -4708 -853 -1463 -2019 END
START 1496 -620 -6300 -1435 -2538 -2070 END
START 1508 -1464 -6276 -2625 -3649 -2234 END
START 1444 -2044 -6908 -4469 -4766 -2201 END
START 1200 -2344 -7664 -7043 -5394 -1838 END
START 1412 -2624 -8120 -10165 -5215 -1217 END
START 1148 -2916 -8232 -13987 -4671 -539 END
START 1956 -3548 -7524 -17910 -3935 -27 END
START 2108 -3984 -6784 -21246 -2989 56 END
START 1984 -5004 -5060 -23367 -3332 -85 END
START 2400 -5432 -3688 -24872 -3866 -1101 END
START 2736 -5808 -1324 -26880 -3931 -2706 END
START 2684 -5808 2360 -29499 -3353 -3954 END
START 2556 -5792 6708 -32643 -2575 -4538 END
START 2380 -5796 12532 -32768 -1691 -5368 END
START 1932 -6604 19176 -32768 -1157 -6821 END
START 844 -7760 25632 -32768 -2188 -8832 END
START -572 -8840 32452 -32768 -3876 -10146 END
START -1572 -10128 32767 -30828 -5266 -10616 END
START -2516 -11032 32767 -26117 -5489 -10112 END
START -4020 -11448 32767 -22674 -3118 -7862 END
START -5108 -11284 32767 -19601 55 -4000 END
START -5432 -10956 32767 -17730 2655 -436 END
START -5120 -10580 32767 -16507 3141 2031 END
START -4308 -9544 32767 -13936 2079 2379 END
START -3552 -8844 32767 -10056 47 1161 END
START -3416 -7828 30608 -6695 -1581 -292 END
START -3468 -7176 28464 -4749 -2311 -712 END
START -3048 -6092 27456 -4171 -1315 126 END
START -2432 -5216 27212 -4590 1223 1181 END
START -2644 -4792 27360 -5187 3490 1961 END
START -3088 -4436 28052 -5251 3963 2460 END
START -3108 -4324 29044 -4613 2584 2430 END
START -2748 -4392 31120 -2696 899 1328 END
START -3100 -4876 32700 -292 -148 136 END
START -3952 -5288 32767 1833 -280 73 END
START -4700 -6100 32767 4062 429 859 END
START -5088 -6472 32767 6698 1605 1937 END
START -5424 -6916 32767 9751 2841 3068 END
START -5340 -7284 32767 12987 3318 4115 END
START -4976 -7352 32420 15867 3159 4970 END
START -4140 -7132 30404 18528 2798 5411 END
START -3576 -7028 27980 20633 2625 5542 END
START -2652 -6832 25408 22088 2322 5550 END
START -1816 -6652 23228 22913 2107 5406 END
START -996 -6456 21016 23402 1896 5131 END
START -88 -6072 18884 23885 1617 4516 END
START 676 -6072 17184 24015 1357 3898 END
START 1308 -5980 15292 23821 1085 3388 END
START 2200 -5988 13368 23228 1101 2921 END
START 2892 -6216 11448 22079 1495 2490 END
START 3600 -6160 9720 20625 2029 2106 END
START 4228 -6020 8316 19098 1935 1776 END
START 4932 -5332 7104 17406 920 1442 END
START 6292 -4708 6668 15697 -465 1141 END
START 8136 -3704 6572 14073 -1450 261 END
START 10204 -2472 6976 12700 -1616 -1403 END
START 12560 -1116 7432 10904 -718 -3594 END
START 13604 564 7884 9424 495 -6078 END
START 13876 1856 8932 8442 1197 -8343 END
START 13148 2936 9600 8128 1309 -10770 END
START 11748 3356 9828 7779 1114 -13463 END
START 9440 3112 9988 7303 1022 -16254 END
START 6344 2380 9980 6319 1213 -18614 END
START 2196 1292 10400 5290 1616 -20131 END
START -2720 -260 10760 4060 2339 -20796 END
START -8128 -2096 11552 2951 2857 -19953 END
START -12888 -3836 12116 2885 2404 -17240 END
START -15876 -5052 12176 3277 1319 -13290 END
START -17072 -5532 11724 3393 29 -8990 END
START -16728 -5228 11072 2862 -1110 -5030 END
START -15692 -4612 10192 2192 -2341 -1354 END
START -13512 -4128 8880 1661 -3690 1315 END
START -11084 -3900 7440 1138 -5128 3061 END
START -9024 -3204 6032 550 -6486 4004 END
START -6672 -2664 3908 -89 -7575 4394 END
START -4704 -2004 1816 -1246 -8179 4405 END
START -2724 -1524 -16 -3200 -8552 4162 END
START -1244 -1240 -1408 -5791 -8571 3849 END
START 404 -824 -2444 -8985 -8512 3431 END
START 1452 -1016 -2836 -12085 -8513 2666 END
START 2468 -1244 -2880 -15412 -8786 1497 END
START 3084 -2004 -1984 -18722 -9104 82 END
START 3396 -2284 28 -21473 -9319 -1011 END
START 3500 -2272 2352 -23866 -9360 -1674 END
START 3404 -2176 5836 -25936 -8924 -2011 END
START 2816 -1592 9880 -27548 -8318 -2169 END
START 2464 -1316 14920 -28621 -7795 -1868 END
START 1968 -2208 21132 -28752 -7236 -1685 END
START 2008 -4968 27428 -28899 -5163 -2058 END
START 2504 -8156 32767 -28705 -1533 -4759 END
START 900 -11352 32767 -27941 832 -8587 END
START -2428 -14448 32767 -24011 520 -10096 END