START 2888 -1916 -4396 -15822 -5228 -1729 END
START 688 -1312 -2136 -16769 -6521 -1925 END
START 1864 -2120 -2300 -19734 -6078 -2656 END
START 2772 -3676 -2904 -23305 -4970 -3154 END
START 2768 -3652 -1520 -27086 -4148 -3333 END
START 2808 -4684 688 -29698 -3621 -3339 END
START 3372 -4496 2996 -31068 -4164 -3444 END
START 3588 -5060 5628 -31811 -5323 -4712 END
START 4072 -4892 8956 -32069 -7390 -7017 END
START 4740 -5556 12008 -32609 -8872 -10131 END
START 4816 -6408 16244 -32768 -10176 -13130 END
START 3556 -7952 19620 -32768 -10210 -15003 END
START 804 -10672 25248 -32768 -9188 -14673 END
START -1216 -12992 31056 -32768 -7586 -12669 END
START -2772 -15480 32767 -32768 -5918 -10062 END
START -3968 -16744 32767 -31506 -7373 -7496 END
START -3756 -16140 32767 -24144 -11184 -5149 END
START -2264 -14416 32767 -18523 -12207 -3295 END
START -960 -11668 32767 -15333 -8811 -2482 END
START -884 -9584 32767 -13301 -3283 -1930 END
START -1696 -8384 32767 -12459 2556 -1199 END
START -2560 -7252 32767 -10027 6186 -166 END
START -3760 -6192 32767 -5588 6671 853 END
START -4492 -5164 32767 -469 4945 2012 END
START -4488 -4160 32767 4652 2509 3238 END
START -3436 -3212 32767 8794 1077 3937 END
START -2432 -2624 32767 11727 838 4074 END
START -1656 -2716 32767 13527 1687 3852 END
START -1092 -3256 32767 14606 3256 3769 END
START -1000 -4292 32767 16005 4965 3980 END
START -968 -5092 31748 17515 6201 4154 END
START -1028 -6216 29344 18916 6837 4396 END
START -1340 -6960 27168 19682 7249 4581 END
START -1416 -7276 24680 20248 7365 4620 END
START -1320 -7588 22752 21073 7025 4785 END
START -680 -7560 20608 21649 5980 5107 END
START 416 -7540 18456 22037 4630 5213 END
START 1556 -7360 16500 22236 3265 5117 END
START 3056 -7272 14524 22218 2855 4715 END
START 4428 -6928 12556 22005 2627 4017 END
START 5832 -6468 10592 21479 2145 3405 END
START 6988 -5328 8676 20297 1116 2803 END
START 9052 -4000 7304 18808 -168 1784 END
START 10852 -2856 6588 17397 -1019 127 END
START 12436 -2012 5976 15888 -1275 -2000 END
START 13624 -1248 5184 14022 -98 -5056 END
START 13096 -876 4396 12086 2159 -8246 END
START 11004 -916 3856 9870 4217 -10916 END
START 7908 -1012 3564 8181 5137 -12559 END
START 4200 -1264 3400 7222 4319 -13302 END
START 260 -1476 3168 6070 2889 -13691 END
START -3640 -1836 3672 4973 1325 -13760 END
START -8056 -2304 4584 4247 -1189 -12820 END
START -11364 -2312 5196 3570 -3932 -10835 END
START -12704 -2076 5964 2090 -4694 -8784 END
START -13044 -2040 7236 161 -4202 -7345 END
START -12976 -2512 8980 -1321 -4009 -5755 END
START -12160 -2796 10484 -1671 -4002 -4079 END
START -10992 -3156 10860 -1430 -4367 -2299 END
START -9288 -3136 10576 -1358 -4504 -354 END
START -6980 -2764 9788 -1819 -4229 1432 END
START -4156 -2188 8676 -2928 -3329 2681 END
START -1880 -1392 7160 -4149 -2309 2894 END
START 220 -700 5404 -5184 -1592 2245 END
START 1912 -112 3200 -6268 -1709 936 END
START 3116 20 1592 -7815 -2695 -789 END
START 3820 -112 368 -9187 -4252 -2389 END
START 4228 -488 -808 -10704 -5929 -3879 END
START 4080 -748 -2048 -12879 -7014 -5299 END
START 3568 -784 -2416 -15524 -8044 -5622 END
START 3272 -796 -1188 -17856 -9474 -4547 END
START 3776 -604 408 -19859 -9975 -3130 END
START 4112 -732 2280 -21896 -9150 -2667 END
START 3112 -2024 5988 -24588 -7511 -2875 END