START 1820 -3544 -8848 -6948 380 -627 END
START 1852 -3540 -9896 -8165 -837 -647 END
START 1196 -3840 -9196 -10830 -2418 -728 END
START 2196 -4548 -8496 -14250 -5085 -734 END
START 2400 -4532 -7696 -16566 -6686 -941 END
START 2552 -4980 -7544 -18712 -6979 -1099 END
START 3080 -5452 -7500 -21688 -5798 -1043 END
START 3336 -6744 -6524 -25097 -4614 -1162 END
START 3520 -7712 -5216 -27817 -4611 -1860 END
START 3668 -8956 -3260 -29875 -5723 -2906 END
START 3724 -10344 -1228 -31982 -7981 -3846 END
START 3616 -11196 2416 -32768 -10538 -4530 END
START 4356 -12112 6936 -32768 -11602 -5330 END
START 5160 -12948 12816 -32768 -9387 -6528 END
START 4592 -14352 20956 -32768 -5950 -7276 END
START 3288 -16012 29080 -32768 -3837 -7535 END
START 1628 -17488 32767 -32768 -4843 -7443 END
START -8 -17616 32767 -32768 -9192 -6720 END
START -772 -17096 32767 -29984 -13833 -5606 END
START -688 -16224 32767 -25508 -14765 -3866 END
START -824 -13708 32767 -22384 -11664 -1598 END
START -836 -11504 32767 -18014 -4943 619 END
START -1192 -8876 32767 -14343 2106 2300 END
START -2328 -6420 32767 -11091 6844 3918 END
START -2696 -3852 32767 -7477 8330 4801 END
START -2612 -1944 32767 -3282 7188 4678 END
START -2508 -452 32767 1287 4299 4349 END
START -1772 668 32767 5221 1689 4024 END
START -756 860 32767 8118 924 3530 END
START -508 584 32767 10212 1862 3021 END
START -408 -292 32767 12297 3655 2835 END
START -804 -1664 32767 14549 5457 3343 END
START -1032 -3192 32767 17164 6456 3893 END
START -1224 -4680 31484 19767 6622 4266 END
START -1268 -5916 28672 21848 6315 4340 END
START -1540 -6852 26100 23019 5556 4303 END
START -1540 -7548 23068 23105 4277 4402 END
START -1116 -7956 20692 22808 2678 4624 END
START -140 -7844 18672 22262 1149 4652 END
START 1324 -8016 16740 21832 -78 4519 END
START 2904 -8120 15412 21620 -940 4492 END
START 4700 -8216 13536 21141 -699 4404 END
START 6600 -7748 11712 20310 -57 4207 END
START 8564 -6708 10204 19250 294 3556 END
START 10832 -5680 8816 18207 558 2370 END
START 12528 -4628 7836 16830 648 526 END
START 14208 -3616 6924 14870 1148 -2086 END
START 14908 -2504 6584 12675 1679 -5541 END
START 14152 -1544 6292 10382 2144 -9080 END
START 12880 -932 6344 8625 2163 -12012 END
START 10720 -684 6700 7799 2201 -14149 END
START 7320 -320 6628 7483 2187 -15542 END
START 3924 -660 6524 7510 1611 -15957 END
START 184 -892 6120 6948 749 -15782 END
START -3540 -1588 6256 5618 27 -15289 END
START -7152 -2344 7012 3903 -287 -14492 END
START -10596 -3052 7732 2264 68 -13169 END
START -13320 -3764 8708 1038 52 -10609 END
START -14600 -4012 9352 530 -560 -7450 END
START -14460 -4632 9528 437 -1276 -4465 END
START -13616 -4696 9200 178 -1642 -1982 END
START -12344 -4692 8488 -330 -1905 -12 END
START -10384 -4340 7384 -943 -2336 1364 END
START -8004 -3976 5900 -2214 -3198 2277 END
START -5536 -3388 4832 -3798 -3788 2988 END
START -3020 -2400 3932 -5109 -3788 3453 END
START -644 -1588 2540 -6479 -3340 3707 END
START 1296 -972 1216 -8032 -3118 3471 END
START 2648 -388 24 -9733 -3174 2917 END
START 3732 -96 -1256 -11625 -3390 1995 END
START 4368 -240 -2296 -14136 -3802 528 END
START 4512 -552 -2468 -16973 -4950 -1265 END
START 4592 -964 -1812 -19629 -7357 -2832 END
START 4700 -1708 32 -21986 -9704 -3776 END
START 4404 -3228 2704 -24906 -9948 -4095 END
START 3392 -4672 7172 -28220 -8149 -3668 END
START 1644 -6476 12408 -30570 -5976 -2139 END