START 1144 1632 -1248 595 -819 -278 END
START 1612 1612 -2700 124 -1548 -125 END
START 1616 1348 -2152 -1005 -2173 172 END
START 2420 988 -2260 -2565 -2924 187 END
START 2284 704 -3052 -4165 -2973 44 END
START 2904 432 -4064 -6312 -3624 -393 END
START 3524 -124 -4388 -8690 -3504 -1242 END
START 3576 -536 -4700 -11335 -3385 -2207 END
START 3216 -1452 -4832 -13573 -4323 -3028 END
START 2920 -2164 -4752 -15509 -6018 -3222 END
START 2880 -2812 -5192 -17806 -7691 -3097 END
START 3344 -3816 -5164 -20636 -9018 -3124 END
START 3968 -5276 -5048 -24368 -8868 -4032 END
START 4016 -6584 -3632 -28488 -8503 -5555 END
START 3336 -7780 -1360 -31968 -8644 -6577 END
START 2368 -8720 2152 -32768 -10468 -6607 END
START 2504 -9480 6212 -32768 -12410 -5436 END
START 2708 -9756 11596 -32768 -13299 -4572 END
START 2872 -11024 18324 -32768 -11948 -4703 END
START 3400 -12364 26276 -32768 -8813 -5514 END
START 2776 -13168 32767 -32768 -5166 -7034 END
START 888 -14612 32767 -32768 -2519 -8320 END
START -2136 -15124 32767 -32768 -2442 -7914 END
START -4736 -14368 32767 -26790 -3990 -5735 END
START -5160 -13096 32767 -21145 -4347 -3001 END
START -4488 -11544 32767 -18201 -1675 -1259 END
START -4696 -10116 32767 -17225 2792 -604 END
START -5500 -8780 32767 -16464 6268 -123 END
START -6716 -7024 32767 -14014 6999 565 END
START -7032 -5504 32767 -10072 5473 1294 END
START -7100 -4296 32767 -5669 2935 1901 END
START -6848 -3408 32767 -1170 521 2661 END
START -6216 -2388 32767 3011 -950 3331 END
START -5500 -1984 32767 6462 -708 3556 END
START -4552 -2208 32767 8907 817 3573 END
START -3960 -2772 32767 10923 2665 3636 END
START -3304 -3932 32767 13167 3962 3704 END
START -2928 -4712 32767 15809 4255 3536 END
START -2252 -5908 32380 18523 3377 3316 END
START -1900 -6596 29576 20995 2150 3055 END
START -1308 -7140 26200 22618 930 2816 END
START -208 -7812 22692 23146 744 2780 END
START 396 -8124 19376 22501 1587 2951 END
START 1680 -8288 15556 20837 2917 3487 END
START 2884 -8180 12892 18959 4421 3889 END
START 4176 -7744 10372 17626 5072 4090 END
START 5388 -7824 7696 16853 4476 3724 END
START 6744 -7272 5760 15951 2571 2914 END
START 7948 -6700 4240 14698 -141 1750 END
START 9268 -5424 3740 13455 -2612 278 END
START 10220 -4452 3568 11525 -3911 -1152 END
START 11260 -3356 4296 9282 -3344 -2758 END
START 11360 -2200 5148 6853 -993 -4171 END
START 11104 -1596 6972 4622 2060 -5747 END
START 10184 -1172 9108 3541 4085 -7739 END
START 8408 -796 11360 4171 3999 -9745 END
START 6792 -1016 13112 6364 2252 -11639 END
START 4092 -1356 14376 8935 -330 -13701 END
START 1240 -2672 15244 10275 -1859 -15280 END
START -2132 -3352 15748 10004 -1440 -15882 END
START -5488 -3764 15396 8261 1621 -15228 END
START -8332 -3960 14736 6249 5454 -13305 END
START -9908 -4576 13404 5234 7886 -10739 END
START -10636 -4480 11868 5071 7745 -8135 END
START -10060 -4244 9536 5310 5611 -5935 END
START -8876 -3612 7360 5157 3058 -4650 END
START -7872 -3152 5208 4560 805 -3980 END
START -6664 -2736 2972 3621 -1383 -3459 END
START -5572 -2408 996 2198 -4218 -2839 END
START -4200 -2328 -800 602 -7298 -2087 END
START -2664 -1672 -2112 -1537 -9990 -1631 END
START -836 -1352 -3504 -4367 -11353 -1478 END
START 952 -928 -3824 -7786 -11165 -1478 END
START 2748 -400 -3780 -11113 -10238 -1892 END
START 4104 -112 -2972 -14083 -9992 -2827 END
START 5232 -96 -1948 -16132 -11120 -4775 END
START 5068 -632 -304 -18313 -12370 -7499 END
START 3412 -1892 3564 -21096 -12149 -9796 END
START 1240 -3596 9040 -23498 -11536 -10277 END
START 120 -4476 15392 -25017 -9806 -8696 END
START -808 -6332 22464 -25136 -5548 -6976 END
START -1784 -8296 29964 -23731 -699 -5561 END