START 1020 980 -2128 2030 -2696 1146 END
START 1204 760 -3656 1478 -3043 1197 END
START 1628 288 -3620 270 -3070 1150 END
START 2444 -20 -5260 -1951 -2802 835 END
START 2564 -636 -6380 -4635 -2235 40 END
START 2912 -1516 -7388 -7741 -1738 -868 END
START 2844 -2140 -7980 -11066 -1693 -1655 END
START 2588 -3232 -7648 -14330 -2534 -2098 END
START 2548 -3868 -7240 -17197 -3548 -2260 END
START 2292 -4644 -6340 -19668 -4369 -2300 END
START 2580 -5688 -5524 -21874 -4511 -2209 END
START 2312 -6984 -3852 -24133 -4328 -2344 END
START 1956 -8556 -1220 -25114 -4413 -2227 END
START 2144 -9264 404 -26109 -5251 -3007 END
START 2428 -9396 1896 -28687 -6066 -4132 END
START 2028 -9176 4844 -32768 -6319 -5458 END
START 1376 -8304 10192 -32768 -6561 -6069 END
START 1260 -7388 16936 -32768 -6291 -6177 END
START 916 -7628 24536 -32768 -4889 -7035 END
START -476 -8376 32184 -32768 -3722 -8221 END
START -2012 -9872 32767 -32768 -2911 -9604 END
START -3940 -11052 32767 -32768 -3543 -10644 END
START -5648 -12132 32767 -28674 -5203 -10330 END
START -6864 -11352 32767 -22485 -7063 -7750 END
START -6212 -9092 32767 -18119 -6892 -4326 END
START -5044 -7816 32767 -16038 -3058 -1764 END
START -5180 -6392 32767 -14314 1629 -75 END
START -5520 -5332 32767 -12281 4130 1027 END
START -5880 -4228 32767 -9219 4426 1528 END
START -5720 -3308 32767 -5063 2380 1870 END
START -5032 -2684 32767 -746 -331 2195 END
START -4324 -2320 32767 2977 -2023 2642 END
START -3532 -2124 32767 5881 -1970 3188 END
START -2864 -1908 32767 8398 -762 3701 END
START -2324 -2344 32767 10695 423 4046 END
START -1808 -2712 32767 12702 1306 4151 END
START -1476 -3300 32767 14769 1345 4076 END
START -1136 -3768 31440 17094 364 3767 END
START -500 -4276 29076 19141 -687 3256 END
START 112 -4708 26104 20256 -1244 2710 END