START 3264 -1012 -7680 3179 -1825 1870 END
START 1072 -852 -5028 2219 -2834 1815 END
START 3120 -2340 -8416 107 -2859 1383 END
START 4004 -4704 -9436 -2783 -4690 1009 END
START 4000 -4376 -9696 -5501 -6550 391 END
START 3520 -4556 -9544 -8296 -7591 -124 END
START 3268 -4832 -9260 -10889 -7297 -227 END
START 3348 -5184 -9376 -13845 -6183 69 END
START 3396 -5228 -9208 -16901 -5412 378 END
START 4228 -6100 -8752 -19799 -4808 109 END
START 4968 -5928 -7960 -22568 -3799 -1165 END
START 5052 -7204 -6732 -25534 -3463 -3084 END
START 4788 -8192 -5276 -27783 -4094 -4584 END
START 3976 -9440 -3492 -30111 -5841 -5394 END
START 3196 -10384 -308 -32768 -8070 -5633 END
START 3120 -11544 4712 -32768 -8580 -6121 END
START 3100 -11124 10692 -32768 -6650 -7407 END
START 2664 -11148 18884 -32768 -3483 -9994 END
START 344 -10740 28112 -32768 -812 -12528 END
START -3092 -11032 32767 -32768 39 -13528 END
START -6252 -11364 32767 -32768 -995 -12603 END
START -8992 -10608 32767 -31101 -2992 -10052 END
START -9552 -9532 32767 -26913 -4453 -7443 END
START -9916 -8140 32767 -24073 -5250 -5587 END
START -10088 -6976 32767 -21165 -3715 -4543 END
START -10752 -5436 32767 -17272 -639 -3639 END
START -10964 -3932 32767 -13004 1989 -2582 END
START -11136 -2696 32767 -8782 2879 -1022 END
START -10536 -1916 32767 -4907 2992 500 END
START -9912 -876 32767 -1376 3194 1547 END
START -9440 4 32767 2387 2983 2401 END
START -9108 228 32767 5616 1877 3232 END
START -7816 516 32767 8850 777 3785 END
START -6912 412 32767 12125 96 4050 END
START -6008 -256 32767 15124 89 4253 END
START -5160 -1312 32767 17488 1027 4411 END
START -4608 -2428 31724 19070 2845 4459 END
START -4240 -3696 28624 19882 4516 4585 END
START -4268 -4740 25672 20401 5302 4950 END
START -4448 -5396 23060 20722 5026 5259 END
START -4288 -5792 20580 20966 4256 5606 END
START -4304 -5952 18180 20888 3151 6128 END
START -3868 -6324 16396 20649 1892 6697 END
START -2948 -6412 14712 20579 1200 7050 END
START -1964 -5980 13316 20442 868 7083 END
START -936 -5768 11240 19439 1368 6911 END
START -440 -5336 10036 17650 1808 6923 END
START 252 -4804 9080 16126 1991 7032 END
START 800 -4136 8344 15163 1741 7128 END
START 2140 -4008 7312 14388 1090 6876 END
START 3396 -4004 6372 13774 47 5871 END
START 4324 -4292 5112 12325 -1413 4576 END
START 5340 -3892 4316 10600 -3154 3645 END
START 7284 -2864 3980 8857 -4054 2883 END
START 9792 -1292 4548 6748 -3700 2229 END
START 13236 344 5524 4734 -1854 935 END
START 15176 2364 6156 2865 805 -2124 END
START 15372 3708 7568 1453 2618 -6085 END
START 14720 4480 8688 1086 2840 -9413 END
START 12808 5212 10012 1590 1497 -11845 END
START 10496 5224 10796 3053 -909 -13410 END
START 7920 5156 10692 4047 -3090 -15197 END
START 4712 4372 10552 3288 -3971 -17187 END
START 668 3476 11356 1653 -3534 -18599 END
START -3700 2012 12568 -75 -2297 -18851 END
START -8456 292 14424 -1333 -1311 -17599 END
START -12256 -1200 16052 -1727 -955 -14704 END
START -14548 -2352 17616 -1217 -1495 -10734 END
START -14628 -2484 17772 -338 -2159 -7449 END
START -13928 -2124 17568 366 -2809 -5300 END
START -13032 -1572 16724 1161 -3705 -3692 END
START -11692 -924 15152 1946 -4717 -2362 END
START -10152 -692 13176 2392 -5326 -1491 END
START -8644 -300 10684 2221 -5490 -697 END
START -7028 -724 8468 1459 -5359 300 END
START -5452 -768 6488 275 -5222 1069 END
START -3900 -832 4836 -1341 -5159 1565 END
START -2304 -1036 3184 -2940 -5202 1622 END
START -988 -972 1908 -4467 -5544 1188 END
START 0 -1060 856 -5983 -5994 466 END
START 600 -1196 184 -7546 -6429 -208 END
START 916 -1436 -592 -9149 -6958 -832 END
START 1088 -1540 -996 -10893 -7252 -1285 END
START 1512 -1976 -1604 -13398 -7419 -1553 END
START 1740 -2432 -880 -17071 -6965 -1861 END
START 1576 -3020 1524 -20935 -5981 -2275 END
START 172 -3212 5072 -24053 -5329 -2524 END
START -1012 -3492 9912 -26006 -5451 -1961 END
START -1472 -3468 15192 -26349 -6136 -602 END
START -884 -4080 21408 -25407 -6375 647 END
START -16 -5252 26888 -24064 -4648 1320 END
START 768 -6700 32000 -22622 -1617 629 END