START 5196 -328 -9572 8955 -3004 4977 END
START 3304 -28 -8388 7374 -3169 4744 END
START 4368 -736 -9812 3903 -1740 3953 END
START 4968 -2496 -11020 -1973 -321 1591 END
START 3460 -3480 -9540 -6311 -1308 -1019 END
START 1852 -4988 -8628 -7812 -3791 -2775 END
START 580 -5932 -8824 -7708 -6219 -2728 END
START -512 -6612 -9572 -8051 -7858 -822 END
START -92 -6364 -10996 -10399 -8049 1944 END
START 1052 -6128 -12068 -15003 -5725 3965 END
START 2940 -5980 -11888 -20680 -2276 3994 END
START 3516 -6136 -10468 -26088 -292 1952 END
START 2792 -7156 -7916 -29212 -1709 -186 END
START 2412 -8224 -5168 -30530 -5405 -1193 END
START 2452 -9136 -1632 -31273 -9393 -1526 END
START 3212 -9720 2172 -31682 -12558 -1255 END
START 4632 -10016 6460 -32768 -13593 -623 END
START 6676 -10084 12696 -32768 -10417 -1185 END
START 7768 -10320 20656 -32768 -5442 -3516 END
START 7012 -11760 28120 -32768 -1539 -6326 END
START 4768 -13608 32767 -32768 -1966 -8054 END
START 2920 -14600 32767 -32768 -5736 -8197 END
START 1632 -14252 32767 -29892 -8976 -7597 END
START 1256 -13644 32767 -25370 -8049 -6335 END
START 652 -12960 32767 -22731 -1479 -4633 END
START -1388 -11876 32767 -20635 6482 -2695 END
START -3888 -10768 32767 -17454 12421 -1219 END
START -6628 -9056 32767 -12440 12921 279 END
START -8124 -7364 32767 -6618 9502 1823 END
START -7668 -5704 32767 -1325 5232 3433 END
START -5936 -3604 32767 3254 2385 4686 END
START -3876 -2100 32767 7256 1778 5492 END
START -1760 -1260 32767 11142 2553 5910 END
START 8 -1048 32767 14054 3968 5993 END
START 1340 -1212 32767 16603 4855 5831 END
START 2700 -1768 32767 19042 5286 4928 END
START 3164 -2848 32767 21072 5457 3600 END
START 2832 -3852 30472 22662 5504 2618 END
START 2260 -5176 27632 23732 5383 2455 END
START 2288 -5776 24812 24520 5323 2407 END
START 1980 -6188 22288 24877 5665 2269 END
START 1912 -6712 19364 24728 6203 2360 END
START 2184 -6920 17112 24194 6746 2479 END
START 2684 -7188 14308 23473 6826 2600 END
START 3724 -7272 11572 22217 6697 2560 END
START 5040 -7112 8988 20552 6603 2030 END
START 6064 -6900 7316 18698 6059 1600 END
START 7572 -6360 6128 17074 4613 1252 END
START 9676 -5224 4936 15382 2917 658 END
START 11400 -3992 4484 13542 1216 -334 END
START 13580 -2464 4308 12005 145 -2063 END
START 14888 -912 4540 10130 328 -4594 END
START 14784 -156 4912 8194 1138 -7439 END
START 13076 648 5800 6892 1723 -9972 END
START 10616 1164 6272 6116 1511 -11986 END
START 7532 1056 7136 6084 43 -13154 END
START 4452 1168 7444 6386 -1862 -13882 END
START 676 688 7620 5598 -2820 -14664 END
START -2952 200 8152 4055 -2672 -15007 END
START -6736 -216 9388 2307 -1470 -14843 END
START -10100 -1328 10664 918 235 -13986 END
START -12892 -2344 11784 73 1448 -12745 END
START -14512 -3672 12064 -342 1359 -10605 END
START -15140 -4364 12344 -318 248 -7882 END
START -14824 -4468 11664 -90 -982 -5125 END
START -13472 -4164 10396 -199 -1778 -2475 END
START -11268 -3688 8476 -541 -1828 -566 END
START -8852 -3272 6096 -1378 -1658 602 END
START -6272 -2704 3976 -2644 -1855 1389 END
START -3820 -2060 2044 -4265 -2354 1803 END
START -1032 -1396 236 -6020 -3047 1828 END
START 1668 -668 -1864 -7851 -4147 1340 END
START 3976 -252 -3336 -10415 -5574 23 END
START 5896 -60 -3960 -13329 -7237 -2058 END
START 6732 -480 -3708 -15951 -8846 -4517 END
START 7080 -1144 -2656 -18199 -10120 -6339 END
START 6700 -2072 -1012 -21056 -10423 -7574 END
START 5464 -3804 2368 -24781 -9174 -8309 END
START 3344 -5572 7776 -27835 -7619 -8326 END
START 840 -6840 13832 -29177 -6477 -7271 END