START 1256 -924 1516 -2770 -4266 -1720 END
START -976 112 3128 -3225 -5494 -1461 END
START -180 792 476 -4673 -6050 -469 END
START 1396 -444 44 -6120 -5934 1110 END
START 2168 -932 -180 -7453 -3541 1675 END
START 2440 -200 -812 -10018 -1914 983 END
START 3464 -744 -1584 -13124 -501 -702 END
START 3452 -2240 -1740 -16193 -704 -2608 END
START 2812 -3080 -1304 -18493 -2777 -3867 END
START 2380 -3640 -1192 -19879 -6023 -4208 END
START 2548 -4584 -1480 -20860 -9297 -4075 END
START 3228 -5684 -1880 -22676 -10948 -4133 END
START 3812 -7372 -1888 -26609 -10011 -4665 END
START 4024 -9072 -476 -31819 -7658 -5600 END
START 3484 -10760 2772 -32768 -6602 -6310 END
START 2320 -12304 7724 -32768 -7707 -5106 END
START 1612 -12760 12576 -32768 -10337 -2912 END
START 2940 -13116 18408 -32768 -11677 -2516 END
START 3296 -14128 25492 -32768 -9247 -4657 END
START 1220 -14388 32704 -32768 -5050 -7441 END
START -2360 -14348 32767 -32768 -2008 -8910 END
START -5468 -14044 32767 -32768 -1793 -7979 END
START -6876 -13260 32767 -28616 -3901 -5152 END
START -6744 -11896 32767 -22522 -5907 -2781 END
START -6260 -10196 32767 -17662 -5762 -1624 END
START -5712 -8660 32767 -14021 -2996 -1188 END
START -6040 -6836 32767 -10854 402 -938 END
START -6584 -5316 32767 -7479 2661 -250 END
START -6928 -4124 32767 -3757 3390 1111 END
START -6632 -3488 32767 68 2664 2480 END
START -6380 -2556 32767 3724 1425 3507 END
START -5896 -2228 32767 7447 16 4198 END
START -5064 -2248 32767 10632 -1288 4689 END
START -3960 -2508 32767 13630 -1921 5023 END
START -2728 -2732 32528 15430 -1544 4682 END
START -2052 -3540 30408 16739 -415 4103 END
START -1436 -4088 28320 17867 665 3685 END
START -1008 -4616 26584 19006 1139 3419 END
START -536 -5376 24664 20028 940 3189 END
START 76 -5756 22768 20710 479 2714 END
START 656 -6092 21100 20934 298 2030 END
START 1164 -6580 19396 20906 478 1480 END
START 1496 -7360 18164 20563 800 1337 END
START 2696 -7684 16996 20056 1423 1774 END
START 3656 -7640 16228 19190 2219 2120 END
START 4452 -6988 15388 18320 2457 1841 END
START 5416 -6824 14700 17832 2486 1303 END
START 6396 -6252 13724 17501 1965 527 END
START 7408 -6020 12896 17446 1277 -473 END
START 8272 -5484 12316 17493 -78 -1783 END
START 9872 -5236 11700 17364 -1305 -2976 END
START 11972 -5760 11584 16714 -1843 -4310 END
START 11836 -5772 11852 15872 -2389 -6583 END
START 10964 -5384 11876 15128 -3004 -9223 END
START 9764 -5912 11752 14597 -1630 -11762 END
START 6464 -5724 11800 14344 1054 -13370 END
START 3604 -5372 10228 14398 4174 -13372 END
START -216 -5172 8116 13867 6698 -12229 END
START -3272 -4636 5524 12052 8166 -11123 END
START -6568 -3320 3544 9691 7855 -10751 END
START -9108 -2408 2436 7908 5121 -9977 END
START -10500 -1032 964 6670 1306 -8668 END
START -10576 540 -248 5442 -2058 -7239 END
START -9964 1252 -1352 3479 -3663 -5782 END
START -9136 1780 -2320 701 -3963 -4213 END
START -7816 2168 -2284 -1991 -4073 -2921 END
START -6624 2364 -2624 -4195 -4871 -1688 END
START -4444 2140 -2456 -6294 -6247 -845 END
START -2016 2216 -2420 -8456 -7852 -910 END
START -16 1944 -2136 -10920 -9397 -1590 END
START 1936 1556 -1812 -13326 -10618 -2572 END
START 3164 1200 -1260 -15224 -11016 -3925 END
START 3740 972 -1208 -16660 -10468 -5277 END
START 3180 -120 -1292 -18274 -9837 -6123 END
START 2524 -1896 -388 -19849 -10068 -5734 END
START 1884 -3368 596 -21548 -10742 -4156 END
START 2332 -5392 3072 -24250 -9535 -1935 END
START 2264 -6880 7324 -27491 -5058 420 END