START 1672 -3636 -5328 -15818 -6198 -100 END
START 2344 -3420 -7492 -16720 -6210 1 END
START 2944 -4080 -5612 -18896 -4187 236 END
START 2168 -5280 -4436 -21400 -1557 407 END
START 2812 -5760 -3560 -23836 99 -152 END
START 3112 -6384 -3612 -26797 1132 -2269 END
START 2404 -7676 -2932 -30845 -9 -4892 END
START 1388 -9092 -344 -32768 -3458 -6322 END
START 716 -10184 2848 -32768 -7246 -6634 END
START 332 -9692 7532 -32768 -9636 -5932 END
START 1000 -9176 11948 -32768 -9035 -5635 END
START 1452 -8568 18592 -32768 -6076 -6594 END
START 1428 -8900 25000 -32768 -2274 -8465 END
START 32 -9928 31980 -32768 351 -10497 END
START -2076 -10888 32767 -32768 -286 -10952 END
START -3660 -10872 32767 -32015 -4375 -9647 END
START -3668 -11060 32767 -26643 -8591 -7605 END
START -2632 -10592 32767 -23306 -8850 -5999 END
START -2000 -9392 32767 -21419 -4324 -4817 END
START -2692 -8540 32767 -19181 1718 -4304 END
START -4408 -7724 32767 -15700 5157 -3591 END
START -5676 -6956 32767 -10888 4725 -2569 END
START -6468 -5872 32767 -5866 2059 -1421 END
START -6340 -4776 32767 -1258 -853 -2 END
START -5256 -3492 32767 2272 -1889 1331 END
START -3932 -2524 32767 5160 -1160 2344 END
START -2900 -2112 32767 7593 548 2742 END
START -2440 -1972 32767 9775 2056 2677 END
START -2392 -2204 32767 12122 2761 2436 END
START -2560 -2948 32496 14491 2397 2414 END
START -2452 -3624 29652 16354 1749 2515 END
START -2548 -4292 27124 17795 901 2781 END
START -2252 -4796 24756 18830 169 2864 END
START -1812 -5232 22328 19313 234 2757 END
START -1336 -5700 19968 19312 637 2823 END
START -592 -6048 18440 19415 715 2870 END
START 500 -6312 16864 19504 356 2741 END
START 1720 -6544 15448 19368 -119 2602 END
START 3104 -6272 14076 18719 -639 2449 END
START 5000 -6032 13472 18174 -938 1982 END
START 6228 -5128 12476 17943 -1085 1184 END
START 8048 -4436 11252 17291 -996 271 END
START 9448 -3228 10236 16157 -379 -696 END
START 11020 -2368 9408 14974 483 -2055 END
START 12324 -1688 8556 13501 1443 -4150 END
START 12488 -1032 7544 12205 2092 -6930 END
START 11848 -1100 7152 10442 1991 -9508 END
START 10576 -1172 6980 8963 1511 -11460 END
START 8708 -1844 7484 7848 991 -12732 END
START 6560 -2036 7568 7006 865 -13448 END
START 4368 -2816 8040 6501 678 -13496 END
START 1652 -3360 8680 5879 631 -13363 END
START -1004 -4056 8840 5051 1088 -13318 END
START -4156 -4152 9116 4622 1183 -12681 END
START -6336 -4340 8288 3935 913 -11557 END
START -7972 -4288 7724 2624 680 -10029 END
START -8640 -4404 7112 1086 431 -8413 END
START -8912 -4708 6952 -296 264 -7055 END
START -8876 -4788 6632 -1401 -240 -5659 END
START -8388 -4636 6096 -2258 -1300 -4020 END
START -7080 -3784 5152 -3222 -2659 -2503 END
START -5316 -2848 4412 -4340 -3599 -1528 END
START -3748 -1696 3528 -5533 -4199 -1000 END
START -1816 -496 2264 -6645 -5070 -568 END
START -296 312 964 -8184 -5963 -554 END
START 940 1284 -404 -10466 -6512 -923 END
START 1836 1748 -1324 -13153 -6977 -1837 END
START 2012 2040 -1220 -15919 -7959 -3360 END
START 2148 1324 -388 -19225 -9385 -4623 END
START 1416 -176 2356 -22752 -10601 -5223 END
START 324 -1428 6252 -24926 -11448 -4381 END
START -536 -2984 10140 -26120 -11151 -2072 END
START -1048 -4552 13448 -27392 -9638 1147 END