START 2568 -604 -2872 -5614 -1814 -400 END
START 1456 -264 -2384 -6217 -3135 -606 END
START 2780 -692 -4296 -7775 -4134 -1081 END
START 3080 -1292 -4980 -10333 -5690 -1720 END
START 2900 -1880 -4724 -12899 -5970 -2101 END
START 2860 -2676 -4816 -15122 -4518 -2097 END
START 2912 -3548 -4920 -17291 -2578 -1927 END
START 2756 -4564 -5176 -19847 -1610 -2044 END
START 2672 -5900 -4792 -22651 -2438 -2654 END
START 3108 -7424 -3784 -25435 -4473 -4137 END
START 2752 -8968 -1696 -27827 -7086 -5953 END
START 2116 -10108 672 -29458 -10178 -6917 END
START 1896 -10072 3316 -31995 -13202 -6598 END
START 3044 -10332 6900 -32768 -13796 -6059 END
START 3700 -9920 13200 -32768 -10873 -6241 END
START 3464 -10436 19896 -32768 -6876 -7045 END
START 2000 -11416 26900 -32768 -4637 -8184 END
START 28 -12928 32767 -32768 -6478 -9546 END
START -2092 -13200 32767 -32768 -10490 -10444 END
START -3256 -13660 32767 -32230 -13877 -9269 END
START -2992 -12948 32767 -27990 -12272 -6277 END
START -2576 -11588 32767 -25251 -5455 -3114 END
START -2616 -10724 32767 -22580 1542 -675 END
START -3108 -9588 32767 -18940 5909 467 END
START -4132 -8048 32767 -13656 6242 592 END
START -4860 -6948 32767 -7184 3674 786 END
START -4948 -5460 32767 -1422 649 1399 END
START -4224 -4268 32767 2805 -612 2204 END
START -4020 -3144 32767 6204 2 3023 END
START -3308 -2512 32767 9166 943 3871 END
START -2268 -2564 32767 12042 1963 4518 END
START -832 -2836 32767 14619 2301 4549 END
START 36 -3536 32767 17124 2203 4094 END
START 608 -4164 32336 19219 1872 3422 END
START 1160 -5016 29848 20747 1541 2757 END
START 1044 -5728 27652 21704 1498 2139 END
START 1088 -5948 25908 22285 1532 1557 END
START 1072 -6968 23788 22843 1837 1132 END
START 1032 -7044 22640 23454 1512 984 END
START 1400 -7268 20096 23805 1637 920 END
START 1924 -7240 18152 23759 2077 968 END
START 2252 -7480 15564 23073 2903 1244 END
START 3416 -8192 12868 21880 4221 1684 END
START 3772 -8116 10388 20340 4790 1837 END
START 4144 -8580 7388 18701 3963 1998 END
START 5056 -8360 4892 17224 2395 2014 END
START 5880 -7196 2200 15994 417 1562 END
START 7100 -6196 136 14475 -1482 1246 END
START 8716 -4420 -1080 12561 -2901 749 END
START 10388 -2116 -1704 10563 -4032 -202 END
START 11928 0 -1716 7997 -4481 -1612 END
START 13068 1276 -1236 4999 -3725 -3424 END
START 13568 2968 56 1868 -2049 -6223 END
START 12996 3620 2080 -327 -388 -9267 END
START 11040 3704 4720 -1295 263 -12427 END
START 8504 3508 7408 -508 -763 -15095 END
START 5576 1972 9324 162 -2195 -17113 END
START 2800 596 11284 -282 -2574 -18533 END
START -796 -1552 13856 -1392 -1937 -18836 END
START -4472 -3480 16356 -2758 -31 -17884 END
START -7856 -5048 18368 -3579 2323 -15591 END
START -10460 -6028 19652 -3258 3937 -12487 END
START -12292 -6060 20060 -1553 3698 -8771 END
START -12216 -5656 19316 834 2176 -5099 END
START -11076 -4840 17100 2303 821 -2219 END
START -9040 -4028 14020 2563 164 -643 END
START -7556 -3512 11644 1935 -563 -38 END
START -6496 -3220 9088 1032 -2168 545 END
START -5532 -3192 7504 228 -4525 1295 END
START -4244 -3032 5724 -563 -6421 1803 END
START -3076 -3008 3372 -2106 -7349 1987 END
START -2028 -3072 1564 -4527 -7453 2208 END
START -1084 -2956 128 -7384 -6986 2094 END
START -676 -3056 -508 -10042 -6606 2124 END
START 48 -3144 -1060 -12258 -6525 2298 END
START 1024 -2672 -1272 -14493 -6979 2170 END
START 2040 -2564 -440 -17005 -7409 2044 END
START 3180 -2132 1740 -20388 -7162 1290 END
START 3716 -2448 6484 -24005 -5896 87 END
START 3556 -2972 12936 -26664 -4347 -753 END
START 2696 -4472 19936 -27649 -3072 -1253 END
START 2000 -6340 26400 -26265 -2810 -1515 END
START 1944 -8712 32480 -23589 -2483 -1832 END