START 1732 -1520 -7556 2056 -708 -879 END
START 1436 -1436 -7792 1274 -1870 -1013 END
START 1548 -2828 -8620 -466 -3131 -1395 END
START 1896 -4048 -9900 -3000 -5241 -1706 END
START 2312 -4616 -11144 -6670 -5933 -2248 END
START 2532 -5876 -12060 -11321 -4662 -2699 END
START 2312 -6608 -12520 -16660 -2803 -2284 END
START 1572 -6708 -11716 -21299 -2543 -902 END
START 2000 -6692 -10516 -24746 -3534 579 END
START 2940 -7020 -9532 -27402 -4604 1209 END
START 4228 -7576 -8352 -30132 -5148 379 END
START 4864 -8160 -5900 -32546 -6100 -922 END
START 4744 -7728 -3164 -32768 -8053 -2141 END
START 5128 -7768 824 -32768 -9841 -3318 END
START 4960 -7048 6732 -32768 -10481 -4653 END
START 5416 -7364 14228 -32768 -9544 -6766 END
START 5484 -9284 23964 -32768 -6174 -9587 END
START 3332 -12836 32767 -32768 -2932 -11989 END
START -444 -16148 32767 -32768 -2019 -11854 END
START -2572 -17880 32767 -32768 -4050 -9396 END
START -2640 -17964 32767 -25663 -5658 -6828 END
START -3000 -17040 32767 -19693 -3289 -4231 END
START -4204 -15212 32767 -16607 1354 -1633 END
START -5200 -12868 32767 -14596 4375 444 END
START -6068 -10936 32767 -12434 4564 1613 END
START -6408 -8888 32767 -9481 2403 2226 END
START -5720 -6968 32767 -5934 -218 2796 END
START -4584 -5432 32767 -2911 -1851 3478 END
START -3844 -4008 32767 -447 -1627 4356 END
START -2920 -3328 32767 2090 -188 5160 END
START -2240 -2832 32767 4694 1808 5404 END
START -2256 -3108 32767 7553 3042 5315 END
START -2068 -3524 32767 10831 3125 5124 END
START -2152 -4008 32767 14179 2617 4453 END
START -2292 -4624 32767 17462 1627 4067 END
START -2136 -5464 30056 19764 802 3863 END
START -1764 -5848 27332 21133 584 3706 END
START -1424 -6052 24580 21954 745 3538 END
START -1020 -6340 22100 22424 956 3393 END
START -360 -6504 19428 22791 1076 3472 END
START 392 -6800 17216 22756 809 3903 END
START 1816 -6800 15324 22179 497 4245 END
START 3424 -6480 13404 21090 759 3996 END
START 4800 -6204 12212 20084 780 3202 END
START 5604 -5768 11112 19278 788 2062 END
START 6260 -5840 9820 18230 1020 1141 END
START 7228 -5432 8752 16815 1026 385 END
START 8000 -4724 7996 14988 687 -551 END
START 8828 -4448 7536 12893 848 -2024 END
START 8948 -4020 7616 10876 1313 -3851 END
START 8404 -3876 7332 9256 1705 -5633 END
START 7400 -3560 7212 7935 1691 -6804 END
START 6508 -3096 7216 6866 1552 -7666 END
START 5000 -2744 7360 6097 1553 -8168 END
START 4092 -2020 7468 5737 1644 -8332 END
START 2640 -1732 7108 4863 2264 -8578 END
START 652 -1032 7148 3710 2892 -8757 END
START -1432 -776 7560 2399 3329 -8863 END
START -3272 -216 8380 1482 3041 -9056 END
START -4704 232 9108 1090 1769 -9624 END
START -6196 344 9816 942 -68 -9983 END
START -7432 528 10812 858 -1960 -9480 END
START -7676 788 11588 838 -3569 -8098 END
START -7468 932 12520 994 -4167 -6571 END
START -6944 912 12656 909 -3404 -5150 END
START -6256 668 12332 29 -1360 -4089 END
START -5960 176 11908 -1182 578 -3454 END
START -5904 -344 11736 -2046 1094 -2808 END
START -5436 -952 10760 -2508 -4 -2224 END
START -4668 -1152 9780 -2494 -2176 -1589 END
START -3364 -1124 8112 -2510 -4489 -939 END
START -1972 -1048 6068 -2818 -6400 -338 END
START -616 -508 4004 -3367 -7970 0 END
START 588 -196 1260 -4674 -8636 -184 END
START 1352 -108 -1036 -6903 -8378 -719 END
START 1328 -392 -2656 -9804 -8082 -1411 END
START 1076 -648 -2628 -12829 -9038 -1309 END
START 1588 -1200 -1368 -15709 -10369 -287 END
START 2708 -1748 1816 -18863 -10534 948 END
START 3756 -3328 6712 -22266 -8295 2133 END
START 3624 -4484 12500 -25645 -3760 2852 END
START 3336 -5892 19812 -27736 936 2656 END