START 1312 2148 -1600 -1732 1747 1015 END
START 356 1888 -2180 -2123 1066 1091 END
START 1056 1044 -2100 -2628 658 1175 END
START 2572 -780 -3732 -2857 69 997 END
START 2556 -1348 -4448 -3627 -1216 419 END
START 3140 -2396 -6004 -5755 -3880 -880 END
START 3344 -3408 -6928 -8890 -7188 -2634 END
START 3392 -3828 -6812 -11942 -9829 -3819 END
START 2416 -4428 -6384 -14804 -11236 -3642 END
START 2332 -4728 -5712 -17105 -10942 -2280 END
START 2432 -5008 -4980 -19425 -9389 -640 END
START 3308 -5820 -4440 -21407 -7343 93 END
START 4368 -6172 -3944 -23642 -5516 -802 END
START 4724 -7476 -3288 -26549 -6013 -3252 END
START 4092 -8500 -1180 -29582 -9294 -5651 END
START 3084 -9196 2244 -31825 -13444 -7176 END
START 1952 -9068 6912 -32768 -17142 -7272 END
START 1680 -9092 13116 -32768 -17893 -6001 END
START 1964 -9296 20532 -32768 -14335 -4581 END
START 2512 -10688 29036 -32768 -8955 -4555 END
START 2412 -11468 32767 -32768 -4533 -6695 END
START 424 -12160 32767 -32607 -3365 -8903 END
START -1748 -12864 32767 -27223 -5177 -9510 END
START -3704 -12208 32767 -21707 -7503 -8163 END
START -4480 -10856 32767 -18102 -7186 -5761 END
START -4836 -9344 32767 -16091 -3746 -3275 END
START -5320 -7964 32767 -14443 943 -1238 END
START -5836 -7012 32767 -12787 4355 596 END
START -5696 -6044 32767 -10177 5577 1915 END
START -5508 -4640 32767 -6594 4436 2233 END
START -4892 -3748 32767 -2511 1446 2132 END
START -3868 -2976 32767 1262 -1813 2337 END
START -2760 -2452 32767 3943 -3404 2506 END
START -2020 -2248 32767 5694 -2869 2608 END
START -1364 -2336 32767 7116 -681 2740 END
START -1256 -3104 32767 8392 1810 2859 END
START -1384 -3768 32767 10032 3226 3052 END
START -988 -4316 31372 12090 3415 2840 END
START -772 -4892 29740 13967 2659 2054 END
START -604 -5380 27580 16039 1344 1196 END
START -904 -5828 25572 17524 14 737 END
START -660 -6184 23160 18508 -544 777 END
START -292 -6184 21168 18806 374 1017 END
START 40 -6304 19344 18488 2109 1175 END
START 232 -6636 17732 18017 3964 1514 END
START 480 -6604 15908 17539 4891 1870 END
START 1124 -6540 14044 17022 4380 1829 END
START 1848 -6196 12536 16641 2672 1075 END
START 2400 -5512 11024 16323 210 -360 END
START 2964 -5028 9628 15684 -2109 -2000 END
START 2856 -4164 8188 14499 -3993 -3815 END
START 2556 -3216 7140 12886 -5483 -5853 END
START 2024 -3060 7136 11623 -5909 -7068 END
START 1280 -2920 7540 10925 -5734 -6749 END
START 2052 -2464 7928 10283 -5181 -5646 END
START 4140 -1680 8700 9091 -3695 -5201 END
START 5924 -876 9616 7628 -1447 -5796 END
START 7488 -96 10912 6439 231 -6888 END
START 8048 636 12328 5760 1242 -8186 END
START 7988 1136 13420 5788 2068 -9798 END
START 6708 1516 13948 6284 2202 -11223 END
START 5252 1140 14124 7165 2404 -12073 END
START 3416 536 14092 7592 2846 -12325 END
START 1632 104 13464 7820 3606 -11968 END
START -436 -16 12320 7556 3621 -11482 END
START -2164 -164 11872 6410 2877 -10510 END
START -2996 -176 12084 4793 1805 -9222 END
START -3560 -48 12160 3341 940 -7861 END
START -3772 -60 12584 2170 343 -6383 END
START -3372 204 13176 1652 -56 -5142 END
START -3368 108 12852 1216 -322 -4042 END
START -3012 -152 12240 805 -759 -3067 END
START -2484 -540 11628 387 -1300 -2587 END
START -2448 -960 10736 258 -1989 -2357 END
START -2488 -1552 9696 83 -2944 -1871 END
START -2660 -1796 8412 -389 -3820 -1182 END
START -2556 -1916 7176 -1472 -4271 -462 END
START -2292 -1984 5956 -3088 -4466 -50 END
START -2016 -2196 5044 -4805 -4520 117 END
START -1856 -2228 4224 -6508 -4593 12 END
START -1472 -2312 3008 -7808 -4925 -453 END
START -1256 -2632 1964 -9176 -5875 -992 END
START -940 -2904 1184 -10401 -7177 -1412 END
START -840 -2872 640 -11921 -8333 -1779 END
START -972 -2608 220 -13749 -9347 -1606 END
START -944 -1964 636 -16020 -10531 -645 END
START -228 -1248 2068 -18591 -11619 407 END
START 1352 -876 4820 -21139 -11805 1307 END
START 2732 -1308 9052 -23532 -11467 1759 END
START 4196 -3052 14936 -25764 -10358 2088 END
START 5344 -5380 22556 -26948 -8260 1448 END
START 5604 -8192 31644 -26033 -5668 -670 END
START 5844 -11348 32767 -22828 -3065 -3892 END