START 3176 -4548 -8224 -19482 -4774 3778 END
START 3716 -4404 -8964 -20512 -4912 3508 END
START 4616 -5520 -8184 -23259 -4552 2069 END
START 5340 -6332 -7344 -27264 -5098 -894 END
START 4956 -7244 -5016 -30173 -7191 -3183 END
START 4712 -8184 -2336 -32234 -10324 -3751 END
START 5268 -8396 2036 -32768 -12481 -2718 END
START 7168 -8668 6580 -32768 -11458 -2679 END
START 7948 -9228 12812 -32768 -6935 -5115 END
START 6516 -11236 21724 -32768 -2709 -8477 END
START 3736 -13144 30880 -32768 -1585 -11446 END
START 148 -15408 32767 -32768 -3701 -12416 END
START -2500 -15700 32767 -32768 -7289 -10568 END
START -3752 -14728 32767 -28307 -9341 -7468 END
START -4036 -14172 32767 -24566 -8501 -4131 END
START -3704 -13436 32767 -22372 -4159 -1270 END
START -3708 -12928 32767 -20797 2592 674 END
START -4536 -11468 32767 -16638 6436 1194 END
START -5368 -9860 32767 -10298 5319 1953 END
START -5288 -7864 32767 -3997 2768 2959 END
START -4736 -5628 32767 601 719 4019 END
START -3740 -4104 32767 2279 -443 4800 END
START -2672 -2744 32767 2923 -103 5156 END
START -2180 -2368 32767 4670 679 5291 END
START -1376 -2460 32767 7200 1075 5386 END
START -800 -2692 32767 10271 1120 5444 END
START -120 -3416 32767 13228 968 5277 END
START 304 -3920 32767 15664 861 4912 END
START 696 -4672 31748 17542 902 4414 END
START 472 -5280 29324 18908 1525 4067 END
START 164 -6072 26996 19840 2584 4133 END
START -56 -6952 24032 20516 3591 4381 END
START -24 -7600 21220 20782 4240 4513 END
START -76 -8104 18876 20547 4274 4862 END
START 224 -8340 16404 20251 3465 5189 END
START 936 -8468 14820 20088 2298 5190 END
START 1640 -8488 13076 19799 1188 4971 END
START 2876 -8324 11624 18818 924 4519 END
START 4064 -7688 11012 17219 1546 4146 END
START 5688 -6764 10860 15747 2028 3756 END
START 7188 -5816 10972 14353 2507 2907 END
START 9028 -4760 11376 13649 2759 1700 END
START 10132 -3580 11520 13654 3032 99 END
START 11536 -2492 11164 13681 3298 -1900 END
START 12208 -1316 10364 13432 4013 -4876 END
START 11288 -792 9924 12376 4228 -7400 END
START 10412 -36 9252 11597 3944 -9025 END
START 9560 548 8544 11110 4140 -10539 END
START 8368 868 7740 10574 4650 -11893 END
START 6416 1124 6192 9678 5108 -13011 END
START 3712 1252 5216 8388 4753 -13708 END
START 772 1820 4176 6857 3739 -14462 END
START -2732 1864 3932 5594 1839 -15067 END
START -6704 1800 3360 3861 -511 -15615 END
START -10348 1316 4424 1758 -2827 -15315 END
START -13432 776 6588 6 -5473 -13383 END
START -14708 360 9192 -630 -7857 -10470 END
START -14544 -140 11596 -858 -8614 -7315 END
START -13316 -812 13728 -1695 -6889 -4938 END
START -11916 -1928 15956 -2590 -3515 -3332 END
START -11184 -3128 17404 -2411 -1158 -2148 END
START -10644 -3960 17200 -1127 -1288 -665 END
START -9388 -3892 16084 209 -2520 964 END
START -7760 -2972 13976 741 -3273 2433 END
START -5736 -1848 11336 288 -3142 3553 END
START -3556 -424 8728 -791 -2588 3929 END
START -2232 340 6544 -2122 -2484 3577 END
START -1184 812 4660 -3229 -3077 2783 END
START -60 740 2556 -4268 -4292 1746 END
START 404 388 904 -5556 -5635 907 END
START 1024 160 -776 -7392 -6803 523 END
START 1756 -256 -2092 -9802 -7314 355 END
START 2240 -804 -2692 -12472 -7310 563 END
START 2872 -924 -2760 -15187 -7907 1142 END
START 3880 -1016 -1756 -17409 -8625 1522 END
START 4676 -1512 -676 -19683 -8563 1420 END
START 4960 -2336 1660 -22496 -7544 1060 END
START 4536 -3240 5840 -24744 -6338 192 END
START 3880 -4820 11144 -25860 -6071 -761 END