START 1728 2096 -504 7960 -1938 -406 END
START 1696 2352 -1636 7132 -1960 -674 END
START 1984 2688 -2568 5359 -228 -976 END
START 1808 1880 -2348 3289 1726 -884 END
START 1264 1500 -3932 1077 4116 -565 END
START 992 1896 -4784 -1981 4140 -49 END
START 768 1500 -5188 -4858 3215 -26 END
START 1184 1004 -5360 -7482 1019 -646 END
START 1564 832 -4884 -9945 -1323 -2120 END
START 1968 476 -4508 -12039 -2854 -3939 END
START 1864 -372 -4096 -14258 -3312 -6090 END
START 1428 -1628 -3576 -16959 -3213 -7939 END
START 640 -3776 -3036 -20677 -1998 -9290 END
START -592 -5676 -1388 -25018 -952 -9686 END
START -2232 -6932 1320 -28784 -1142 -8935 END
START -3304 -6756 5708 -30980 -3450 -6464 END
START -1948 -5372 9948 -30954 -6192 -4063 END
START 932 -3992 13372 -30676 -6597 -4618 END
START 2480 -3528 17324 -31632 -4221 -8038 END
START 1528 -3472 22096 -32173 -2651 -11417 END
START -528 -3600 26328 -30974 -3823 -13026 END
START -2504 -4116 30484 -28830 -6127 -13021 END
START -3704 -4892 32767 -26924 -7469 -11667 END
START -4108 -5692 32767 -25234 -6815 -9026 END
START -3600 -5980 32767 -22793 -4768 -6821 END
START -2736 -6948 32767 -19511 -2179 -6485 END
START -3472 -7292 32767 -15465 -285 -7101 END
START -4996 -7436 32767 -11153 110 -6507 END
START -6364 -6496 32767 -6969 17 -4280 END
START -6712 -5132 32767 -3327 492 -1830 END
START -6696 -3800 32767 -447 2000 226 END
START -6544 -2960 32767 1547 4301 1611 END
START -6752 -2680 32767 3576 6318 2637 END
START -7036 -2380 32767 6102 7374 3444 END
START -7204 -2120 32767 8980 7113 4287 END
START -6952 -2032 32767 12061 5616 5132 END
START -6280 -2016 32767 14710 3622 5799 END
START -5428 -1940 31416 16690 2256 6293 END
START -4400 -1984 29032 18166 1719 6797 END
START -3524 -2088 26872 18840 2381 7312 END
START -2384 -1932 24440 18867 4177 7600 END
START -1504 -2172 22744 18576 6368 7624 END
START -1080 -2052 20928 18716 7112 7522 END
START -552 -2064 18932 19266 5979 7385 END
START 492 -2156 17256 19953 3533 7042 END
START 2120 -2188 15456 20497 591 6416 END
START 3812 -2504 13712 20416 -1449 5735 END
START 6108 -2352 12024 19492 -1595 4957 END
START 8820 -2340 10228 17740 -325 3934 END
START 10796 -1836 9124 15416 987 2639 END
START 12900 -1204 8020 13289 966 1064 END
START 14464 -32 7836 11568 -338 -1236 END
START 15608 580 7752 10596 -2035 -3924 END
START 16184 1316 8044 10355 -3499 -6664 END
START 15956 2044 7896 10648 -4717 -9267 END
START 15296 2336 7540 10697 -5720 -11629 END
START 13688 2336 7384 9774 -5513 -14047 END
START 10748 2008 7920 8484 -4109 -15898 END
START 6988 1884 7664 6922 -3050 -17445 END
START 2520 1572 8560 4962 -2444 -19074 END
START -2196 668 9472 3176 -1961 -20665 END
START -7756 -608 11180 1368 -2045 -21807 END
START -13248 -2192 13528 589 -1969 -21462 END
START -17300 -3788 15536 1333 -2013 -18545 END
START -19632 -4584 16636 2994 -2069 -13747 END
START -19524 -4432 16396 4177 -1169 -8854 END
START -18276 -3708 15372 4605 512 -5082 END
START -16480 -3320 13468 4788 1568 -2657 END
START -14680 -2744 11036 4697 1186 -1138 END
START -12876 -2732 8280 4371 -846 -94 END
START -10708 -2380 5952 3401 -3290 703 END
START -8480 -2184 3776 1936 -5377 1829 END
START -6288 -2060 2180 609 -6396 3080 END
START -3564 -1972 636 -985 -6058 4227 END
START -1144 -1624 -876 -3075 -4847 4976 END
START 1144 -1360 -2448 -5872 -3264 4821 END
START 2676 -1188 -3452 -8938 -2305 3740 END
START 3408 -1252 -4176 -11895 -2715 1947 END
START 3796 -1336 -4460 -14475 -4315 37 END
START 3936 -1488 -4572 -17063 -6680 -1298 END
START 4512 -1588 -3112 -19732 -8908 -2376 END
START 4580 -1756 -1296 -22255 -9151 -3535 END
START 3596 -1996 1412 -25141 -7175 -4825 END
START 1028 -2232 5292 -27819 -5551 -5441 END
START -1440 -2836 10548 -29420 -5698 -4679 END
START -3044 -3340 17096 -29625 -7144 -2886 END
START -2476 -4304 23860 -28503 -9010 -1715 END
START -716 -6568 31172 -27212 -9986 -3244 END