START 1516 1012 -5656 -4871 -1387 355 END
START 1960 1224 -5648 -5905 -2371 143 END
START 2344 860 -6220 -7846 -2486 -233 END
START 1924 -556 -5376 -9429 -3563 -131 END
START 2164 -248 -5940 -10712 -4533 283 END
START 2952 -1008 -7020 -12874 -4063 479 END
START 3296 -1224 -7312 -16041 -3828 38 END
START 4168 -1888 -7160 -19444 -4290 -1493 END
START 4436 -2640 -6628 -23101 -5112 -3857 END
START 4372 -4192 -5504 -26336 -6732 -6116 END
START 3744 -5552 -4240 -28975 -8783 -7456 END
START 3280 -7208 -1728 -31364 -11178 -7448 END
START 3332 -7960 220 -32768 -12234 -6900 END
START 4024 -8576 3852 -32768 -12110 -6809 END
START 3984 -9432 8804 -32768 -10713 -7294 END
START 3832 -10552 14716 -32768 -9713 -7852 END
START 4084 -12756 22092 -32768 -10039 -8885 END
START 3772 -14528 28564 -32768 -10167 -10346 END
START 2488 -16652 32767 -32768 -9860 -10672 END
START 1248 -18256 32767 -32768 -7902 -9578 END
START -376 -18624 32767 -31773 -4974 -7807 END
START -1780 -18984 32767 -29905 -1100 -6121 END
START -3784 -18148 32767 -26362 1126 -4624 END
START -5516 -16196 32767 -20056 -158 -2870 END
START -5480 -13876 32767 -14178 -1547 -1205 END
START -5272 -11208 32767 -9819 -1197 451 END
START -4920 -8752 32767 -6760 1197 1826 END
START -5020 -6360 32767 -3722 3999 3089 END
START -4888 -4884 32767 -373 5385 4185 END
START -4672 -3968 32767 3332 5049 4833 END
START -4340 -3272 32767 7205 3834 5238 END
START -3692 -3164 32767 10843 2612 5519 END
START -2964 -3472 32767 13895 1970 5649 END
START -2260 -3972 32767 16137 2070 5720 END
START -1508 -4812 32767 17790 2943 5490 END
START -1344 -5516 31084 19211 4076 5222 END
START -1396 -6324 28368 20764 4551 5290 END
START -1520 -7108 25976 22041 4396 5613 END
START -1364 -7464 23776 22838 3654 5823 END
START -824 -7424 21744 23158 3186 5781 END
START -252 -7584 20020 23346 2836 5685 END
START 220 -7556 18584 23475 2781 5648 END
START 1172 -7540 17176 23507 2928 5743 END
START 2096 -7212 15536 23225 3028 5755 END
START 2996 -6872 13908 22832 2864 5572 END
START 4220 -6752 12016 22199 2340 4984 END
START 5632 -6732 9520 21268 1845 4212 END
START 7060 -6296 7116 19880 1223 3185 END
START 8212 -5876 5184 18241 244 2094 END
START 9576 -4940 3364 16405 -662 1029 END
START 11312 -3716 1848 14346 -1403 -659 END
START 12148 -2556 932 12184 -1702 -2952 END
START 12440 -1360 480 9845 -1836 -4953 END
START 12608 -12 672 7415 -1648 -6626 END
START 11788 948 1768 5433 -1187 -8213 END
START 10404 1692 2884 3883 -865 -9716 END
START 8316 2324 3936 2884 -1025 -11482 END
START 4808 3012 5156 1873 -1750 -13374 END
START 920 2876 6608 583 -2491 -15461 END
START -3132 1896 8708 -511 -3384 -17153 END
START -7276 -220 11248 -1481 -4240 -18070 END
START -11888 -2640 13768 -2432 -3834 -17374 END
START -15372 -4456 15796 -2924 -2736 -14313 END
START -16968 -5796 16756 -2557 -1086 -9425 END
START -16260 -6076 16192 -1198 713 -4670 END
START -14592 -5728 13540 -160 1370 -1457 END
START -12676 -5156 10076 -71 -218 843 END
START -9932 -4232 6728 -970 -2950 2126 END
START -7088 -3356 4116 -2049 -5400 2803 END
START -3956 -2724 1352 -3300 -7118 3255 END
START -1588 -1888 -1444 -5424 -7690 3564 END
START 456 -1556 -3272 -8689 -6873 3478 END
START 1964 -1608 -4052 -12111 -5966 2949 END
START 3064 -1860 -3748 -15461 -5467 1910 END
START 3812 -1604 -2680 -18434 -5536 1025 END
START 3860 -1504 -1256 -21312 -5583 611 END
START 3384 -1432 1080 -24693 -5423 649 END