START 2556 -1244 -6892 -10451 -3788 -1576 END
START 1556 -1040 -6152 -11548 -4268 -1599 END
START 1848 -2104 -5796 -14686 -2951 -1463 END
START 1856 -3104 -5292 -18064 -1358 -687 END
START 2064 -3512 -4824 -21178 -567 -140 END
START 2164 -4408 -4196 -24089 -985 -477 END
START 2388 -5640 -3300 -26620 -2575 -1699 END
START 2940 -6680 -1936 -29514 -4561 -3710 END
START 2668 -8432 28 -32688 -6125 -5426 END
START 2268 -9716 3048 -32768 -7704 -6202 END
START 2408 -10048 7112 -32768 -9589 -5642 END
START 3404 -9520 10908 -32768 -10817 -4665 END
START 5540 -8592 16076 -32768 -10826 -4723 END
START 6752 -7652 21164 -32768 -9319 -6889 END
START 6140 -8180 26608 -32768 -8094 -10126 END
START 4280 -10032 32767 -32768 -8302 -12695 END
START 1800 -12620 32767 -32768 -9865 -13644 END
START -920 -14288 32767 -32768 -12031 -12196 END
START -2416 -14644 32767 -27034 -12570 -8573 END
START -2508 -14376 32767 -22803 -8890 -4486 END
START -3244 -13224 32767 -21140 -205 -477 END
START -4120 -11344 32767 -18371 7144 2563 END
START -4480 -9104 32767 -13661 10013 3365 END
START -4840 -7568 32767 -8186 7461 2958 END
START -5116 -5736 32767 -2849 2151 2569 END
START -4576 -4412 32767 2258 -2294 2640 END
START -3900 -3596 32767 6235 -2861 3036 END
START -3600 -3428 32767 9648 -642 3958 END
START -3224 -3476 32767 12490 2444 5093 END
START -2596 -3960 32767 14576 4984 5891 END
START -2188 -4656 32767 16538 6293 6204 END
START -1960 -5744 31236 18606 6209 6358 END
START -1740 -6228 28176 20455 5264 6263 END
START -1344 -6928 25796 21695 3829 6176 END
START -1248 -7116 23696 22261 2855 6254 END
START -376 -7188 21636 22542 3095 6479 END
START 436 -7300 19932 22295 4469 6800 END
START 1156 -7156 18456 21832 6102 7019 END
START 1860 -6944 16876 21584 6993 6970 END
START 2788 -7100 15512 21475 6778 6798 END
START 3668 -6528 14304 21313 5645 6243 END
START 4820 -6272 12956 21533 3828 5138 END
START 5944 -5536 10968 21376 1904 3501 END
START 6940 -4968 9052 20639 462 1753 END
START 7564 -4456 7532 19347 -171 9 END
START 8172 -4144 5816 18003 60 -1716 END
START 8256 -3996 4312 16466 763 -2761 END
START 8872 -3964 2616 14272 1913 -3118 END
START 9724 -3416 1456 11452 2739 -3209 END
START 10816 -2596 1288 9136 2509 -3891 END
START 11932 -2048 1632 7717 1131 -5198 END
START 13068 -984 1772 6335 -439 -7212 END
START 13812 -36 2224 4683 -1122 -9541 END
START 13668 832 3028 3008 -1192 -11936 END
START 12396 2060 4344 1347 -749 -14131 END
START 10620 2676 5776 17 -530 -15880 END
START 8368 3144 7052 -670 -1199 -17193 END
START 5284 3136 8528 -1325 -2154 -18569 END
START 1624 2456 10444 -2895 -2238 -20338 END
START -3276 1212 13400 -4533 -1495 -22124 END
START -8640 -1356 16548 -6069 -289 -23023 END
START -15048 -4748 20244 -7111 1412 -21989 END
START -19736 -7620 23220 -6028 1925 -18134 END
START -22036 -8496 24172 -2561 564 -12057 END
START -22400 -8448 23552 1162 -958 -5998 END
START -20200 -7088 20928 3491 -1273 -803 END
START -16668 -5316 16876 4268 -351 2484 END
START -13372 -3596 12260 3691 354 3555 END
START -11204 -2748 7676 2338 -668 4449 END
START -8676 -2036 4460 828 -3219 5697 END
START -5364 -1492 2020 -514 -5807 6797 END
START -2472 -532 128 -2023 -7796 7242 END
START 360 224 -1592 -4218 -8645 6966 END
START 2244 288 -2528 -6392 -8498 6411 END
START 3636 -248 -2612 -8742 -7725 5494 END
START 4364 196 -2540 -11369 -7268 3793 END