START 2408 -796 -3316 -8550 5239 267 END
START 2696 -872 -6748 -9402 4163 257 END
START 1652 -32 -4412 -11494 4036 103 END
START 2476 -1636 -5092 -14673 1891 100 END
START 2568 -2328 -5112 -17582 1158 -165 END
START 1916 -2484 -4924 -20480 -1134 -277 END
START 2336 -3684 -3848 -22880 -2288 -322 END
START 2736 -5492 -2952 -25002 -1883 -1403 END
START 2328 -6880 -1316 -27857 -672 -3243 END
START 1120 -8192 448 -30816 -194 -4647 END
START 28 -8688 3268 -32768 -1169 -4616 END
START -268 -8236 7348 -32768 -3189 -3747 END
START 60 -7372 12392 -32768 -5470 -3377 END
START 764 -7272 18720 -32768 -6632 -4060 END
START 1796 -7936 26868 -32768 -5852 -5707 END
START 1108 -8336 32767 -32768 -4230 -7483 END
START -308 -8660 32767 -32768 -4949 -7818 END
START -1360 -8352 32767 -32023 -7878 -6491 END
START -616 -8076 32767 -27839 -9731 -4528 END
START 392 -7416 32767 -24394 -7203 -3247 END
START 204 -6308 32767 -20657 -2379 -2591 END
START -444 -5464 32767 -16179 2415 -1930 END
START -1484 -4136 32767 -11301 5660 -1149 END
START -2616 -2708 32767 -5736 6756 -537 END
START -3400 -1276 32767 -73 6325 135 END
START -3700 -308 32767 4413 5351 843 END
START -3676 512 32767 7710 4494 1535 END
START -3288 668 32767 10383 3820 2211 END
START -2780 572 32767 12591 3832 2558 END
START -2536 -112 32767 14324 4344 2712 END
START -2368 -992 32767 15983 4547 2802 END
START -2192 -1692 30260 17691 4048 2742 END
START -2028 -2696 27436 19277 3294 2840 END
START -1816 -3188 24644 20419 2590 2871 END
START -1632 -3652 21828 21042 1562 3033 END
START -1124 -3872 18760 20839 917 3130 END
START -516 -3964 16296 20110 726 3142 END
START 12 -4364 14508 19063 785 3027 END
START 792 -4556 12540 17930 1003 2895 END
START 1516 -4996 11336 16623 1033 2886 END
START 2280 -4784 10172 15393 580 2920 END
START 3448 -4312 9524 14140 108 2942 END
START 5336 -3556 8904 12948 294 2623 END
START 6856 -2400 8300 11872 633 1795 END
START 8756 -1188 8152 10736 690 874 END
START 10616 108 8020 9632 597 -341 END
START 12412 1740 8156 8787 610 -2197 END
START 13628 2732 8052 7861 1146 -4935 END
START 13692 3112 8080 6797 1954 -8079 END
START 12656 3160 8032 5846 2479 -10881 END
START 10400 2780 7992 5222 2575 -13079 END
START 7808 2164 8108 4727 2201 -14486 END
START 4176 1848 8120 4396 1369 -15446 END
START 592 1404 8640 3673 277 -16036 END
START -2276 620 9464 3152 -830 -15863 END
START -5064 52 10464 2467 -1791 -15281 END
START -7776 -1044 12008 1327 -1747 -14375 END
START -10264 -1888 13820 15 -730 -12758 END
START -12160 -2812 15588 -514 570 -10807 END
START -13624 -3680 16996 -65 1042 -8749 END
START -14188 -4348 17380 1259 186 -6705 END
START -14248 -4152 17396 2915 -1717 -4366 END
START -13168 -3628 16396 4113 -3902 -1601 END
START -11064 -2352 15484 4423 -5189 946 END
START -8512 -792 14360 4232 -4632 2475 END
START -5960 356 12368 3335 -3009 3217 END
START -4128 1108 11448 2164 -1623 3701 END
START -2148 1956 10596 1349 -1315 3783 END
START -508 2504 9404 939 -1880 3426 END
START 924 2924 7960 559 -2708 2696 END
START 2180 2916 6468 -180 -3437 1571 END
START 2888 2540 5052 -1437 -3914 196 END
START 2608 2220 3776 -2624 -4522 -765 END
START 2464 1548 2484 -3769 -5157 -1340 END
START 2364 964 1168 -5238 -5177 -1723 END
START 2124 -56 -36 -7229 -4916 -1859 END
START 1672 -804 -1052 -9540 -4701 -1579 END
START 924 -1384 -1536 -11771 -5297 -931 END
START 400 -1344 -1356 -13635 -6809 193 END
START 48 -448 -264 -15038 -8233 1219 END
START 296 -460 1448 -16575 -8119 2086 END
START -20 -1028 3512 -18881 -6710 3503 END
START 392 -3200 7540 -22085 -4281 5315 END
START 932 -4692 14200 -25438 -1684 5946 END