START 3504 768 -5560 9009 498 3756 END
START 3712 556 -6788 8353 -453 3478 END
START 3808 -276 -6504 7133 -1215 2785 END
START 4016 -2028 -8156 4887 -2868 1382 END
START 4096 -4056 -10260 2146 -4428 301 END
START 3116 -5060 -10448 -1373 -7078 -802 END
START 2396 -5616 -10716 -4670 -9382 -1150 END
START 1828 -6332 -10556 -7284 -9829 -458 END
START 1664 -6676 -11132 -9780 -8739 1261 END
START 1872 -6516 -11388 -13062 -7103 3011 END
START 2420 -6352 -11612 -17056 -5027 4111 END
START 2984 -6116 -11580 -21506 -2971 4464 END
START 3696 -6604 -10340 -26134 -1594 3802 END
START 3872 -7360 -8188 -29850 -1071 2642 END
START 3632 -7828 -4716 -32768 -2964 1798 END
START 3920 -8516 288 -32768 -5526 1115 END
START 4636 -8476 6708 -32768 -6602 91 END
START 5140 -8756 14812 -32768 -5002 -1439 END
START 4780 -9528 23704 -32768 -307 -3571 END
START 3108 -10732 30676 -32768 4892 -5799 END
START 452 -11472 32767 -32768 8871 -7272 END
START -2588 -11904 32767 -32768 10549 -7748 END
START -5408 -11852 32767 -32268 9135 -7448 END
START -7460 -11300 32767 -26259 5408 -6667 END
START -8556 -10672 32767 -20478 1163 -5434 END
START -8692 -8860 32767 -15484 -2218 -3641 END
START -7676 -7020 32767 -11613 -2899 -1899 END
START -7040 -5600 32767 -9141 -235 -619 END
START -6940 -4432 32767 -7051 3447 309 END
START -7320 -3816 32767 -4109 5965 1372 END
START -7512 -3272 32767 -52 6389 2598 END
START -6936 -2648 32767 4284 5120 3478 END
START -6436 -2428 32767 8595 2698 4029 END
START -5224 -2196 32767 12279 190 4132 END
START -3924 -2544 32767 15075 -2143 3828 END
START -2412 -3208 31324 16988 -3569 2878 END
START -1484 -3628 28588 18435 -3635 1572 END
START -740 -4132 26232 19568 -2251 576 END
START -524 -4632 24048 20335 -449 211 END
START -252 -5356 21648 20235 560 303 END
START 44 -6088 19512 19564 511 866 END
START 1052 -6548 17800 18777 61 1391 END
START 1892 -6608 15936 17826 -806 1482 END
START 3192 -6360 14424 16997 -1786 1231 END
START 4820 -5996 13044 16605 -2397 645 END
START 6212 -5480 11572 16142 -2411 -402 END
START 7444 -5196 10244 15457 -2173 -1600 END
START 9036 -4364 8788 14414 -1341 -2601 END
START 10740 -3804 7736 13319 -378 -3381 END
START 12088 -2944 6772 11309 197 -4687 END
START 13384 -2144 6496 9299 30 -6860 END
START 13976 -1672 6800 7930 -281 -9568 END
START 13660 -964 7312 7255 -667 -12430 END
START 12504 -428 7352 7100 -624 -15072 END
START 9880 -568 7112 6997 -313 -17124 END
START 6376 -896 6892 6534 -162 -18375 END
START 2652 -984 6640 5911 -380 -18854 END
START -1596 -1188 7152 5198 -632 -18918 END
START -5668 -2244 8052 4342 -817 -18692 END
START -9544 -3816 9172 2871 -1220 -18332 END
START -12748 -5756 10564 692 -1679 -17011 END
START -15416 -7068 12460 -954 -2833 -13634 END
START -16664 -7980 12988 -1271 -4078 -8672 END
START -16100 -8156 12680 -1038 -4853 -3939 END
START -13800 -7696 10720 -1162 -3943 -449 END
START -11472 -6936 8360 -1892 -2810 1754 END
START -8560 -6708 5232 -2978 -2606 3434 END
START -5372 -6136 2428 -4557 -3678 4645 END
START -1988 -4628 -88 -6786 -5855 5551 END
START 1380 -3416 -968 -9325 -7379 5956 END
START 4036 -1868 -1320 -11788 -7341 5265 END
START 5916 -380 -1128 -14030 -6166 3144 END
START 6108 320 -536 -15651 -4908 294 END
START 5636 932 192 -16466 -4930 -1533 END
START 4920 1044 1528 -17230 -4781 -2147 END