START 660 5676 4180 3349 -4201 1790 END
START 144 5568 4740 2972 -4381 1505 END
START 704 4944 3752 2268 -4546 878 END
START 900 3912 1848 673 -4444 -317 END
START 656 2484 28 -1075 -3828 -1133 END
START 464 596 -1896 -2785 -3817 -1060 END
START -376 -424 -3340 -4955 -4789 -325 END
START -452 -736 -4860 -7685 -6509 687 END
START -188 -1304 -5668 -10905 -7482 1608 END
START 1480 -1800 -6032 -15026 -6739 1814 END
START 2928 -1944 -5684 -19070 -4585 513 END
START 2816 -2556 -4516 -22191 -3383 -1093 END
START 2624 -3600 -3068 -23701 -4220 -2329 END
START 2880 -4844 -1872 -23653 -5397 -3030 END
START 2396 -5132 -976 -23684 -7118 -3071 END
START 2424 -5324 -232 -24674 -8850 -1835 END
START 2864 -4844 1536 -27804 -9762 -489 END
START 4272 -5316 4812 -32768 -8231 -705 END
START 5060 -6464 11060 -32768 -4570 -2922 END
START 4864 -7332 20416 -32768 -460 -7137 END
START 2676 -8968 28632 -32768 719 -11670 END
START 440 -10988 32767 -30662 -2573 -13710 END
START -1400 -12196 32767 -23690 -8031 -13152 END
START -1956 -12868 32767 -21108 -9043 -10839 END
START -3176 -12392 32767 -21570 -4220 -8451 END
START -4940 -12380 32767 -21707 1850 -6381 END
START -7392 -12340 32767 -20576 6219 -3739 END
START -8720 -11916 32767 -17323 7314 -723 END
START -8816 -10360 32767 -12132 6811 651 END
START -8952 -8852 32767 -7123 5606 1429 END
START -9200 -7180 32767 -3061 4050 2779 END
START -9068 -5812 32767 -527 2810 4274 END
START -8352 -4568 32767 606 2627 5285 END
START -8080 -3832 32767 1556 3320 6023 END
START -7824 -3424 32767 3147 3796 6729 END
START -6600 -2872 32767 5555 3464 6781 END
START -5536 -2820 32767 8761 2410 6329 END
START -4468 -2900 32767 12139 1079 5907 END
START -3344 -3104 31880 14807 17 5606 END
START -2368 -3488 30064 16540 324 5145 END
START -1944 -3952 27940 17306 1608 4690 END
START -1872 -4644 25876 17303 3530 4078 END
START -1644 -5140 24244 16686 5513 3877 END
START -2036 -5736 22332 16500 6116 3772 END
START -1892 -6100 20748 16804 5212 3920 END
START -1736 -6492 18524 17324 3756 4125 END
START -884 -6844 16276 17327 2419 4470 END
START 332 -7460 14472 16758 2540 4659 END
START 1004 -7744 12540 15675 3395 4873 END
START 1884 -7680 11392 14320 4217 5220 END
START 3076 -7128 10316 13058 4141 5232 END
START 3856 -6356 9476 12180 2972 4894 END
START 4828 -4988 9836 11495 962 4623 END
START 6492 -3440 10136 11192 -846 4309 END
START 7832 -1552 10832 10539 -1628 3098 END
START 8844 -232 11988 9798 -1235 957 END
START 9284 684 13060 9914 -282 -1522 END
START 8600 1236 14028 10746 1010 -4006 END
START 7460 1432 13628 11530 2514 -6028 END
START 5900 1168 12684 11630 3893 -7801 END
START 3520 504 12032 10895 4826 -9530 END
START 1080 44 11380 10406 5003 -10715 END
START -1608 -652 10352 10126 4350 -11627 END
START -4120 -1184 9244 9615 2984 -11889 END
START -6064 -1448 8408 9005 1377 -11335 END
START -7192 -1384 8008 8443 -427 -9802 END
START -7508 -840 7788 8015 -1739 -8082 END
START -7216 -520 7436 7631 -2277 -6891 END
START -6588 -8 7052 7293 -2295 -6084 END
START -5712 104 6316 6840 -2128 -5757 END
START -4748 284 5284 5672 -2147 -5993 END
START -3932 392 4544 4048 -2633 -6452 END
START -3196 284 3672 2219 -3212 -6668 END
START -2360 316 2944 577 -3630 -6617 END
START -1804 284 2024 -1141 -4113 -6343 END
START -1392 308 760 -3012 -4879 -5934 END
START -516 320 -60 -4643 -5372 -5708 END
START 120 580 -656 -6047 -5851 -6290 END
START 364 672 -1244 -7308 -6743 -7372 END
START 468 928 -2176 -8484 -8590 -7999 END
START 748 1144 -2924 -10283 -11318 -8218 END
START 1392 1248 -2912 -12576 -14785 -8101 END
START 1952 772 -1980 -15380 -18094 -7932 END
START 2612 -284 20 -19500 -18853 -8053 END
START 1660 -1356 3928 -24107 -17089 -7949 END
START -432 -2912 9584 -28470 -14040 -6530 END
START -2220 -5744 17372 -31433 -11179 -3563 END
START -3136 -8380 25472 -31868 -9023 -706 END
START -2016 -12524 32767 -29007 -8400 550 END
START -400 -15456 32767 -24163 -7382 -435 END
START 60 -16428 32767 -18586 -4431 -3462 END
START -2468 -15952 32767 -12882 -984 -5908 END