START 796 -264 -496 -1212 -1681 2316 END
START 1156 -404 -2192 -1815 -2078 2501 END
START 1432 -556 -1916 -3126 -1551 2732 END
START 2020 -636 -2824 -5275 -974 2806 END
START 2204 -348 -3136 -7562 -783 2459 END
START 2336 -356 -4180 -9708 -670 1827 END
START 2160 -460 -4268 -11368 -1117 1295 END
START 2216 -800 -5040 -13105 -1641 878 END
START 2384 -1088 -4960 -15391 -1799 476 END
START 2688 -1764 -5312 -18242 -1234 -159 END
START 3008 -2440 -4812 -21964 -300 -827 END
START 3304 -3336 -3888 -25751 663 -1471 END
START 2960 -4476 -2780 -29087 950 -2636 END
START 2428 -5336 -588 -31855 -200 -4180 END
START 1948 -6596 2460 -32768 -2357 -5928 END
START 1108 -7420 6284 -32768 -4529 -7657 END
START 432 -7324 10440 -32768 -4915 -8541 END
START -184 -7316 15384 -32768 -2613 -8519 END
START -1112 -7980 22136 -32768 901 -8211 END
START -2132 -9168 28932 -32768 3886 -8230 END
START -3536 -10044 32767 -32768 4581 -8744 END
START -4552 -10676 32767 -32768 2402 -9368 END
START -5216 -10412 32767 -30558 -701 -9677 END
START -5288 -10044 32767 -26653 -1542 -9711 END
START -6480 -9408 32767 -23127 412 -8880 END
START -7512 -8900 32767 -20062 2739 -7012 END
START -8336 -8332 32767 -17406 4554 -4981 END
START -9568 -7264 32767 -14630 5429 -3260 END
START -10384 -6032 32767 -10237 4697 -1558 END
START -10476 -4760 32767 -4944 2900 -12 END
START -9840 -3780 32767 -388 1359 1083 END
START -9320 -2844 32767 3488 557 1820 END
START -9100 -2392 32767 6788 66 2523 END
START -8500 -2328 32767 10021 -447 3438 END
START -7212 -2548 32767 13019 -402 4385 END
START -5976 -2932 32767 15532 39 4976 END
START -5092 -3464 32767 17758 486 5218 END
START -4504 -4072 30388 19713 753 5199 END
START -4272 -4856 27604 21153 731 5252 END
START -4176 -5120 25076 22189 930 5328 END
START -4324 -5480 22252 22858 966 5473 END
START -4240 -5736 19812 22748 1518 5770 END
START -4124 -5716 17536 22008 2327 6190 END
START -3648 -5652 15928 21226 2492 6678 END
START -2780 -5268 14148 20427 1826 6884 END
START -1508 -4748 12896 19541 874 6778 END
START 328 -4460 12024 18720 137 6225 END
START 1836 -3920 11552 17854 -236 5119 END
START 3472 -3684 10908 16886 -882 4073 END
START 5064 -3164 10640 15880 -1323 3118 END
START 6664 -3076 10164 15212 -1694 1979 END
START 8748 -2532 9876 14719 -2197 749 END
START 10480 -2072 8784 13775 -2476 -483 END
START 12552 -1308 7924 12724 -2737 -1876 END
START 13956 -288 7324 11087 -2703 -3877 END
START 14852 564 6848 9792 -1912 -6551 END
START 14424 1392 6400 8414 -1044 -9314 END
START 13160 1724 6048 6995 -855 -11782 END
START 11192 2108 6076 5811 -1025 -13905 END
START 8752 2252 6172 4758 -1430 -15841 END
START 5484 2280 6660 4028 -2006 -17408 END
START 1876 2020 7100 2990 -2600 -18478 END
START -1440 1484 8420 1831 -2919 -18989 END
START -5492 664 9888 558 -2610 -19120 END
START -8920 -896 11452 -479 -1788 -18433 END
START -12668 -2348 13208 -1263 -1231 -16550 END
START -15556 -3576 14820 -1562 -787 -13606 END
START -16860 -4188 16060 -1327 -663 -10477 END
START -17256 -3772 16780 -685 -474 -8052 END
START -17164 -3176 16876 -21 -1168 -5500 END
START -15936 -2048 16464 347 -1951 -2918 END
START -14224 -980 15856 826 -2171 -850 END
START -12284 -404 14716 1143 -2194 659 END
START -9788 140 13400 1034 -2704 1830 END
START -7636 496 12436 816 -3315 2777 END
START -4936 720 11332 470 -3452 3570 END
START -2836 888 10088 157 -3435 3943 END
START -848 624 8236 -583 -3423 3634 END
START 500 436 6740 -1687 -3448 2791 END
START 1216 -48 5296 -3042 -3686 1745 END
START 1392 -540 3980 -4843 -4218 1005 END
START 1536 -1048 3296 -6656 -4698 363 END
START 1760 -1520 2596 -8646 -4745 -49 END
START 1792 -2016 1680 -11078 -4371 -627 END
START 1376 -2792 1752 -13994 -3979 -1126 END
START 468 -3428 2612 -16449 -4121 -1470 END
START -132 -3992 3916 -18652 -4471 -1520 END
START -540 -4196 6324 -20962 -5065 -1284 END
START -568 -3820 9880 -22800 -5460 -699 END
START -288 -2792 13932 -23730 -5080 -740 END
START 188 -2412 18364 -24110 -3372 -1553 END
START -124 -2576 22684 -24075 -830 -2680 END
START -1040 -3192 26740 -23653 1937 -3448 END
START -2336 -3760 30656 -22688 4677 -3741 END
START -3908 -4276 32767 -20243 6156 -3656 END