START 1060 -1052 -5076 -9722 1995 2760 END
START 2208 -1492 -5752 -10506 1650 2615 END
START 2388 -1756 -5220 -12045 1323 1978 END
START 2388 -2036 -4644 -13841 1342 622 END
START 2172 -2232 -4496 -15327 1519 -57 END
START 2396 -3220 -4384 -17216 2156 -155 END
START 1860 -4060 -4512 -19697 2966 14 END
START 1808 -4436 -3512 -22190 2811 185 END
START 2116 -4908 -3196 -25755 2203 308 END
START 3356 -7076 -1104 -29209 1986 46 END
START 3988 -6740 1448 -32338 2360 -954 END
START 4256 -6584 4444 -32768 3162 -2062 END
START 3840 -5836 8040 -32768 3262 -3595 END
START 3500 -5664 11432 -32768 2684 -6047 END
START 2488 -5272 15884 -32768 1556 -8472 END
START 616 -6200 21008 -32768 1216 -10608 END
START -1400 -7476 27204 -32768 824 -12198 END
START -2724 -7760 32767 -32768 -300 -12307 END
START -6164 -8780 32767 -32768 55 -10554 END
START -6732 -9584 32767 -32768 739 -7377 END
START -6656 -9272 32767 -31892 2817 -5302 END
START -6984 -9532 32767 -27999 4537 -4967 END
START -7972 -9460 32767 -23239 4209 -5159 END
START -8876 -8844 32767 -17656 2487 -5114 END
START -9176 -7832 32767 -12699 759 -4272 END
START -9264 -6128 32767 -8775 -221 -3021 END
START -9348 -4236 32767 -5454 -471 -1558 END
START -8896 -2504 32767 -2915 -129 446 END
START -8400 -1588 32767 -847 544 2233 END
START -7716 -696 32767 885 1107 3392 END
START -7336 -112 32767 2686 918 4020 END
START -6828 -444 32312 4547 70 4290 END
START -6256 -528 31712 6314 -710 4266 END
START -5672 -992 31320 8031 -1161 4289 END
START -5404 -1504 31280 9959 -1697 4689 END
START -4908 -2268 30844 11766 -1977 5097 END
START -4644 -2960 31040 13111 -1561 5310 END
START -4460 -3468 31060 14456 -760 5366 END
START -4452 -3900 31160 15999 348 5313 END
START -4788 -4244 30608 17916 1196 5386 END
START -4596 -4344 29052 20122 998 5342 END
START -4344 -4472 27224 22116 239 5301 END
START -4068 -4564 24940 23649 -822 5270 END
START -3080 -4444 22980 24538 -1557 5372 END
START -1972 -3900 20108 24925 -1322 5103 END
START -992 -4232 17552 24920 -981 4777 END
START -80 -4284 14720 23968 -560 4447 END
START 1632 -4912 12452 22506 475 4184 END
START 2944 -5196 10200 20681 2348 4043 END
START 4132 -5592 7736 18896 3405 4060 END
START 5484 -5284 5260 16952 2811 4053 END
START 7236 -4560 3732 15139 832 3617 END
START 8932 -3152 3156 13902 -1707 2443 END
START 11280 -1332 2808 12992 -3966 648 END
START 13464 280 3264 11331 -5064 -1473 END
START 15416 2116 4144 9486 -4629 -4262 END
START 16272 3184 5168 7824 -3622 -7102 END
START 16204 4040 6460 6298 -3131 -9731 END
START 15336 4348 7476 4946 -2686 -12606 END
START 13252 4020 8960 4077 -2199 -15512 END
START 10056 3368 10184 3963 -2352 -17881 END
START 6464 2436 10440 3502 -2490 -19788 END
START 2224 1068 10900 2434 -2065 -21202 END
START -3124 -268 11752 1217 -1512 -21720 END
START -8500 -1972 13088 560 -1540 -20697 END
START -12872 -2796 14072 316 -1872 -18172 END
START -16048 -2980 15544 484 -2085 -14252 END
START -17036 -2900 16428 889 -1816 -10278 END
START -17008 -2444 16868 1199 -1053 -7179 END
START -16376 -1852 17064 1243 -467 -4917 END
START -15568 -1144 16648 1650 -695 -3389 END
START -15084 -692 15736 2688 -1948 -2251 END
START -13608 -460 14176 3424 -3397 -905 END
START -11660 396 12572 3448 -4246 661 END
START -9136 656 10700 2983 -4456 2246 END
START -6432 864 9036 2053 -3815 3305 END
START -3892 876 6928 989 -3200 3745 END
START -1852 904 4772 -185 -3102 3462 END
START -384 692 3076 -1460 -3589 2896 END
START 308 328 1520 -2753 -4526 2409 END
START 1292 -108 192 -4338 -5142 2041 END
START 1792 -916 -832 -6590 -5159 1571 END
START 2188 -1460 -1480 -9590 -5111 1144 END
START 2388 -2136 -1456 -12917 -4896 941 END
START 3020 -2636 -748 -16198 -3548 727 END
START 3016 -3016 516 -19140 -2188 264 END
START 2552 -3196 2264 -21685 -1652 -489 END
START 2160 -3676 4892 -23865 -1788 -1404 END
START 1796 -4000 8052 -25354 -1607 -2639 END
START 408 -4288 11312 -26338 -1187 -4264 END
START -1200 -5760 14668 -27156 -413 -5240 END
START -3028 -6132 18204 -28127 1334 -5001 END
START -4696 -6780 22160 -29374 3773 -3424 END
START -5952 -7092 26112 -31281 5548 -533 END
START -6692 -7512 30764 -32590 6579 2294 END
START -7980 -8084 32767 -31066 6073 4551 END