START 2040 184 -3756 -1212 -6016 -1213 END
START 888 344 -3336 -1834 -6574 -1283 END
START 1428 188 -4552 -3050 -7511 -1305 END
START 948 -1408 -5416 -5496 -7689 -295 END
START 880 -2468 -6000 -8223 -6566 1017 END
START 628 -2260 -6476 -11539 -4567 2461 END
START 1392 -4216 -6676 -15489 -3462 3288 END
START 2240 -3924 -6380 -19039 -3024 3169 END
START 2988 -4896 -5708 -21718 -3721 2084 END
START 3648 -5772 -4640 -23450 -4879 340 END
START 3372 -6096 -3636 -24627 -6739 -1452 END
START 3388 -8256 -4284 -26485 -8056 -2883 END
START 2528 -9140 -1748 -29029 -8541 -3986 END
START 1900 -11192 972 -31511 -8045 -3285 END
START 2368 -12128 4512 -32768 -7069 -2481 END
START 3264 -12344 10040 -32768 -6344 -2372 END
START 4384 -11628 16640 -32768 -6568 -3597 END
START 5280 -11716 24376 -32768 -6206 -6253 END
START 4324 -11900 30992 -32768 -5157 -9219 END
START 1204 -11920 32767 -32768 -4563 -10895 END
START -2360 -10920 32767 -32768 -4928 -9785 END
START -3444 -10008 32767 -29222 -4877 -7340 END
START -3496 -10108 32767 -26755 -1970 -5554 END
START -4344 -8976 32767 -25459 2398 -4398 END
START -5484 -8500 32767 -23149 5154 -3521 END
START -6600 -8124 32767 -18965 4729 -2427 END
START -6932 -7428 32767 -13300 2628 -1056 END
START -6872 -6468 32767 -7001 845 98 END
START -6864 -5912 32767 -2081 458 1313 END
START -6812 -4880 32767 1944 1999 3027 END
START -6268 -4096 32767 5592 4690 4681 END
START -5304 -3672 32767 9647 6543 6079 END
START -3972 -3572 32767 13809 6513 6805 END
START -2680 -4116 32767 17171 5199 6653 END
START -1680 -4504 32767 20621 3141 5807 END
START -980 -5516 32767 23796 1076 4830 END
START -512 -6696 31320 25584 249 4056 END
START -332 -7612 27636 25823 678 3271 END
START -416 -8548 24488 25509 2661 2889 END
START -512 -9596 20960 25065 4613 3269 END
START -40 -11060 17056 24410 6076 4190 END
START 1184 -11844 12712 23114 6239 5131 END
START 2492 -12480 8972 21638 5350 5235 END
START 3500 -12108 4332 20714 3768 4382 END
START 3828 -12168 636 19758 441 3238 END
START 3424 -11584 -2368 18738 -3686 2491 END
START 3160 -9924 -4272 16840 -8134 2376 END
START 4548 -8080 -4792 14021 -10249 3022 END
START 7040 -5316 -3372 10252 -8988 3443 END
START 10400 -2008 -1220 6507 -5556 2904 END
START 13080 772 1256 3330 -2088 1290 END
START 14456 3420 4180 1549 159 -1436 END
START 14680 5156 6908 888 1244 -5115 END
START 12960 6180 9172 1462 801 -8978 END
START 9944 6332 11052 3111 -839 -12062 END
START 6908 5424 12060 5147 -2933 -14412 END
START 3660 4568 11656 5643 -3898 -16121 END
START 396 3100 12528 4281 -2727 -17176 END
START -2992 1496 13752 2767 -506 -17222 END
START -6228 72 15680 2057 1235 -16001 END
START -8484 -1824 16728 2434 1889 -14135 END
START -10296 -3512 16984 3077 1468 -11483 END
START -10868 -4308 15840 3027 408 -8561 END
START -10904 -4508 14660 2523 -546 -5950 END
START -10124 -4056 13316 2244 -1615 -3486 END
START -8404 -3232 11788 2557 -2967 -1732 END
START -6352 -2492 9148 2616 -3984 -739 END
START -4480 -2016 6436 1607 -4564 107 END
START -2864 -1348 4740 269 -5060 652 END
START -1320 -1228 3032 -695 -5269 965 END
START 8 -1152 576 -1819 -5420 717 END
START 752 -1352 -1760 -3428 -5477 144 END
START 1224 -1788 -4096 -5602 -5600 -600 END
START 1280 -2548 -5940 -8560 -5827 -1393 END
START 1148 -3264 -6944 -11946 -6546 -2019 END
START 856 -3752 -7332 -15081 -7628 -2493 END
START 240 -3508 -6848 -18123 -9559 -2304 END
START -240 -3500 -4296 -21457 -11718 -1268 END
START 508 -3420 652 -25259 -11513 376 END
START 1916 -4300 7000 -28206 -8988 1990 END
START 4680 -5340 15384 -29967 -4679 2389 END
START 7156 -6352 24680 -29106 -651 -116 END