START 96 3296 3964 5844 -8144 3640 END
START 1000 3260 2380 5579 -8242 3837 END
START -1280 3756 3868 4680 -8670 4032 END
START 2096 2148 -768 2773 -8161 4059 END
START 3560 1056 -3216 604 -6054 3092 END
START 3864 880 -4740 -1889 -4206 1118 END
START 3420 928 -5744 -3874 -3608 -566 END
START 2924 480 -6220 -5300 -4490 -1402 END
START 2476 -96 -7208 -6713 -6574 -1447 END
START 2284 -980 -7952 -8660 -8609 -1261 END
START 1944 -1980 -8488 -11434 -10858 -809 END
START 2564 -2820 -8548 -14833 -11124 -125 END
START 3424 -4176 -7792 -18541 -8283 -34 END
START 3272 -5524 -6412 -22442 -4321 -592 END
START 2572 -6696 -4648 -25589 -2200 -1061 END
START 1700 -7888 -2096 -28019 -2083 -1109 END
START 1332 -8096 1036 -29945 -2957 -9 END
START 1400 -8004 4312 -32270 -3439 1048 END
START 2120 -8220 8212 -32768 -2539 1726 END
START 2944 -8984 13816 -32768 -139 1640 END
START 2924 -10128 19476 -32768 3711 1062 END
START 2648 -11668 25248 -32768 8332 -17 END
START 1056 -13012 30220 -32768 11971 -1883 END
START -1092 -14188 32767 -32768 12981 -4143 END
START -4156 -14300 32767 -30894 9712 -5817 END
START -6164 -13964 32767 -26363 3883 -6258 END
START -7316 -12996 32767 -22379 -1475 -5907 END
START -7876 -11424 32767 -18776 -2795 -5111 END
START -8624 -10380 32767 -15961 -353 -3723 END
START -9048 -9568 32767 -13005 3646 -1516 END
START -9360 -9008 32767 -9165 7004 622 END
START -9096 -8528 32767 -4686 8658 2242 END
START -8636 -7132 32767 364 8427 3171 END
START -8152 -6136 32767 5482 6461 3724 END
START -7356 -5328 32767 10177 3728 4222 END
START -6008 -4464 32767 14075 989 4662 END
START -4796 -4480 32767 17856 -982 4918 END
START -3188 -4412 32767 21229 -2132 4868 END
START -1924 -4716 31416 24114 -2406 4450 END
START -1116 -5460 28156 26258 -2334 3852 END
START -380 -5916 24936 27525 -2255 3161 END
START -248 -6244 21824 28217 -2380 2511 END
START -272 -6512 18812 28254 -2762 1977 END
START -212 -6608 15992 27681 -3308 1783 END
START -140 -6480 13760 26559 -3652 1949 END
START 268 -5856 11796 24793 -3873 2714 END
START 804 -5304 10608 22603 -3266 3604 END
START 2472 -4900 9416 20092 -2134 4119 END
START 3776 -3948 9156 17631 -107 4166 END
START 5700 -3344 8792 15130 1562 3832 END
START 7616 -2820 8496 12867 1856 2633 END
START 9432 -1840 8304 11166 795 889 END
START 11092 -1456 8656 10053 -1181 -1306 END
START 11704 -1032 8932 9131 -3671 -4040 END
START 12084 -544 8900 8371 -5763 -6532 END
START 11748 -372 9472 7865 -6657 -8944 END
START 11168 24 8580 6956 -5310 -11125 END
START 9736 196 8244 5178 -2308 -13040 END
START 7712 48 8456 3440 712 -14616 END
START 5180 -492 8688 2486 2339 -15838 END
START 2532 -632 8728 2261 1880 -16601 END
START -140 -1412 9128 2496 -113 -17045 END
START -2700 -2172 9336 2955 -3149 -17475 END
START -5332 -2692 9748 3628 -6980 -17243 END
START -7484 -3384 9644 4042 -9930 -16019 END
START -8476 -3272 9148 3422 -10370 -13812 END
START -9032 -3640 8620 1718 -8440 -10886 END
START -8728 -4004 7640 -504 -5423 -7672 END
START -8092 -4408 6448 -2569 -3058 -4849 END
START -7084 -4720 5316 -4027 -2177 -2518 END
START -5708 -5084 3784 -5061 -3334 -846 END
START -4000 -4952 1828 -6305 -5779 -259 END
START -2472 -4660 356 -7929 -8441 -281 END
START -1040 -3720 -444 -9739 -10664 -27 END
START 388 -2492 -780 -11711 -12089 372 END
START 1368 -1148 -884 -13718 -12157 699 END
START 2236 -296 -1112 -16179 -11413 1227 END
START 2980 24 -520 -19377 -9999 1805 END
START 3588 -128 1112 -23104 -8356 2484 END
START 4296 -1236 5652 -26932 -5663 2577 END
START 4944 -2532 11992 -29914 -1786 1403 END
START 4108 -4376 19244 -31388 1776 -700 END