START -1464 5008 8948 1750 -1568 1493 END
START 2356 4724 3940 1326 -1494 1218 END
START 200 4800 7732 609 -1328 804 END
START -232 4404 6300 377 -1744 236 END
START 8 3864 6068 445 -2402 25 END
START 400 3148 5348 975 -2799 -402 END
START 72 2600 3488 729 -2900 -518 END
START -44 1656 1960 -1005 -2263 -543 END
START -172 964 968 -4032 -1003 -696 END
START -216 88 456 -7574 514 -907 END
START -800 -332 620 -10459 1357 -1102 END
START -1068 -1352 1252 -12741 1256 -1459 END
START -1624 -2036 1836 -13924 -296 -1488 END
START -1888 -2784 2156 -14660 -2059 -1263 END
START -1616 -3324 2844 -15534 -2428 -567 END
START -1092 -3524 3804 -16164 -564 725 END
START -680 -3276 5296 -16458 3459 1707 END
START -492 -3880 5960 -16716 7426 2648 END
START -684 -3964 6096 -17788 7998 3263 END
START 176 -3888 7024 -19725 6143 2699 END
START 104 -4248 8776 -20933 3012 1387 END
START 364 -5080 10252 -21903 -353 -569 END
START 444 -5300 11536 -24969 -4530 -2804 END
START 620 -5644 15496 -28630 -5910 -5433 END
START -436 -6236 19368 -30787 -3573 -7193 END
START -1412 -6732 23420 -30895 790 -8005 END
START -3252 -7248 26772 -28823 3390 -8300 END
START -5108 -7556 29252 -25398 3957 -8002 END
START -6124 -7788 31636 -20039 2976 -7370 END
START -6604 -7784 31416 -15969 1455 -6509 END
START -6996 -8040 30992 -14797 -1568 -5739 END
START -6388 -8172 31552 -15524 -3895 -6184 END
START -6496 -8836 32767 -15430 -4207 -7161 END
START -7216 -9420 32767 -13933 -2869 -7363 END
START -8288 -9720 32767 -11970 -623 -6088 END
START -9504 -9972 32767 -9966 1185 -3843 END
START -10212 -10160 32767 -7562 1940 -1081 END
START -10532 -10284 32767 -4189 1818 1510 END
START -10708 -10280 32767 -916 1866 3607 END
START -10260 -9996 32767 1879 2371 5029 END
START -10140 -9292 32767 4652 2984 6124 END
START -9888 -8448 32767 7416 3397 7593 END
START -8896 -8048 32767 9938 3662 9211 END
START -7796 -7440 32256 12560 3898 10310 END
START -6840 -7540 30832 14973 3983 10744 END
START -6016 -7440 29020 16746 3797 10763 END
START -5888 -7556 27292 17802 3362 10770 END
START -5364 -7288 25548 18821 2937 10651 END
START -5044 -7280 24032 20463 2172 10757 END
START -4356 -7168 21868 22260 589 11054 END
START -2680 -6832 19408 23395 -261 10623 END
START -1648 -6528 17140 23872 -182 9792 END
START -1020 -6208 14952 23730 81 9264 END
START -72 -5712 12888 23016 285 8992 END
START 964 -5264 11164 22052 454 8702 END
START 2444 -5104 9212 20707 604 7663 END
START 3056 -4936 7860 18989 322 6471 END
START 4084 -4488 7120 17068 -581 5676 END
START 5632 -3516 7104 15143 -1497 4807 END
START 7484 -2660 7888 13410 -2259 3730 END
START 9800 -1540 8936 12407 -2742 2126 END
START 12128 -136 9844 11290 -2421 -314 END
START 13464 1168 10772 10525 -1774 -3532 END
START 13380 1904 11224 9572 -810 -7124 END
START 11668 2308 11456 8410 92 -10070 END
START 8800 2964 11436 7530 662 -12224 END
START 5748 3132 11728 7180 918 -14084 END
START 1996 2688 12004 7470 510 -15746 END
START -2256 1756 11908 7943 -268 -16986 END
START -6292 564 11440 7993 -952 -17623 END
START -9684 -804 11088 7498 -1128 -17408 END
START -12672 -2200 11028 6624 -1102 -16094 END
START -14748 -3364 10748 5928 -640 -13443 END
START -15588 -3764 10404 5686 -288 -10068 END
START -15460 -3472 9196 5686 -341 -6321 END
START -13948 -3192 7836 5540 -784 -2781 END
START -11352 -2220 6232 5254 -1398 -480 END
START -8504 -1480 4564 5200 -3369 255 END
START -5720 -652 2764 5227 -6687 -531 END
START -3020 136 368 4838 -10232 -2588 END
START -1400 224 -1824 3024 -12370 -4523 END
START -600 16 -3548 -670 -12066 -5300 END
START 180 -468 -4576 -5122 -10015 -4942 END
START 816 -1052 -5080 -10015 -7366 -4332 END
START 788 -1676 -4912 -14388 -5764 -3749 END
START 676 -2520 -4076 -17661 -6233 -3294 END
START 1316 -2728 -2652 -19750 -7841 -3657 END
START 1772 -1776 -1068 -21181 -9946 -4426 END
START 1780 -260 696 -23067 -11743 -4848 END
START 2032 836 3132 -26220 -11423 -5238 END
START 1784 428 7072 -30262 -9910 -5838 END
START 904 -1068 11604 -32768 -8103 -5883 END
START 64 -4356 17400 -32768 -6071 -5025 END
START -676 -8624 25504 -32768 -2511 -3667 END
START 2248 -13444 32767 -32768 2734 -7571 END
START -148 -17496 32767 -31892 4413 -16497 END
START -5872 -20216 32767 -18811 -2070 -19646 END
START -9108 -19948 32767 -9678 -7889 -15678 END