START 572 3196 644 5031 60 3257 END
START -356 3656 1576 4727 -1268 3420 END
START 1308 3148 316 4261 -2012 3478 END
START 2464 2200 -96 3537 -2948 2962 END
START 2956 1860 -1520 2725 -2316 1729 END
START 3560 620 -3156 1298 -1272 110 END
START 3520 -104 -4832 -798 -344 -1556 END
START 3288 -1660 -5680 -3457 -183 -2630 END
START 2520 -2328 -6476 -6038 -1317 -2986 END
START 1996 -3068 -7060 -8644 -3356 -2615 END
START 1832 -3584 -7432 -11804 -5356 -2024 END
START 2684 -4028 -7316 -15058 -6116 -1557 END
START 2984 -4436 -6808 -17969 -5094 -1785 END
START 3340 -5004 -6112 -20594 -4043 -2308 END
START 3500 -6024 -5424 -23112 -3294 -3533 END
START 3072 -7304 -3976 -25573 -3995 -4783 END
START 2108 -8576 -2128 -27557 -6016 -5594 END
START 1744 -9508 420 -29116 -8713 -5917 END
START 2088 -9340 3432 -30937 -9944 -6161 END
START 2188 -10196 6892 -32768 -10110 -6604 END
START 2208 -10172 12528 -32768 -10774 -7267 END
START 2188 -10388 19064 -32768 -9987 -8110 END
START 1344 -10396 25832 -32768 -7867 -8711 END
START 120 -10724 31976 -32768 -5747 -8869 END
START -2128 -11128 32767 -32768 -4703 -9121 END
START -4292 -11244 32767 -32768 -5062 -8870 END
START -5700 -10632 32767 -29148 -5547 -7556 END
START -6176 -9636 32767 -25031 -6045 -5522 END
START -5288 -8116 32767 -21088 -5638 -3590 END
START -4004 -7160 32767 -18765 -2749 -2710 END
START -4300 -6472 32767 -17939 1339 -2839 END
START -5200 -6148 32767 -15697 3588 -2703 END
START -6012 -5412 32767 -11174 3331 -1866 END
START -5980 -5160 32767 -6462 1883 -910 END
START -6136 -4532 32767 -2272 593 -110 END
START -6040 -4052 32767 1828 -226 745 END
START -6140 -3704 32767 5433 -221 1832 END
START -5364 -3636 32767 8447 148 2979 END
START -4540 -3648 32767 10572 1011 3595 END
START -3840 -3652 32767 12713 2185 3845 END
START -3252 -4180 32767 14849 2769 3891 END
START -2640 -4980 32248 16757 2401 3848 END
START -2184 -5864 29656 18421 1566 3709 END
START -1768 -6656 27652 19719 719 3530 END
START -1152 -7036 25304 20920 183 3196 END
START -424 -8348 22484 21396 -95 3124 END
START 256 -9052 20212 20853 71 3429 END
START 1292 -9184 18244 20204 677 4021 END
START 2416 -9380 16356 19678 1443 4463 END
START 3700 -9208 14356 19429 1995 4679 END
START 4684 -8680 12744 19213 1609 4646 END
START 5776 -8248 10952 18522 712 4052 END
START 6052 -7432 10208 17442 -17 2758 END
START 6032 -6896 10132 16471 -212 1170 END
START 5320 -6932 10084 15870 -134 -449 END
START 3928 -6804 9860 15288 184 -1743 END
START 2608 -7036 9672 14321 1000 -2143 END
START 1352 -6872 9092 13537 1925 -1769 END
START 716 -6396 8336 12905 2692 -773 END
START 784 -5448 6856 12274 3435 -91 END
START 1196 -4084 5232 11298 3986 -132 END
START 1408 -2664 3608 10090 3911 -910 END
START 1420 -808 2424 9061 2770 -1685 END
START 1600 792 1752 7835 1259 -2635 END
START 1828 2128 1632 6521 -100 -3300 END
START 2384 3604 2024 4957 -1075 -3499 END
START 3372 5000 3176 3241 -1431 -3581 END
START 4640 6152 4440 1551 -553 -3798 END
START 5764 6912 5572 -215 996 -4287 END
START 7096 7372 7200 -1460 2507 -5406 END
START 7500 7408 8584 -2124 3322 -7342 END
START 7828 7096 9984 -2302 2634 -9797 END
START 7800 6328 11464 -2336 1180 -12706 END
START 6816 5108 13068 -2352 -732 -15905 END
START 5232 3324 14352 -2305 -1875 -18380 END
START 2336 1404 15812 -2400 -1610 -19340 END
START -1284 -872 16760 -2491 -592 -19058 END
START -5792 -3144 17060 -1509 -221 -18092 END
START -10576 -5476 15120 579 -2390 -16039 END
START -13388 -6756 11628 1610 -6004 -12907 END
START -15368 -8012 7508 367 -10258 -9052 END
START -15216 -8400 3948 -2122 -13035 -4908 END
START -13292 -8548 1212 -5882 -13283 171 END
START -10308 -8084 96 -10023 -12530 4662 END
START -7140 -7852 -704 -13862 -12341 8066 END
START -4024 -8088 212 -17887 -13188 9954 END
START -20 -7340 3000 -21209 -13073 9259 END
START 3020 -5632 7268 -23341 -12008 7670 END