START 1808 -1320 -5016 -2743 3234 -505 END
START 740 -716 -5284 -3476 2598 -406 END
START 1748 -1352 -5148 -4787 2629 -142 END
START 2056 -2884 -5164 -6357 2379 193 END
START 1704 -3288 -5544 -8214 3971 729 END
START 1536 -4328 -5184 -10070 6194 2130 END
START 1272 -4864 -4580 -11386 8588 3832 END
START 1412 -4612 -3784 -11749 9832 4982 END
START 2268 -4924 -3968 -11907 9101 4444 END
START 2196 -5056 -4456 -13082 5424 2305 END
START 2364 -5396 -4868 -15586 386 -616 END
START 2396 -6696 -4916 -19490 -2820 -3328 END
START 1700 -7676 -4392 -24696 -2780 -5063 END
START 164 -8656 -2996 -29761 -9 -5622 END
START -1444 -9792 -640 -32768 1898 -5608 END
START -2912 -10260 3304 -32768 1925 -4945 END
START -3684 -8248 8848 -32768 -32 -3108 END
START -2796 -6268 15480 -32768 -2572 -1081 END
START 608 -4584 22616 -32768 -3506 -2675 END
START 1660 -5092 30088 -32768 -2970 -8501 END
START -824 -6504 32767 -32768 -2494 -14477 END
START -4948 -8456 32767 -32768 -3447 -16769 END
START -9004 -8996 32767 -31734 -4897 -13968 END
START -10016 -8400 32767 -24752 -4290 -8785 END
START -9188 -7772 32767 -21034 436 -3976 END
START -9096 -7224 32767 -19294 6374 -804 END
START -9212 -6580 32767 -16596 9888 825 END
START -9580 -5832 32767 -12252 9066 1321 END
START -9568 -4920 32767 -6935 5136 1257 END
START -9544 -4024 32767 -1839 1093 1359 END
START -8948 -2756 32767 2092 -1365 2063 END
START -8212 -1824 32767 4637 -1881 3515 END
START -7096 -944 32767 6549 -496 5251 END
START -6316 -896 32767 8040 1530 6506 END
START -5580 -1104 32767 9647 2852 7144 END
START -5288 -1476 32767 11744 2489 7165 END
START -4916 -1960 32424 13804 592 6321 END
START -4788 -2532 31224 15976 -1999 5206 END
START -4404 -3116 29804 17857 -4656 4329 END
START -3808 -3888 28604 19374 -5946 3944 END
START -2936 -4016 27292 20442 -5836 3823 END
START -1820 -4728 25548 20793 -4335 3571 END
START -948 -5048 23628 20726 -2459 3323 END
START -368 -5532 21416 20897 -1471 3010 END
START 284 -5712 18644 21159 -2197 2537 END
START 1100 -6004 16016 21815 -3949 1858 END
START 2180 -6052 12972 22333 -4553 1130 END
START 3416 -6044 9684 22273 -4090 283 END
START 3960 -6176 6064 20858 -2845 -740 END
START 4568 -6084 3100 18254 -1783 -1285 END
START 4812 -5712 1304 15316 -1637 -1401 END
START 5776 -5192 596 12701 -2155 -990 END
START 7100 -4132 796 11158 -2509 -620 END
START 9260 -3060 952 9843 -2458 -599 END
START 11436 -1456 1516 8147 -2238 -1282 END
START 13524 412 2744 5925 -1494 -3178 END
START 14772 2048 4360 3901 -49 -5697 END
START 14908 3924 6328 2692 908 -8476 END
START 14344 4860 7912 2216 1488 -11407 END
START 12532 5196 9064 2099 1292 -14534 END
START 10096 4624 10104 2238 808 -17432 END
START 6876 3836 10732 2113 367 -19736 END
START 3340 2940 11128 1764 218 -21094 END
START -1124 1600 11640 992 676 -21433 END
START -5424 188 12344 -187 1040 -20912 END
START -10432 -1148 13804 -1115 1209 -19241 END
START -14780 -2096 15304 -1154 537 -15867 END
START -17676 -2648 16260 -671 -419 -11563 END
START -18432 -2636 16748 -783 -761 -7003 END
START -17220 -1964 16952 -1383 -751 -3970 END
START -15796 -1268 17848 -1275 -1041 -2622 END
START -14584 -984 17588 600 -2619 -2060 END
START -13076 -992 16428 2601 -4857 -1294 END
START -10860 -1024 14428 3633 -6388 2 END
START -8136 -1404 12060 3458 -6823 1476 END
START -4744 -1924 9412 2292 -6041 3011 END
START -1060 -3060 6508 654 -4916 3973 END
START 2100 -4720 3940 -1028 -4651 4195 END
START 4244 -5668 1296 -2794 -5662 3509 END
START 5016 -5872 -328 -4758 -7475 2477 END
START 5508 -5348 -948 -6892 -8550 1420 END
START 5124 -4640 -972 -8907 -8377 696 END
START 4148 -4092 -924 -10899 -7443 519 END
START 2980 -4084 -252 -13286 -5843 463 END
START 1796 -4604 1228 -15983 -3826 379 END
START 472 -4564 3076 -18723 -1884 581 END
START -720 -4116 5744 -21829 -613 1044 END
START -1724 -3364 8996 -24793 -150 1317 END
START -1788 -2268 13528 -27340 -875 1499 END
START -1044 -744 18548 -28832 -1496 967 END
START -568 108 23928 -28317 -1079 -25 END
START -456 320 28216 -26789 131 -1111 END
START -1152 -828 32767 -25712 1457 -1956 END
START -1968 -2388 32767 -24469 3399 -2413 END