START 984 -960 -3512 -5398 -1990 2621 END
START 316 -572 -3268 -6066 -2127 2912 END
START 1632 -28 -3104 -7842 -1356 3043 END
START 2204 -448 -3764 -9850 -493 2548 END
START 2652 -848 -3824 -11982 -464 1476 END
START 3004 -1384 -4080 -13974 -1453 -121 END
START 2884 -2640 -3512 -16200 -3446 -1783 END
START 1876 -3576 -2768 -18598 -5246 -2689 END
START 1088 -4560 -2608 -20801 -6731 -2332 END
START 928 -5928 -2108 -23863 -8097 -1978 END
START 1160 -6796 -196 -27918 -8060 -2296 END
START 1020 -7568 2576 -32127 -6924 -2793 END
START 1292 -7932 6064 -32768 -5872 -3144 END
START 1828 -8020 10288 -32768 -5655 -3700 END
START 2176 -8212 15876 -32768 -6335 -4413 END
START 2708 -8628 21532 -32768 -7022 -5209 END
START 2680 -8632 27304 -32768 -7336 -6268 END
START 1992 -9332 32767 -32768 -7459 -7491 END
START 1116 -10264 32767 -32768 -7485 -8680 END
START -88 -11060 32767 -29634 -8024 -10114 END
START -1668 -11160 32767 -25693 -8536 -10629 END
START -3432 -10596 32767 -22162 -8160 -9047 END
START -4300 -9440 32767 -19272 -6456 -6381 END
START -4488 -8748 32767 -17260 -3463 -3902 END
START -4496 -7604 32767 -15273 -396 -2512 END
START -4960 -6424 32767 -12248 1127 -1738 END
START -5084 -5516 32767 -8055 1289 -1105 END
START -5016 -4192 32767 -3399 47 -248 END
START -4652 -3236 32767 564 -932 593 END
START -4248 -2452 32767 3462 -996 1322 END
START -3532 -2320 32767 5859 -257 1841 END
START -3344 -2264 32767 7932 969 2337 END
START -2844 -2632 32767 10004 2090 2671 END
START -2300 -3260 32767 12227 3054 2678 END
START -2084 -4104 32256 14069 3471 2434 END
START -1824 -4972 29928 15826 3517 2000 END
START -1980 -5540 27872 17176 3705 1752 END
START -2324 -6408 25696 18112 4062 1965 END
START -2336 -6960 23536 18639 4594 2626 END
START -2156 -7488 21992 18962 4941 3244 END
START -1816 -7912 20248 18876 5174 3711 END
START -1312 -8132 18700 18712 5120 4201 END
START -888 -8212 17508 18863 4787 4488 END
START -168 -8084 15996 19018 4035 4385 END
START 456 -7708 14352 18988 3396 3989 END
START 992 -7568 12744 18640 2784 3504 END
START 1372 -7264 11180 18172 2236 3164 END
START 2140 -6908 9492 17647 1689 3154 END
START 2984 -6368 7588 16575 1546 3139 END
START 4128 -5216 6036 15058 1421 3145 END
START 5688 -4076 4348 13377 1161 3140 END
START 7856 -2844 3432 10834 459 2604 END
START 9324 -1404 3144 8283 -311 1249 END
START 10712 80 3752 5842 -736 -603 END
START 12220 1244 4812 3969 -256 -2706 END
START 12560 2456 6136 2893 933 -5420 END
START 11992 3252 7380 2618 1448 -8009 END
START 11020 3708 8564 2915 1090 -10185 END
START 9896 3928 9492 3345 213 -11990 END
START 8520 3832 10224 3769 -743 -13710 END
START 6780 3424 11100 4093 -1832 -15368 END
START 4468 2420 11608 4153 -2553 -16674 END
START 2052 1440 12192 3081 -2201 -17760 END
START -1316 -336 13368 1576 -1159 -18195 END
START -4556 -1920 14476 352 265 -17399 END
START -7396 -3640 15584 -315 1022 -15623 END
START -9900 -4784 16332 116 820 -12961 END
START -10844 -5484 16164 1333 -181 -9596 END
START -10636 -5276 14996 2256 -912 -6297 END
START -9624 -4648 13288 2391 -832 -3636 END
START -8168 -3936 10988 1667 -506 -2111 END
START -6412 -3296 8672 780 -622 -1904 END
START -5956 -2960 6692 195 -1795 -2322 END
START -5420 -2904 3848 -190 -3912 -2342 END
START -4752 -2776 1008 -1070 -6363 -2076 END
START -4000 -2804 -1492 -2804 -8367 -1705 END
START -3204 -2744 -3512 -5415 -9674 -1089 END
START -2276 -2656 -4768 -8680 -10996 -465 END
START -1116 -2484 -4988 -12510 -12310 208 END
START 260 -2612 -4060 -16868 -12758 655 END
START 800 -2640 -2084 -21416 -12149 694 END
START 1084 -2988 1716 -25616 -11994 992 END
START 1792 -4164 7944 -28636 -10587 1063 END