START 844 -104 -1840 -255 393 -2097 END
START -80 284 -2352 -1054 -837 -2030 END
START -516 476 -1412 -2815 -2096 -1641 END
START 792 -1416 -2312 -4727 -3471 -431 END
START -36 -1584 -2176 -6367 -2773 635 END
START 624 -1824 -3424 -8034 -1558 1545 END
START 832 -2464 -4620 -10057 61 1881 END
START 616 -2560 -5856 -12807 1102 1968 END
START 668 -2800 -6236 -16059 847 1936 END
START 984 -3400 -6164 -18994 -77 1543 END
START 1120 -3316 -5528 -21676 -1313 910 END
START 1180 -3908 -5212 -24299 -2910 68 END
START 1004 -4500 -4640 -26735 -4354 -913 END
START 188 -5388 -3548 -29335 -5578 -1937 END
START -644 -5780 -1192 -32246 -7280 -2355 END
START -416 -5708 2692 -32768 -8868 -1883 END
START 392 -4284 7864 -32768 -9140 -899 END
START 2140 -2764 14260 -32768 -7853 -819 END
START 3880 -2144 22192 -32768 -5004 -2983 END
START 4068 -3200 30904 -32768 -2081 -6914 END
START 2040 -4292 32767 -32768 -849 -9811 END
START 356 -5916 32767 -32768 -1036 -10737 END
START -1348 -7204 32767 -29063 -960 -10380 END
START -3408 -7556 32767 -24013 256 -8742 END
START -5120 -8004 32767 -20858 2795 -6628 END
START -6928 -8560 32767 -18287 5143 -4080 END
START -8028 -8028 32767 -14245 5383 -1489 END
START -8248 -7196 32767 -9310 4362 472 END
START -7716 -6100 32767 -5059 2765 1564 END
START -7424 -4324 32767 -1905 1245 2382 END
START -6896 -2784 32767 580 161 3215 END
START -6072 -1312 32767 2445 -214 4006 END
START -4636 -808 32767 3738 98 4701 END
START -3832 -392 32767 4841 763 5135 END
START -3004 -812 32767 6182 1367 5359 END
START -2772 -1164 32548 8119 1703 5212 END
START -2752 -1492 31520 10336 1471 5123 END
START -2404 -1996 29968 12712 909 5065 END
START -2016 -2184 28224 14679 372 4837 END
START -1416 -2464 26524 16014 385 4507 END
START -748 -2624 24872 16464 1489 4019 END
START -576 -2772 23756 16313 3040 3567 END
START -468 -3008 22700 16344 4046 3138 END
START -632 -3100 21680 17023 4069 2829 END
START -492 -3620 20640 18037 2990 2567 END
START -92 -3784 19188 19192 1707 2190 END
START 376 -4104 17648 20095 687 2000 END
START 1244 -4484 16024 20615 567 2218 END
START 2300 -4252 13968 20283 1473 2459 END
START 3400 -3908 12000 19105 3357 2555 END
START 4728 -3580 10512 17446 4437 2407 END
START 6120 -3044 9320 15931 3958 2038 END
START 8524 -2244 8656 14596 2075 1624 END
START 10812 -1184 8388 13582 -861 456 END
START 13296 172 8468 12812 -4166 -1440 END
START 15148 1412 8748 11646 -5922 -4208 END
START 15340 2412 9180 9984 -5538 -7541 END
START 14316 2804 9376 8242 -3440 -10851 END
START 11608 2812 9940 7168 -1129 -13449 END
START 7668 2440 9996 6705 -261 -15159 END
START 4080 1380 9760 6578 -634 -16577 END
START -240 432 9756 6664 -1852 -17744 END
START -4424 -696 9672 6762 -3150 -18149 END
START -7880 -2272 9572 6546 -3668 -17406 END
START -10404 -3100 9056 5594 -2906 -15716 END
START -12128 -3524 8528 3597 -1547 -13866 END
START -13704 -3920 8984 1233 -864 -11566 END
START -14144 -3660 9568 -300 -957 -8880 END
START -13700 -2988 10208 -790 -1275 -6412 END
START -12696 -2260 9896 -766 -1736 -4251 END
START -10852 -1348 9232 -1163 -2011 -3044 END
START -9384 -632 8544 -2048 -1796 -2322 END
START -7804 -108 8052 -2807 -1795 -1475 END
START -6048 700 7428 -3742 -1864 -748 END
START -4440 1036 6456 -4690 -1883 -416 END
START -3052 1592 5548 -5935 -1663 -259 END
START -2140 1556 4472 -7646 -1195 -540 END
START -1536 1292 3732 -9793 -1115 -1143 END
START -1376 1156 3424 -11860 -1735 -1949 END
START -892 244 3328 -13899 -2651 -2766 END
START -488 -440 3772 -16032 -3478 -3575 END
START 268 -1696 4924 -18454 -4160 -4191 END
START 672 -2368 7000 -20607 -4314 -4689 END
START 468 -3084 9500 -22166 -3899 -5097 END
START 152 -3568 12416 -23350 -3568 -5333 END
START -548 -4064 15484 -23992 -3258 -5560 END
START -1768 -4376 18876 -24260 -2786 -5606 END
START -3396 -4452 22772 -23879 -2747 -4543 END
START -4020 -5192 26776 -22875 -3308 -3219 END
START -4376 -5320 31780 -20952 -3710 -3122 END
START -4116 -6060 32767 -17973 -2806 -4728 END
START -5504 -5960 32767 -14262 -613 -6314 END
START -6980 -5556 32767 -10332 1330 -5821 END