START 1220 2496 560 4359 -317 1042 END
START 740 2756 404 3898 -1235 912 END
START 1188 2548 -236 3241 -1613 654 END
START 1700 1548 -948 2323 -2861 315 END
START 1832 1588 -1860 1037 -2946 42 END
START 2220 1364 -3496 -714 -2110 94 END
START 2000 744 -4876 -2772 -1376 39 END
START 2472 768 -6308 -5512 -747 -61 END
START 2644 -48 -7324 -8671 -601 -360 END
START 2916 -828 -7816 -11992 -1313 -902 END
START 2944 -1568 -8052 -15415 -1854 -1522 END
START 2652 -2396 -7420 -18633 -2399 -2007 END
START 2808 -3364 -6936 -21936 -2894 -2260 END
START 2852 -4548 -6148 -25049 -3277 -2777 END
START 2772 -6020 -4584 -27585 -3813 -3451 END
START 2264 -7276 -2120 -29601 -4416 -4166 END
START 1964 -8344 1100 -31138 -5539 -4609 END
START 1296 -7968 5152 -32571 -6914 -4645 END
START 1652 -7524 10600 -32768 -7066 -4405 END
START 1980 -6620 17388 -32768 -5580 -4576 END
START 2712 -6632 23392 -32768 -3469 -5705 END
START 2460 -7864 30068 -32768 -1791 -8032 END
START 1064 -9512 32767 -32768 -1600 -10791 END
START -2644 -9740 32767 -32768 -4523 -12428 END
START -3680 -12316 32767 -28040 -5906 -12154 END
START -5936 -10136 32767 -22418 -6934 -9292 END
START -5932 -9820 32767 -17981 -4624 -6060 END
START -6024 -8480 32767 -15499 -64 -3318 END
START -6592 -7468 32767 -13917 4173 -1270 END
START -7124 -6348 32767 -11417 6207 25 END
START -7528 -4772 32767 -7825 5751 430 END
START -7648 -3824 32767 -4029 3897 1054 END
START -6988 -2508 32767 -355 1558 2101 END
START -5664 -1400 32767 2892 56 3082 END
START -4608 -944 32767 5732 7 3696 END
START -3836 -760 32767 8085 948 3989 END
START -3552 -884 32767 10062 2690 4093 END
START -3676 -1328 32756 11768 4334 4285 END
START -3864 -2240 30484 13544 4891 4613 END
START -3688 -3152 28752 14704 4404 4846 END
START -3668 -3624 27044 15823 3464 4843 END
START -3056 -4320 25452 16605 2747 4733 END
START -2700 -4476 24132 17366 2536 4840 END
START -1800 -4580 22384 18035 2824 5125 END
START -1000 -4588 20564 18574 2979 5131 END
START 324 -4920 18476 18908 3145 5069 END
START 1664 -5084 16656 18576 3494 5082 END
START 3084 -4808 14512 17899 3369 5078 END
START 5028 -4708 12468 16875 2201 5027 END
START 7308 -3944 10352 15439 -91 4217 END
START 9140 -3036 9212 14345 -2065 2115 END
START 10580 -1880 8380 13601 -3798 -79 END
START 12068 -1316 7860 13241 -4834 -1804 END
START 12976 -424 6712 13501 -5194 -3478 END
START 13116 332 5336 12314 -4432 -5007 END
START 12796 648 4304 10480 -3056 -6656 END
START 11044 1040 3404 7834 -1611 -8402 END
START 8060 1384 3440 5039 -785 -10073 END
START 5008 1592 3892 2520 -848 -11851 END
START 1164 1032 5796 559 -1399 -13503 END
START -2716 228 8688 -349 -2825 -14479 END
START -6292 -1436 11732 -80 -4658 -14543 END
START -9460 -2812 14656 627 -5359 -13758 END
START -11404 -4376 16908 908 -4178 -12126 END
START -12752 -5064 18640 718 -1632 -9972 END
START -13528 -5436 19808 1004 920 -7308 END
START -13908 -4556 19648 2138 2282 -4159 END
START -12612 -3332 18796 3368 2814 -1241 END
START -10744 -2124 16744 4312 2622 475 END
START -8780 -1008 14612 4547 1591 1174 END
START -6652 -312 12588 4201 365 1304 END
START -4712 88 11060 3772 -836 1478 END
START -2428 68 9436 3192 -1519 1834 END
START -324 144 8240 2139 -1678 2147 END
START 1596 296 7208 1117 -1412 2202 END
START 2992 524 5948 164 -726 1790 END
START 3664 628 4664 -794 -408 909 END
START 3936 592 3384 -1711 -689 -138 END
START 4228 416 1724 -2715 -1389 -1218 END
START 4284 284 -108 -4509 -2338 -2404 END
START 4116 180 -1440 -6962 -2753 -3459 END
START 3864 -244 -2356 -9691 -2772 -4223 END
START 2932 -920 -2796 -12168 -3252 -4836 END
START 1640 -1368 -2540 -14324 -4744 -4941 END
START 44 -1628 -1492 -16217 -6363 -4545 END
START -1464 -2144 88 -18410 -7134 -3749 END
START -3028 -2544 3196 -21060 -6720 -2172 END
START -3280 -4036 7776 -24306 -5876 298 END
START -2424 -5520 14352 -27435 -4222 1749 END