START 2720 -3244 -9280 65 -2647 -3134 END
START 2136 -3260 -9736 -950 -3426 -3623 END
START 1292 -3752 -10276 -3289 -4151 -4401 END
START 376 -4188 -10928 -7331 -6047 -3892 END
START -12 -4224 -10256 -11321 -6345 -1888 END
START 440 -4228 -10112 -15111 -5179 466 END
START 1572 -4032 -9844 -18604 -3456 1537 END
START 2748 -4632 -9192 -22144 -2525 1595 END
START 3492 -5268 -8496 -25507 -2136 821 END
START 3960 -6092 -6480 -27897 -2496 -646 END
START 3776 -6880 -4556 -29236 -3867 -2347 END
START 2964 -7576 -1656 -30288 -6549 -3114 END
START 2448 -7232 2520 -31056 -9560 -3045 END
START 2872 -6636 6992 -32768 -10604 -2520 END
START 3944 -5904 12896 -32768 -9071 -2933 END
START 5128 -6492 20876 -32768 -6790 -4887 END
START 5040 -8428 30784 -32768 -3777 -8060 END
START 2544 -10444 32767 -32768 -2940 -10315 END
START -832 -12548 32767 -32768 -5531 -10374 END
START -3456 -13080 32767 -28559 -9624 -7676 END
START -3632 -12432 32767 -20525 -9925 -3736 END
START -3380 -11140 32767 -16404 -5164 -124 END
START -3148 -9908 32767 -14056 1022 2801 END
START -3064 -8432 32767 -11243 5164 4612 END
START -3004 -6876 32767 -7755 6218 5482 END
START -3056 -5176 32767 -3714 3992 5743 END
START -2400 -3260 32767 31 182 5857 END
START -1216 -2164 32767 2705 -2140 5817 END
START -364 -1128 32767 5165 -2577 5794 END
START 504 -980 32767 6875 -1359 5873 END
START 512 -832 32767 7915 537 6081 END
START 736 -1004 31940 9035 2118 6304 END
START 972 -1376 30988 10448 3040 6302 END
START 1240 -1628 29820 11964 3558 5640 END
START 1352 -2316 28860 13086 3767 4673 END
START 1232 -2936 27976 13724 3604 3672 END
START 1564 -3352 27012 14096 2906 2411 END
START 1788 -4028 26444 14882 2126 1105 END
START 1584 -4824 25716 16341 1317 410 END
START 1424 -5316 24888 17698 1114 506 END
START 1584 -5508 23212 18870 1791 694 END
START 1704 -5484 21480 19763 2936 757 END
START 1904 -5328 19276 20245 4206 390 END
START 1936 -5444 17064 20506 4764 139 END
START 2248 -5520 14292 20323 5038 19 END
START 2708 -5692 11344 19656 4805 177 END
START 3436 -5524 8208 17867 3746 366 END
START 4956 -4808 6184 15757 2753 -10 END
START 6016 -4244 4732 13744 2067 -697 END
START 7464 -2640 3924 12255 1145 -1121 END
START 9376 -1504 3268 10708 879 -1810 END
START 11240 188 2576 9241 1383 -2892 END
START 12416 1788 2600 7515 2212 -4510 END
START 12956 2980 2996 5766 2837 -6752 END
START 12328 3960 3828 4335 2436 -9355 END
START 10940 4200 4956 3168 1682 -12174 END
START 8096 3892 6280 2347 730 -14652 END
START 4720 3096 7652 1903 -521 -16292 END
START 1152 2260 9144 1286 -1516 -17204 END
START -2876 732 10796 57 -1519 -17479 END
START -6568 -908 12564 -1616 -385 -16971 END
START -10268 -2752 15024 -2706 1146 -14816 END
START -12992 -4232 16968 -2769 2348 -11275 END
START -14328 -5132 18332 -1643 2786 -7146 END
START -14348 -4792 18120 193 2360 -3377 END
START -13344 -4172 16808 1569 1148 -846 END
START -11744 -3268 14976 2328 -639 735 END
START -10196 -2556 13200 2910 -2524 1678 END
START -8304 -1960 10544 2899 -4629 2218 END
START -6320 -1540 8348 2395 -6296 2586 END
START -4232 -1152 6020 1723 -7072 2813 END
START -2340 -936 3836 386 -7125 2794 END
START -744 -704 1752 -1827 -6824 2564 END
START 636 -572 128 -4515 -6227 2201 END
START 1536 -472 -820 -7074 -6173 1724 END
START 2708 -496 -1680 -10107 -6403 862 END
START 3412 -592 -1900 -13076 -6764 -466 END
START 3528 -700 -1792 -15594 -7572 -2162 END
START 3132 -992 -880 -17698 -9293 -3733 END
START 2612 -1780 696 -20055 -11928 -5284 END
START 1652 -2028 4992 -22276 -16028 -5991 END
START 1404 -3064 10572 -24151 -18552 -5157 END