START 1316 5000 5348 5924 -1446 2460 END
START 1184 4888 5108 5887 -1954 2306 END
START 2264 4664 3072 5656 -2404 1763 END
START 3480 3716 1752 5603 -2480 334 END
START 4024 2336 -552 5340 -1551 -1427 END
START 4252 480 -3636 3600 119 -3498 END
START 3020 -472 -5228 464 469 -5371 END
START 1796 -2548 -6160 -3170 395 -6240 END
START -32 -2448 -6376 -6454 239 -6369 END
START -1464 -5116 -6448 -8996 62 -4888 END
START -2604 -4132 -6648 -11184 -1064 -2528 END
START -1668 -4952 -7160 -13950 -2372 73 END
START 180 -5348 -6644 -16428 -2199 1080 END
START 1956 -5044 -6028 -18780 -1441 -315 END
START 2832 -5748 -4624 -20635 -1038 -2785 END
START 2280 -6632 -2536 -22657 -1345 -4372 END
START 1292 -7076 -916 -25174 -3127 -4125 END
START 984 -5432 2400 -28266 -4314 -3314 END
START 1736 -7096 6160 -31158 -3895 -2347 END
START 1108 -5676 9856 -32768 -4275 -1677 END
START 2920 -6520 14808 -32768 -3973 -2994 END
START 2936 -5944 21632 -32768 -2492 -6755 END
START 1012 -6356 28348 -32768 -2460 -10455 END
START -2012 -7352 32767 -29531 -3772 -11983 END
START -5224 -8812 32767 -25981 -5512 -10486 END
START -6848 -9344 32767 -24533 -6021 -7440 END
START -7476 -10308 32767 -23997 -4173 -4845 END
START -9108 -10648 32767 -22807 -2093 -2664 END
START -9140 -11164 32767 -19049 -487 -1043 END
START -9660 -9820 32767 -13270 1113 -456 END
START -10512 -8764 32767 -7601 2106 821 END
START -11212 -7460 32767 -3422 3584 3097 END
START -10920 -6348 32767 -294 5091 5755 END
START -10088 -4860 32767 2288 5534 7805 END
START -8700 -3596 32767 5401 4476 9236 END
START -6584 -2332 32767 9004 3140 9746 END
START -4620 -1716 32767 12665 1850 9233 END
START -3176 -1544 32767 15806 1027 8487 END
START -2196 -1832 31984 18241 570 7815 END
START -1320 -1916 29048 20347 776 7433 END
START -136 -2428 25208 21415 2009 6928 END
START 232 -2952 21736 21247 3479 6391 END
START 628 -3680 18816 20334 4436 6016 END
START 864 -4204 16568 19149 4974 5533 END
START 1024 -4532 14908 18143 5181 4838 END
START 1004 -5128 12956 17537 4834 4338 END
START 1072 -5820 11100 16935 3544 4100 END
START 1168 -5828 10156 16047 1756 4283 END
START 2108 -5340 9832 14880 499 4728 END
START 3744 -4700 9680 13865 620 4789 END
START 5040 -3688 10200 12755 1203 4292 END
START 6920 -2536 11436 11694 1480 3404 END
START 8412 -1032 12072 11368 1634 1862 END
START 9292 8 13048 11516 1091 -249 END
START 9748 872 13504 11809 -70 -2434 END
START 9528 1020 13432 11994 -684 -4783 END
START 8360 908 13268 11636 -386 -6875 END
START 6616 612 13024 11351 978 -8402 END
START 4736 -336 12208 11126 2409 -9343 END
START 2308 -848 10944 10705 3277 -9878 END
START 120 -1444 9728 10234 3105 -10245 END
START -2056 -1944 8188 9920 2198 -10270 END
START -3872 -2352 6696 9248 854 -9953 END
START -4880 -2268 5228 8205 -321 -9842 END
START -5820 -2204 4228 6790 -1594 -9400 END
START -6372 -1936 3248 5075 -2931 -8455 END
START -6196 -1396 2920 3323 -3902 -7243 END
START -5076 -808 2692 1634 -4352 -6397 END
START -4624 -384 2688 393 -4859 -6085 END
START -4044 -80 2228 -577 -5395 -6071 END
START -3752 -280 1804 -1565 -6079 -6221 END
START -3500 -120 864 -2884 -7100 -6284 END
START -3152 -144 -52 -4719 -8194 -6451 END
START -3140 -340 -484 -6901 -9314 -6537 END
START -3232 -588 -420 -9148 -10024 -6175 END
START -2752 -1336 -36 -12110 -9535 -5794 END
START -2232 -1500 1648 -15679 -8078 -5567 END
START -1812 -1784 4448 -18267 -7296 -5561 END
START -1816 -2012 7628 -18933 -7376 -5840 END
START -2144 -2004 10844 -18324 -8209 -5613 END
START -1908 -2300 12776 -17664 -9338 -4727 END
START -1176 -3048 14756 -19122 -9459 -4059 END
START -848 -4268 17888 -22636 -8095 -4033 END
START -1756 -5364 22652 -25748 -5956 -4107 END
START -3420 -6764 29028 -26347 -3824 -3636 END
START -3972 -7796 32767 -23150 -2161 -3728 END
START -4548 -8904 32767 -18286 -1277 -4312 END
START -4944 -8504 32767 -13352 -905 -5394 END
START -5640 -8724 32767 -9849 504 -6005 END