START -456 8284 11980 3470 -501 1798 END
START -176 8328 11276 3594 -611 1766 END
START 180 8548 9744 3518 -777 1503 END
START 180 7872 9376 2937 -874 785 END
START 96 7336 8620 2119 -477 -38 END
START -484 7136 7668 1397 -206 -647 END
START -736 6616 6920 836 -399 -813 END
START -908 6232 6336 556 -750 -621 END
START -584 5928 5112 439 -1262 106 END
START -352 5760 3944 182 -1428 1031 END
START 200 5932 2752 -949 -1277 1896 END
START 1352 5356 1688 -3050 -352 2088 END
START 1888 4860 1052 -5699 1438 1275 END
START 1424 4244 1552 -7714 2546 389 END
START 704 3556 1508 -8518 1739 -333 END
START -20 2864 1544 -8561 52 -851 END
START -344 2520 1680 -8606 -940 -860 END
START -428 2320 1372 -9229 -1593 -401 END
START -248 2308 1752 -10794 -1689 530 END
START 652 2144 2448 -12679 -1779 1540 END
START 1876 1620 3424 -14537 -1593 2166 END
START 2848 820 4312 -16334 -476 2044 END
START 2756 -252 4504 -18049 928 1045 END
START 1884 -1100 5256 -19523 1652 -316 END
START 492 -1656 6468 -20456 1268 -1575 END
START -960 -2624 7920 -20635 -42 -2212 END
START -1956 -3464 9752 -20970 -1863 -1788 END
START -1728 -4360 12428 -21556 -2524 -469 END
START -1432 -5084 14000 -22536 -574 802 END
START -1100 -6372 15128 -23857 1709 1954 END
START -1520 -6428 16396 -25177 2926 2258 END
START -2296 -6372 17968 -25572 2664 2001 END
START -2760 -5556 20000 -25250 1217 2087 END
START -2016 -5480 22072 -24972 598 2178 END
START -732 -5740 24424 -24902 1283 2089 END
START 300 -6280 26352 -25046 3004 1308 END
START 844 -6788 27880 -24340 4486 165 END
START 76 -7072 28244 -23038 5340 -1112 END
START -1456 -7068 28032 -21550 5124 -2084 END
START -3108 -6472 27756 -20176 4119 -2243 END
START -3780 -5408 27444 -18693 2666 -1382 END
START -3412 -4488 27592 -17486 1029 -441 END
START -2120 -4180 27768 -16632 239 239 END
START -1264 -4188 28220 -16488 723 310 END
START -428 -4464 29336 -16476 1737 -244 END
START -912 -4596 30628 -15340 2109 -1411 END
START -2396 -4704 31848 -12898 951 -2168 END
START -3052 -4600 32508 -9902 -796 -2003 END
START -3508 -4168 32764 -7502 -1410 -1182 END
START -3840 -4256 32767 -5925 -667 -345 END
START -4632 -4480 32767 -4715 971 838 END
START -5132 -5152 32767 -3586 2710 1993 END
START -5608 -6640 32767 -2577 4824 2960 END
START -6796 -8116 32767 -1052 6505 3757 END
START -8000 -9376 32767 2039 6605 4887 END
START -8776 -10244 32767 6240 5053 5835 END
START -9168 -10008 32767 10976 2299 6624 END
START -8876 -9020 32767 15152 512 7438 END
START -8160 -7564 32260 18034 171 8555 END
START -6328 -6696 29464 19617 945 9116 END
START -5152 -6320 26844 20102 1564 8787 END
START -4504 -6232 24724 20401 1230 8022 END
START -3888 -6412 23348 21361 -227 7242 END
START -3224 -6560 22108 22697 -1796 6571 END
START -2208 -6924 19464 23804 -2652 6175 END
START -972 -7408 16952 24065 -3278 6088 END
START 568 -7268 14168 23801 -3163 6378 END
START 3048 -6408 11228 22886 -3290 6408 END
START 5764 -5548 9364 21223 -3362 5411 END
START 7744 -4768 8048 19307 -3813 3840 END
START 9652 -4524 7836 17380 -4171 2107 END
START 11040 -3800 8132 15792 -4672 354 END
START 12412 -3468 8444 14604 -5867 -1555 END
START 13492 -2708 9564 13954 -6635 -3827 END
START 13776 -2220 10408 13313 -6903 -5843 END
START 14228 -1128 10972 13371 -6822 -7746 END
START 14388 -620 10504 13050 -5940 -9876 END
START 13364 0 9816 11694 -4364 -12438 END
START 11468 4 9260 10029 -3115 -14682 END
START 8468 340 9540 8750 -2750 -16372 END
START 5248 176 10016 7891 -2596 -17656 END
START 1072 -152 10808 7010 -2090 -18479 END
START -2964 -440 11516 6742 -1979 -18465 END
START -7280 -1180 12052 6410 -1476 -17579 END
START -10588 -1800 12484 5502 -705 -15809 END
START -13140 -2776 13472 4041 423 -13405 END
START -14272 -3332 14780 3171 2184 -10950 END
START -15212 -3320 15380 3657 2772 -8822 END
START -15224 -2756 15116 4796 1755 -7018 END
START -14788 -1720 14072 5892 139 -5506 END
START -13648 -364 12680 6426 -1034 -3875 END
START -12524 836 10916 6438 -1100 -2276 END
START -11092 1480 8604 6014 -875 -708 END
START -8972 1920 6368 4910 -451 639 END
START -6680 1604 3800 3254 267 1504 END
START -4792 692 1620 1435 870 1763 END
START -3308 -356 -832 -720 554 1293 END
START -2648 -1224 -1832 -3018 -1029 392 END
START -2504 -2164 -2136 -5256 -2867 -250 END
START -2260 -2552 -2384 -7521 -3543 -264 END
START -2116 -3168 -2716 -9864 -3589 482 END
START -1500 -3376 -3292 -12604 -3664 1555 END
START -348 -3884 -2844 -16043 -2898 2349 END
START 820 -4340 -1536 -19563 -1300 2496 END
START 1380 -4588 368 -22756 186 1865 END
START 1540 -4992 3140 -25152 802 134 END
START 472 -5100 6896 -26420 -234 -1681 END
START -1060 -4804 11276 -26436 -2231 -2442 END
START -1464 -4668 15220 -26529 -3702 -1456 END
START -700 -3356 20012 -27781 -2601 538 END
START 472 -2652 25088 -29233 1074 1538 END
START 1052 -2936 30396 -29488 5185 441 END
START 452 -3796 32767 -27342 6780 -2344 END
START -1412 -5224 32767 -22146 5122 -5447 END
START -3328 -5664 32767 -15203 1995 -6594 END
START -4440 -4964 32767 -8983 45 -5317 END
START -4080 -3712 32767 -5391 -623 -3817 END
START -3544 -2424 32767 -3402 225 -3124 END
START -3432 -2316 32767 -2355 1526 -2999 END
START -3600 -2992 31572 -1713 2458 -2905 END
START -3796 -3600 29956 -640 2928 -2451 END
START -3748 -4324 28248 928 2734 -1543 END
START -3520 -4780 26108 2438 2177 -529 END
START -3368 -4904 23900 3639 1139 524 END