START 236 1020 3716 3665 -1441 1805 END
START -860 1900 2548 3315 -2444 1497 END
START -228 2468 3532 2287 -2342 822 END
START 392 1016 2836 644 -2098 -124 END
START 640 1084 1928 -1340 -528 -1001 END
START 1108 1520 788 -4560 1021 -1829 END
START 1036 1024 884 -7868 2268 -2958 END
START 784 1076 1276 -10206 2023 -4052 END
START 564 736 2108 -10918 174 -4995 END
START 340 452 2188 -10851 -2913 -5830 END
START 260 372 2376 -10614 -6738 -6496 END
START 320 -44 2712 -11393 -8936 -7040 END
START 808 -348 3568 -13532 -7960 -7635 END
START 592 -568 5108 -16345 -5311 -7965 END
START -120 -964 7568 -19642 -2357 -7753 END
START -1232 -1676 11620 -21964 -760 -6895 END
START -2456 -2940 16024 -22440 -1646 -6170 END
START -3932 -5868 22168 -21323 -5027 -5947 END
START -4928 -8588 28224 -18497 -9418 -6323 END
START -5884 -10416 32767 -14388 -11033 -7804 END