START 580 72 3484 1421 -865 368 END
START 876 492 -52 602 -1379 139 END
START 2216 1056 -2248 -874 -458 -194 END
START -44 2088 2080 -5074 -1147 -74 END
START 944 668 2516 -7155 203 -814 END
START 444 1212 3136 -8244 -87 -2032 END
START 796 1284 3028 -8733 -975 -3367 END
START 664 656 3228 -8702 -2789 -4999 END
START 492 316 3076 -9044 -4905 -6594 END
START -32 -476 2844 -10168 -6517 -7783 END
START -800 -680 3396 -12489 -7402 -8149 END
START -1612 -1540 4904 -14990 -6973 -7142 END
START -1916 -1544 7388 -17204 -5918 -5351 END
START -1872 -1604 10264 -18382 -4537 -3787 END
START -2200 -2276 12896 -19285 -4267 -2672 END
START -1696 -3860 17176 -20441 -4456 -2222 END
START -1356 -5036 22860 -20502 -4187 -3904 END
START -2444 -6880 28452 -19463 -3091 -7250 END
START -4812 -9704 32767 -17092 -1782 -10033 END
START -8168 -11476 32767 -13346 -136 -10591 END