START 2284 -44 1140 2185 -864 -430 END
START 428 752 240 1675 -2059 -680 END
START -2156 2436 2116 478 -2808 -1040 END
START 652 1992 1452 -1880 -5485 -1217 END
START 720 696 1280 -3285 -5208 -1804 END
START 564 2012 736 -4989 -5938 -2462 END
START 764 1136 608 -6931 -5990 -3132 END
START 784 648 564 -8850 -6159 -4011 END
START 996 176 844 -10900 -5664 -4966 END
START 732 -484 1860 -13188 -4964 -5978 END
START 484 -1164 2936 -15250 -4232 -6775 END
START 124 -1400 4640 -16708 -3727 -7218 END
START -284 -1484 6536 -17627 -4114 -7129 END
START -488 -1500 8616 -18151 -5168 -6631 END
START -804 -1240 10672 -18701 -6243 -6179 END
START -752 -2056 13948 -19464 -6813 -6039 END
START -1448 -3372 18376 -20712 -6593 -6240 END
START -2820 -4992 23844 -21033 -6083 -6521 END
START -4144 -7948 30780 -19769 -4979 -7174 END