START -24 804 2892 4799 -2167 2672 END
START -420 1656 664 4099 -2860 2397 END
START -2732 2828 2964 2367 -3204 2168 END
START 676 788 2004 124 -3438 2103 END
START 1188 584 1428 -1235 -1924 1212 END
START 1064 1860 880 -3280 -1571 -33 END
START 1532 976 1092 -4661 -1564 -1325 END
START 1268 784 1204 -5857 -2416 -2798 END
START 1160 732 872 -7313 -3693 -3835 END
START 888 496 656 -9267 -5096 -4531 END
START 828 196 1080 -11562 -6020 -4815 END
START 1132 -148 2060 -14051 -5880 -5117 END
START 1380 -340 3620 -16539 -4575 -5575 END
START 1176 -680 5604 -18668 -2798 -5866 END
START 876 -864 8604 -20224 -1944 -5755 END
START 212 -1284 12604 -20566 -1838 -5304 END
START -524 -2176 16688 -19956 -2332 -4839 END
START -1068 -3904 20924 -19686 -2825 -5060 END
START -1564 -6260 26796 -19528 -2396 -6823 END