START 1452 -4 1636 3922 -3112 3752 END
START -476 916 520 3808 -4568 3507 END
START -1188 2372 1392 3159 -5660 2925 END
START 952 2528 2276 1665 -8172 1917 END
START 1904 896 1820 527 -6522 12 END
START 1112 2584 1600 -1290 -5876 -2049 END
START 1432 2032 968 -3718 -4253 -3837 END
START 1024 1088 1340 -5896 -2658 -5141 END
START 372 972 1144 -7720 -2248 -5842 END
START 248 544 728 -9407 -2900 -6191 END
START -304 124 1024 -11148 -4468 -6295 END
START 232 -360 1400 -13251 -5610 -6510 END
START 84 -744 2568 -15431 -5583 -7185 END
START 20 -1044 3928 -17697 -4860 -7900 END
START -304 -1244 5892 -19722 -4117 -8066 END
START -752 -1180 8600 -21128 -4068 -7942 END
START -812 -1580 12052 -21482 -5252 -7332 END
START -584 -2744 16208 -20760 -7256 -6999 END
START -812 -4264 20952 -19759 -9383 -7509 END
START -1676 -6512 25864 -18662 -10704 -8507 END
START -2964 -9868 31920 -18280 -9253 -10089 END
START -5580 -11688 32767 -17248 -4257 -10857 END