START 688 -1064 2404 6894 -4203 4257 END
START -512 164 1312 6371 -6165 4094 END
START -200 2096 1200 4995 -6654 3483 END
START 1208 1744 1748 3122 -7192 2602 END
START 1904 1120 2172 2331 -4936 534 END
START 2068 2324 760 881 -3169 -1370 END
START 1888 1620 476 -1253 -1184 -3063 END
START 1776 1436 -272 -3564 17 -4641 END
START 1260 1680 -696 -5951 -200 -5527 END
START 996 1076 -548 -8436 -1886 -5982 END
START 980 660 -468 -10652 -4549 -6123 END
START 1396 192 676 -12782 -6703 -6430 END
START 1840 -260 2036 -14953 -6760 -7315 END
START 1784 -604 3756 -17194 -5018 -8489 END
START 1144 -712 5824 -19391 -2441 -9571 END
START 64 -1076 8140 -21257 -1073 -9732 END
START -1028 -1224 11764 -22005 -1573 -9204 END
START -1944 -2900 16144 -21548 -3312 -8651 END
START -3052 -4936 20396 -21556 -4502 -8564 END
START -4580 -7828 26164 -22159 -4036 -9157 END