START 564 816 3504 4793 -1852 946 END
START -1128 1524 2244 4263 -2825 685 END
START -864 2440 3528 2880 -3245 291 END
START 176 1668 3480 797 -4276 -144 END
START 696 1048 3096 -660 -3741 -1026 END
START 740 1952 2452 -2559 -3373 -2185 END
START 1100 1572 2448 -4366 -2631 -3254 END
START 592 1384 2308 -5951 -3118 -4247 END
START 696 1156 2272 -7393 -4548 -4948 END
START 944 132 2192 -9548 -5637 -5836 END
START 316 -264 2544 -12312 -6257 -6396 END
START 60 -920 4188 -14774 -6402 -6246 END
START 164 -1540 6284 -16319 -5433 -6090 END
START -56 -1604 8080 -17712 -3963 -6157 END
START -508 -1992 10416 -18784 -3362 -5936 END
START -1188 -2528 13816 -19407 -4187 -5280 END
START -2068 -3320 17144 -19731 -5985 -4191 END
START -2732 -5364 22092 -20171 -7861 -3547 END
START -3464 -7308 28000 -19487 -8366 -3964 END
START -4136 -9584 32767 -16701 -6986 -5519 END