START -1216 664 5980 6887 361 5357 END
START -1148 1212 5244 6276 -507 5250 END
START -2524 1892 5688 4997 180 4962 END
START -400 852 4936 3726 -333 4595 END
START 348 640 4228 3412 -455 3622 END
START 592 1584 3672 3071 -1368 2261 END
START 1068 1384 2780 2560 -2175 772 END
START 1064 1168 1752 1641 -3086 -440 END
START 1072 1220 924 -394 -3563 -1460 END
START 1404 1068 324 -3303 -3307 -2158 END
START 992 848 124 -6357 -3085 -2640 END
START 1248 516 460 -8971 -3094 -3014 END
START 1456 20 876 -11192 -3198 -3795 END
START 1692 -712 1864 -13295 -3272 -4962 END
START 1500 -1336 3324 -15489 -3203 -6505 END
START 896 -1804 4932 -17298 -3329 -7596 END
START 388 -2088 7164 -18461 -3815 -7895 END
START -368 -2220 9732 -19143 -4895 -7396 END
START -660 -3140 13416 -19671 -5986 -6672 END
START -1500 -3896 17428 -19781 -7139 -5822 END
START -2188 -5964 22468 -19865 -7842 -5346 END
START -2652 -7760 27652 -19894 -5819 -6475 END