START -3560 680 13508 3529 915 -375 END
START -3600 1176 12064 3407 -25 -310 END
START -3460 1756 12712 3172 -200 -253 END
START -3920 956 13860 3400 -767 -239 END
START -3012 1312 13304 3988 -854 -589 END
START -2664 1804 12188 3824 -1336 -1575 END
START -2316 1496 11620 3216 -2297 -2795 END
START -2392 1480 10392 2467 -3438 -3489 END
START -2088 1640 9308 1797 -4363 -3562 END
START -1800 1788 8208 1034 -4128 -3548 END
START -1484 1740 6924 155 -3353 -3263 END
START -456 1736 5244 -1057 -2055 -3268 END
START -276 1668 4212 -2538 -1181 -3933 END
START -460 1396 3476 -4010 -1435 -4768 END
START -520 1200 2560 -5708 -2887 -5650 END
START -804 708 2348 -7794 -5046 -6006 END
START -1252 240 3404 -10067 -7162 -5800 END
START -1032 -44 4644 -12415 -7936 -5042 END
START -912 -456 6984 -14950 -6672 -4593 END
START -1564 -1076 9600 -17562 -4093 -4119 END
START -2732 -1760 12480 -19571 -1941 -2823 END
START -3192 -3280 16736 -20791 -453 -1355 END
START -3436 -4848 21324 -20724 238 -911 END
START -3844 -6288 25596 -19356 -147 -1514 END
START -4208 -8276 29632 -17573 -261 -3224 END