START -1000 360 6012 5109 -2740 1550 END
START 220 1024 2680 4774 -3997 1184 END
START 368 2400 2760 3436 -4694 549 END
START 516 1124 3112 1523 -4619 68 END
START -56 -76 3232 -45 -3261 -266 END
START -392 1468 2708 -2370 -2217 -192 END
START 92 1044 2612 -4474 -201 -417 END
START 188 808 3076 -5733 611 -1055 END
START 348 704 3032 -6316 126 -2026 END
START 488 488 3020 -6746 -1328 -3285 END
START 304 228 2700 -7871 -3500 -4707 END
START 220 -296 3004 -9570 -5196 -5809 END
START -200 -824 3516 -11938 -5973 -6480 END
START -504 -1416 5076 -14538 -5796 -6349 END
START -572 -1596 6948 -16757 -4796 -6023 END
START -832 -1876 9292 -18301 -4175 -5471 END
START -680 -2160 12356 -18845 -4446 -5275 END
START -756 -2832 15848 -18469 -5970 -5691 END
START -1280 -4092 20084 -17677 -8229 -6581 END
START -2532 -6044 25312 -16535 -9732 -7512 END
START -3936 -7968 30248 -14859 -9012 -7798 END
START -5504 -9144 32767 -13379 -4879 -6981 END
START -7380 -10040 32767 -12021 1528 -5212 END