START 2312 -728 1612 5602 -1065 2115 END
START -40 -64 456 5018 -2553 2099 END
START -40 1488 1660 3663 -2662 2013 END
START 652 1720 972 1762 -4538 2121 END
START 1432 588 1024 382 -3342 1859 END
START 1200 1284 1004 -1341 -3185 1213 END
START 1852 1752 188 -2963 -2924 -28 END
START 2180 1612 -292 -4747 -2984 -1776 END
START 2348 1228 -180 -6936 -3080 -3775 END
START 2048 588 -220 -9151 -3492 -5796 END
START 1336 -176 284 -11400 -4114 -7243 END
START 536 -1240 1068 -13663 -4635 -7951 END
START -156 -1824 2556 -15659 -4754 -7711 END
START -1464 -1980 4728 -17031 -5010 -6560 END
START -2004 -2236 6788 -17607 -5487 -4726 END
START -1904 -2288 8720 -19249 -5930 -3216 END
START -1472 -3228 12700 -21478 -5505 -2831 END
START -1108 -3364 18240 -22779 -5042 -4979 END
START -1944 -4720 24912 -21832 -5155 -8372 END
START -3932 -6872 30744 -19230 -5692 -10913 END