START 236 236 3308 9857 -838 3386 END
START -1964 1520 5508 8996 -1394 3164 END
START -2176 2356 4492 7126 -382 2847 END
START -512 356 3708 4936 779 2842 END
START 72 128 2604 3933 1723 2411 END
START 232 1316 1872 2820 1202 1778 END
START 572 1132 1364 1565 606 819 END
START 652 860 848 286 -900 -287 END
START 892 1048 252 -1267 -2593 -1297 END
START 1272 944 -312 -3344 -4161 -2479 END
START 1288 856 -540 -5884 -5245 -3739 END
START 1012 360 -284 -8800 -5289 -4606 END
START 948 -172 420 -12081 -4420 -5187 END
START 704 -552 1860 -14845 -3326 -5588 END
START 280 -640 3828 -16889 -2491 -5617 END
START 96 -668 6232 -17903 -2472 -5382 END
START 348 -296 8064 -18306 -3193 -5558 END
START 288 96 10060 -18754 -4310 -6185 END
START 8 -412 13096 -19012 -5539 -6880 END
START -712 -1580 16860 -19358 -5864 -7756 END
START -2328 -3900 21812 -20660 -3999 -8548 END
START -5136 -6584 28244 -21652 -183 -8602 END