START -1796 1488 6712 7701 -491 5958 END
START -1232 1616 5940 7306 -598 5646 END
START -688 1516 5492 6515 -573 4935 END
START -16 760 5432 5273 -419 3581 END
START -60 1204 4612 4337 -981 2263 END
START 280 1592 4028 3500 -1913 1099 END
START 696 1756 3428 2984 -2643 -8 END
START 752 1740 2420 1920 -2787 -910 END
START 1044 1556 1632 -61 -2716 -1674 END
START 568 2184 1180 -2568 -2523 -2324 END
START 1200 1196 504 -5273 -2559 -2680 END
START 892 604 668 -7477 -3183 -2939 END
START 856 72 1248 -9039 -4315 -3059 END
START 1516 -696 1540 -10519 -5375 -4015 END
START 1908 -1416 2324 -12590 -5055 -6008 END
START 860 -2068 3616 -15126 -4229 -7969 END
START -460 -3044 5656 -16945 -4546 -8300 END
START -1656 -3056 7856 -18235 -5795 -7246 END
START -2084 -3148 10828 -18540 -7282 -5580 END
START -1944 -3788 14644 -18742 -8012 -4395 END
START -2276 -4748 19208 -19394 -8077 -4070 END
START -2268 -5840 24548 -20028 -6836 -4582 END
START -2396 -7200 31564 -18812 -3874 -7026 END