START -1528 -124 6608 9768 627 5144 END
START -1980 980 7124 9154 -260 4868 END
START -2844 1768 6904 7734 -322 4327 END
START -1056 -332 5812 6165 -1022 3567 END
START -864 -128 5264 5637 -1876 2502 END
START -48 860 3864 5210 -2982 1579 END
START 388 424 3208 4735 -3311 421 END
START 416 756 2312 3342 -3152 -415 END
START 752 556 872 1048 -2248 -833 END
START 816 884 216 -1775 -1071 -1206 END
START 652 816 -4 -4824 -426 -1541 END
START 608 552 288 -7286 -734 -1790 END
START 964 352 784 -9277 -1843 -2482 END
START 1320 -84 1724 -11044 -2704 -3872 END
START 1040 -368 2952 -12775 -3040 -5668 END
START 328 -796 4420 -14265 -3507 -6923 END
START -444 -1056 5956 -15528 -4604 -6966 END
START -904 -1308 8548 -16089 -5886 -6082 END
START -1020 -1648 10908 -16192 -6918 -5090 END
START -1048 -2496 13184 -16656 -7331 -4329 END
START -1372 -3856 16896 -18222 -6525 -3984 END
START -2224 -5868 22496 -19702 -4724 -3993 END