START -2376 1556 8912 5587 3218 1685 END
START -3808 2088 9052 5165 2072 1833 END
START -3624 2716 9820 4356 1598 2080 END
START -3080 2468 9204 4108 -89 2739 END
START -2088 2120 7996 4294 -1334 2835 END
START -868 3244 6268 3969 -2791 2184 END
START 372 3500 4332 2799 -3351 484 END
START 880 3308 2860 609 -3684 -1812 END
START 928 2784 1948 -1856 -4302 -3840 END
START 872 2072 1152 -4060 -5485 -5035 END
START 348 1700 1272 -5725 -6813 -5301 END
START -292 1032 1180 -7120 -8209 -4819 END
START 128 144 1080 -9087 -8402 -4217 END
START 552 -768 1696 -12237 -6941 -4333 END
START 504 -1080 3304 -16269 -4327 -5141 END
START 220 -1640 5868 -20010 -1723 -6283 END
START -492 -2252 9020 -22222 -474 -7007 END
START -1416 -3140 12572 -22601 -1670 -7053 END
START -2316 -4516 16464 -21631 -4254 -6684 END
START -3720 -6440 21460 -20447 -6149 -6002 END
START -4756 -8472 26204 -18807 -6529 -5123 END
START -5912 -10528 31112 -17062 -5125 -4790 END
START -7044 -12596 32767 -15176 -1714 -4844 END
START -8692 -13288 32767 -11894 2346 -4501 END