START -252 16 4052 4921 -3652 563 END
START -328 636 364 4296 -5300 399 END
START -1424 2040 1728 3009 -5433 215 END
START 704 804 1636 132 -6038 252 END
START 636 20 2020 -1879 -4855 -73 END
START 328 716 1984 -3907 -4317 -373 END
START 980 632 1776 -5875 -3083 -842 END
START 1072 412 2176 -7315 -2402 -2006 END
START 968 244 2136 -8137 -2812 -3285 END
START 988 -228 2088 -9207 -3972 -4610 END
START 724 -632 1976 -10886 -5391 -5751 END
START 116 -888 2764 -13019 -6651 -6332 END
START -164 -1252 4192 -14994 -7919 -6121 END
START -60 -1148 5912 -16516 -8585 -5399 END
START 60 -1100 8124 -17839 -8333 -4627 END
START 460 -1200 10860 -19065 -7243 -4280 END
START 512 -2368 14704 -20038 -6023 -4804 END
START -700 -3828 19416 -20778 -5758 -5868 END
START -1448 -6380 26344 -20281 -6520 -7294 END
START -3420 -8284 32532 -17408 -7917 -8824 END
START -5336 -10732 32767 -13850 -7321 -9148 END
START -7576 -11332 32767 -11503 -3277 -7519 END