START 1128 -2068 2128 8111 -1428 5362 END
START -1144 -640 1692 7596 -2579 5084 END
START -2080 1672 4156 6257 -3693 4556 END
START 1128 420 1620 4956 -4556 3848 END
START 884 -8 2428 4332 -4480 2376 END
START 1432 1396 1092 3062 -4538 1005 END
START 1800 1112 684 1333 -3652 -557 END
START 1848 880 308 -309 -2851 -2188 END
START 1684 996 4 -2205 -2144 -3275 END
START 1360 684 -464 -4239 -1723 -4009 END
START 1024 484 -848 -6758 -1864 -4422 END
START 1148 208 -824 -9626 -1940 -4855 END
START 792 -308 -520 -12668 -2313 -5446 END
START 792 -880 852 -15303 -2875 -6019 END
START 540 -1112 2340 -17204 -3313 -6745 END
START 288 -1152 4168 -18589 -3638 -7297 END
START -112 -1340 6236 -19628 -4266 -7630 END
START -108 -1916 9672 -20549 -4370 -7905 END
START -1124 -2488 14240 -20875 -5055 -7815 END
START -1952 -4060 20244 -20080 -7061 -7195 END
START -2524 -6248 25972 -18446 -8981 -7005 END