START -512 -668 3576 -2304 440 -1710 END
START -176 -376 1036 -3393 -61 -1715 END
START -36 824 752 -5860 243 -1639 END
START -1048 604 3208 -8609 -209 -1028 END
START -852 -812 4668 -9370 -356 -1167 END
START -812 -296 5140 -9165 -2733 -1759 END
START -196 -792 5040 -8543 -4617 -2875 END
START -376 -536 4948 -8828 -6222 -4144 END
START -248 -612 4872 -9492 -7355 -5249 END
START -108 -1008 4736 -11268 -7284 -6140 END
START -352 -1128 5792 -14077 -5634 -6648 END
START -1076 -1324 7736 -16845 -3544 -6296 END
START -1416 -1968 10456 -18200 -1967 -5574 END
START -2156 -2156 12964 -18737 -2216 -4895 END
START -3060 -2492 15860 -18578 -4280 -3914 END
START -2580 -3756 20224 -18271 -6057 -3490 END
START -2724 -4272 25156 -16691 -5938 -5145 END
START -3580 -5588 29692 -14527 -4649 -7610 END
START -5772 -7300 32767 -12867 -1949 -9245 END