START -772 360 3860 9940 -8110 3817 END
START -4136 1700 6968 9826 -10148 3884 END
START -1984 2060 3468 8936 -11207 3980 END
START -12 956 2316 7603 -11444 4294 END
START 496 1020 1620 5691 -8888 3704 END
START 1620 1672 -208 1631 -5061 2707 END
START 2112 1428 -144 -3104 -749 1102 END
START 2048 1376 -20 -6904 1531 -821 END
START 1568 960 756 -9150 663 -2578 END
START 1160 400 972 -10210 -2471 -4091 END
START 752 -188 1716 -11027 -6798 -5390 END
START 624 -808 2080 -11900 -10252 -6064 END
START 728 -1184 3056 -13497 -11521 -6362 END
START 516 -1440 4136 -16321 -9900 -6283 END
START 212 -1504 6340 -19411 -7169 -5798 END
START -484 -1632 9248 -22415 -4316 -4951 END
START -1288 -2256 12892 -24889 -2837 -3464 END
START -1624 -3692 18064 -25525 -3582 -2135 END
START -792 -6328 25296 -23650 -5272 -3250 END
START -1112 -8072 32516 -19707 -6819 -7293 END
START -2792 -10008 32767 -14976 -7767 -11182 END