START 784 -156 3168 4633 -1476 2388 END
START -1924 1296 4864 4217 -2715 2189 END
START -1452 2448 3184 3127 -4058 1780 END
START 1804 1504 1008 1815 -4877 1236 END
START 1192 1020 1340 599 -2956 139 END
START 1028 1924 796 -1318 -2067 -474 END
START 1424 1040 -92 -3282 -820 -1096 END
START 1384 1240 -576 -4921 -932 -2121 END
START 1596 992 -1048 -6382 -2306 -3275 END
START 2000 452 -1552 -7986 -4188 -4732 END
START 1792 -84 -1332 -9984 -6083 -6247 END
START 1220 -1172 -712 -12853 -7360 -7316 END
START 524 -1784 884 -15974 -7703 -7554 END
START -220 -2300 2848 -18354 -7107 -6864 END
START -716 -2520 5076 -20058 -6126 -5565 END
START -928 -2872 8300 -21687 -5656 -4146 END
START -932 -4208 12732 -23012 -5553 -3250 END
START -1000 -5500 18308 -23786 -6363 -3350 END
START -888 -7364 25660 -23011 -6609 -5295 END
START -1724 -9548 32396 -21211 -5063 -8142 END