START -1092 1300 6688 6797 -1789 2970 END
START -1976 2188 5836 6428 -3210 2975 END
START -2500 3072 5720 5314 -3335 2890 END
START -832 1532 4632 3989 -4370 2941 END
START -448 1748 4336 2878 -4310 2478 END
START 544 2380 3192 983 -3444 1666 END
START 844 2036 2796 -1250 -2157 359 END
START 956 2036 2636 -3392 -1495 -1121 END
START 480 1872 2300 -5406 -1931 -2328 END
START 192 1384 2784 -6773 -3709 -3028 END
START -32 692 2708 -8044 -5530 -3494 END
START -20 -68 3020 -9687 -6339 -3866 END
START -92 -1016 3592 -11695 -5894 -4314 END
START -428 -1596 4712 -14011 -4785 -4759 END
START -1152 -2348 6764 -15818 -3929 -4838 END
START -1720 -2940 9224 -16860 -3894 -4459 END
START -1880 -3140 12052 -17205 -5070 -4011 END
START -2108 -3152 15760 -16553 -7203 -3794 END
START -1880 -3692 19360 -15402 -9658 -3951 END
START -1608 -4588 23828 -14412 -10029 -5038 END