START -1480 496 8472 8615 -1217 1222 END
START -2384 1192 9060 8450 -2688 1337 END
START -2304 1868 7284 7785 -4419 1648 END
START -1548 1036 6528 7593 -7623 2748 END
START -1036 912 5852 7143 -8339 3514 END
START 428 2456 3724 4985 -6806 3241 END
START 1636 2120 2896 1737 -2675 1845 END
START 1632 1600 1856 -2387 1713 -123 END
START 1548 1052 1584 -6255 3576 -1651 END
START 1348 268 1792 -8933 2448 -2942 END
START 628 -540 2356 -10888 -851 -4137 END
START 352 -1372 3524 -12121 -4075 -4865 END
START -148 -2016 5040 -12976 -6081 -5165 END
START -812 -2412 6364 -14134 -6119 -5066 END
START -1584 -2676 8028 -15910 -4496 -4648 END
START -2436 -3276 10868 -17606 -2912 -3698 END
START -3052 -3864 14072 -18343 -2957 -1818 END
START -2680 -4904 17960 -18139 -3621 -779 END
START -1980 -5256 22012 -17402 -2832 -1880 END
START -2524 -7120 27168 -16055 -1532 -5199 END
START -4248 -8008 31252 -13568 -555 -8134 END