START -2852 568 9164 10145 -3762 4556 END
START -1196 1056 5872 9744 -4686 4324 END
START -688 2312 5480 8419 -5693 4055 END
START -88 776 6180 7463 -5876 3492 END
START 144 1252 5644 6901 -4904 2119 END
START 656 2336 4524 5648 -3474 854 END
START 720 1756 3624 3875 -1402 -324 END
START 476 1620 3328 1764 339 -953 END
START 504 1380 2424 -529 1247 -1126 END
START 440 1368 2012 -3105 479 -1210 END
START 136 1320 1956 -5072 -1921 -1327 END
START 496 1252 2200 -6624 -5264 -1649 END
START 1096 904 2616 -8294 -7450 -2703 END
START 1700 224 3640 -10455 -7272 -4386 END
START 1208 124 4828 -12841 -5667 -6221 END
START 216 -456 6536 -14901 -4099 -6913 END
START -608 -1212 8676 -16181 -3182 -6449 END
START -1488 -1744 11620 -16732 -3077 -5115 END
START -2168 -2512 14768 -16550 -3519 -3515 END
START -2888 -3440 18256 -16510 -4350 -1980 END
START -2752 -5040 22012 -17007 -4047 -1160 END