START 860 -16 3044 4139 -2803 2366 END
START -156 1100 3092 3772 -4149 2035 END
START -2724 3120 4564 2630 -5237 1381 END
START 1188 1860 2100 1095 -7128 621 END
START 1064 948 2276 301 -6541 -591 END
START 1200 2348 1540 -1371 -5747 -1692 END
START 1616 1724 1152 -3668 -3495 -2849 END
START 1148 1668 1112 -5930 -1688 -4234 END
START 772 1216 1076 -8116 -842 -5223 END
START 128 432 1080 -10247 -1035 -6154 END
START -524 -128 1552 -12535 -2082 -6670 END
START -884 -964 2784 -15038 -3120 -6744 END
START -1340 -1204 4600 -16920 -3907 -6607 END
START -1416 -1168 6932 -18084 -4148 -6408 END
START -1352 -1376 9500 -18877 -3851 -5918 END
START -1204 -2000 12408 -19944 -3333 -5738 END
START -1436 -2696 16356 -21018 -2290 -6206 END
START -2652 -3904 21736 -21233 -1618 -6869 END
START -4768 -6752 28068 -20844 -979 -7564 END
START -7288 -8912 32767 -19070 -297 -7925 END