START 1076 756 2736 5227 -4554 3120 END
START -268 1876 1768 4502 -6142 2828 END
START 860 2936 1864 2916 -6117 2269 END
START 1448 1188 1960 420 -5601 1604 END
START 1360 1044 1856 -1540 -3953 771 END
START 1288 1772 1284 -3702 -2700 249 END
START 1632 1280 1408 -5854 -1171 -405 END
START 1648 1156 1536 -7525 -734 -1571 END
START 1444 1168 1504 -8838 -1165 -3120 END
START 1436 760 1588 -10530 -2019 -4817 END
START 800 328 2044 -12637 -3183 -6390 END
START 368 -200 3076 -14862 -4188 -7233 END
START -36 -500 4544 -16497 -4482 -7472 END
START -444 -504 6764 -17702 -4438 -7120 END
START -652 -416 8916 -18194 -4570 -6440 END
START -660 -760 11516 -18582 -5087 -5961 END
START -1028 -1556 14740 -19126 -5827 -5845 END
START -1264 -2816 19292 -19604 -6274 -6294 END
START -2040 -4424 25340 -19176 -5371 -8289 END
START -3892 -6824 31728 -18086 -3656 -10734 END