START -236 936 2524 4212 -1762 1211 END
START -448 2044 524 3837 -3128 984 END
START -596 3380 1204 2598 -3457 715 END
START 1052 1824 460 212 -3027 614 END
START 812 1196 696 -1744 -1587 -367 END
START 740 2132 212 -4109 -1354 -1314 END
START 1016 1416 316 -6087 -1190 -2251 END
START 824 1320 204 -7411 -2502 -3484 END
START 744 1224 84 -8295 -4510 -4408 END
START 964 544 -200 -9327 -6429 -5220 END
START 940 16 -220 -10942 -7989 -6047 END
START 912 -804 184 -13542 -8403 -6904 END
START 688 -1516 1376 -16643 -7657 -7663 END
START -60 -1912 3644 -19481 -6240 -7714 END
START -616 -2740 6232 -21482 -5321 -7048 END
START -1264 -2932 9408 -22802 -5151 -6032 END
START -1948 -3424 13372 -23585 -6274 -4793 END
START -2316 -4760 19400 -23458 -8220 -3933 END
START -2080 -6668 26288 -22058 -9468 -4823 END
START -2584 -8384 32767 -19796 -8477 -7739 END