START -204 956 3292 4991 -3166 2657 END
START -596 2056 2412 4524 -4718 2412 END
START 532 3196 1120 3212 -5531 2112 END
START 1648 1548 924 1578 -5571 1857 END
START 1468 1500 948 61 -5030 869 END
START 1892 2296 56 -2086 -4917 6 END
START 2352 1668 -68 -4112 -4110 -1030 END
START 2032 1488 -400 -6022 -3786 -2336 END
START 2080 1124 -124 -7902 -3567 -3678 END
START 2104 764 -96 -9789 -3644 -5273 END
START 1468 56 320 -11876 -4427 -6528 END
START 1256 -604 1616 -13959 -5683 -7054 END
START 728 -744 3444 -15585 -6906 -6995 END
START 784 -704 5420 -16695 -7233 -6565 END
START 604 -348 7920 -17484 -6831 -6036 END
START 288 -692 10632 -18368 -6327 -5658 END
START -48 -1532 14300 -19755 -5372 -5441 END
START -592 -3108 19600 -20954 -4535 -6643 END