START -772 2136 3296 3114 -586 1794 END
START -2456 2988 4620 2563 -1831 1857 END
START -1124 2644 2596 1425 -2138 2034 END
START 116 1248 1884 -73 -2744 2242 END
START 68 1660 2160 -1143 -3321 1867 END
START 820 2064 1284 -2308 -3896 896 END
START 1196 1608 1204 -3759 -4343 -642 END
START 1224 1340 688 -5316 -4910 -2280 END
START 1172 1024 552 -7058 -5525 -3584 END
START 1056 576 596 -8901 -5947 -4419 END
START 772 -116 924 -10822 -6300 -4709 END
START 932 -1068 1644 -12822 -6487 -4819 END
START 892 -1788 3076 -14886 -6402 -4727 END
START 1168 -1932 5076 -16471 -5896 -4974 END
START 1192 -2320 7124 -17899 -5330 -5677 END
START 1116 -2504 10040 -19376 -4619 -6438 END
START 464 -2712 14020 -20395 -3917 -7621 END
START -784 -3536 18684 -20401 -3708 -8854 END
START -2616 -4748 23988 -19264 -4878 -9467 END
START -4372 -6576 29520 -17360 -6679 -9734 END