START -2048 1096 10348 7520 -271 2357 END
START -2256 1404 9740 7217 -1401 2248 END
START -3132 1992 9496 6395 -1847 1953 END
START -1952 976 9112 5957 -3239 2112 END
START -1636 832 8808 5894 -3664 2143 END
START -1384 2184 7812 5459 -3796 1800 END
START -912 2352 7048 4707 -3393 985 END
START -556 2592 6000 3104 -2578 -286 END
START -408 2496 4756 357 -1546 -1393 END
START -584 2196 4436 -2371 -840 -2029 END
START -592 2080 4308 -4705 -1089 -2319 END
START -724 1704 4392 -6067 -2591 -2456 END
START -524 1376 4456 -7004 -4431 -2660 END
START -32 560 4668 -8528 -5263 -3337 END
START 84 264 5096 -10346 -4963 -4447 END
START -244 -276 6004 -12579 -4014 -5409 END
START -800 -1104 7452 -14682 -3162 -5894 END
START -1376 -1300 9248 -16240 -3108 -5581 END
START -1584 -1852 11720 -16839 -4211 -4694 END
START -1712 -2564 14040 -16683 -6255 -3637 END
START -1884 -3804 16776 -17145 -7714 -2641 END
START -1860 -5384 20304 -18142 -7393 -2270 END
START -1608 -7496 25820 -18027 -5391 -3325 END
START -2540 -9020 30892 -15591 -2257 -5850 END