START 1144 -404 2348 2712 79 1323 END
START -228 952 1624 1956 -1095 1056 END
START -1476 2520 2860 269 -566 546 END
START 1020 1048 1940 -2509 -446 129 END
START 756 -216 2832 -3629 86 -756 END
START 208 904 2528 -4465 -1347 -1494 END
START 876 296 2496 -5299 -2307 -2202 END
START 900 92 2304 -6140 -3213 -3438 END
START 932 56 2156 -7623 -3701 -4666 END
START 964 -584 2040 -9585 -3366 -6036 END
START 128 -992 2488 -12331 -2842 -7083 END
START -556 -1376 3568 -14963 -2422 -7306 END
START -1208 -1696 5312 -16903 -2475 -7045 END
START -1352 -1956 7488 -17804 -2748 -6551 END
START -1736 -2256 9792 -18193 -3666 -6529 END
START -2012 -2912 12788 -18336 -5231 -6817 END
START -2712 -3872 17064 -18340 -7025 -7272 END
START -3536 -4964 22460 -17966 -8320 -7907 END
START -4512 -6644 27408 -17149 -7749 -8712 END
START -6192 -9036 32767 -17170 -4356 -9333 END