START -2508 1296 9448 6931 -497 1164 END
START -1288 1312 6220 6678 -2132 1231 END
START -1288 2364 6408 5783 -3045 1242 END
START -1008 2424 6228 4975 -3942 1344 END
START 96 2028 5196 3235 -2046 288 END
START 900 2808 3760 166 632 -1309 END
START 780 2316 3772 -2445 2902 -2756 END
START 356 1636 3332 -4359 2945 -3896 END
START -168 1264 3324 -5463 133 -4249 END
START -184 648 3152 -5528 -4353 -4279 END
START -56 196 2844 -5641 -8624 -4314 END
START 608 -560 2692 -7377 -10115 -4628 END
START 680 -1448 3344 -10916 -8615 -5277 END
START 416 -2008 4740 -14956 -5207 -5964 END
START -628 -2872 7016 -18596 -1657 -6404 END
START -1648 -3824 9840 -20907 184 -6253 END
START -2604 -4844 12984 -21656 -377 -5622 END
START -3632 -5972 16684 -20939 -3064 -4441 END
START -4116 -7340 20524 -19882 -6449 -3193 END
START -4396 -8700 25168 -18490 -8161 -2455 END
START -4368 -9096 29604 -15772 -7125 -2776 END