START -564 -80 6272 7771 -1530 2881 END
START -2724 952 5744 7331 -2377 2867 END
START -2012 2008 6160 6057 -2911 3065 END
START -1620 1244 6080 4519 -3727 3509 END
START -968 1036 5272 3567 -3051 3130 END
START -40 2060 4048 1808 -1815 2181 END
START 404 1816 3620 -120 447 701 END
START 292 1944 3112 -2139 1903 -779 END
START 240 1436 2876 -4249 1890 -1897 END
START 8 988 2612 -6219 206 -2742 END
START -300 760 2332 -7959 -2201 -3281 END
START -120 240 2920 -9615 -4874 -3765 END
START -172 -224 3660 -11306 -6170 -4306 END
START -68 -596 5128 -13249 -5681 -4752 END
START -304 -832 6404 -15092 -4078 -4954 END
START -316 -1120 7940 -17346 -2077 -5039 END
START -608 -1116 10156 -19214 -519 -4967 END
START -964 -1836 12400 -21144 1405 -4979 END
START -1636 -2740 14944 -23808 4877 -5318 END
START -3184 -4284 18240 -27176 10444 -6023 END
START -5964 -5956 22288 -29318 15302 -6499 END
START -9364 -7880 27792 -26442 14380 -6187 END