START 644 56 2868 3209 -467 778 END
START -136 1100 1856 2476 -852 397 END
START 1588 1836 -1892 918 -389 -102 END
START 348 1468 2064 -2294 371 -772 END
START 692 -60 2300 -4267 2319 -1643 END
START 368 900 2196 -6013 2848 -2701 END
START 992 736 1756 -7537 3345 -3837 END
START 1032 212 1776 -8947 2466 -5460 END
START 664 -344 1988 -9903 588 -6737 END
START -192 -628 2340 -10503 -1461 -7513 END
START -1056 -1204 2752 -11783 -3784 -7898 END
START -1608 -1756 3292 -13608 -4518 -7502 END
START -1936 -1892 4332 -15833 -3935 -6521 END
START -1964 -2268 6328 -18117 -2509 -5722 END
START -1848 -2788 9112 -19786 -1374 -5492 END
START -2364 -3220 12560 -20791 -1723 -5773 END
START -2572 -4240 17280 -20545 -4035 -5842 END
START -3024 -4828 22544 -18289 -7477 -6594 END
START -3864 -6064 26952 -15291 -9977 -7942 END
START -5532 -7268 31216 -12823 -9738 -8882 END