START -1776 472 8368 8065 1370 2170 END
START -2944 1072 8364 7635 256 2284 END
START -2476 1816 7808 6686 -89 2506 END
START -2324 1476 8144 5500 -1442 3266 END
START -2056 1092 7760 4894 -1345 3619 END
START -1556 2284 6960 4740 -1643 3825 END
START -972 2348 5900 4514 -1710 3330 END
START 144 2564 4144 3357 -1458 2234 END
START 568 2588 2888 1253 -1270 765 END
START 940 2504 1600 -1382 -1687 -826 END
START 1164 2216 1040 -4158 -3141 -2330 END
START 1068 1804 968 -6843 -5389 -3739 END
START 1152 988 1548 -9247 -6922 -4937 END
START 912 -32 2152 -11901 -6750 -5996 END
START 180 -1228 3544 -14442 -5171 -6676 END
START -836 -2104 5256 -17133 -2906 -6667 END
START -2384 -2836 7752 -19433 -1254 -5814 END
START -3620 -3564 10676 -20636 -1445 -3808 END
START -4140 -4640 14412 -21155 -3341 -1224 END
START -3952 -6112 19032 -20586 -6079 512 END
START -2968 -7280 23720 -18595 -8032 315 END
START -2640 -7792 28044 -16205 -7328 -2278 END
START -3776 -8552 32140 -13535 -4336 -5602 END