START -1292 992 6180 6688 -1758 3085 END
START -2088 1868 3472 6242 -3142 3090 END
START -1968 3480 4992 4988 -4660 3185 END
START 364 1852 4100 3646 -6335 3206 END
START 260 1428 4548 2844 -6539 2363 END
START 1164 2600 3108 1257 -5771 973 END
START 1704 2372 2700 -1366 -3163 -925 END
START 1168 1760 2824 -4298 -832 -2654 END
START 772 1388 3052 -6254 -91 -3752 END
START 580 832 3152 -7978 -683 -4611 END
START 336 188 3284 -9665 -2051 -5460 END
START -200 -636 4004 -11111 -3748 -6000 END
START -552 -1196 4604 -12668 -5370 -6040 END
START -944 -1752 6140 -14234 -6234 -5881 END
START -1216 -2428 7740 -15833 -5808 -5613 END
START -1844 -3064 9952 -17798 -4810 -5206 END
START -2948 -3852 13116 -18939 -4913 -4051 END
START -3816 -4880 16628 -19040 -6393 -2108 END
START -3584 -6288 20808 -18448 -7376 -443 END
START -3164 -6624 24960 -17378 -6238 -801 END
START -3808 -7620 28704 -16369 -3058 -2350 END