START 1252 556 392 4390 -1800 1583 END
START 108 740 -2552 3306 -2553 1604 END
START 200 1552 -912 892 -1911 1286 END
START 1076 2500 -108 -3141 -3039 1008 END
START 1888 824 -92 -5571 -1310 -95 END
START 1024 1416 840 -6719 -1782 -1449 END
START 1348 1088 184 -7419 -2832 -2485 END
START 1356 320 116 -8445 -3997 -3710 END
START 1064 12 -132 -10064 -4985 -5073 END
START 1112 -856 496 -12278 -5119 -6405 END
START 600 -1336 1244 -14537 -4815 -7647 END
START -568 -1924 2356 -16796 -4626 -7725 END
START -1292 -2292 4092 -18650 -5124 -6565 END
START -1568 -2372 6532 -20068 -6243 -4892 END
START -880 -2624 9652 -20656 -7910 -3405 END
START -832 -3132 13936 -21103 -9469 -2568 END
START -712 -4092 19808 -21621 -10213 -2338 END
START -292 -6056 27260 -21462 -9114 -4154 END