START 1120 -352 1052 1182 -1353 559 END
START -520 512 540 581 -2292 434 END
START -3760 2272 2908 -671 -2833 339 END
START -40 1056 1612 -2677 -3984 842 END
START 68 -152 1732 -3662 -3087 497 END
START 156 1012 1632 -4646 -3393 -209 END
START 700 320 808 -5860 -3107 -1216 END
START 516 108 748 -7311 -3680 -2460 END
START 452 -52 240 -9111 -4645 -3542 END
START 408 -848 432 -11331 -5880 -4498 END
START 236 -1748 1004 -13362 -7193 -5250 END
START -252 -2388 2416 -15544 -7766 -5797 END
START -784 -3160 4476 -17598 -7344 -5666 END
START -1336 -3348 6904 -19362 -6423 -4696 END
START -1368 -3176 9864 -20993 -6459 -3412 END
START -1020 -3568 14956 -22003 -7060 -2766 END
START -812 -4280 20892 -21470 -8262 -3423 END
START -736 -6336 28368 -19678 -8835 -5250 END
START -2036 -7864 32767 -17130 -7925 -7419 END