START -2076 2696 8640 7605 -5252 1380 END
START -2204 3196 7168 7111 -6578 1677 END
START -2664 4216 7492 6117 -6060 2192 END
START -1008 3112 5652 5200 -5532 3350 END
START -316 3156 4288 3469 -3296 3569 END
START 456 3852 2624 364 -2853 2539 END
START 1368 3424 2072 -2515 -2714 589 END
START 1552 3108 2060 -4901 -3661 -2181 END
START 1488 2644 2100 -7315 -5408 -5392 END
START 608 1372 3052 -9525 -7091 -7933 END
START -304 60 4136 -11398 -8560 -8862 END
START -1360 -960 5728 -12795 -9247 -8104 END
START -1976 -1688 7356 -14394 -8848 -6270 END
START -2240 -1856 9432 -16025 -7517 -3876 END
START -1996 -2980 12424 -17963 -5359 -2025 END
START -1744 -3840 16504 -19708 -3419 -1346 END
START -1988 -5008 20644 -20791 -2779 -1890 END
START -2180 -6408 25328 -20335 -2990 -3078 END
START -2884 -7500 30488 -17424 -3766 -4817 END
START -4264 -8236 32767 -13044 -3670 -5933 END
START -5592 -8360 32767 -9418 -1912 -5357 END
START -6740 -8072 32767 -6817 601 -3539 END