START 636 160 2584 6234 -4108 2503 END
START 696 556 116 5498 -4244 2426 END
START -2560 2424 2296 3740 -2724 2195 END
START 120 2892 1680 -402 -989 2164 END
START 1768 1012 432 -2837 3035 1209 END
START 1352 1820 1232 -4653 4065 -498 END
START 532 1892 1044 -5601 2948 -1880 END
START 672 960 884 -5746 -312 -3084 END
START 692 768 532 -6020 -4222 -4240 END
START 1176 512 80 -6910 -7627 -5503 END
START 1408 -64 -180 -8949 -9321 -6864 END
START 1084 -536 492 -12181 -8517 -7915 END
START 592 -1344 1768 -15932 -5677 -8324 END
START -212 -1692 3512 -19122 -2741 -7918 END
START -1032 -1972 6000 -21134 -1182 -6764 END
START -1800 -2216 9440 -21920 -1311 -5634 END
START -2464 -3168 12688 -22107 -3802 -4645 END
START -2524 -4536 17328 -21783 -8037 -4100 END
START -1872 -5400 22992 -20221 -11570 -6022 END