START -180 6416 2548 -1258 469 -3877 END
START 484 6248 1372 -1860 143 -3783 END
START -624 6176 1276 -3163 -99 -3489 END
START -156 4388 -172 -5088 -1645 -2581 END
START -216 4496 -100 -6336 -3104 -1694 END
START 116 3664 -804 -7161 -4319 -1274 END
START 708 3372 -1256 -7940 -5185 -1156 END
START 1252 2856 -1912 -9188 -5985 -1409 END
START 2052 2232 -2428 -10974 -6529 -1955 END
START 2584 1476 -2416 -12837 -6749 -2466 END
START 2888 764 -2200 -14615 -6674 -2560 END
START 3016 468 -1776 -16645 -5991 -2386 END
START 3448 232 -1036 -18690 -5152 -1919 END
START 3908 296 472 -20629 -4670 -1607 END
START 4444 -604 1716 -22318 -3768 -1619 END
START 4700 -1328 3252 -23839 -2823 -1997 END
START 4364 -2564 5280 -25164 -1867 -2841 END
START 3148 -3740 7732 -25812 -1346 -3729 END
START 1556 -5424 11052 -26250 -868 -4141 END
START -180 -6820 14512 -26220 -518 -3694 END
START -1652 -7516 17588 -25982 -1437 -2468 END
START -2436 -8320 20668 -25945 -1931 -1153 END
START -3368 -8900 24200 -25888 -1897 67 END
START -3912 -10260 27324 -25413 -1324 1079 END
START -4988 -10840 30408 -24370 -1084 2154 END
START -5632 -10680 32767 -22561 -1515 4122 END
START -5720 -10184 32767 -20614 -859 6258 END
START -5472 -9612 32767 -18742 236 8481 END
START -5500 -8880 32767 -16933 889 10711 END
START -5328 -8012 32767 -14792 1318 12716 END
START -4648 -6796 32767 -12130 1581 14172 END
START -3284 -5504 32767 -9035 1629 15220 END
START -1404 -3980 32767 -5639 1508 15711 END
START 800 -2852 32767 -2385 1521 15630 END
START 2872 -1756 32767 1085 1666 15117 END
START 5060 -820 32767 4623 2292 13838 END
START 7148 -72 32767 7955 3126 12077 END
START 8976 160 32767 10870 3669 9450 END
START 10044 268 32767 13251 3692 6193 END
START 10804 92 32767 15514 3314 2394 END
START 10568 -348 31620 17313 2965 -1319 END
START 9824 -848 28312 19059 2108 -4825 END
START 9404 -1356 25388 20237 1311 -7632 END
START 8920 -1464 21956 20647 886 -10156 END
START 8664 -1764 18312 19822 94 -12261 END
START 8404 -1764 15648 17837 -632 -14685 END
START 7628 -1672 14248 16029 -459 -17076 END
START 6092 -1972 13804 15528 118 -18670 END
START 4436 -2612 12520 16177 -108 -19171 END
START 3276 -2940 10648 16080 -770 -19197 END
START 1956 -3168 9624 14906 -391 -18888 END