START 2856 4820 2412 123 -1137 -1653 END
START 1656 5156 2132 -453 -1769 -1487 END
START 2368 5360 1204 -1624 -1753 -1305 END
START 2188 3988 1164 -2810 -2006 -979 END
START 2156 3376 572 -3928 -1443 -1212 END
START 1748 3224 12 -5399 -1515 -1771 END
START 1536 2632 -616 -6328 -2025 -2371 END
START 1028 2148 -1112 -6979 -3251 -2756 END
START 976 1800 -1740 -7619 -4754 -3036 END
START 780 1336 -2640 -8888 -5755 -3224 END
START 844 784 -3496 -10976 -6034 -3181 END
START 532 324 -3636 -13506 -5722 -3011 END
START 624 -48 -3720 -15976 -5255 -2805 END
START 588 -360 -3116 -18425 -4884 -2692 END
START 956 -976 -2584 -20620 -4941 -2709 END
START 1368 -1072 -1676 -22514 -5150 -2927 END
START 1668 -1740 -440 -24329 -5740 -3391 END
START 2124 -1992 1056 -25985 -6414 -4069 END
START 1968 -3000 2956 -27655 -7057 -5220 END
START 1352 -4500 5280 -29092 -8458 -6239 END
START 1972 -5568 8068 -32053 -9163 -6980 END
START 296 -7148 13392 -31763 -9644 -6803 END
START -768 -9636 17708 -30695 -10623 -5998 END
START -1344 -10992 21536 -30521 -10374 -5208 END
START -2504 -13032 26196 -30539 -9201 -3860 END
START -3912 -13920 31100 -29324 -8255 -1094 END
START -4356 -14276 32767 -27242 -6335 2137 END
START -4924 -14816 32767 -24948 -4211 5268 END
START -5104 -14916 32767 -21986 -2440 8267 END
START -4800 -13940 32767 -18225 -65 10810 END
START -4404 -13108 32767 -13870 3004 13081 END
START -4176 -11964 32767 -9591 6224 14871 END
START -3836 -10744 32767 -6500 8506 16495 END
START -3224 -8344 32767 -3179 9121 18624 END
START -1976 -6296 32767 1374 8528 20653 END
START 944 -4584 32767 5423 7417 21438 END
START 3664 -3228 32767 8398 6796 20886 END
START 6448 -1512 32767 10964 7080 19215 END
START 8720 -668 32767 13060 7692 16302 END
START 10392 136 32767 14796 7910 12478 END
START 11100 776 32767 16707 7179 8290 END
START 11940 1032 30820 18573 6429 3589 END
START 11976 852 27948 19971 5664 -1643 END
START 11252 700 24232 20034 4866 -6678 END
START 10500 136 21220 19029 3523 -11424 END
START 9568 180 18688 17914 1873 -15511 END
START 8688 -148 16244 16900 442 -18524 END
START 7872 -12 13900 15015 -688 -21055 END
START 7152 -16 12760 13465 -810 -23455 END
START 5448 -220 11660 12718 -561 -25100 END
START 3744 -384 11060 12634 -698 -25859 END
START 1888 -1052 10012 13138 -1142 -26079 END
START -208 -1804 8776 13078 -2082 -25873 END
START -1920 -3120 8244 12289 -2783 -25082 END
START -3436 -3964 7920 11069 -3052 -23930 END
START -5164 -4840 8560 9667 -2737 -22347 END
START -7044 -6240 9488 8557 -2379 -20048 END
START -8344 -7128 10304 8052 -1604 -16651 END
START -9480 -7356 10476 7127 -647 -12163 END