START 1300 7096 5084 7046 -2439 1973 END
START 1972 7080 4060 6592 -3279 2017 END
START 2156 7352 3548 5754 -3731 1858 END
START 2696 7056 2440 4938 -4516 1288 END
START 2568 7012 1308 4197 -4703 208 END
START 2328 6672 -104 3230 -5555 -891 END
START 2040 6384 -1516 1932 -6588 -1784 END
START 1840 6036 -2384 224 -6724 -2083 END
START 1264 5840 -3132 -1507 -6332 -1634 END
START 1048 5108 -4164 -3657 -6605 -685 END
START 1396 4556 -4772 -6240 -6627 302 END
START 1780 3820 -4932 -8716 -6394 956 END
START 2204 3148 -4736 -11031 -5812 1365 END
START 2148 2692 -4132 -13146 -5603 1191 END
START 2192 1692 -3392 -14491 -6186 820 END
START 2088 1204 -2660 -15348 -7686 828 END
START 2560 584 -1804 -16336 -8768 1247 END
START 3072 -100 -888 -17942 -8526 1699 END
START 3304 -940 76 -20381 -6890 2192 END
START 2888 -2040 1604 -23137 -5120 2582 END
START 2676 -3652 4012 -25603 -3858 3034 END
START 2192 -5880 6900 -27011 -3345 3727 END
START 2448 -7812 10076 -28321 -2449 4757 END
START 2100 -10132 14040 -29705 -522 5964 END
START 676 -11132 18540 -30359 332 7778 END
START -408 -9872 21972 -29259 -1174 9651 END
START 44 -8024 24924 -26687 -3972 9999 END
START 1584 -5412 26492 -23539 -6682 8635 END
START 2956 -3120 27100 -21459 -7443 6048 END
START 3156 -2432 28600 -21466 -6150 4020 END
START 2188 -2876 30976 -21893 -3665 3828 END
START 308 -3680 32767 -21747 -851 5230 END
START -1180 -4504 32767 -20421 1269 7674 END
START -2152 -5352 32767 -18595 2875 10761 END
START -2032 -5392 32767 -16173 2750 14246 END
START -80 -4768 32767 -13767 3782 16118 END
START 480 -4248 32767 -8966 4736 16722 END
START 2264 -4432 32767 -3852 4948 16926 END
START 3784 -3864 32767 838 5146 16742 END
START 5228 -3704 32767 4565 5242 16643 END
START 6364 -3348 32767 8369 5527 16486 END
START 7900 -2896 32767 11956 6395 15911 END
START 9432 -2556 32767 15324 7218 14078 END
START 10416 -2052 32767 18522 7150 11591 END
START 11336 -1756 32180 21422 6517 8073 END
START 11708 -1432 28132 23110 6421 4230 END
START 12056 -1588 24440 23620 6820 506 END
START 12060 -1296 21196 23288 7074 -2994 END
START 11992 -1356 17844 22214 6617 -6413 END
START 11960 -996 15328 20681 5064 -9827 END
START 11816 -740 12980 18738 2750 -12879 END
START 11584 -448 10944 16463 -611 -15836 END
START 11440 -268 9052 13859 -4049 -18807 END
START 10580 176 8700 11537 -6353 -21406 END
START 9964 184 8512 9738 -6771 -23773 END
START 8464 164 9152 8900 -5128 -25448 END
START 6740 -276 9376 8419 -3250 -26085 END