START 3264 5284 9388 6027 -4036 1042 END
START 2640 5312 10108 6022 -4191 985 END
START 984 5572 11068 5723 -4901 878 END
START 3320 4576 8988 5706 -6511 521 END
START 4700 4776 7360 5122 -6649 -384 END
START 5496 4244 6488 3977 -5263 -1629 END
START 4944 3956 5128 2759 -3407 -2910 END
START 4232 3760 4004 1454 -2267 -4094 END
START 2776 3088 2536 548 -2356 -5040 END
START 1340 2452 1340 -522 -3039 -5448 END
START 436 1560 224 -1905 -3054 -5154 END
START -676 840 -780 -3916 -2593 -4184 END
START -1100 300 -1220 -5952 -2192 -2652 END
START -1492 -76 -1508 -7957 -1575 -1203 END
START -1764 -376 -2236 -9745 -1703 57 END
START -2000 -624 -2240 -11456 -3295 1104 END
START -1288 -944 -1728 -13228 -5530 1982 END
START -816 -612 -920 -14742 -6750 2553 END
START -64 -252 280 -16188 -6962 3360 END
START 724 -244 1368 -17783 -6534 4133 END
START 1416 -380 2488 -19941 -5783 4707 END
START 2128 -840 4344 -22290 -5240 4940 END
START 3008 -1516 7080 -24356 -4588 4704 END
START 3724 -1912 10240 -25833 -3236 3811 END
START 3456 -2100 13544 -26319 -1919 2564 END
START 3096 -2428 16144 -25866 -1480 1599 END
START 2844 -2992 18532 -25351 -1877 1158 END
START 2476 -2572 20280 -25397 -1952 823 END
START 2004 -2560 22588 -25720 -981 457 END
START 864 -3000 25020 -25977 406 330 END
START -32 -3396 27560 -25759 1063 904 END
START -68 -3904 30400 -24898 1491 1463 END
START -408 -4300 32767 -23577 1821 1759 END
START -976 -5032 32767 -21248 1743 2229 END
START -1764 -5032 32767 -17985 1150 3037 END
START -1860 -5040 32767 -14397 741 4443 END
START -1348 -4904 32767 -11575 1303 6044 END
START -956 -4040 32767 -8975 2334 7676 END
START -400 -3252 32767 -6184 3284 9265 END
START 980 -2180 32767 -3145 4397 10424 END
START 2036 -1504 32767 -85 5393 11109 END
START 2968 -876 32767 2857 5799 11375 END
START 3844 -380 32767 5476 5567 10927 END
START 4768 88 32767 8034 4601 10317 END
START 6088 652 32767 10478 3459 9560 END
START 7356 1032 32767 12384 3057 8546 END
START 8980 1008 31380 13837 3236 7010 END
START 10032 1100 29244 14489 3532 4796 END
START 10976 944 27180 15086 3702 2093 END
START 11476 864 25264 15732 3733 -781 END
START 11824 620 23028 15974 3450 -3789 END
START 11784 400 20736 15631 2780 -7164 END
START 11232 212 18560 15430 1439 -10202 END
START 10776 252 16764 15143 178 -12940 END
START 9892 84 15268 14809 114 -15121 END
START 9016 -208 13452 14236 914 -16721 END
START 7772 -544 12268 13430 1767 -17920 END
START 6196 -1152 11244 12249 2526 -18600 END
START 4192 -1856 10316 11292 2801 -18417 END
START 2196 -2192 9856 10517 2732 -17290 END
START 268 -2628 9744 10072 1903 -15620 END
START -1036 -2984 9444 9689 461 -13831 END
START -2160 -2780 9540 8922 -594 -11985 END