START -892 5792 9784 -1779 -4145 -1500 END
START -888 5448 9620 -1727 -4388 -1563 END
START -676 5244 9072 -1619 -4628 -1652 END
START -556 4740 8044 -1591 -4846 -1860 END
START -272 4688 7132 -2178 -5437 -1921 END
START 368 4112 6636 -2904 -6325 -1603 END
START 920 4024 6180 -3719 -5814 -1350 END
START 1608 3916 5436 -5231 -4101 -1127 END
START 1564 3184 5208 -7134 -2764 -1088 END
START 1296 2520 5020 -8415 -2310 -1177 END
START 1288 1860 4876 -9263 -2006 -1416 END
START 424 1372 4940 -9918 -2114 -2081 END
START -112 1404 5020 -10454 -3111 -2090 END
START -316 856 5096 -11151 -3658 -1311 END
START -156 504 5260 -12406 -3228 -16 END
START 36 -200 5300 -14212 -2030 1250 END
START 320 -908 5564 -16361 -808 2102 END
START -148 -1520 6032 -18331 262 2134 END
START -788 -1892 7004 -19678 131 1860 END
START -1464 -2424 7940 -20248 -850 1584 END
START -1936 -2588 9688 -20881 -1882 1509 END
START -2124 -2984 11448 -21640 -2072 1906 END
START -2780 -3112 13516 -22468 -1617 2706 END
START -3532 -4008 15556 -23430 -992 3697 END
START -4156 -5284 17820 -24229 -579 4575 END
START -5096 -6608 21144 -24722 -79 5917 END
START -6220 -7848 24844 -24304 723 8101 END
START -7232 -8648 28304 -22532 932 11394 END
START -6588 -9832 31028 -20256 1286 14788 END
START -5184 -10152 32767 -18189 3411 17119 END
START -4384 -9448 32767 -16159 6248 17495 END
START -4040 -9076 32767 -13232 6943 17210 END
START -3444 -8356 32767 -9241 5892 16949 END
START -2504 -7564 32767 -5337 4371 16919 END
START -1216 -6860 32767 -2252 3587 17044 END
START -72 -6012 32767 216 3674 17243 END
START 1192 -5280 32767 2333 3972 17139 END
START 2844 -4500 32767 4652 4261 16379 END
START 4216 -3716 32767 7209 3974 15146 END
START 5620 -2956 32767 9830 3331 13652 END
START 6784 -2300 32640 12091 2324 11273 END
START 7704 -1756 30280 13874 855 8694 END
START 8772 -1184 28232 14779 -405 5305 END
START 9192 -624 26124 15373 -1566 1367 END
START 8960 -384 23728 15405 -2928 -2460 END
START 8528 -228 21912 15119 -4409 -5882 END
START 8156 32 20124 14606 -5338 -8906 END
START 7700 148 18776 13679 -5186 -11255 END
START 7760 400 17944 12893 -4179 -13413 END
START 7636 800 16996 12243 -3002 -15535 END
START 7804 564 15704 11735 -2879 -17932 END
START 7320 408 14792 10840 -3223 -20824 END
START 6388 108 14868 10664 -3068 -23172 END
START 4616 -220 14904 11236 -2325 -24552 END
START 2480 -748 14144 12126 -1272 -24595 END
START 660 -1232 13112 12150 383 -23702 END
START -1408 -1836 12256 11183 1045 -22198 END
START -3064 -2684 11760 9627 226 -19873 END
START -3908 -3000 11840 8605 -190 -17774 END
START -4300 -2928 12220 7966 -320 -16103 END
START -4156 -2636 12524 7631 143 -15239 END
START -4264 -2460 12616 7249 747 -14905 END
START -4604 -2280 12776 6926 843 -14308 END
START -4992 -2348 12816 6796 1004 -13345 END
START -5460 -2072 12440 6890 1138 -12020 END
START -5668 -2020 11920 6686 854 -10444 END
START -5896 -1764 11436 5823 622 -9026 END
START -6244 -1372 11292 4647 918 -7491 END
START -6416 -1220 11312 3547 1454 -5437 END
START -6612 -852 11688 2587 1880 -2797 END
START -6472 -424 11652 1900 2117 -115 END
START -6448 156 11612 1143 1624 2649 END
START -6088 424 11856 365 1047 5098 END