START 2688 5196 7136 8336 -4832 -240 END
START 28 6188 9460 8027 -6286 -164 END
START -800 6880 8320 7176 -6778 -120 END
START 2004 5820 6236 6155 -8337 -16 END
START 3152 6096 4924 4722 -7367 -682 END
START 3768 5964 3592 2824 -5362 -1977 END
START 3072 4888 2952 1035 -3672 -3247 END
START 1976 3828 2068 -73 -4039 -3466 END
START 1212 3140 1468 -615 -6089 -3201 END
START 900 2748 580 -1071 -7816 -2857 END
START 1048 2368 -628 -1929 -8605 -2543 END
START 1100 2076 -1348 -3602 -8335 -2141 END
START 1176 1508 -2128 -6001 -7181 -1499 END
START 1320 764 -2316 -8622 -5587 -693 END
START 1200 -236 -2020 -10885 -4602 322 END
START 1236 -916 -1412 -13034 -3977 1175 END
START 1248 -1620 -692 -14817 -3656 1687 END
START 812 -2256 84 -16220 -3648 2050 END
START 628 -3192 1504 -17218 -4041 2362 END
START 540 -3676 3076 -18263 -4675 2796 END
START 616 -4036 4704 -19664 -5184 3660 END
START 620 -3632 6568 -21123 -4867 4472 END
START 736 -3268 8644 -22518 -4401 5285 END
START 1180 -2616 10972 -23970 -3764 6111 END
START 1692 -2184 13532 -25364 -3168 6291 END
START 2076 -1728 16356 -26280 -2595 5961 END
START 2288 -1920 19228 -26607 -1989 4915 END
START 2136 -2744 22284 -26382 -1761 3419 END
START 1288 -3736 25580 -25189 -2387 2206 END
START 672 -5364 29280 -23587 -3288 2019 END
START 88 -6504 32544 -21521 -3321 3195 END
START -52 -7100 32767 -19881 -1847 5632 END
START 472 -7472 32767 -18375 579 8456 END
START 1180 -6984 32767 -16798 3167 10828 END
START 1972 -6204 32767 -14498 5320 12591 END
START 2904 -5020 32767 -11433 6435 13419 END
START 4036 -3984 32767 -7967 6563 13466 END
START 5276 -2592 32767 -4353 6087 12875 END
START 6672 -1144 32767 -599 5217 11900 END
START 8424 -60 32767 2703 4886 10646 END
START 10056 960 32767 5236 5220 9070 END
START 11284 1340 32767 7368 5658 7101 END
START 12052 1304 32767 9580 6077 4861 END
START 12336 1276 32767 11996 6314 2210 END
START 12392 892 31060 14489 6401 -751 END
START 11720 376 28344 16556 6324 -3552 END
START 11156 -100 25564 18044 5938 -6093 END
START 10208 -744 22908 18770 5476 -8386 END
START 9568 -984 20760 18932 5198 -10147 END
START 9088 -940 18540 18603 5423 -11850 END
START 8436 -904 16548 17844 5729 -13307 END
START 7680 -968 14484 16639 6024 -14497 END
START 6616 -768 12768 14887 5584 -15231 END
START 5756 -524 11576 13423 4117 -15711 END
START 4820 -356 10744 11894 2316 -16352 END
START 3828 -244 9956 10761 839 -17257 END
START 2740 -432 9480 9751 133 -18157 END
START 996 -880 9212 8804 -10 -18634 END
START -660 -1620 9520 7929 133 -18315 END
START -2724 -2528 9864 7158 227 -17086 END
START -4348 -2952 10444 6477 -7 -15037 END