START 1132 8112 6732 5311 -1961 1524 END
START 1100 8336 6356 4659 -2894 1345 END
START 1656 8252 5092 3355 -3557 849 END
START 3120 6948 4052 1769 -4130 -155 END
START 3156 7044 4052 215 -3925 -1562 END
START 3316 5964 3540 -931 -3943 -2897 END
START 2904 4948 3148 -1542 -4026 -3816 END
START 2104 4044 2144 -2200 -4435 -3955 END
START 1544 2860 1284 -3078 -5080 -3573 END
START 940 2196 456 -4578 -4939 -3054 END
START 1024 996 -480 -6890 -3909 -2443 END
START 244 220 -496 -9048 -2686 -1788 END
START -284 -544 -552 -10424 -2872 -886 END
START -364 -992 -624 -11403 -3739 -132 END
START -8 -1176 -880 -12403 -4929 284 END
START 424 -1400 -496 -13683 -5954 421 END
START 792 -1568 -72 -15329 -6697 564 END
START 1044 -1484 1360 -16996 -7324 960 END
START 1660 -1304 2572 -18490 -7486 1610 END
START 2716 -1288 4328 -20110 -6672 2175 END
START 3368 -1324 6112 -21840 -5337 2268 END
START 3612 -1976 8236 -23357 -4270 1620 END
START 3400 -2452 10756 -24303 -4024 767 END
START 2936 -2656 13028 -24589 -4294 72 END
START 2756 -3020 15576 -24664 -4385 -426 END
START 2552 -3436 17884 -25190 -3780 -659 END
START 2080 -4140 20404 -25712 -2928 -838 END
START 1384 -5000 23352 -26194 -2101 -911 END
START 448 -6404 26576 -25904 -1464 -542 END
START -368 -7076 29668 -24492 -1440 263 END
START -972 -7812 32272 -22535 -1427 1293 END
START -1800 -8184 32767 -20179 -1579 2566 END
START -2420 -7760 32767 -17489 -1985 4215 END
START -2804 -7300 32767 -14736 -1798 6190 END
START -2440 -6848 32767 -12054 -657 8513 END
START -2148 -6620 32767 -9383 1104 10717 END
START -1536 -6244 32767 -6764 2774 12912 END
START -408 -5128 32767 -3991 3995 14792 END
START 1384 -4064 32767 -1359 4885 15610 END
START 3312 -3244 32767 1035 5834 15069 END
START 4992 -2284 32767 3622 6204 13725 END
START 6352 -1704 32767 6385 5748 11619 END
START 7536 -1272 32767 8982 4729 9537 END
START 8680 -780 32040 11220 3798 7355 END
START 10048 -248 29892 12878 3608 4720 END
START 10632 48 28020 13759 4042 1516 END
START 10692 -44 26280 14690 4444 -1480 END
START 10132 -408 24240 15570 4286 -4270 END
START 9552 -804 22336 16299 3518 -6721 END
START 8968 -864 20556 17083 2816 -8994 END
START 8496 -1176 18576 17526 2378 -10987 END
START 7536 -1340 16988 17455 2502 -12684 END
START 6584 -1780 14992 16509 2769 -13653 END
START 5436 -2048 13332 14793 2776 -14101 END
START 4268 -2292 12108 12859 2221 -14378 END
START 2944 -2720 11140 11305 1183 -14609 END
START 1392 -3056 10580 10098 -772 -14687 END