START 2700 7576 4564 5685 -3525 -2095 END
START -204 8176 5856 5259 -4917 -2168 END
START 768 8100 4440 4261 -5739 -2451 END
START 1940 6740 3540 3154 -6856 -2429 END
START 1556 6664 2772 1632 -6138 -2592 END
START 2032 6056 1352 -364 -4880 -2635 END
START 1836 4948 544 -2355 -4455 -2904 END
START 1800 4052 92 -4157 -4801 -3203 END
START 1832 3664 -28 -5701 -5030 -3449 END
START 1476 2816 -224 -6932 -4924 -3457 END
START 1972 2244 -456 -8197 -4844 -3057 END
START 2032 1852 -584 -9400 -4964 -2484 END
START 2712 1396 -552 -10810 -4583 -1868 END
START 3132 1288 -392 -12340 -3986 -1378 END
START 3488 1168 -380 -13970 -3276 -1094 END
START 3480 960 32 -15479 -2768 -1027 END
START 3524 728 328 -17015 -2066 -1190 END
START 3268 436 952 -18634 -1975 -1493 END
START 2868 -16 2000 -20188 -2181 -1865 END
START 2396 -540 3248 -21595 -3013 -2083 END
START 2080 -960 4584 -23332 -3958 -2084 END
START 2000 -1552 6620 -25176 -4437 -2241 END
START 1528 -2572 9832 -26920 -4503 -2513 END
START 856 -3564 13152 -27901 -4584 -2605 END
START 224 -5308 16708 -28458 -4421 -2430 END
START -456 -7140 20860 -28486 -4029 -2031 END
START -1824 -8784 24796 -27620 -3094 -1422 END
START -3612 -9428 28428 -26010 -2093 -59 END
START -4972 -11380 31532 -24369 -781 2154 END
START -6484 -11244 32767 -21783 424 5545 END
START -6636 -11388 32767 -19960 1433 8888 END
START -6384 -11004 32767 -19010 1795 12128 END
START -5472 -9968 32767 -17558 1809 14493 END
START -4020 -8612 32767 -15046 2227 16144 END
START -2476 -6988 32767 -11405 2933 16209 END
START -1376 -5440 32767 -7474 3009 15801 END
START -320 -4224 32767 -3981 1969 15778 END
START 1328 -2948 32767 -1361 1063 15961 END
START 3508 -1888 32767 640 1248 15428 END
START 5088 -960 32767 2403 2441 13794 END
START 6164 -488 32767 4762 3771 11822 END
START 6632 -324 32767 7955 4386 9664 END
START 6860 -680 32767 11741 4414 7679 END
START 6940 -952 32767 15406 4181 5796 END
START 7216 -1232 32767 18328 4086 4068 END
START 7176 -1452 30696 20501 4228 2072 END
START 6940 -1396 28052 22001 4406 -198 END
START 6584 -1696 25480 23050 4384 -2286 END
START 6400 -1620 22384 23348 4178 -4329 END
START 6172 -1384 19692 22792 3489 -6223 END
START 6196 -1068 16976 21535 1961 -8041 END
START 6096 -328 14740 19813 -217 -9996 END
START 6208 252 12860 18282 -2680 -12155 END
START 6608 464 11176 16562 -4720 -14992 END
START 6244 944 9740 14450 -5779 -17908 END
START 5328 1068 8540 12934 -5984 -20167 END
START 4416 1176 7484 11556 -5819 -21661 END
START 3188 912 6532 9987 -5362 -22541 END
START 1980 312 5772 7897 -4093 -22695 END
START 104 -544 6228 5985 -2650 -21786 END
START -2140 -1320 6564 4390 -1990 -19691 END
START -4056 -2244 7352 3159 -2231 -16250 END