START 444 6284 528 -3584 -5034 583 END
START 1236 6056 -864 -4196 -5777 786 END
START 292 6096 -28 -5265 -6251 1074 END
START 1540 4756 -556 -6940 -7804 1848 END
START 2364 4424 -1024 -8576 -8069 2293 END
START 3280 3708 -868 -9986 -7757 2486 END
START 3668 3252 -1080 -11504 -6321 2276 END
START 3664 2912 -1244 -13275 -4535 1772 END
START 3048 1848 -1348 -15051 -3909 1269 END
START 2160 932 -1192 -16434 -4550 1036 END
START 1980 -176 -832 -17898 -5530 1086 END
START 1548 -1184 344 -19291 -6007 1503 END
START 1080 -2020 1712 -20892 -5787 2631 END
START 1144 -2736 3148 -22615 -5156 4050 END
START 1492 -3260 5292 -24462 -3921 5465 END
START 1744 -4296 7892 -26211 -2989 6458 END
START 1768 -5200 11128 -27447 -2233 6982 END
START 1436 -6160 15196 -27863 -1703 7042 END
START 456 -6628 19400 -27030 -1999 6976 END
START -120 -7384 23712 -25377 -2862 7578 END
START -192 -7764 27772 -23584 -3312 9171 END
START -80 -7832 32200 -22118 -1764 11269 END
START 256 -8052 32767 -20519 1767 14019 END
START 724 -8020 32767 -18284 5723 17269 END
START 2008 -7744 32767 -15316 9264 20055 END
START 3308 -7124 32767 -12479 11762 21777 END
START 4960 -5832 32767 -9906 13182 21886 END
START 6384 -4204 32767 -6925 13665 20746 END
START 7768 -2608 32767 -3133 13429 19119 END
START 9212 -1504 32767 333 13483 17260 END
START 10480 -36 32767 2971 13548 15394 END
START 11840 1152 32767 5095 13220 13326 END
START 12936 2116 32767 7006 12507 10654 END
START 14144 2784 32767 9143 11027 7462 END
START 14624 3004 32767 11246 8866 3729 END
START 15008 3404 31388 13175 7230 -233 END
START 14784 3356 29504 14890 6542 -4172 END
START 14012 3160 27152 16184 6834 -7611 END
START 12888 2744 24948 16992 7696 -10179 END
START 11824 2176 22640 17594 8884 -12326 END
START 10852 1420 20612 17947 9835 -14178 END
START 9696 1280 18524 18008 10281 -15906 END
START 8644 796 16352 17532 9818 -17632 END
START 7592 568 14992 16576 8186 -19067 END
START 6668 604 13804 15561 6078 -20128 END
START 5408 508 12912 14692 4543 -21033 END
START 4188 188 12096 14187 3895 -21958 END
START 2668 -304 11312 13077 4350 -22751 END
START 248 -980 10644 11822 5066 -22946 END
START -2392 -1620 10488 10541 4951 -22185 END