START 4700 5832 5232 4935 -1286 1276 END
START 5364 5556 2296 4605 -2678 907 END
START 5400 6448 2688 3373 -3584 73 END
START 6000 5216 2980 1013 -5272 -1680 END
START 7152 3744 1592 -1331 -4735 -3660 END
START 6020 2724 856 -3350 -4204 -5037 END
START 5204 1328 656 -4608 -3268 -5318 END
START 4312 -12 -12 -5961 -2352 -5158 END
START 3324 -1068 -388 -7746 -1665 -4763 END
START 2948 -2372 -432 -9715 -617 -4519 END
START 1912 -3188 -380 -11427 101 -4423 END
START 1500 -3524 -580 -12996 330 -4370 END
START 1012 -3912 -960 -14736 15 -4425 END
START 836 -4428 -692 -16562 -376 -4615 END
START 988 -4616 -360 -18242 -624 -5002 END
START 672 -5212 80 -19988 -961 -5383 END
START 868 -5788 480 -21707 -956 -5605 END
START 1196 -6188 1488 -23724 -532 -6144 END
START 1544 -6588 3036 -26054 54 -7098 END
START 1284 -6740 5160 -28073 710 -8250 END
START 400 -6640 7284 -29740 1197 -9152 END
START -708 -6344 9824 -31048 1274 -9770 END
START -1784 -5864 12728 -31841 718 -10065 END
START -2812 -5872 15984 -32299 -347 -10172 END
START -3840 -5980 20016 -32300 -1913 -10580 END
START -5416 -6624 24396 -32184 -2458 -11606 END
START -7808 -6824 28668 -31640 -2590 -11817 END
START -10256 -7492 32632 -29899 -3041 -9835 END
START -11884 -7752 32767 -27535 -3403 -6415 END
START -12400 -8140 32767 -25387 -2633 -2178 END
START -12708 -8560 32767 -23750 -78 1866 END
START -12672 -8836 32767 -21973 2392 5306 END
START -12356 -8840 32767 -18889 3362 8676 END
START -10660 -8272 32767 -14475 3481 11159 END
START -9148 -7480 32767 -9745 3782 12465 END
START -7556 -6872 32767 -5479 4006 13890 END
START -5952 -5612 32767 -971 3921 15501 END
START -3796 -4432 32767 3654 4427 17288 END
START -1192 -2948 32767 7716 6247 18697 END
START 1792 -1836 32767 10692 8660 19077 END
START 4780 -1144 32767 12354 10597 18134 END
START 7496 -728 31388 12916 11169 15867 END
START 9696 -588 29472 13210 10184 12309 END
START 11308 -336 28032 13812 7721 8094 END
START 12780 -384 26444 15072 4913 3448 END
START 13840 -688 23816 16235 2450 -1392 END
START 14192 -1108 20388 15835 249 -6000 END
START 13984 -1312 17508 14057 -1444 -9970 END
START 13536 -928 15436 12246 -2846 -13778 END
START 13192 -848 14112 11151 -3140 -17506 END
START 12484 -1248 12416 10909 -2766 -21208 END
START 10720 -1728 11260 11104 -3357 -24593 END
START 8292 -2784 9944 11563 -5575 -27278 END
START 5404 -3660 9880 12281 -8693 -29055 END
START 2564 -5120 10036 12879 -10678 -29987 END
START -1388 -7168 10476 12692 -10502 -29443 END
START -5336 -8744 11620 11619 -8434 -27036 END