START 836 7652 5800 2987 -2302 -2542 END
START 1620 7492 4440 2556 -3088 -2643 END
START 1604 7692 3988 1597 -3881 -2780 END
START 2160 6112 3388 516 -4706 -2952 END
START 1828 6012 3108 -823 -4360 -3231 END
START 1836 4988 2180 -1928 -3947 -3197 END
START 1716 4068 1456 -3158 -3573 -3111 END
START 1672 3256 408 -4801 -2903 -3118 END
START 1748 2256 -36 -6433 -2448 -3378 END
START 1168 1428 -580 -7796 -3052 -3457 END
START 1008 624 -912 -8844 -3636 -3359 END
START 992 -80 -1376 -10294 -3201 -3335 END
START 508 -884 -1776 -11798 -2733 -3072 END
START 176 -1520 -1944 -13250 -2857 -2523 END
START 32 -2364 -2180 -14767 -3273 -2026 END
START -420 -3160 -2048 -16796 -4163 -1645 END
START -748 -3924 -1332 -18738 -5186 -1125 END
START -804 -4204 -84 -20516 -6539 -54 END
START -404 -4320 1228 -22338 -7520 1087 END
START 596 -4404 3648 -24531 -7769 2364 END
START 1480 -4500 6444 -26598 -7185 2989 END
START 2144 -4268 10036 -28210 -6875 3326 END
START 3116 -4080 13936 -29209 -6501 2901 END
START 3888 -3992 17920 -29668 -5928 1429 END
START 3788 -4428 21980 -29317 -5011 -541 END
START 2888 -6172 25852 -28901 -4077 -2405 END
START 1292 -7996 29308 -28150 -3509 -3498 END
START -412 -9576 32704 -26771 -3390 -3148 END
START -1948 -10620 32767 -24437 -3248 -1543 END
START -2896 -10680 32767 -21339 -3014 1232 END
START -2624 -10304 32767 -18625 -2217 4206 END
START -7676 -14664 32767 -11450 -6056 7262 END
START -940 -6576 32767 5146 -12419 10745 END
START 4660 -4624 32767 -310 -2801 8984 END
START -296 -6236 32767 -12961 11331 7139 END
START -3368 -4616 32767 -11672 13459 12299 END
START -2608 -4500 32767 -1766 8338 16562 END
START 900 -4752 32767 6129 4770 16823 END
START 3104 -4472 32767 10999 2738 14808 END
START 4116 -3792 32767 14529 682 12579 END
START 5484 -3092 31228 16837 -1081 11371 END
START 7036 -1880 28636 17547 -429 10021 END
START 8368 -1032 26240 17550 1872 8308 END
START 9108 -388 24152 17236 4155 5765 END
START 9464 -56 22412 17132 5264 2770 END
START 9800 132 20492 17052 5069 -480 END
START 9816 264 19012 16818 4384 -3943 END
START 9052 88 17872 16790 3432 -6946 END
START 8196 -92 16336 16578 2457 -8658 END
START 7712 28 15044 15825 2279 -9761 END
START 7388 148 14216 14920 2866 -10591 END
START 7068 144 13328 13838 4158 -11436 END
START 6504 112 12660 12833 5529 -12430 END
START 5604 52 11956 11775 6378 -13462 END
START 4632 -228 11292 11007 6186 -14261 END
START 3588 -236 10464 10141 5040 -15019 END
START 2536 -540 9636 8545 3647 -15894 END
START 1460 -388 9548 6787 2565 -16591 END
START 0 -876 9620 5257 1782 -16931 END
START -1316 -1096 10316 4234 1068 -16646 END
START -2800 -1248 11020 3335 637 -15442 END
START -4108 -1440 11764 2811 990 -13507 END
START -5260 -1964 12628 2367 1910 -11138 END