START 2128 8412 1516 2912 -3156 -1735 END
START 2224 8404 -940 2257 -4022 -1876 END
START 1252 8744 272 684 -3752 -2268 END
START 2492 6840 -1268 -1081 -3497 -2771 END
START 1412 6384 -2076 -3135 -2506 -3358 END
START 764 5524 -2856 -5077 -3338 -3231 END
START 36 4616 -3152 -6125 -5648 -2684 END
START -120 3760 -3288 -6696 -7990 -1779 END
START 112 3204 -3796 -7311 -9434 -903 END
START 868 2708 -4980 -8722 -9544 -131 END
START 1652 1924 -5004 -11070 -8628 304 END
START 1768 1152 -4872 -13650 -7090 564 END
START 1708 -68 -4188 -15720 -6565 1026 END
START 1824 -1008 -3476 -16907 -6763 1542 END
START 1920 -1780 -3160 -17987 -7494 1935 END
START 1748 -2148 -2536 -19365 -8427 2363 END
START 2048 -2904 -1496 -21068 -8888 2753 END
START 2212 -3784 160 -23025 -8698 3079 END
START 2380 -5000 2732 -24574 -8671 3831 END
START 2716 -5652 5072 -25999 -8438 4895 END
START 2848 -6704 7932 -27249 -8514 5890 END
START 2912 -7204 11740 -28281 -8207 6476 END
START 2624 -7252 16208 -28513 -7792 6986 END
START 2248 -6720 20200 -27645 -8021 7708 END
START 2384 -6876 23624 -26865 -7917 8444 END
START 2304 -7304 27516 -26572 -6420 8970 END
START 1244 -7856 31400 -26078 -4610 9734 END
START 716 -8080 32767 -24887 -3512 11559 END
START 1188 -8356 32767 -23186 -1834 14707 END
START 3100 -7908 32767 -20857 660 17521 END
START 4584 -7528 32767 -17936 3906 19037 END
START 5720 -6720 32767 -14589 7760 19442 END
START 5900 -6432 32767 -9970 10399 19356 END
START 6508 -5388 32767 -4891 11213 19296 END
START 8048 -3860 32767 -256 11376 18506 END
START 8816 -2608 32767 3895 11004 17124 END
START 9692 -1124 32767 7987 10035 15219 END
START 10256 -272 32767 11679 8407 12934 END
START 10688 32 32767 15138 6629 10670 END
START 11424 -104 32767 18120 5539 8786 END
START 12176 -148 32767 20311 5446 6809 END
START 12656 -232 31092 21411 6255 4599 END
START 12960 -488 27588 21465 7606 2160 END
START 12768 -440 24692 20928 8538 -559 END
START 12992 -264 21068 19998 8719 -3694 END
START 13112 100 17232 17902 7517 -7086 END
START 12960 340 13920 14732 4734 -10627 END
START 12584 280 11152 11280 -511 -14457 END
START 12536 528 9764 7816 -4964 -18868 END
START 12040 912 10244 6891 -6017 -22813 END
START 10152 44 10108 7920 -5609 -25545 END