START 1848 6868 3276 4652 -4299 691 END
START 3260 6676 52 4210 -5556 563 END
START 668 7512 2136 3382 -5861 169 END
START 3668 5796 444 1972 -6407 -717 END
START 2872 5596 64 154 -5139 -2113 END
START 2068 5100 -648 -1411 -4623 -2893 END
START 984 3976 -1036 -2624 -4695 -2859 END
START 160 3460 -1808 -3836 -5371 -1777 END
START -48 2532 -2176 -5237 -6380 -126 END
START 628 2512 -2884 -6603 -6627 1265 END
START 1352 2188 -3124 -8515 -6213 2048 END
START 2128 1720 -3136 -10837 -5082 2286 END
START 2872 1408 -3032 -13081 -4096 2061 END
START 2900 808 -2172 -14752 -3848 1607 END
START 2668 616 -1772 -15902 -4394 1424 END
START 2292 344 -1380 -17215 -5143 1626 END
START 2484 28 -428 -18732 -5198 2211 END
START 2940 -720 480 -20682 -4416 2702 END
START 2944 -1732 1904 -22855 -3485 3132 END
START 3152 -2852 4060 -25192 -2388 3232 END
START 2596 -3716 6344 -26973 -1909 2753 END
START 2128 -4108 9200 -27735 -2639 2309 END
START 2264 -4400 11520 -28004 -3465 2042 END
START 3028 -5148 14036 -28645 -3679 1917 END
START 3516 -6072 16600 -29729 -2908 1689 END
START 2668 -6812 20456 -30628 -1723 1030 END
START 1512 -8180 24288 -30169 -1060 493 END
START -24 -9472 28424 -28514 -1439 595 END
START -1064 -10508 31784 -26218 -2335 1963 END
START -1368 -10604 32767 -23529 -2483 4384 END
START -1092 -9784 32767 -20867 -1573 7124 END
START -668 -8972 32767 -18018 -98 9604 END
START 328 -7860 32767 -14755 1822 11764 END
START 1448 -6708 32767 -11381 4635 13109 END
START 1952 -5892 32767 -7658 6920 14067 END
START 2400 -4668 32767 -3638 7378 14650 END
START 2924 -3428 32767 821 6685 14838 END
START 3804 -2540 32767 5416 6244 14663 END
START 4752 -1468 32767 9710 6261 13974 END
START 6228 -780 32767 12999 6463 13159 END
START 7764 -300 32767 14709 6320 11308 END
START 8908 -28 32767 16110 5569 9076 END
START 9816 296 32108 17249 4779 6669 END
START 10472 456 29380 18478 4625 3913 END
START 10820 680 26776 19619 5157 961 END
START 10648 312 24224 20439 5751 -1949 END
START 10292 -12 21576 20842 5653 -4822 END
START 9980 -296 19480 20941 5008 -7467 END
START 9584 -228 17176 20692 3802 -9934 END
START 9076 -372 14920 19538 2333 -12142 END
START 8356 -212 13152 17782 1148 -14069 END
START 7676 -200 12072 16064 746 -15568 END
START 6632 -100 11172 14632 1209 -16507 END
START 5632 -236 10316 13511 2002 -16998 END
START 4220 -420 9520 12063 2850 -17299 END
START 2580 -1028 8844 10827 3051 -17358 END