START 2072 7032 3112 6372 -2666 3087 END
START -40 7728 4292 5651 -3529 3058 END
START 1272 8016 2740 4208 -3685 2854 END
START 2208 6444 2364 2449 -4374 2279 END
START 2428 6496 1712 834 -3923 621 END
START 1632 5972 876 -656 -4022 -1149 END
START 628 4748 420 -1703 -5368 -2291 END
START -20 3828 -20 -2478 -6917 -2132 END
START -536 2832 -636 -3092 -8291 -753 END
START 204 2364 -1372 -4559 -8440 1174 END
START 1180 2064 -1752 -7209 -7402 2738 END
START 2416 1856 -1672 -10022 -5811 3510 END
START 3224 1596 -1276 -12183 -4618 3415 END
START 4156 1224 -752 -13782 -4274 2713 END
START 4596 840 -492 -15027 -4293 1476 END
START 4636 360 256 -16152 -4581 392 END
START 4500 -184 912 -17350 -4575 -372 END
START 4100 -788 1796 -18670 -4196 -838 END
START 3708 -1608 2996 -20275 -3518 -1002 END
START 3296 -2628 4296 -22475 -2120 -724 END
START 2640 -4208 6584 -24530 -781 -430 END
START 1664 -5384 8928 -25926 -315 -320 END
START 880 -6220 11644 -26499 -672 152 END
START 804 -6860 14552 -26561 -1322 1033 END
START 784 -6880 16892 -26551 -1217 1549 END
START 632 -7288 20072 -26589 -501 1663 END
START -296 -7336 22988 -26134 -164 1818 END
START -1108 -7776 25692 -25287 -372 2193 END
START -1676 -7764 28612 -24597 -544 3061 END
START -1916 -7644 31596 -23713 -172 4511 END
START -1996 -7660 32767 -22082 550 5861 END
START -2128 -7380 32767 -19877 1044 7233 END
START -1856 -7196 32767 -17641 1484 8763 END
START -1520 -6684 32767 -15372 2181 10189 END
START -1124 -5876 32767 -12753 3068 11224 END
START 88 -5020 32767 -9570 3619 12122 END
START 1384 -4072 32767 -6439 4033 12521 END
START 3012 -2944 32767 -3313 4011 12454 END
START 5020 -1632 32767 -714 3976 11552 END
START 7048 -832 32767 1703 4243 9876 END
START 8412 -176 32767 4386 4061 7900 END
START 9688 136 32767 7534 3635 5486 END
START 10544 12 32767 10554 3315 2965 END
START 11072 -148 32767 13412 3399 461 END
START 10516 -900 31256 15501 3697 -2016 END
START 9800 -1556 28460 17656 3862 -3877 END
START 8976 -2004 25676 19180 4284 -5192 END
START 8240 -2436 22784 19753 4790 -6088 END
START 7628 -2692 19816 19427 4993 -6794 END
START 7044 -2720 17544 18325 4947 -7492 END
START 6560 -2664 15580 17329 4297 -8417 END
START 6152 -2716 13980 16345 2814 -9655 END
START 5780 -2384 12360 15316 1352 -11235 END
START 5076 -2156 11380 14481 470 -12807 END
START 4036 -2332 10284 13546 344 -13984 END