START 2000 7092 3764 5328 -4979 -2257 END
START 1740 7080 2552 4726 -5243 -2150 END
START 832 7256 3844 3427 -4772 -1835 END
START 1988 5444 1804 1581 -3622 -899 END
START 1796 4812 1508 -500 -2174 34 END
START 1848 4172 696 -2413 -1481 633 END
START 1792 3412 728 -3905 -1672 694 END
START 2040 2692 280 -5114 -1932 228 END
START 1828 2148 -188 -6281 -2532 -447 END
START 1360 1708 -264 -7328 -3538 -921 END
START 1060 1164 -596 -8539 -4520 -958 END
START 676 672 -720 -9946 -4790 -490 END
START 236 356 -812 -11511 -4823 254 END
START -188 140 -696 -13065 -4786 1286 END
START -124 112 -544 -14684 -4869 2546 END
START 676 -452 -20 -16730 -4461 3723 END
START 1356 -876 656 -19005 -3459 4360 END
START 1556 -1084 1776 -21223 -2607 4339 END
START 1632 -1116 3552 -22899 -2318 4014 END
START 1716 -1308 5208 -24121 -2833 3765 END
START 1940 -1632 7492 -25088 -3734 3513 END
START 2660 -1948 9880 -26177 -3819 3264 END
START 2812 -2532 12632 -27317 -2657 2731 END
START 2472 -3044 15936 -28354 -1393 2163 END
START 1552 -3848 19680 -28926 -343 1940 END
START 588 -4684 22904 -29009 507 2059 END
START -184 -5264 26816 -28266 984 2482 END
START -920 -6192 30452 -26866 1791 3293 END
START -1908 -7540 32767 -24543 2752 4228 END
START -2712 -8532 32767 -21909 3592 5580 END
START -3568 -9068 32767 -19070 4745 7422 END
START -4100 -8924 32767 -15868 5795 9758 END
START -3568 -8488 32767 -12560 6538 12291 END
START -2508 -7508 32767 -9578 7370 14216 END
START -1192 -6196 32767 -7060 8142 15357 END
START -128 -4524 32767 -4094 8426 15555 END
START 1576 -3308 32767 -842 7721 15223 END
START 3864 -1776 32767 1879 6641 14158 END
START 6212 -460 32767 4167 5876 12602 END
START 8184 520 32767 5963 5385 10460 END
START 9540 1276 32767 7576 4849 7944 END
START 10584 1648 32767 9358 3944 4840 END
START 11364 1936 31648 11456 2744 1167 END
START 11488 1676 29492 13504 1861 -2889 END
START 11256 1432 27280 14991 1177 -6797 END
START 10540 876 24652 16185 371 -9922 END
START 9768 408 22508 16789 -332 -12067 END
START 9128 20 19980 16485 -608 -14142 END
START 8112 -332 18268 15916 -850 -15764 END
START 7212 -1100 16976 15387 -839 -17126 END
START 5608 -1164 15712 14881 -534 -17995 END
START 4028 -1492 14856 14339 65 -18073 END
START 2748 -1768 14020 14289 696 -17545 END
START 1680 -1988 13244 14187 1563 -17051 END
START 448 -2288 12300 13627 2696 -16411 END
START -916 -2840 11548 13199 3658 -15574 END
START -2128 -3508 10940 12523 3831 -14495 END
START -3460 -3984 10200 11642 2645 -13210 END
START -4436 -3984 9756 10397 777 -11691 END
START -5312 -3880 9812 8966 -19 -9946 END
START -6120 -3840 10016 7757 65 -7719 END