START 1156 6564 1072 -98 -2483 -2687 END
START 1692 6336 44 -600 -3496 -2831 END
START 1264 6324 -1348 -1562 -4773 -3057 END
START 532 4528 -1856 -2747 -7902 -2828 END
START -568 4160 -2256 -3770 -10464 -2143 END
START -728 3524 -2936 -4894 -12350 -662 END
START -220 2980 -3824 -6639 -12055 1078 END
START 92 1952 -4352 -9108 -10667 2880 END
START 524 1392 -4304 -11760 -9451 4502 END
START 1260 544 -4224 -14296 -9033 5755 END
START 1672 108 -3424 -16079 -9132 6167 END
START 1372 -384 -2504 -17222 -9898 5781 END
START 1408 -1044 -1664 -17875 -11099 5576 END
START 1532 -1984 -64 -18575 -12312 6055 END
START 1800 -2712 1264 -19391 -12588 7229 END
START 2220 -3412 2772 -21075 -10936 8656 END
START 2076 -4200 5296 -23180 -8113 9970 END
START 2028 -4416 8280 -24968 -5707 11681 END
START 2432 -4300 11516 -26197 -3990 13349 END
START 3232 -4552 15372 -26982 -2953 14788 END
START 3580 -3872 19476 -26969 -1803 15220 END
START 3560 -3752 23908 -26073 -1187 14906 END
START 3604 -4380 27964 -24545 -947 14884 END
START 3616 -5452 32584 -22674 -657 15575 END
START 3776 -6224 32767 -20313 -306 17654 END
START 5288 -7032 32767 -17357 1163 20773 END
START 7140 -7124 32767 -13565 4246 23783 END
START 9404 -6500 32767 -9409 8289 25292 END
START 11528 -5268 32767 -5434 12134 24753 END
START 13148 -4032 32767 -1588 14454 22740 END
START 14788 -2340 32767 2033 14616 19616 END
START 15976 -580 32767 5438 13365 16282 END
START 17060 500 32767 8457 12336 13224 END
START 17632 1320 32767 11285 11909 10128 END
START 18004 1960 32767 13978 11472 6768 END
START 18232 1924 32767 16441 10924 3519 END
START 18076 1596 30940 18044 10308 466 END
START 17928 1416 27676 18651 9595 -2355 END
START 17876 1468 24176 18077 8627 -5703 END
START 17348 1384 20696 16803 7155 -9502 END
START 16644 1228 17312 14770 4835 -13275 END
START 15852 1024 14608 12384 2005 -17287 END
START 15120 1288 12676 10271 -184 -20895 END
START 13968 912 10664 8371 -1996 -24164 END
START 12712 932 9200 5977 -3126 -27268 END
START 11108 624 9056 4797 -3561 -29719 END
START 8592 -116 9708 4664 -4098 -30978 END
START 5724 -896 10548 5183 -4813 -30602 END
START 2988 -1932 11512 6080 -5350 -28885 END
START 764 -2436 12596 6702 -4827 -25867 END