START 2868 6376 4764 7739 -4193 -259 END
START 1392 6740 6528 7242 -5051 -391 END
START 2656 6980 4028 6088 -5209 -713 END
START 3796 6012 2988 4261 -4508 -1496 END
START 3196 5780 2576 2225 -2946 -2439 END
START 2448 5040 1004 592 -2555 -3121 END
START 1716 4348 516 -349 -3535 -3545 END
START 964 4288 -448 -1103 -5456 -3864 END
START 616 3260 -1132 -1841 -7160 -4019 END
START 192 3036 -1908 -3042 -7785 -3525 END
START 420 2696 -2564 -4994 -7324 -2542 END
START 556 2304 -3048 -7375 -6360 -1320 END
START 1200 2028 -3100 -9932 -5297 -154 END
START 1996 1720 -2720 -12106 -4694 669 END
START 2764 1508 -2140 -13776 -4810 1153 END
START 3644 1464 -1664 -15271 -4716 828 END
START 4128 1232 -856 -16554 -4594 27 END
START 3820 748 344 -17715 -4878 -845 END
START 3540 -276 1492 -18868 -4823 -1430 END
START 2976 -1928 3100 -20234 -3946 -1534 END
START 2028 -3492 5184 -21721 -2795 -1061 END
START 1096 -4868 7036 -23337 -1430 -68 END
START 36 -6468 9204 -25087 -740 676 END
START -888 -7256 11932 -26296 -916 1232 END
START -1608 -7800 14872 -26649 -1523 2247 END
START -2988 -7784 17640 -26689 -2342 3116 END
START -4488 -7796 21032 -26795 -3259 3635 END
START -5884 -8036 24912 -25771 -5021 4416 END
START -6552 -8296 28896 -23770 -6304 6064 END
START -6304 -8040 31992 -22080 -5949 8741 END
START -5412 -7344 32767 -20667 -4251 11960 END
START -3188 -5996 32767 -19133 -2157 15242 END
START -80 -4780 32767 -17889 240 16510 END
START 2036 -3688 32767 -16547 1840 15940 END
START 3448 -2376 32767 -14498 1765 14653 END
START 4916 -1116 32767 -11424 897 13596 END
START 6908 432 32767 -7731 770 12356 END
START 8364 1380 32767 -4100 1494 11084 END
START 10096 1668 32767 -349 2570 9709 END
START 11332 1860 32767 2893 3625 8242 END
START 12384 1472 32767 6023 4411 6564 END
START 13072 840 32767 9244 4794 4487 END
START 13548 148 32767 12149 4662 2398 END
START 13564 -264 32767 14533 4419 81 END
START 13472 -524 32468 16520 4524 -2206 END
START 13188 -772 29036 17984 4865 -4885 END
START 12852 -1204 25276 18323 5184 -7745 END
START 12096 -1572 21428 17576 4737 -10594 END
START 11800 -1908 17388 15814 2847 -13606 END
START 11080 -1972 14340 12931 539 -17098 END
START 9876 -1796 13440 11386 -532 -20147 END
START 8340 -2300 12324 11831 -863 -21840 END
START 7064 -3056 10208 12174 -2205 -22396 END
START 5900 -3128 8780 11452 -2828 -22510 END