START 948 7452 -756 4160 -2271 1428 END
START 548 7592 -792 3548 -3483 1474 END
START 144 7864 -1980 2217 -4628 1492 END
START 1316 6664 -3380 -364 -7283 1418 END
START 1068 6628 -4240 -3110 -8380 1493 END
START 1548 6292 -4244 -5489 -8519 1913 END
START 1992 5940 -4744 -7130 -7160 2170 END
START 2028 5712 -5780 -9163 -5710 2344 END
START 2708 4376 -6552 -11347 -6247 2173 END
START 3352 4380 -7056 -13509 -7885 1170 END
START 4084 3728 -6672 -15145 -9644 -216 END
START 3988 2864 -6292 -16157 -10851 -1368 END
START 3872 2064 -5960 -17159 -11095 -1525 END
START 4068 724 -5812 -18789 -10838 -721 END
START 4344 -928 -5616 -21492 -9317 388 END
START 4064 -2116 -4084 -24661 -7340 1745 END
START 4064 -3996 -1272 -27587 -5742 3150 END
START 4084 -5572 2632 -29565 -4289 4568 END
START 4112 -6524 6228 -30255 -2965 5837 END
START 4380 -7536 8756 -30540 -1552 6476 END
START 3840 -8640 11804 -30975 426 5958 END
START 1780 -9312 15368 -30932 1811 4976 END
START -960 -9556 18904 -30345 1061 5022 END
START -2300 -9148 23236 -29549 -538 6626 END
START -2740 -9312 27604 -28921 -514 9396 END
START -2092 -9812 32628 -28074 1372 12291 END
START -1360 -10784 32767 -26769 4384 15032 END
START -124 -11448 32767 -24576 8028 17467 END
START 936 -10688 32767 -21585 11270 19107 END
START 2352 -9488 32767 -18118 13558 19297 END
START 3068 -7784 32767 -14876 14804 18316 END
START 2864 -5672 32767 -10258 13245 17455 END
START 3996 -4472 32767 -5498 11278 16838 END
START 5816 -2944 32767 -526 9478 16423 END
START 7936 -1896 32767 3945 8900 15355 END
START 10132 -892 32767 7473 9768 13699 END
START 11224 -536 32767 10986 10941 11454 END
START 11428 -296 32767 14512 10365 9158 END
START 12184 -108 32767 17238 8696 6390 END
START 12472 -72 32164 18825 7060 3106 END
START 12288 184 29116 19892 5958 4 END
START 11936 44 26220 20370 5828 -2607 END
START 11312 -244 23612 20586 6156 -4799 END
START 10912 -316 20700 20102 6783 -6596 END
START 10716 -552 18188 18947 7173 -8386 END
START 10200 -764 16388 17741 6911 -10340 END