START 2316 4016 5312 9671 -6869 106 END
START 2552 4036 4696 9390 -7612 -3 END
START 628 5024 4496 8403 -7964 -127 END
START 2896 4072 2712 5944 -7799 -102 END
START 4136 3056 1368 2903 -4369 -506 END
START 3884 2544 592 -164 -869 -973 END
START 3616 1728 -264 -2420 1313 -1137 END
START 3820 764 -732 -4173 2027 -1891 END
START 2884 136 -1556 -5448 677 -2657 END
START 2340 -700 -1680 -6178 -1719 -3602 END
START 2096 -1448 -1932 -7037 -3454 -4722 END
START 1176 -2424 -2560 -8386 -4129 -5472 END
START 880 -2504 -2596 -9953 -4178 -5569 END
START 580 -3048 -2604 -12122 -3290 -4689 END
START 980 -3704 -2448 -14671 -2125 -3742 END
START 1656 -3704 -2180 -17445 -1904 -3183 END
START 2588 -4196 -1060 -20043 -1980 -3407 END
START 3284 -4636 392 -22076 -2272 -4557 END
START 3512 -4896 1660 -23887 -2943 -6081 END
START 3392 -5328 3568 -25558 -4016 -7843 END
START 2604 -5672 5648 -27058 -5155 -9656 END
START 1460 -5488 8140 -28421 -5793 -11113 END
START 432 -5684 10844 -29938 -5975 -11581 END
START -484 -6704 14576 -31174 -5831 -11546 END
START -1840 -7604 18720 -32441 -5090 -11729 END
START -4040 -8164 23436 -32768 -4728 -11532 END
START -5844 -7596 28080 -31452 -5354 -10490 END
START -7512 -11464 31412 -29105 -6286 -8964 END
START -9436 -9920 32767 -26348 -7373 -6243 END
START -10112 -10588 32767 -24588 -7203 -3294 END
START -11088 -10788 32767 -23304 -4960 332 END
START -11852 -10940 32767 -21600 -1500 4432 END
START -11868 -11168 32767 -18581 1853 9091 END
START -11484 -10652 32767 -14809 4932 13321 END
START -10280 -9552 32767 -10173 7240 16729 END
START -8792 -8276 32767 -5297 7979 18601 END
START -6676 -6296 32767 -511 7041 19208 END
START -4316 -4332 32767 3608 5360 19377 END
START -1240 -3156 32767 6908 4282 19322 END
START 2136 -1516 32767 9344 4706 18975 END
START 5516 -916 32767 10846 6792 17964 END
START 8984 -464 32084 11344 9966 15846 END
START 11404 -124 30164 11234 12235 13135 END
START 13624 -296 27880 11713 11704 9508 END
START 15088 48 25496 12554 8453 4838 END
START 15448 -172 23140 13021 3757 -191 END
START 16076 -588 20472 13215 -980 -5564 END
START 15996 -552 18468 13330 -4021 -10445 END
START 15724 -772 16768 13689 -4736 -14878 END
START 15084 -1476 14236 13619 -2644 -18896 END
START 13708 -2384 11836 12447 324 -22272 END
START 11464 -3116 10496 10801 2237 -24576 END
START 8600 -4212 9960 9818 1965 -26041 END
START 5684 -5356 10440 10225 -40 -26688 END