START -236 5056 8568 5567 -3744 2609 END
START 816 5160 5608 5093 -5205 2894 END
START 1484 5516 5152 3989 -5228 3093 END
START 1744 4036 4400 2263 -5920 3107 END
START 3220 3748 2224 101 -4243 3190 END
START 3564 3368 1072 -1645 -3447 3146 END
START 4640 2096 -276 -3243 -3472 2304 END
START 4660 1228 -1452 -4687 -4830 1233 END
START 4400 192 -2288 -5994 -6948 -108 END
START 4304 -460 -2732 -7997 -7983 -1892 END
START 3628 -1444 -2780 -10678 -6787 -3813 END
START 2176 -3028 -3028 -13777 -4486 -4996 END
START 580 -3916 -2568 -16863 -2390 -4799 END
START -356 -4884 -2276 -19486 -1716 -3666 END
START -448 -5544 -1448 -21910 -1413 -2995 END
START -612 -6396 -388 -24058 -1281 -3069 END
START -840 -6004 248 -25886 -1382 -4055 END
START -1840 -10092 1588 -28484 -667 -6027 END
START -4100 -9892 3240 -30874 -683 -6998 END
START -6452 -11196 5760 -32768 -1678 -7227 END
START -9100 -11844 9928 -32768 -3580 -5599 END
START -9420 -12288 14348 -32768 -4241 -3046 END
START -8960 -12408 20476 -32768 -2514 -308 END
START -8216 -11940 27260 -32768 531 1590 END
START -7792 -11064 32767 -32768 3130 2276 END
START -7624 -10380 32767 -32113 4670 2459 END
START -8396 -9548 32767 -28106 5606 3033 END
START -9144 -8724 32767 -23956 6572 4369 END
START -10176 -8364 32767 -20012 7927 6569 END
START -10700 -7776 32767 -15747 9655 9693 END
START -10188 -7188 32767 -11763 11372 12952 END
START -8748 -6164 32767 -7914 12595 15893 END
START -6672 -4684 32767 -4177 12941 17792 END
START -4184 -3104 32767 -798 11838 18315 END
START -1840 -1908 32767 2588 9331 18174 END
START 1320 -832 32767 5875 6811 17401 END
START 4644 -112 32767 8477 5331 15955 END
START 7044 252 32767 10248 4700 13759 END
START 9084 360 32767 11791 4288 11295 END
START 10880 248 31208 13323 3894 8105 END
START 11644 -552 28276 14210 3052 4591 END
START 12308 -1248 25468 14665 1271 1215 END
START 12552 -1964 23268 15143 -950 -1959 END
START 12844 -2464 21212 15434 -2948 -4828 END
START 13556 -2836 18824 15073 -4416 -7903 END
START 14084 -2716 17044 14030 -5107 -11496 END
START 13928 -2720 15852 12782 -5539 -15604 END
START 13264 -2748 14752 12249 -5596 -19804 END
START 11656 -3064 13864 11971 -4768 -23179 END
START 9624 -3680 12428 11746 -3639 -25705 END
START 6984 -3808 11824 11273 -3201 -27461 END
START 3916 -4864 11348 11360 -3830 -28556 END
START 484 -6460 11268 11356 -5292 -29133 END
START -3104 -8408 11908 11392 -6307 -29053 END
START -6744 -10232 12760 11615 -6223 -27769 END
START -10204 -11604 12980 11064 -3470 -25220 END
START -13120 -13116 12976 9014 390 -21250 END
START -15116 -14048 12912 6687 3299 -16492 END
START -16204 -13332 12860 5059 4363 -10900 END