START 4948 2576 800 -1779 884 782 END
START 2864 2868 2184 -2480 897 796 END
START 1184 3264 4012 -3930 1810 660 END
START 3852 1188 2220 -6429 2094 297 END
START 4336 -276 1328 -7649 2825 -342 END
START 3152 -576 1408 -8561 2044 -945 END
START 3120 -1188 1376 -9175 423 -1344 END
START 3004 -1820 1204 -9311 -1194 -2021 END
START 2608 -1944 744 -9834 -2461 -2681 END
START 2540 -2284 92 -10697 -2961 -3153 END
START 2412 -2980 -464 -12450 -1813 -3516 END
START 2112 -3004 -1140 -14717 -920 -3384 END
START 2300 -3532 -1144 -17132 37 -3135 END
START 2688 -4048 -1060 -19377 752 -3118 END
START 3660 -4268 -204 -21426 1156 -3895 END
START 4472 -4440 1096 -23260 1457 -5397 END
START 4764 -4940 2776 -25107 1164 -7669 END
START 4576 -5208 4252 -26634 201 -9902 END
START 3568 -5296 6012 -28083 -1137 -11732 END
START 2152 -5656 7772 -29669 -2337 -12946 END
START 132 -5192 10704 -31518 -2305 -13193 END
START -1308 -5960 13660 -32768 -624 -12432 END
START -4088 -6280 18428 -32768 622 -11433 END
START -5764 -7480 23272 -32768 847 -10842 END
START -7884 -8104 28112 -32768 -104 -10561 END
START -9924 -8760 32656 -32351 -1809 -9550 END
START -11636 -9060 32767 -29865 -3892 -7218 END
START -12076 -8952 32767 -26986 -4736 -3702 END
START -12140 -9028 32767 -24572 -2908 -101 END
START -12368 -9336 32767 -22306 204 4057 END
START -12284 -9524 32767 -19754 2895 7861 END
START -11788 -8992 32767 -16465 4171 11228 END
START -9940 -7552 32767 -12109 3927 14309 END
START -6148 -5080 32767 -7190 3690 16053 END
START -2940 -2964 32767 -2862 4478 16593 END
START 416 -1324 32767 775 5886 16342 END
START 3160 -112 32767 3759 6998 15752 END
START 6032 844 32767 6563 8412 14637 END
START 8184 928 32767 9060 9768 12914 END
START 9604 752 32767 11825 10232 10639 END
START 10440 -368 32767 14618 9469 7722 END
START 10476 -1304 32767 17444 7214 4611 END
START 10424 -2364 31036 20117 4372 1759 END
START 10236 -2904 28096 21941 2847 -347 END
START 10152 -3104 25160 22541 2685 -1833 END
START 10852 -2960 22060 22193 3944 -3270 END
START 11516 -2864 18784 20956 5297 -4946 END
START 12200 -2476 16068 18856 5712 -7252 END
START 12480 -1992 13736 16439 4005 -10303 END
START 12464 -1684 11964 14433 471 -14143 END
START 11864 -1128 11220 13659 -3372 -18332 END
START 10460 -1292 10084 13709 -6467 -22496 END
START 7776 -1612 8544 14100 -9195 -25893 END
START 4640 -2056 6892 14141 -11663 -27953 END
START 1024 -2892 6272 12548 -12026 -28966 END
START -3544 -4764 6808 10011 -9067 -28240 END
START -8148 -6768 8304 7190 -5162 -25618 END
START -12440 -8908 11448 4902 -2602 -21303 END
START -15548 -10500 13700 3727 -1544 -15486 END