START 3540 4336 3800 1554 -586 1773 END
START 4928 3912 592 809 -1369 1651 END
START 5144 4380 1644 -655 -550 1147 END
START 5012 3272 1772 -3006 -656 -142 END
START 4736 1892 1284 -4788 -1046 -1780 END
START 3664 992 576 -5384 -3272 -2741 END
START 3300 348 184 -5761 -5529 -2894 END
START 2952 -420 -460 -6837 -6028 -2874 END
START 2456 -1132 -664 -8716 -5330 -2838 END
START 2088 -1872 -776 -11039 -3004 -2771 END
START 1616 -2492 -736 -13288 -1192 -2693 END
START 1652 -3224 -464 -15094 -329 -2789 END
START 1876 -3660 216 -16562 -679 -2853 END
START 2516 -3868 108 -17861 -1482 -2752 END
START 3940 -3632 904 -19610 -1932 -3344 END
START 4740 -3652 2012 -21596 -2385 -4595 END
START 5108 -3532 3076 -23346 -3037 -6057 END
START 5296 -3472 4232 -25145 -3017 -7676 END
START 5112 -3748 5488 -27275 -1908 -9394 END
START 4032 -3952 7632 -29958 -206 -11083 END
START 2228 -2692 10172 -32195 667 -12336 END
START -32 -4224 14324 -32768 97 -13476 END
START -2136 -3932 19192 -32768 -1672 -13601 END
START -3788 -5836 24064 -32582 -3586 -14435 END
START -6332 -7676 27684 -31192 -5537 -14931 END
START -9668 -9512 30888 -29579 -7181 -14270 END
START -13140 -11308 32767 -28285 -7374 -11428 END
START -16280 -11340 32767 -27110 -5309 -5954 END
START -17604 -11008 32767 -26388 -1730 1089 END
START -16844 -10140 32767 -24491 1570 8285 END
START -14220 -8876 32767 -22182 4194 13551 END
START -11120 -7540 32767 -19004 6027 15896 END
START -8692 -6576 32767 -14739 5803 16277 END
START -6968 -5568 32767 -9667 3730 16183 END
START -5384 -4596 32767 -4545 1306 16734 END
START -3236 -3492 32767 -89 315 17939 END
START -836 -2376 32767 3178 2102 19062 END
START 1644 -1516 32767 5197 6209 19967 END
START 4612 -816 32767 6555 10697 20190 END
START 7732 -248 32480 7580 13363 19220 END
START 10380 148 30216 8130 13048 16622 END
START 13216 140 28820 8301 10025 12144 END
START 15084 588 27912 8883 5543 6272 END
START 15792 480 27416 10486 1538 421 END
START 15496 -404 26356 12336 -938 -4547 END
START 14472 -1488 25072 13563 -1742 -8468 END
START 12964 -2364 23512 14678 -939 -11272 END
START 11688 -2932 22060 15007 1349 -13629 END
START 10016 -3420 20724 14950 3048 -15564 END
START 8312 -4216 18920 14913 3083 -16973 END
START 6792 -4300 17520 15003 1785 -17914 END
START 5000 -4284 16260 15111 -277 -18685 END
START 3536 -4532 15168 15362 -2526 -19427 END
START 1896 -4912 14024 15736 -3835 -20047 END
START -316 -5424 12988 15707 -3929 -20362 END
START -2816 -6044 12620 15142 -2725 -20002 END