START 1720 6188 10108 5091 -4199 4447 END
START 1352 6744 10708 5038 -4262 4473 END
START 820 8076 9360 4244 -4306 4451 END
START 3076 7076 8608 3224 -4287 3915 END
START 4124 6480 7960 2361 -2929 2638 END
START 4756 6852 6280 1519 -1505 768 END
START 5028 6432 5156 176 372 -682 END
START 4724 5156 3252 -1112 964 -1228 END
START 4032 4172 1712 -2380 -454 -1502 END
START 4204 3536 -80 -3848 -2695 -1372 END
START 4460 2688 -1088 -5573 -3754 -1486 END
START 4576 1740 -1448 -7932 -3265 -2261 END
START 4344 812 -1752 -10633 -1446 -3630 END
START 3192 -224 -1740 -12909 -140 -4805 END
START 2444 -1384 -1724 -14591 -16 -5616 END
START 1488 -2180 -1784 -16153 -609 -5982 END
START 928 -2684 -2252 -17839 -1269 -5674 END
START 184 -3804 -1376 -19441 -2429 -5114 END
START 264 -4796 -560 -21440 -2369 -5010 END
START -284 -5772 72 -23990 -1444 -5598 END
START -848 -6624 1300 -26677 -354 -6144 END
START -1556 -7344 3904 -29170 -71 -6277 END
START -1804 -7292 6648 -30857 -637 -5819 END
START -1840 -7132 9804 -31964 -1235 -5346 END
START -1628 -6816 12884 -32768 -939 -5537 END
START -2044 -6904 16608 -32768 -479 -6435 END
START -3436 -7420 20408 -32768 -762 -7422 END
START -5456 -7576 24664 -32768 -1854 -7543 END
START -7472 -7704 28768 -31814 -2840 -6255 END
START -9072 -7520 32140 -29968 -3329 -3846 END
START -9424 -7640 32767 -28403 -2476 -439 END
START -9268 -7628 32767 -26694 402 3241 END
START -8856 -7532 32767 -24809 4430 6100 END
START -8844 -7156 32767 -22212 8009 8533 END
START -8544 -6956 32767 -18961 9853 10996 END
START -7704 -6308 32767 -14630 9934 13413 END
START -6532 -5652 32767 -9787 9655 15591 END
START -4420 -4608 32767 -5440 10039 17240 END
START -1236 -3064 32767 -1958 10762 17831 END
START 1740 -1712 32767 822 11533 16829 END
START 3932 -924 32767 3227 11301 15182 END
START 5740 -212 32767 5919 9984 13609 END
START 7648 208 32767 8422 8262 11642 END
START 9328 444 32767 10327 6856 9308 END
START 10600 296 31032 11785 5790 6427 END
START 11248 -96 29176 12891 4646 3173 END
START 11784 -880 27436 13745 3233 -147 END
START 11996 -1724 25536 14494 1948 -3424 END
START 11732 -2404 24272 14969 468 -6634 END
START 11188 -3300 23204 15518 -377 -9351 END
START 10516 -3520 22348 16466 -651 -11762 END
START 9612 -3932 20896 17429 -749 -13871 END
START 8928 -4072 18880 17733 -250 -15478 END
START 8144 -3876 16676 17083 -77 -17052 END
START 7332 -3492 14976 16070 -440 -18695 END
START 5748 -3140 13956 14943 -1763 -20526 END
START 3772 -2820 13080 14410 -3380 -22180 END
START 1748 -2792 12432 14749 -5199 -23471 END
START -748 -3856 11460 15314 -6143 -24338 END
START -3480 -4940 10528 14839 -5686 -24642 END
START -6332 -6468 10260 13519 -4156 -23825 END
START -9292 -8252 10536 12263 -2733 -21778 END
START -11384 -9628 10788 10628 -1269 -18910 END
START -13168 -9912 11104 9242 276 -15209 END
START -14372 -9728 11064 8097 930 -10745 END
START -14604 -9052 10704 7108 927 -5917 END