START 2764 7436 2784 1788 -1344 -2714 END
START 1816 7772 3508 1287 -2489 -2692 END
START 2100 7752 2228 303 -2639 -2791 END
START 2096 5856 1144 -522 -3990 -2622 END
START 732 5200 904 -1063 -5219 -2291 END
START 104 4824 -236 -1140 -7168 -1451 END
START -288 3904 -892 -1689 -9048 -187 END
START -200 3232 -1796 -2963 -10455 1117 END
START 228 2476 -2172 -4954 -11204 2398 END
START 1124 2444 -2660 -7335 -10640 3411 END
START 1932 2052 -2184 -9928 -9718 4459 END
START 3124 1740 -2000 -12178 -8684 5409 END
START 4292 1508 -1444 -14164 -7723 6052 END
START 5552 1128 -1040 -15975 -6805 5919 END
START 6036 520 -256 -17703 -5734 5023 END
START 5228 -24 400 -19167 -5259 3689 END
START 3840 -564 1456 -20160 -5889 2884 END
START 2444 -1472 3024 -20934 -7566 2586 END
START 1468 -2260 5136 -21546 -9469 3304 END
START 1412 -3124 6968 -22262 -10241 5198 END
START 2220 -4264 9444 -23713 -8633 7583 END
START 3116 -5312 11632 -25545 -5136 9571 END
START 3164 -6128 15044 -27113 -1921 11069 END
START 3324 -6424 18908 -27543 -901 12102 END
START 3600 -6436 22448 -26668 -1514 12186 END
START 3292 -6220 25228 -25042 -2880 11956 END
START 3040 -6096 27944 -23251 -4659 12274 END
START 3028 -6068 30116 -21311 -6039 13500 END
START 3276 -5892 32188 -19438 -5979 15581 END
START 4408 -5872 32767 -17652 -4418 18682 END
START 6272 -5700 32767 -15818 -1353 21763 END
START 9000 -4668 32767 -13203 2429 23539 END
START 11200 -4236 32767 -9830 5361 23912 END
START 12704 -3600 32767 -5879 6644 23163 END
START 13876 -2488 32767 -1699 7107 21453 END
START 14396 -1788 32767 2274 7480 19622 END
START 15236 -952 32767 5335 9149 18564 END
START 15652 -1008 32767 7887 11402 18654 END
START 16992 -668 32767 10254 13669 18167 END
START 18688 -344 32767 12442 14400 15754 END
START 19488 -212 31676 14081 12554 11199 END
START 19624 220 29532 15627 8776 5302 END
START 18912 448 27372 16618 4929 -355 END
START 17748 264 25396 17271 1986 -5517 END
START 16344 -232 23712 17937 649 -9820 END
START 14560 -744 21792 18775 1123 -12877 END
START 12688 -1676 19808 19382 2575 -14836 END
START 10932 -2120 17292 19407 4410 -15495 END
START 10296 -1860 15216 18338 6204 -15656 END
START 9656 -1248 13188 16562 7478 -16413 END
START 9244 -344 11564 14349 7730 -17799 END
START 8484 192 10104 12067 6638 -19607 END
START 7700 344 8656 9460 3972 -21508 END
START 6588 788 8028 6761 833 -23483 END
START 5736 888 8292 4839 -1400 -25024 END
START 4252 628 8788 3765 -2718 -25955 END
START 2412 128 9996 3288 -3005 -25783 END
START 672 -432 11016 3504 -2675 -24432 END