START 1820 6144 2640 2168 466 -1455 END
START 2208 6184 888 1472 -758 -1429 END
START 1832 6924 -40 -32 -639 -1538 END
START 952 5828 388 -2062 -2186 -1632 END
START 1404 5032 -932 -3629 -2289 -1960 END
START 640 5092 -1296 -5128 -2998 -2439 END
START 256 4480 -1832 -6073 -3555 -2642 END
START 268 4004 -2432 -7134 -3983 -2299 END
START 356 3620 -2796 -8570 -4414 -1666 END
START 1032 3232 -2960 -10224 -4988 -1009 END
START 1828 3336 -3168 -12386 -4865 -542 END
START 2904 2912 -2600 -14637 -4353 -632 END
START 3168 2988 -1844 -16758 -3970 -1275 END
START 3672 2608 -1248 -18494 -3541 -2164 END
START 3768 2204 -420 -19952 -3324 -3119 END
START 4036 1008 336 -21590 -3199 -4161 END
START 3396 448 1664 -23191 -3424 -5173 END
START 2544 -336 3576 -24459 -3986 -5861 END
START 2024 -1400 5560 -25814 -4659 -6000 END
START 1708 -3688 7924 -27757 -3015 -5812 END
START 172 -5168 11632 -28554 -1291 -4768 END
START -792 -7360 15000 -28903 -542 -3973 END
START -2052 -9144 18292 -29059 -1077 -3481 END
START -3396 -10188 22056 -28471 -1903 -2900 END
START -4728 -10796 25140 -26529 -2842 -1783 END
START -5700 -10296 27240 -24514 -3694 -541 END
START -6384 -10244 28504 -23715 -3760 987 END
START -6748 -10276 30184 -23506 -2854 3348 END
START -6548 -9880 32280 -23350 -874 6258 END
START -6400 -9796 32767 -22509 1506 9107 END
START -6244 -9220 32767 -20840 3568 11318 END
START -5644 -8432 32767 -18082 4591 12935 END
START -5040 -7168 32767 -14257 5293 14136 END
START -4060 -5912 32767 -9627 6134 15110 END
START -2276 -5016 32767 -6601 7238 15933 END
START -996 -3668 32767 -4911 7994 16268 END
START 544 -2384 32767 -3583 8127 15856 END
START 1796 -1168 32767 -908 7258 14986 END
START 3908 -144 32767 2650 5667 13210 END
START 6044 260 32767 5857 4088 10680 END
START 7744 520 32767 8437 2823 7502 END
START 8932 768 32767 10522 1975 4165 END
START 9724 528 32767 12626 1752 769 END
START 10356 252 32372 14381 2343 -2486 END
START 9976 -544 30224 16076 3508 -5692 END
START 8960 -1436 27608 17512 4296 -8123 END
START 8468 -2304 25052 18475 4746 -9956 END
START 7980 -2876 22768 18889 5127 -11689 END
START 7440 -3260 20488 18722 4997 -13363 END
START 6688 -3320 18692 18713 4444 -14988 END
START 5640 -3260 17140 19258 3596 -16330 END
START 4480 -3252 15648 19998 2611 -17072 END
START 3120 -3260 14072 20449 2183 -17382 END
START 1860 -3500 12440 20247 2160 -17263 END
START 384 -3664 10984 19542 2177 -16783 END
START -1328 -3696 9684 18383 1939 -15698 END
START -2680 -3564 8640 16921 1659 -14252 END
START -3756 -3368 7552 15059 1646 -12565 END
START -4936 -2976 7404 13284 1584 -10992 END
START -5960 -2604 7020 11285 1329 -9297 END
START -6840 -2192 6668 9396 765 -7502 END