START 4068 8564 1740 5011 -3207 -912 END
START 3188 8752 2188 4536 -3879 -1068 END
START 3512 9156 2424 3629 -4433 -1457 END
START 3784 8156 1292 2525 -5156 -2581 END
START 3512 7952 196 1099 -5847 -4130 END
START 3236 7520 -1124 -429 -7299 -6055 END
START 2384 6684 -2088 -1701 -9214 -7596 END
START 1724 6252 -2752 -2964 -10553 -8159 END
START 628 5188 -3492 -4686 -11439 -7470 END
START -176 4252 -4004 -6766 -11024 -6009 END
START -792 2992 -4348 -9108 -9968 -3704 END
START -1056 1468 -4680 -11847 -8131 -1511 END
START -1532 436 -4288 -14713 -6691 410 END
START -2052 -684 -3668 -16674 -6862 1623 END
START -2540 -1656 -2624 -17924 -8696 2628 END
START -2320 -2608 -1372 -18450 -11166 3941 END
START -1408 -3296 -284 -19418 -13016 5837 END
START 784 -3736 1388 -21036 -13105 8105 END
START 2392 -3988 3452 -23335 -12121 10215 END
START 4116 -3952 5832 -25914 -9661 11760 END
START 5348 -3568 8652 -27607 -6863 12131 END
START 6036 -3144 11240 -28260 -4862 11662 END
START 6756 -3256 13988 -28511 -3522 10630 END
START 6616 -3588 16444 -28748 -2808 9280 END
START 5824 -3552 19256 -28907 -2858 8111 END
START 5020 -4632 22468 -28489 -3465 7549 END
START 4092 -6196 26000 -27912 -4099 7845 END
START 3828 -7792 29960 -26988 -4368 9391 END
START 3244 -8712 32767 -25539 -4019 12195 END
START 3608 -8932 32767 -22949 -3174 15233 END
START 5096 -8580 32767 -19344 -1741 17343 END
START 7248 -7720 32767 -15237 539 17837 END
START 8188 -7152 32767 -10772 2563 17254 END
START 8552 -5996 32767 -5071 2804 16544 END
START 9560 -4860 32767 487 2544 16156 END
START 10760 -4240 32767 4857 3479 15961 END
START 11864 -3568 32767 9003 4462 15425 END
START 13748 -2216 32767 12193 6089 13808 END
START 14512 -1004 32767 15133 7911 11304 END
START 15116 -124 32767 17863 8917 8645 END
START 15016 312 32400 20027 8506 5942 END
START 15008 736 28656 21571 7136 3058 END
START 14736 1260 24716 22331 5863 -145 END
START 14200 1468 21744 22556 5205 -3396 END
START 13472 1376 18868 22114 5425 -6129 END
START 13032 1448 16556 21349 6768 -8468 END
START 12208 1264 14404 20306 7926 -10334 END
START 11596 1116 12196 18600 8266 -11614 END
START 10880 1180 10716 16545 7452 -12456 END