START 5176 3108 672 3336 -3097 -2178 END
START 4240 3140 -28 2802 -4571 -2144 END
START 4304 4008 -524 1529 -5048 -2217 END
START 4676 2328 -152 -123 -6107 -2628 END
START 4468 1892 -552 -1415 -5261 -3613 END
START 4064 2236 -1468 -2807 -4563 -4686 END
START 3120 988 -2224 -4388 -4167 -5429 END
START 2076 800 -2616 -6286 -4754 -5415 END
START 1472 -1224 -3360 -8577 -4709 -4994 END
START 384 -1012 -3044 -10687 -5055 -4685 END
START -272 -2200 -2628 -12931 -5038 -3384 END
START -460 -2896 -2420 -15598 -5062 -2471 END
START -532 -3772 -1184 -17818 -5315 -2006 END
START -304 -4672 36 -19245 -5615 -1835 END
START -24 -4496 360 -20305 -5696 -1355 END
START 1004 -5812 2072 -21388 -5571 -1226 END
START 1792 -5976 3404 -23055 -5580 -1047 END
START 2696 -6132 4684 -24875 -5071 -1510 END
START 2904 -6408 7008 -26397 -3777 -2332 END
START 2504 -6980 9360 -27378 -2314 -3233 END
START 2012 -7016 11616 -28293 -1132 -4196 END
START 900 -6920 14060 -29050 -333 -5233 END
START -392 -7224 16892 -29672 -175 -6355 END
START -2000 -7008 20036 -29736 -582 -6635 END
START -3132 -6952 23028 -28826 -994 -6228 END
START -4360 -7316 25724 -27655 -1331 -5880 END
START -5460 -8104 27376 -26363 -1838 -5305 END
START -6876 -9304 29340 -25613 -1795 -4510 END
START -8860 -10124 31796 -24618 -1793 -2832 END
START -10236 -11080 32767 -22496 -2491 672 END
START -9988 -11344 32767 -20156 -2949 5142 END
START -8456 -11448 32767 -18342 -1084 9278 END
START -7092 -11332 32767 -15586 2733 12429 END
START -5400 -10788 32767 -11590 7089 14155 END
START -4308 -10004 32767 -6773 10228 14552 END
START -2900 -8408 32767 -2115 11225 14584 END
START -1300 -6460 32767 2472 11036 14645 END
START 364 -4224 32767 6823 10572 14343 END
START 2080 -3104 32767 10287 10101 14011 END
START 4108 -2356 32767 13229 9911 13828 END
START 6064 -2476 32767 15468 10120 12405 END
START 8156 -2444 32767 17391 10722 10244 END
START 9880 -2564 32260 19028 10982 7371 END
START 11032 -2300 29696 20458 10299 4069 END
START 12168 -2176 26464 22076 8847 628 END
START 12856 -2360 22324 23110 6776 -2548 END
START 13612 -1968 18388 22699 4325 -6035 END
START 13712 -1656 14372 21094 2323 -9844 END
START 13432 -1376 10484 18388 469 -13906 END
START 12916 -904 8036 15088 -883 -18435 END
START 11292 -1132 7120 12981 -1653 -22540 END
START 8456 -2072 6612 12704 -3530 -25741 END
START 4580 -3304 6428 13059 -6721 -27592 END
START 452 -4968 6484 13342 -9848 -27987 END