START 3832 6912 6372 7512 -2650 -803 END
START 1652 7848 7268 7104 -3814 -972 END
START 2012 8076 6700 6141 -5128 -1366 END
START 3924 6468 4820 5069 -6533 -2205 END
START 3764 6472 4568 3743 -6486 -3098 END
START 3524 6184 3924 2299 -5965 -3538 END
START 3736 5128 2712 725 -4214 -3903 END
START 3136 4488 1632 -1147 -3344 -4222 END
START 2684 3404 1188 -2684 -3447 -4528 END
START 2012 3040 520 -3749 -4347 -4652 END
START 1396 2452 -192 -5047 -5076 -4759 END
START 1128 1804 -664 -6415 -5164 -4465 END
START 688 1028 -972 -7681 -5008 -3653 END
START 360 612 -1436 -9196 -4712 -2451 END
START 504 100 -1548 -11169 -4418 -1260 END
START 952 -392 -1288 -13237 -4220 -282 END
START 964 -516 -796 -15164 -3861 330 END
START 1024 -576 68 -16649 -3887 759 END
START 1392 -592 1004 -17804 -4282 1246 END
START 2532 -656 1996 -18968 -4427 1574 END
START 3100 -1172 3148 -20246 -3949 1417 END
START 3188 -1944 4676 -21787 -3424 976 END
START 2984 -2792 7024 -23135 -3046 608 END
START 2412 -3340 9508 -24029 -2502 250 END
START 1968 -4400 11984 -24494 -2100 291 END
START 1448 -5080 14380 -24901 -1679 619 END
START 932 -5608 16712 -25673 -1477 1127 END
START 16 -6344 19432 -26526 -1299 1417 END
START -1220 -6900 22944 -26696 -1413 1755 END
START -2296 -7124 26064 -25933 -1916 2711 END
START -2232 -7124 29216 -24686 -2333 4428 END
START -1412 -6568 32204 -23365 -1931 6369 END
START -676 -6144 32767 -21839 -688 7446 END
START -392 -5976 32767 -19971 423 8077 END
START -556 -5740 32767 -17645 1098 8850 END
START -328 -5564 32767 -14797 1449 9971 END
START 124 -5024 32767 -11748 1332 11506 END
START 1612 -4060 32767 -8740 1302 13349 END
START 3568 -2636 32767 -5872 2411 14629 END
START 5396 -1544 32767 -2536 4252 14608 END
START 7212 -1128 32767 1119 5858 13570 END
START 8444 -648 32767 4551 6386 11710 END
START 9744 -452 32767 7810 5840 9956 END
START 10768 -24 32767 10868 5318 7740 END
START 11520 -64 32767 13581 5184 4983 END
START 11836 284 31644 15335 5356 2215 END
START 12104 172 28248 16333 6122 -801 END
START 11652 -240 25392 16381 6652 -3727 END
START 11064 -624 22512 15776 6611 -6897 END
START 9964 -904 20664 15415 6492 -9844 END
START 8788 -1204 19012 15721 6214 -12056 END
START 7784 -1904 16840 16044 5810 -13564 END
START 6948 -2064 14928 15685 5676 -14678 END
START 6008 -2328 13292 14934 6120 -15659 END
START 4816 -2552 11876 14187 6435 -16444 END
START 3368 -2744 10828 13035 6154 -16917 END