START 3368 6800 6744 4064 -916 -1312 END
START 1624 7020 8464 4047 -1069 -1636 END
START 92 7460 9268 3526 -1757 -2337 END
START 1664 6184 5368 2714 -3108 -3110 END
START 1140 5556 4068 1551 -3126 -3448 END
START 216 4820 2772 238 -3094 -2826 END
START -420 4204 2060 -996 -2892 -1543 END
START -672 3792 1212 -2231 -2767 99 END
START -920 3244 196 -3697 -2587 1300 END
START -608 2476 -400 -5435 -2532 2091 END
START -452 1900 -964 -7304 -2520 2533 END
START -368 1640 -1084 -8929 -2640 2849 END
START -112 1064 -1160 -10287 -2718 3176 END
START 156 632 -1748 -11774 -2897 3502 END
START 184 40 -1648 -13309 -2822 3609 END
START -28 84 -2276 -14929 -2551 3482 END
START -508 -80 -2152 -16508 -2772 3302 END
START -1176 -60 -2024 -18156 -3465 3553 END
START -1032 -176 -928 -20149 -4506 3967 END
START -508 -956 120 -22116 -4967 4373 END
START 48 -2148 2212 -23883 -4780 4815 END
START 104 -3468 4648 -25757 -4611 5148 END
START 12 -4476 8024 -27423 -4440 5065 END
START -284 -5004 11892 -28483 -4520 4633 END
START -700 -6892 16420 -28935 -4880 4349 END
START -1048 -7496 20912 -28916 -4992 4688 END
START -1272 -7724 25876 -28880 -4440 5895 END
START -1092 -9000 31720 -28269 -3366 7698 END
START -788 -9260 32767 -26752 -2093 9895 END
START 108 -9288 32767 -24638 -515 12183 END
START 1444 -9132 32767 -22285 1574 14183 END
START 2712 -8276 32767 -19561 3540 15183 END
START 3732 -7612 32767 -16383 5497 15442 END
START 4576 -6628 32767 -12031 6594 15686 END
START 6056 -5784 32767 -7735 7451 15760 END
START 7216 -4520 32767 -4524 8875 15498 END
START 8868 -3284 32767 -1452 9873 15363 END
START 9960 -2292 32767 2670 9684 14611 END
START 12184 -1184 32767 6991 8546 13059 END
START 14084 -644 32767 10741 7523 10131 END
START 16080 112 32767 13432 6936 6269 END
START 16648 652 32704 15576 6138 2165 END
START 16572 700 29412 16765 5229 -1684 END
START 16216 620 26860 17347 5016 -5459 END
START 15080 376 24264 17868 5452 -8716 END
START 13860 -176 22392 18528 6230 -10977 END
START 12760 -576 20712 19219 7291 -12778 END
START 12088 -1156 19148 19438 8259 -14278 END
START 11464 -1384 17756 19276 8571 -15740 END
START 10556 -1284 16340 18861 8225 -17727 END
START 9136 -1308 15140 18130 7119 -19739 END
START 7624 -1268 13812 17214 5561 -21494 END
START 5776 -1432 12732 16207 4554 -22834 END
START 3988 -1576 11856 15208 4302 -23769 END
START 1848 -2244 10972 13667 4660 -24075 END
START -424 -3052 10444 12451 5057 -23685 END
START -3168 -3816 10052 11175 4823 -22706 END
START -5500 -4732 9856 10083 4104 -21064 END
START -7588 -5468 10124 9179 2834 -18994 END
START -9208 -5620 10148 8299 1683 -16252 END
START -10688 -5660 10520 7163 1471 -12915 END