START 1052 7524 2272 3486 -1414 -1794 END
START -304 7956 4212 2878 -2654 -1764 END
START 428 7968 2700 1497 -3302 -1833 END
START 2088 6408 1356 -254 -3381 -1710 END
START 2128 6140 1312 -1807 -2582 -1774 END
START 2560 5304 788 -3211 -1335 -2170 END
START 2088 4088 116 -4393 -768 -2659 END
START 1736 3388 -496 -5493 -960 -3171 END
START 992 2428 -1084 -6636 -1590 -3541 END
START 264 1816 -1420 -7860 -2931 -3305 END
START 116 1384 -1568 -9048 -4413 -2666 END
START 496 968 -1920 -10325 -5270 -1897 END
START 1288 692 -1768 -12004 -5231 -1109 END
START 2092 468 -1660 -14087 -4599 -841 END
START 3088 340 -1568 -16215 -3602 -912 END
START 3568 100 -876 -18367 -2793 -1508 END
START 3996 4 124 -19956 -2368 -2598 END
START 4116 -500 1064 -21135 -2534 -3848 END
START 3968 -1004 2276 -22127 -3285 -5206 END
START 3648 -1612 3528 -23080 -4505 -6546 END
START 3160 -2628 5172 -24108 -5628 -7829 END
START 2240 -3160 7692 -25632 -5807 -8829 END
START 1068 -6044 9128 -28415 -3518 -9313 END
START -2312 -7468 13632 -29099 -2806 -8060 END
START -4212 -8560 17240 -29050 -3573 -6383 END
START -6124 -10072 21140 -28834 -4241 -4968 END
START -8052 -10952 25668 -28002 -5053 -2814 END
START -9668 -11524 30024 -26070 -5747 356 END
START -10404 -11520 32767 -23600 -5833 3924 END
START -10220 -11540 32767 -21616 -3974 7610 END
START -9724 -11288 32767 -19727 -626 10964 END
START -8728 -10656 32767 -17374 2507 13611 END
START -7744 -9644 32767 -15258 3898 14870 END
START -6796 -8124 32767 -13304 3078 14818 END
START -5876 -6336 32767 -10080 1064 14821 END
START -4440 -4976 32767 -6149 -946 15127 END
START -1560 -3716 32767 -3574 -1607 15664 END
START 1684 -2152 32767 -1800 -344 16094 END
START 4748 -800 32767 337 1581 15900 END
START 7100 104 32767 3199 3384 14502 END
START 9412 312 32767 6112 4556 11798 END
START 10604 436 32767 9387 4522 7891 END
START 11128 316 32767 12862 3522 3741 END
START 11176 -44 32767 16195 2017 -67 END
START 11052 -444 32767 18939 388 -3229 END
START 10416 -856 30556 20833 -850 -5856 END
START 10116 -1356 27748 21756 -524 -8141 END
START 9788 -1472 24240 21658 1197 -10119 END
START 9416 -1532 20940 20266 3022 -11928 END
START 8852 -1888 17480 17984 4205 -13734 END
START 8016 -1684 14720 15154 4053 -16000 END
START 6900 -1516 13776 13573 3604 -18328 END
START 5168 -1368 12612 13750 3302 -19942 END
START 3820 -1920 11044 14919 2651 -20835 END
START 2380 -2508 9220 15215 1289 -21191 END
START 1140 -2672 7328 15116 -628 -21289 END
START -192 -2932 6392 14359 -1884 -21181 END
START -1508 -3328 5848 13435 -1610 -20493 END
START -3180 -4172 5588 11527 -310 -18871 END
START -4948 -4648 5896 9376 1065 -16400 END