START 2532 6820 4096 4258 -2874 1649 END
START 3116 6884 2636 3800 -3524 1350 END
START 2956 7224 2596 2800 -4274 825 END
START 3664 5584 880 1635 -4607 -162 END
START 2532 5624 528 254 -4542 -1292 END
START 1780 5460 -344 -870 -5208 -1743 END
START 1256 5028 -1000 -2007 -5811 -1249 END
START 956 4340 -1648 -3482 -6418 258 END
START 1660 4236 -2244 -5086 -6352 1829 END
START 2856 4260 -2700 -7421 -5420 2812 END
START 4152 4032 -2488 -9880 -4029 2931 END
START 5036 3812 -2380 -11806 -3079 2289 END
START 5920 3292 -2000 -12975 -2497 1088 END
START 5868 3668 -1768 -13942 -2490 -95 END
START 5808 3344 -1980 -14818 -2498 -1228 END
START 5032 3080 -2432 -16297 -2388 -2159 END
START 4184 1564 -1788 -18185 -2023 -2538 END
START 3248 -96 -1192 -20788 -1344 -2621 END
START 2428 -2252 396 -23651 -875 -2412 END
START 1188 -3980 2608 -25840 -876 -2002 END
START 444 -5908 5328 -27314 -1554 -1470 END
START -340 -7480 8436 -28073 -2632 -855 END
START -592 -8636 11436 -28453 -4066 -83 END
START -508 -9032 14248 -28877 -5125 589 END
START -1216 -9616 17832 -29046 -5933 825 END
START -1732 -10008 21420 -28627 -6500 1077 END
START -2552 -10800 25344 -27577 -6744 1885 END
START -3012 -11072 29244 -26915 -6049 3565 END
START -3212 -11064 32767 -26136 -4127 6229 END
START -3520 -11172 32767 -24404 -1662 9409 END
START -3020 -10744 32767 -21634 414 12355 END
START -2216 -10236 32767 -17697 1778 14614 END
START -676 -8632 32767 -13310 2618 16430 END
START 1716 -6136 32767 -9297 4106 17100 END
START 3360 -4224 32767 -6131 5576 16875 END
START 5480 -2316 32767 -3107 6516 16130 END
START 7792 -536 32767 146 6559 14583 END
START 9348 936 32767 3471 5971 12375 END
START 10800 1624 32767 6665 5005 9907 END
START 12588 2052 32767 9582 3953 7037 END
START 13768 1900 32767 12205 3315 3566 END
START 13996 1388 32767 15137 3113 9 END
START 13560 1208 32767 18004 2959 -2759 END
START 13000 608 29304 20167 3619 -5318 END
START 12368 0 25756 21266 5702 -7503 END
START 11132 -308 22524 21460 8134 -9314 END
START 10092 -772 19292 20854 10447 -10840 END
START 9240 -1320 15820 19547 11212 -12172 END
START 8412 -1608 13008 17639 9509 -13790 END
START 7516 -1664 10684 15790 6118 -15548 END
START 6684 -1476 8740 14440 2141 -17079 END