START 1404 6716 7756 983 -2464 3220 END
START 936 7016 8212 692 -2564 3101 END
START 2104 7032 6112 74 -2447 2785 END
START 1788 6916 6904 -768 -2783 2044 END
START 2368 6692 5828 -1134 -3084 980 END
START 2364 6248 4604 -1305 -3731 -127 END
START 2056 5516 2908 -1789 -4721 -1123 END
START 1664 4464 1608 -3159 -5329 -1840 END
START 680 3340 576 -4867 -5888 -1916 END
START 520 2780 24 -6770 -6249 -1162 END
START 376 1700 -252 -8580 -6469 -236 END
START 624 856 -376 -10798 -6139 783 END
START 1128 300 -408 -12899 -5405 1467 END
START 960 -660 -104 -14959 -4540 1532 END
START 456 -1532 796 -16773 -4364 1364 END
START -452 -2480 2032 -17996 -5124 1487 END
START -1000 -3020 3736 -18975 -6123 1998 END
START -1600 -3372 4992 -20048 -6309 2992 END
START -2488 -3612 6904 -21292 -6132 4399 END
START -3012 -4108 9204 -22934 -5241 6074 END
START -3720 -4972 12308 -24893 -3910 7780 END
START -3720 -5420 17000 -26227 -3417 9753 END
START -3324 -5680 21840 -26335 -2791 11640 END
START -2608 -5832 27264 -25387 -1226 13097 END
START -2164 -6208 31276 -23709 1261 14141 END
START -2036 -6568 32767 -21708 4137 15189 END
START -1860 -6872 32767 -19074 7584 16871 END
START -1428 -6844 32767 -15879 10734 18272 END
START -464 -6856 32767 -12595 11992 19151 END
START 1096 -5944 32767 -9547 12012 19099 END
START 2664 -5020 32767 -6261 11265 17994 END
START 3916 -3848 32767 -2577 10129 16481 END
START 5388 -2680 32767 1236 8841 15029 END
START 7192 -1676 32767 4513 8127 13325 END
START 8576 -968 32767 7577 7617 11563 END
START 9744 -428 32767 10286 7101 9715 END
START 11252 264 32767 12634 6563 7353 END
START 12176 644 32767 14445 5343 4545 END
START 12736 980 32368 15708 3400 1481 END
START 13092 952 29668 16565 1140 -1528 END
START 13372 880 27720 17365 -448 -4627 END
START 13428 996 25284 18107 -880 -7709 END
START 13392 728 22904 18047 -436 -10736 END
START 13244 516 20624 17284 264 -13830 END
START 12248 228 19184 16486 236 -16614 END
START 11108 104 18100 16251 -235 -18769 END
START 10020 -152 16564 15849 -203 -20702 END
START 8456 -168 15268 15114 372 -22336 END
START 6612 -788 14436 14445 1790 -23374 END
START 4172 -1120 13364 13914 2708 -23670 END
START 2104 -1720 12372 13616 2426 -23545 END
START -200 -2512 11444 13250 1174 -23440 END
START -2496 -2732 10676 12825 -558 -22577 END
START -4580 -3724 10388 11966 -2090 -21065 END
START -6516 -3764 10320 10468 -2663 -18949 END
START -8464 -3584 10528 8306 -2716 -15967 END
START -9836 -3488 11108 6268 -2008 -11861 END