START 1464 7704 2084 745 52 -899 END
START 1752 7692 1156 -248 32 -953 END
START 2508 7684 -112 -1856 283 -932 END
START 1776 6184 1608 -5539 1759 -806 END
START 1732 5504 2536 -8461 4101 -503 END
START 1084 4516 3124 -8978 4369 -82 END
START 900 3424 3180 -7481 2459 11 END
START 1580 2884 2280 -5706 -376 -790 END
START 1716 2656 1548 -4268 -3346 -2850 END
START 1580 2356 -108 -3808 -5781 -5153 END
START 812 1992 -884 -5008 -6459 -6331 END
START 316 952 -2048 -7269 -5137 -5926 END
START -564 332 -2588 -10283 -3696 -4233 END
START -792 -240 -2156 -13153 -2970 -1793 END
START -392 -200 -1192 -15137 -3197 168 END
START 588 -100 -192 -16213 -3662 874 END
START 1444 -112 1068 -16977 -4222 520 END
START 2132 -196 2240 -17865 -5069 -608 END
START 2528 -604 4088 -18811 -5937 -2030 END
START 2148 -1324 6156 -19692 -6615 -3355 END
START 1516 -1812 8848 -20687 -7031 -3744 END
START 1096 -3012 11452 -21837 -6480 -3249 END
START 1052 -3888 14076 -23120 -5035 -2236 END
START 732 -4700 16744 -24571 -3081 -1169 END
START 440 -5692 19556 -25587 -1328 -911 END
START -808 -6688 22420 -25491 -803 -1396 END
START -2112 -7756 25036 -24079 -2071 -1925 END
START -2756 -8192 27228 -22055 -4176 -1923 END
START -3360 -8828 29212 -20758 -4933 -1170 END
START -3728 -8280 31256 -19861 -4467 535 END
START -3968 -8456 32767 -18642 -3599 2826 END
START -4128 -8340 32767 -17059 -2858 4703 END
START -4544 -7916 32767 -14954 -3156 6372 END
START -4368 -7592 32767 -12257 -3921 8379 END
START -3520 -7012 32767 -9549 -4786 10447 END
START -1604 -5792 32767 -7358 -4769 12140 END
START 416 -4440 32767 -5735 -3952 13095 END
START 2472 -3196 32767 -4331 -3575 13231 END
START 4116 -2200 32767 -2488 -3244 12500 END
START 5752 -1576 32767 -15 -2553 11192 END
START 7252 -1096 32767 2584 -1548 9663 END
START 8400 -856 32767 5069 -85 7994 END
START 9416 -864 32767 7512 1917 6199 END
START 9656 -1412 32767 10064 4115 4171 END
START 9316 -1984 31284 12745 5759 2333 END
START 9132 -2444 28960 14711 6568 465 END
START 9100 -2620 26816 16021 6878 -1630 END
START 8772 -2636 24388 16671 6527 -4256 END
START 8232 -2524 22504 16951 5841 -7053 END
START 7784 -2656 20672 17259 4899 -9513 END
START 7088 -2316 18960 17402 3928 -11356 END
START 6524 -2100 17224 17231 3587 -12658 END
START 6064 -2020 15280 16506 4055 -13553 END
START 5276 -2028 13488 15284 4531 -14040 END
START 4488 -1652 12168 13601 4685 -14296 END
START 3628 -1648 11352 12781 4635 -14434 END
START 2776 -1368 10728 12141 4676 -14457 END
START 1896 -1388 10164 11630 4462 -14527 END
START 1072 -1520 9952 11112 4515 -14574 END
START -232 -1736 9684 10750 4352 -14260 END
START -1668 -1920 9220 10322 3597 -13460 END
START -2920 -1988 8872 9092 2458 -12221 END