START 1640 9188 4268 4478 -7311 2484 END
START 252 9780 4860 4024 -8792 2422 END
START 1996 9852 1096 2944 -9744 2265 END
START 2140 9612 -688 760 -11365 2275 END
START 2516 9344 -2388 -2000 -11553 2295 END
START 2672 9288 -3360 -5263 -11609 2157 END
START 2796 6480 -2992 -7706 -10638 1542 END
START 2100 4924 -2368 -9417 -9729 936 END
START 1432 3076 -1964 -10043 -10443 907 END
START 1324 1488 -1564 -10415 -11812 1387 END
START 1264 788 -1424 -10856 -12651 2476 END
START 1884 204 -1356 -11291 -12923 3616 END
START 2364 -408 -1164 -12228 -12373 4571 END
START 3248 -708 -840 -13723 -11266 5526 END
START 4024 -1216 272 -15224 -9833 6330 END
START 4700 -1348 976 -16190 -8460 6989 END
START 5676 -1672 1880 -17035 -6869 7176 END
START 5936 -2108 2872 -18105 -5359 6776 END
START 6240 -3004 3912 -19455 -3766 6230 END
START 5736 -3120 5604 -20435 -2085 5610 END
START 4904 -3636 7012 -20758 -850 5267 END
START 4100 -4520 8668 -21439 -406 5322 END
START 3152 -4936 10812 -22345 176 5780 END
START 1984 -4984 13768 -23124 1146 6545 END
START 1264 -5712 17108 -23714 1990 7939 END
START 908 -6176 20424 -24146 3164 9424 END
START 512 -6472 24116 -24501 4229 10806 END
START 692 -6748 28140 -23900 5005 12432 END
START 1080 -7064 32148 -22588 5869 13873 END
START 1620 -6588 32767 -20531 6642 15228 END
START 2120 -6132 32767 -17702 7322 16533 END
START 3068 -5824 32767 -14173 8101 17739 END
START 4928 -5284 32767 -10912 9749 18632 END
START 6800 -4708 32767 -7999 12077 18711 END
START 8456 -4328 32767 -5283 14370 18173 END
START 9912 -2964 32767 -2061 15990 17241 END
START 10748 -1828 32767 1857 16719 15653 END
START 11824 -884 32767 6034 16573 13636 END
START 12920 -296 32767 9753 16100 11011 END
START 13992 280 32767 12707 15057 8211 END
START 14808 740 32767 15021 13905 5074 END
START 15672 952 32456 16580 13156 1372 END
START 15884 1012 29660 17600 12858 -2585 END
START 15768 1108 26356 18221 12571 -6747 END
START 15184 264 22952 17982 11538 -10406 END
START 14652 -8 19368 16680 9786 -13668 END
START 13640 -312 16796 15196 8045 -16791 END
START 12308 -620 14132 14102 5324 -19347 END
START 11208 -1020 11224 11994 1577 -21791 END
START 9216 -656 10856 10072 -1372 -24029 END
START 7016 -552 11060 9900 -3377 -24830 END