START 68 3916 5504 -7605 -2453 4408 END
START 4036 2840 840 -8357 -1741 4301 END
START 3172 2724 1904 -9447 -1462 4332 END
START 2188 2076 2664 -11027 -785 4692 END
START 2152 1160 2024 -12591 -1151 5742 END
START 1756 876 1576 -15153 -3203 6886 END
START 1608 972 2384 -17887 -4995 7705 END
START 1660 1108 3660 -19483 -5131 8782 END
START 1248 1052 5780 -19586 -3922 9589 END
START 1668 1048 6220 -18650 -2159 10102 END
START 1928 124 6196 -17516 -1760 10338 END
START 1872 108 6208 -17517 -3295 10681 END
START 2388 -80 6284 -18347 -6049 11146 END
START 2988 -12 7124 -19489 -7109 11495 END
START 3116 368 8316 -20287 -6145 11755 END
START 3484 364 8888 -20728 -4103 11681 END
START 3808 -452 9948 -21533 -2700 11446 END
START 4724 -1116 11196 -22368 -2853 11544 END
START 5288 -1452 13052 -22617 -2955 11848 END
START 5552 -1008 13964 -22894 -2304 11560 END
START 5136 -120 14080 -23462 -1504 10341 END
START 4488 -852 14160 -23982 -2054 8804 END
START 4580 -2364 15616 -24579 -3875 8554 END
START 5852 -4020 17904 -24464 -5488 9653 END
START 7316 -4244 20376 -23953 -4177 10605 END
START 7592 -4252 20892 -23856 -1031 10803 END
START 6360 -3608 21256 -23788 979 10452 END
START 5628 -3896 21872 -23749 532 9577 END
START 5876 -5088 23784 -23687 -2112 9040 END
START 7236 -5940 26264 -22240 -4306 9175 END
START 8360 -6792 27540 -20583 -4826 9752 END
START 9360 -6536 27884 -19345 -3311 9722 END
START 9812 -5976 28900 -19042 -88 8351 END
START 9432 -6384 30676 -17936 1191 6881 END
START 9228 -6840 32332 -15257 24 6338 END
START 9720 -6800 32767 -11912 -1153 6279 END
START 10632 -6908 32767 -9279 -1349 5862 END
START 11292 -6932 32767 -6982 -992 4946 END
START 11700 -6980 32767 -4342 -641 3541 END
START 11780 -6732 32767 -1281 -848 2184 END
START 12128 -6540 32767 1855 -1030 706 END
START 12216 -6360 32767 5038 -1160 -1144 END
START 12156 -6436 32767 8310 -1422 -3144 END
START 11776 -6016 32244 11623 -1702 -4768 END
START 11272 -5608 30660 14799 -1363 -6081 END
START 10924 -5412 29176 17114 21 -7173 END
START 10748 -5244 27716 18637 1500 -8144 END
START 10300 -5156 26372 20001 2619 -9125 END
START 9108 -5240 24772 21718 2748 -9981 END
START 8380 -5088 23220 23480 2244 -10260 END
START 7980 -4928 21744 24712 1751 -10500 END
START 7672 -4332 20296 25149 1192 -10837 END
START 7096 -4084 18900 25335 1947 -11239 END
START 6300 -3432 16768 25403 3732 -11457 END
START 5164 -3208 13940 24775 4877 -11429 END
START 4080 -2964 11628 23154 4628 -10773 END
START 2920 -2508 10052 21172 4423 -9330 END
START 1808 -2276 8400 18714 4011 -7235 END
START 1152 -1900 7244 15933 3506 -4613 END
START 1252 -1432 7136 13674 4007 -2681 END
START 1436 -1372 6736 11560 5428 -1975 END
START 652 -1332 6056 9762 5611 -1644 END
START -108 -1112 5944 8918 3774 -1129 END
START -188 -728 5908 8265 900 -387 END
START 280 -276 5908 7202 -1357 598 END
START 1080 12 6348 5541 -2394 1921 END
START 2216 208 6852 3548 -2727 3372 END
START 3852 996 8332 1791 -2012 3977 END
START 5472 1112 9836 536 -1595 3771 END
START 7120 1576 11420 -110 -1890 3099 END
START 8928 1916 13408 -157 -2932 1867 END
START 11268 2192 15800 303 -4119 409 END
START 13600 2480 17824 862 -4528 -1131 END
START 15500 2860 20016 1561 -4050 -2880 END
START 16920 3744 21508 2822 -2732 -5179 END
START 17492 4444 22136 4579 -1304 -8294 END
START 17388 4824 21932 6259 -528 -11771 END
START 16656 5120 21652 7847 10 -14959 END
START 15604 5204 21004 9145 593 -17576 END
START 14468 5224 20408 9816 1261 -19738 END
START 12860 5064 19528 10057 2536 -21620 END
START 11064 4940 18608 10300 4363 -23593 END
START 8760 4868 17464 10678 5253 -25752 END
START 6060 4412 16456 11790 3569 -27224 END
START 3996 4648 15520 13725 -119 -28275 END
START 2712 4508 14680 15623 -4113 -28998 END
START 1652 4420 13684 16717 -6806 -29356 END
START 208 4356 12848 16338 -7219 -29054 END
START -1308 4476 12216 14880 -6346 -27868 END
START -2532 4688 11656 13244 -4934 -25749 END
START -3380 5040 11252 11496 -3877 -23304 END
START -3940 5064 10856 10346 -3681 -21177 END
START -4336 5140 10824 9587 -3781 -19331 END
START -5272 4496 10576 8278 -3183 -17276 END
START -6372 4056 10472 6885 -2668 -14690 END
START -7384 3896 10136 5803 -2875 -11558 END
START -8268 3944 9856 5035 -3510 -8413 END
START -8556 3660 9616 4141 -3700 -5547 END
START -9128 3288 9804 2608 -3102 -2435 END
START -9464 3016 9696 716 -1716 1125 END
START -9760 2988 9896 -985 -189 4683 END
START -9632 3200 9976 -2240 709 7729 END
START -9284 3204 10116 -3000 1530 10334 END
START -8764 3444 10388 -3887 1965 12822 END
START -7868 3644 10500 -4796 2325 14882 END
START -7288 3876 10844 -5959 3433 16694 END
START -6916 3784 11072 -7670 5354 18708 END
START -7192 3336 11284 -9300 7062 20888 END
START -7468 2592 11676 -10588 8040 23462 END
START -7000 2432 12052 -11548 7963 26437 END
START -5924 2280 12624 -11982 7683 28802 END
START -4688 2088 12796 -12410 7630 30520 END
START -3520 1864 12928 -12418 6736 31514 END
START -1836 2176 13548 -11946 4911 32187 END
START 452 2592 14520 -11222 3352 32344 END
START 3028 3176 15600 -10547 2161 32178 END
START 6428 3888 16576 -9687 1458 31338 END
START 9928 4684 18004 -9011 1590 29362 END
START 13320 5544 19448 -8315 2146 26247 END
START 15384 6212 20644 -7266 2551 22655 END
START 16804 6024 21184 -5777 1464 19850 END
START 18144 6208 21388 -4156 -629 17782 END
START 19660 6136 21564 -2758 -1813 15589 END
START 20776 5964 21136 -1659 -1242 13090 END
START 21096 5820 20172 -1026 824 9702 END
START 20136 5116 18504 -871 2542 6347 END
START 18752 4180 16740 -730 2596 3729 END
START 17588 3180 14908 -882 1662 1911 END
START 16688 1892 13336 -1656 201 500 END
START 15928 868 12024 -2790 -1054 -639 END
START 15592 -136 10896 -4162 -2058 -1597 END
START 15328 -492 10320 -5518 -1933 -2935 END
START 14816 -1212 9504 -6804 -1131 -4772 END
START 14500 -2372 7892 -8553 -1096 -6528 END
START 13812 -3460 6548 -11608 -2583 -7987 END
START 13064 -4164 6236 -15170 -4613 -9224 END
START 12180 -4744 7076 -17151 -5143 -9671 END
START 11080 -5000 7272 -18219 -6307 -8865 END
START 11140 -4648 8008 -19170 -6987 -7867 END
START 11496 -4384 7528 -20842 -6149 -7905 END
START 11248 -4304 7996 -23992 -4641 -9361 END
START 9500 -4604 9516 -24968 -3545 -10145 END
START 7736 -5032 9896 -25354 -3559 -10188 END
START 6108 -4836 11140 -26932 -3514 -10090 END
START 4340 -5100 13856 -28303 -2810 -9228 END
START 2736 -5736 17304 -28973 -1412 -7629 END
START 1460 -6976 21460 -28494 1022 -6076 END
START -184 -8512 25432 -27457 4100 -4765 END
START -1948 -9468 29036 -25327 7112 -3683 END
START -3440 -9632 31176 -21984 9051 -2675 END