START 2172 5544 6636 -1377 -2070 4066 END
START 7732 3696 -1968 -1809 -3078 4454 END
START 1524 6296 6396 -3025 -1726 4248 END
START 1868 4460 5504 -4220 -1863 4520 END
START 1796 3200 4252 -5527 -2987 5260 END
START 1468 3656 3856 -6911 -3970 6044 END
START 1320 3436 3656 -8378 -4828 6369 END
START 1544 3424 3176 -8387 -5717 7119 END
START 2080 3472 3680 -8576 -5954 7804 END
START 2804 3264 3620 -8996 -5236 8249 END
START 3592 3352 4544 -9870 -3925 8104 END
START 4032 2888 4516 -10518 -3063 7094 END
START 3672 2892 3948 -10481 -3455 6584 END
START 3728 1540 4156 -10509 -4656 6022 END
START 3672 632 4484 -10921 -4695 5984 END
START 4064 72 4088 -11711 -4364 6308 END
START 3628 228 5156 -13265 -3820 6933 END
START 3624 692 6996 -14778 -3262 7694 END
START 4316 348 8516 -15409 -2485 8136 END
START 4640 208 9228 -15707 -1910 7950 END
START 4840 -444 9512 -16104 -1263 7259 END
START 4024 -1104 10048 -16808 -868 7003 END
START 3580 -1412 11500 -17643 -1194 7613 END
START 4160 -1436 12656 -18458 -646 8139 END
START 4656 -1712 13196 -19451 -193 8037 END
START 4472 -2040 13764 -20309 545 7674 END
START 3684 -2468 13408 -21152 1970 7428 END
START 3380 -3348 15224 -22923 1660 7733 END
START 3864 -3868 18268 -23728 532 8705 END
START 5188 -4224 20288 -23577 480 9335 END
START 6008 -4588 21172 -23291 1717 9092 END
START 5736 -5128 21172 -23168 3764 8379 END
START 5024 -6196 22076 -23172 4965 7527 END
START 4580 -6508 24920 -22803 3902 7659 END
START 5464 -6652 27256 -21492 2749 8488 END
START 5968 -6728 28552 -20564 2901 9358 END
START 5628 -7104 28688 -20205 3496 9369 END
START 6052 -6748 29928 -18910 4826 7718 END
START 5784 -7256 30768 -16829 4615 5430 END
START 6008 -7908 31996 -14514 2086 4458 END
START 6752 -7900 32767 -12436 698 4438 END
START 7440 -8144 32767 -11182 830 4509 END
START 7980 -8068 32767 -9694 1019 4248 END
START 8672 -8208 32767 -6966 1142 3289 END
START 9232 -8472 32767 -3440 574 2044 END
START 9344 -8932 32767 -168 -50 908 END
START 9268 -8920 32767 2814 -56 119 END
START 9208 -8900 32767 5514 467 -490 END
START 9196 -8988 32767 8086 865 -1215 END
START 9028 -9096 32767 11133 782 -2285 END
START 8564 -8992 32767 14319 638 -3807 END
START 7616 -8820 32767 17330 45 -5270 END
START 6516 -8532 32132 20501 -605 -6214 END
START 5840 -8360 30176 23226 -355 -6350 END
START 5332 -8152 28260 24946 736 -5901 END
START 5056 -7876 25840 25892 1718 -5548 END
START 4192 -7424 23076 26305 1990 -5857 END
START 3032 -6668 20308 26527 674 -6399 END
START 2188 -6132 17572 26873 -956 -6864 END
START 1348 -5440 15020 26668 -2527 -7068 END
START 1208 -4680 13164 25699 -3028 -6818 END
START 824 -4004 11404 24493 -2438 -6000 END
START 592 -3244 9360 23172 -1483 -5009 END
START 372 -2596 7564 21445 -809 -4038 END
START 228 -2048 5608 19475 -757 -3297 END
START 400 -1320 4324 17087 -834 -2973 END
START 644 -892 3896 14716 -707 -2953 END
START 548 -728 3892 12811 -649 -2976 END
START 372 -804 4076 11370 -1114 -2465 END
START 576 -500 4056 10008 -1600 -1561 END
START 932 -248 4408 8135 -1651 -419 END
START 1632 -28 5468 6394 -1639 737 END
START 2776 248 5844 4928 -1409 1504 END
START 3532 620 6820 3502 -1266 1826 END
START 4284 1184 7944 2294 -1805 1981 END
START 5028 1736 8964 1494 -2349 2038 END
START 6156 2104 10168 565 -2641 1990 END
START 7596 2320 12000 -454 -3213 1984 END
START 9600 2364 14572 -1225 -3603 1810 END
START 12112 2452 17928 -1364 -3754 1058 END
START 14732 2676 21712 -528 -3501 -242 END
START 17056 2932 25044 1379 -2608 -2236 END
START 18496 3592 26788 4352 -744 -5396 END
START 18464 4040 26520 6990 645 -8825 END
START 17516 4312 25600 9118 1055 -11837 END
START 16672 4716 24612 10667 1561 -14330 END
START 15720 4884 23764 11550 3051 -16444 END
START 14240 4812 22384 12475 4886 -18250 END
START 12040 4888 20868 13389 6186 -19918 END
START 9912 4808 18916 14073 6046 -21626 END
START 7624 4732 17440 15112 4140 -23263 END
START 5632 4768 16168 16655 1395 -24955 END
START 3960 4996 14352 17640 -1925 -26657 END
START 1940 4868 12820 17744 -4568 -28078 END
START 232 4628 11872 16933 -4700 -28207 END
START -1524 4324 10740 14833 -2157 -26726 END
START -3372 3824 9932 12055 1229 -23813 END
START -4620 3944 9312 9638 3401 -20467 END
START -5648 3736 9100 8318 3729 -18000 END
START -6584 4216 8512 8031 1726 -16663 END
START -7316 4032 8408 8717 -2056 -15918 END
START -7552 3744 8212 9304 -4893 -15065 END
START -8096 3296 8160 8392 -4782 -13106 END
START -8920 2852 7720 6296 -3236 -10064 END
START -9476 2412 7360 3743 -1082 -6597 END
START -10164 1988 7032 799 1556 -2961 END
START -11124 1508 7276 -1902 3931 766 END
START -11380 1216 6948 -3807 4822 4380 END
START -11572 1036 7216 -5042 4108 7513 END
START -11304 1176 7472 -5551 2882 9929 END
START -10868 1316 7868 -5956 2405 11965 END
START -11084 1412 8056 -6427 2226 14176 END
START -11160 1964 8256 -6675 1561 16513 END
START -10828 2384 8216 -7139 1554 19320 END
START -10356 2872 8592 -8160 2636 22437 END
START -9284 2856 8608 -9909 3866 25712 END
START -7612 3008 9160 -11644 4162 28081 END
START -6044 3176 9952 -12708 3945 29093 END
START -4500 3784 10856 -12818 3364 29167 END
START -2960 3464 11900 -12254 1696 28987 END
START -1460 3644 12976 -11667 -436 29106 END
START 1184 3928 14208 -11443 -1223 29549 END
START 3916 4196 15800 -11513 -1068 29745 END
START 7636 5092 17840 -11069 58 28584 END
START 10432 5204 19756 -10220 916 26171 END
START 13384 5356 21324 -8849 423 23291 END
START 15704 5216 22640 -7592 -159 20364 END
START 17216 5196 23384 -6483 -755 17845 END
START 18676 5176 23820 -5219 -741 15342 END
START 19256 5068 23384 -3843 -147 12575 END
START 19148 4516 22096 -2504 119 10127 END
START 18828 4224 20268 -1835 58 8021 END
START 18532 3360 18568 -1866 351 6210 END
START 17804 2032 16428 -2582 1594 4614 END
START 16576 1208 14796 -3776 3040 3227 END
START 15520 24 13076 -4651 3437 1861 END
START 14868 -732 11764 -5398 3000 30 END
START 14032 -1684 10540 -6050 2258 -1966 END
START 12748 -2828 9608 -6852 1303 -3479 END
START 11688 -3728 8816 -7934 540 -4093 END
START 11344 -4056 8172 -9446 -281 -4488 END
START 11332 -3908 8428 -11105 -477 -5565 END
START 11132 -4116 8652 -12272 -215 -7067 END
START 10684 -4240 8784 -13150 -697 -8054 END
START 10460 -4304 8964 -14233 -948 -8908 END
START 10264 -4212 8904 -15542 -834 -10079 END
START 9672 -3984 9164 -16936 -182 -11690 END
START 8512 -3976 9192 -18155 777 -12898 END
START 7340 -4016 8396 -19804 1023 -13646 END
START 6388 -3980 7560 -23086 -69 -14661 END
START 4668 -4008 8460 -26486 -1204 -15586 END
START 2416 -4756 12568 -27935 38 -14601 END
START 148 -5604 16028 -28333 2104 -11800 END
START -1740 -6916 19576 -29460 4731 -8768 END
START -4532 -8008 24272 -30166 8171 -6569 END