START 324 3296 5336 -7289 -2139 3241 END
START -616 3136 6984 -7574 -3036 3629 END
START 1280 2868 5260 -7838 -4815 4239 END
START 656 2612 5576 -7774 -6585 4723 END
START 1048 2936 5332 -7960 -7546 4909 END
START 1112 3152 5568 -9202 -7646 5159 END
START 1072 2680 6324 -10940 -6813 6149 END
START 1928 2236 7072 -12393 -4460 7153 END
START 3036 1828 7556 -12971 -894 7027 END
START 3808 1564 7456 -13030 1701 5816 END
START 3516 1660 6848 -13337 2071 4753 END
START 2584 2168 7120 -14735 385 4247 END
START 2656 1704 8468 -15643 -1716 4486 END
START 3640 1604 9920 -15741 -3195 4854 END
START 4688 1088 10924 -15430 -2973 4057 END
START 4416 400 11096 -14910 -2286 2780 END
START 2932 312 10592 -15010 -1399 1980 END
START 844 -200 10492 -16176 -194 2333 END
START -552 -848 11036 -17688 -940 3882 END
START -124 -2004 12312 -18929 -2719 5593 END
START 1216 -2716 14308 -19521 -4535 6052 END
START 2408 -3200 15656 -19520 -5883 5641 END
START 2836 -3248 16588 -19595 -6263 5246 END
START 2448 -3324 17864 -20051 -5567 5592 END
START 2684 -3824 19664 -20656 -5199 6517 END
START 3664 -4272 21352 -20592 -4814 7498 END
START 4676 -4708 21612 -20423 -3787 7647 END
START 5116 -4872 22332 -20402 -3275 6744 END
START 5092 -4396 23688 -20086 -3701 5688 END
START 5124 -4572 25384 -19242 -4078 5431 END
START 5692 -4536 26412 -18381 -4115 5821 END
START 6272 -4672 27748 -17679 -3714 6041 END
START 6868 -4580 28712 -16533 -2342 6013 END
START 7064 -4804 29540 -15522 -1343 5618 END
START 7432 -5180 31284 -14275 -1675 5175 END
START 8016 -5432 32767 -12026 -1930 4885 END
START 8836 -5668 32767 -9804 -1613 4337 END
START 9000 -5844 32767 -7354 -1432 3862 END
START 9644 -5816 32767 -4306 -996 3113 END
START 10132 -6072 32767 -919 -290 2161 END
START 10192 -6328 32767 1974 109 1045 END
START 10176 -6652 32767 5102 304 76 END
START 10016 -6748 32767 7941 201 -698 END
START 10000 -6392 32767 10772 -55 -2043 END
START 9812 -6316 32767 14152 429 -3998 END
START 9240 -6504 32767 17354 1110 -5775 END
START 7848 -6792 31912 20128 1785 -6758 END
START 6764 -7068 29068 21635 2369 -6670 END
START 5524 -7128 26416 22254 3263 -6314 END
START 4904 -7132 24068 22837 2936 -5845 END
START 4720 -6664 22204 23337 2374 -6257 END
START 4112 -6200 19948 24098 2358 -6816 END
START 3376 -5680 16968 24588 2230 -6632 END
START 2596 -5336 13832 24333 2375 -6116 END
START 1680 -4732 10540 22866 1558 -5347 END
START 1084 -3920 8468 20824 503 -4571 END
START 304 -3316 6812 19084 -388 -3433 END
START 208 -2560 5640 17071 -886 -2211 END
START 636 -1772 5072 15027 -912 -1410 END
START 1088 -1372 5040 13355 -924 -768 END
START 1376 -984 4880 11726 -600 -439 END
START 1584 -976 4356 9989 -733 50 END
START 1856 -560 4228 8083 -1236 550 END
START 2228 -388 4880 6324 -1607 896 END
START 2696 -268 5628 5250 -1659 1262 END
START 3304 -144 6176 4034 -1736 1607 END
START 4364 252 7056 2470 -1852 1847 END
START 5064 840 8488 1292 -1680 2082 END
START 6208 1176 10080 515 -1494 2235 END
START 7428 1676 11748 -81 -1638 2196 END
START 8928 1920 13744 -342 -2154 1893 END
START 10916 2296 16156 -353 -2765 1156 END
START 13520 2456 19012 52 -3097 -8 END
START 15376 2708 21336 715 -2976 -1522 END
START 17512 3252 23092 2059 -1463 -3939 END
START 17856 3540 23872 3684 607 -6776 END
START 17652 3400 23540 4873 1167 -9314 END
START 16964 3760 23256 6249 1152 -11705 END
START 16164 3784 22800 7586 1584 -14047 END
START 15312 3904 21968 8553 2819 -16237 END
START 13920 3912 21252 8952 4212 -18155 END
START 12132 3736 20248 9473 5476 -19780 END
START 10356 3768 19012 10135 6148 -21272 END
START 8428 3376 17604 10895 6024 -23068 END
START 6296 2900 16388 11893 3816 -24500 END
START 4340 2688 15568 12893 326 -25796 END
START 2940 2756 14800 14012 -2603 -27111 END
START 1448 2816 13464 14606 -3764 -27943 END
START -448 2668 12200 13661 -2846 -27676 END
START -2164 2756 11276 11639 -340 -25878 END
START -3860 2756 10752 9365 2183 -23119 END
START -4764 2744 10648 7946 3152 -20663 END
START -5744 2564 10564 7793 1343 -19685 END
START -6520 2632 10464 8904 -3261 -20023 END
START -7144 2872 10908 11165 -8891 -20455 END
START -7840 2964 10316 11968 -10454 -19022 END
START -8288 2676 9368 10011 -9524 -15302 END
START -8648 3224 9216 7035 -6463 -10685 END
START -8468 3392 9240 4028 -2631 -6627 END
START -8784 3300 9292 1883 -997 -3476 END
START -8692 3596 9360 241 -910 -1162 END
START -8424 4132 9876 -1035 -529 700 END
START -8384 4340 10448 -1763 -217 2546 END
START -8084 4372 10616 -2169 -214 4596 END
START -7752 4508 10820 -3176 773 6721 END
START -7492 4472 11256 -4924 3434 8748 END
START -7888 4452 12092 -6057 5501 10698 END
START -8272 4364 12212 -6442 5402 12638 END
START -8660 4004 12612 -6479 4083 14475 END
START -8500 3976 12764 -6362 3217 16210 END
START -8220 3752 12316 -6703 2936 17889 END
START -8172 3288 12556 -7607 3044 19744 END
START -7416 2880 13144 -8228 2683 21806 END
START -5960 2496 13784 -8622 2440 23723 END
START -4332 2456 14324 -8595 2883 24881 END
START -3372 2596 14004 -8434 3381 25348 END
START -2744 2432 13912 -8804 2656 25866 END
START -1476 2556 14244 -9130 928 26701 END
START 688 2940 15312 -8972 -764 27297 END
START 3632 3364 16432 -8483 -1331 27029 END
START 6732 4028 17464 -8054 -465 25685 END
START 9132 4440 18888 -7785 414 23908 END
START 11204 4744 20004 -7174 677 22113 END
START 12996 4648 21404 -6210 164 20377 END
START 14352 4568 22216 -5246 -217 18922 END
START 15424 4640 22820 -4298 -228 17652 END
START 16616 4804 22872 -3307 523 15967 END
START 17020 4744 22868 -2239 1409 13691 END
START 16812 4908 22228 -1148 2041 11015 END
START 16192 4792 21052 -142 1962 8390 END
START 15704 4276 19980 445 1600 6196 END
START 14860 3836 19200 570 1559 4575 END
START 13904 3280 18124 556 1613 3309 END
START 12932 2740 17028 511 1426 2319 END
START 12128 2328 15848 71 1795 1415 END
START 11296 1624 15072 -424 1900 463 END
START 10532 932 14400 -886 1341 -206 END
START 9880 420 13520 -1524 687 -605 END
START 9372 -52 13108 -2212 -51 -972 END
START 9236 -536 12808 -2703 -701 -1573 END
START 9224 -1144 12472 -3056 -1340 -2414 END
START 8836 -1552 11812 -3521 -1971 -3169 END
START 8368 -1904 11224 -4230 -2849 -3640 END
START 8100 -2376 10956 -4842 -3957 -3747 END
START 8656 -2696 10528 -5618 -5499 -3881 END
START 9420 -2924 10148 -6808 -6531 -4584 END
START 9624 -2812 9904 -8383 -6409 -5442 END
START 9356 -2504 9340 -10372 -6527 -5957 END
START 8980 -2300 9240 -12475 -6485 -6517 END
START 8296 -2424 9372 -14416 -6970 -6961 END
START 7516 -2372 10236 -15223 -8275 -6630 END
START 8200 -2384 10928 -15423 -9342 -6024 END
START 8384 -2240 11340 -16507 -9543 -5950 END
START 8748 -2204 12260 -17560 -8446 -6232 END
START 8196 -2384 12724 -18371 -7095 -6420 END
START 7400 -2328 12872 -19127 -6099 -6466 END
START 6444 -2612 13392 -19778 -5239 -6648 END
START 5488 -2644 13992 -20498 -5369 -6378 END
START 4796 -3060 14776 -21191 -6514 -5820 END
START 4052 -3788 15884 -21596 -7094 -4852 END
START 3284 -4364 17340 -21760 -6841 -3347 END
START 2904 -4972 19528 -21975 -5544 -1376 END
START 2660 -5332 22944 -21432 -2528 447 END
START 2652 -5656 25788 -19664 1088 1469 END