START 3980 480 -6468 -995 -4707 1844 END
START 3288 1112 2508 -1749 -4832 1949 END
START 3604 1008 -872 -2902 -5135 2374 END
START 1992 1048 292 -4677 -4912 3513 END
START 1460 664 428 -6021 -4862 5064 END
START 1424 480 868 -7154 -5346 6685 END
START 2056 640 1216 -8520 -5453 8148 END
START 2852 996 1752 -10208 -5139 9167 END
START 3612 1020 2504 -12380 -4573 10077 END
START 4292 792 3844 -14903 -3382 10630 END
START 4612 400 4928 -17148 -2115 10843 END
START 4200 468 6324 -19089 -1062 11190 END
START 3832 1108 7432 -20158 -790 11107 END
START 3856 1504 8176 -20371 -1001 10626 END
START 3900 1328 8980 -20309 -1892 10420 END
START 4244 1456 9996 -20583 -2938 10379 END
START 4836 1580 11164 -21099 -2665 10171 END
START 4672 2016 12308 -22186 -627 9342 END
START 4192 1636 12696 -23095 1024 8675 END
START 3608 1248 13204 -23483 1950 8234 END
START 2972 1080 13576 -23433 2072 8057 END
START 3128 120 14532 -23474 1653 8075 END
START 3424 -308 15328 -24002 1362 8335 END
START 3752 -1032 17048 -24831 963 8678 END
START 4292 -1012 18396 -24993 1127 8656 END
START 4072 -680 19376 -24189 2061 7902 END
START 4040 -404 19696 -22871 2610 6995 END
START 4096 -416 19980 -22137 2701 6323 END
START 4108 -784 20500 -21969 2326 5978 END
START 4576 -1192 21568 -21598 1943 5749 END
START 4768 -1356 23068 -20381 1644 4934 END
START 4612 -1348 24212 -17940 1263 3513 END
START 5100 -1236 24744 -15580 1328 2212 END
START 5116 -1512 24920 -14790 1281 1426 END
START 5600 -1508 25320 -14942 856 1274 END
START 6104 -2064 26444 -15149 247 1044 END
START 6548 -2268 27812 -14705 333 406 END
START 6392 -2332 29100 -13686 760 -572 END
START 6100 -2484 29984 -12103 155 -1138 END
START 6100 -2668 30716 -10248 -1143 -970 END
START 6140 -2744 31704 -8643 -1677 -365 END
START 6400 -2800 32767 -6973 -1238 285 END
START 6848 -3216 32767 -4882 -451 350 END
START 7296 -3676 32767 -2242 -307 -282 END
START 7384 -3612 32767 1481 -920 -1520 END
START 7320 -3660 32767 5747 -2371 -2776 END
START 7028 -3700 32767 9422 -3713 -3372 END
START 7156 -3448 32767 12076 -4198 -3407 END
START 6996 -3136 32767 14224 -3445 -3540 END
START 6836 -3052 31716 16234 -1674 -3817 END
START 6472 -3308 30204 17819 115 -4208 END
START 5916 -3388 28412 19181 1160 -4498 END
START 5404 -3412 26536 20336 1298 -4746 END
START 4840 -3212 24736 21325 733 -5030 END
START 4128 -3120 22716 22279 -191 -5110 END
START 3812 -2860 20688 23065 -565 -5028 END
START 3492 -2944 18324 23226 -27 -4596 END
START 3304 -2712 16264 22998 845 -4526 END
START 2812 -2512 14208 22270 1897 -4360 END
START 2580 -2396 12228 20650 2279 -3925 END
START 2396 -2040 10436 18640 2298 -3406 END
START 2216 -1436 8788 16635 1835 -3130 END
START 2108 -1276 7540 14417 1115 -3215 END
START 2076 -1216 6724 12013 157 -2920 END
START 2116 -1224 6772 9424 -620 -1775 END
START 2708 -1280 6628 6757 -984 197 END
START 3764 -1020 7292 4046 -1156 2317 END
START 5484 -252 8456 1941 -865 3400 END
START 7216 300 9800 916 -301 2961 END
START 8484 632 11016 122 -991 1931 END
START 9900 568 12524 -436 -3298 930 END
START 11688 604 14764 -292 -5703 -191 END
START 13556 1100 17264 351 -7272 -1476 END
START 15404 1552 19004 1721 -7373 -3587 END
START 16548 2352 20300 3611 -5377 -6487 END
START 16596 2932 20752 5185 -3155 -9465 END
START 16068 3316 20292 6482 -1978 -11942 END
START 15164 3404 19768 7472 -1864 -14031 END
START 14564 3816 19320 8352 -2196 -15860 END
START 13860 4256 18660 9230 -1696 -18164 END
START 12492 4508 17896 9499 -468 -20646 END
START 10524 4268 16572 9458 1091 -22572 END
START 8148 3876 15416 9541 2188 -23758 END
START 5992 3764 14212 9451 2054 -24162 END
START 3912 3472 13264 9392 581 -24101 END
START 2468 3664 12460 10012 -1432 -24045 END
START 816 3404 11296 10475 -3259 -24306 END
START -988 2944 10404 10131 -4181 -24234 END
START -3060 2456 9212 9110 -4528 -23249 END
START -4948 2004 8828 7500 -3413 -21148 END
START -6568 1508 8668 5348 -1708 -18139 END
START -7816 1244 8236 3046 -125 -14561 END
START -8912 1164 8564 1218 644 -10999 END
START -9488 956 8584 228 344 -7765 END
START -9784 1044 8628 11 -458 -5320 END
START -9828 1408 8516 -168 -840 -3242 END
START -9812 1372 8668 -542 -753 -1059 END
START -9572 1456 8680 -1216 400 1416 END
START -9540 1288 9104 -1671 724 3792 END
START -9600 1220 9664 -1687 -375 6121 END
START -9052 868 10372 -1051 -2439 8208 END
START -8344 736 11560 -550 -4106 10072 END
START -7804 1172 12624 -960 -3498 11877 END
START -7220 1112 13744 -2096 -1067 13875 END
START -6064 2272 14472 -3011 2340 16485 END
START -6052 1776 15572 -3239 4606 18644 END
START -5488 2200 16072 -3222 5214 21013 END
START -4272 2440 16184 -3143 4051 23026 END
START -2400 2696 16332 -2952 2473 24222 END
START -728 2996 16296 -2781 1820 24177 END
START 1492 3344 16604 -2865 1912 23669 END
START 3252 3428 16728 -3406 2054 23357 END
START 5156 3712 17240 -3809 2151 23452 END
START 7020 4420 17268 -3693 2394 23553 END
START 8732 4980 16952 -3117 2068 23576 END
START 11004 5736 17384 -1933 1296 22750 END
START 13760 6656 17360 -182 938 20119 END
START 15616 6500 16648 494 60 16871 END
START 16880 6468 15692 -520 -962 14177 END
START 17412 6548 15144 -2500 -804 11591 END
START 17588 6280 14488 -4398 953 9631 END
START 17392 5640 14168 -5925 3102 8227 END
START 17380 4816 14124 -6826 4755 7028 END
START 17656 3616 14164 -7131 5317 5481 END
START 17640 2760 14340 -6844 4873 3390 END
START 17312 2024 14200 -6198 4494 895 END
START 16676 1124 13680 -5832 4266 -1338 END
START 15668 80 12860 -6189 3631 -3034 END
START 15196 -992 12284 -7388 2159 -4189 END
START 14772 -1372 12560 -8858 1263 -5763 END
START 14240 -2188 13080 -9861 1601 -7302 END
START 13404 -2968 13484 -10749 2525 -8554 END
START 11732 -3396 13376 -11391 3545 -9644 END
START 10496 -3472 12920 -11937 3863 -10334 END
START 9020 -3320 12376 -12919 3696 -11024 END
START 7764 -3356 12196 -14049 3249 -11454 END
START 6444 -3608 12348 -14963 2434 -11516 END
START 4556 -3444 12868 -15588 1013 -11157 END
START 3048 -2404 13720 -16306 -629 -10373 END
START 1792 -1216 15328 -17154 -1797 -9324 END
START 856 28 17336 -17986 -1844 -8133 END
START -152 400 19392 -18868 -1012 -7291 END