START 4080 4456 8860 -2015 -1950 467 END
START -204 4904 13856 -2120 -2229 533 END
START 816 4012 12560 -2395 -1765 465 END
START 1740 2900 10956 -2655 -1199 737 END
START 2376 1768 9596 -3084 -1280 1125 END
START 2608 1232 8856 -3528 -1077 1706 END
START 2360 1092 8152 -4095 -762 2559 END
START 1992 1728 7580 -4854 -725 3501 END
START 1892 2152 7352 -5677 -903 4167 END
START 1956 2288 7412 -6516 -1543 4669 END
START 2252 2336 7620 -7203 -2228 5010 END
START 2700 2172 7864 -7709 -2649 5003 END
START 3152 1728 7776 -8340 -2484 4620 END
START 2956 1560 8028 -9313 -2418 4286 END
START 2408 1504 8872 -10263 -2296 4388 END
START 2196 1444 9612 -10972 -2480 4908 END
START 2700 948 10608 -11685 -2474 5647 END
START 3200 1008 11832 -12295 -1829 6441 END
START 3688 900 12464 -12880 -126 6503 END
START 3580 724 13032 -13686 1033 6238 END
START 3248 784 13852 -14521 574 5917 END
START 3072 760 15060 -14547 -454 5676 END
START 3208 816 15676 -14256 -1005 5318 END
START 3624 692 15792 -14309 -1185 4667 END
START 4072 28 16920 -14932 -1422 4200 END
START 4572 -560 18328 -15130 -951 3946 END
START 4460 -700 19156 -14815 1 3701 END
START 4336 -1088 19224 -14570 1094 3524 END
START 3528 -1188 18964 -14440 1994 3285 END
START 2984 -1668 19028 -14453 2101 3084 END
START 2904 -2036 19336 -14386 1367 3040 END
START 3380 -2916 20468 -14102 565 2907 END
START 3940 -3624 21760 -13800 338 2968 END
START 4172 -4160 22324 -13105 1084 3055 END
START 3568 -4484 22612 -12380 2250 3312 END
START 3140 -4292 22256 -11720 3323 3646 END
START 2372 -3928 21292 -11314 4048 3818 END
START 2664 -4220 20992 -11719 3438 3883 END
START 3028 -4304 21748 -12129 1640 4220 END
START 3492 -4532 22472 -11550 258 4375 END
START 3724 -4100 22472 -10479 356 4162 END
START 3552 -3552 21908 -9667 1111 3300 END
START 3044 -3064 21040 -9423 1388 2160 END
START 2756 -3420 20924 -9491 366 1672 END
START 2764 -3592 21440 -9462 -1730 2064 END
START 3804 -4180 22312 -9611 -4201 2846 END
START 5248 -4084 23892 -9885 -5430 3127 END
START 6640 -3532 25316 -9505 -4465 1580 END
START 6276 -3484 26516 -8178 -3453 -853 END
START 6148 -3676 27040 -5892 -3595 -3350 END
START 5756 -4400 28096 -3779 -4191 -4691 END
START 5300 -4984 29176 -1486 -4851 -4052 END
START 5784 -5104 30184 700 -4913 -2353 END
START 6832 -5028 31156 2666 -3553 -1025 END
START 7904 -4772 31532 4788 -756 -720 END
START 8248 -4192 31480 6696 2036 -1332 END
START 7496 -4328 30940 8978 3235 -2388 END
START 6696 -4296 29864 11450 2189 -3373 END
START 6188 -4240 28980 13987 480 -4282 END
START 5684 -3968 27852 16027 -1401 -5225 END
START 5516 -3804 26712 17861 -3290 -6241 END
START 5188 -3752 25312 19431 -4494 -7147 END
START 4736 -3476 23972 20769 -4689 -7909 END
START 4008 -3484 22184 21812 -3985 -8154 END
START 3216 -3544 20248 22244 -3668 -7602 END
START 2920 -3208 18308 21865 -3820 -6440 END
START 2564 -2940 16596 20766 -3449 -5195 END
START 2472 -2692 15044 19019 -2880 -3798 END
START 2696 -2216 14456 17267 -1608 -3098 END
START 2852 -1840 13856 16317 -4 -3001 END
START 2640 -1968 12972 15877 588 -2951 END
START 2196 -2164 11840 15400 486 -2624 END
START 1968 -2048 10944 14717 -33 -2041 END
START 1644 -1840 9916 13592 -1107 -1495 END
START 1788 -1900 9440 12214 -2343 -780 END
START 2524 -1572 9516 10944 -2885 -3 END
START 3400 -1068 9724 9760 -2087 369 END
START 3448 -756 9792 8728 -622 365 END
START 3404 -808 9388 7915 161 499 END
START 3212 -716 8852 6810 164 1065 END
START 3360 -428 8500 5179 265 2036 END
START 3612 -504 8564 3246 1042 3417 END
START 3908 -300 8608 870 1853 5106 END
START 4368 -112 9100 -1312 2451 6539 END
START 5192 400 10228 -2845 2515 7623 END
START 6612 884 11456 -3635 2346 7801 END
START 8064 912 12272 -4026 1389 7222 END
START 9696 1052 13812 -4199 -274 6083 END
START 11212 1000 15220 -3881 -1862 4567 END
START 12728 1216 17088 -3143 -3332 2848 END
START 14320 1808 18800 -1893 -4059 961 END
START 15656 2392 19676 -363 -4141 -1380 END
START 16780 2824 20536 991 -4490 -4044 END
START 17772 3196 21492 2256 -3763 -7234 END
START 17816 3112 22384 3548 -3073 -10508 END
START 17608 2728 22876 5354 -2359 -13252 END
START 16964 2620 23036 6898 -1390 -15375 END
START 16208 2620 22832 8006 259 -17089 END
START 14804 2732 21932 8827 1698 -18392 END
START 13272 2772 21208 9587 2648 -19750 END
START 11576 3076 20408 10426 2960 -21302 END
START 9820 2716 19368 11576 2208 -22972 END
START 8380 2436 18848 12836 1004 -24322 END
START 6956 2648 17808 14166 58 -25641 END
START 5180 2628 16176 15331 -1158 -26923 END
START 3252 2740 14788 15989 -2287 -28157 END
START 1828 2604 13552 16059 -3211 -28710 END
START 432 2588 12552 15539 -3848 -28422 END
START -940 2552 11664 14750 -4115 -27627 END
START -2436 2540 11240 13780 -3564 -26332 END
START -3844 2260 10304 12443 -2836 -24377 END
START -5704 2316 9776 11237 -3898 -21759 END
START -6196 2500 9576 10730 -6583 -19028 END
START -6416 2960 9888 10807 -10584 -16327 END
START -5468 3080 9964 11156 -13132 -13825 END
START -5120 3244 9976 10309 -11883 -11894 END
START -5420 3016 9804 8039 -8255 -9832 END
START -6328 2724 9684 5435 -4840 -7290 END
START -7408 2404 9300 3108 -2145 -3775 END
START -7928 2340 8812 1223 -29 234 END
START -8080 2496 8508 -516 1471 3591 END
START -8108 2780 8852 -2287 1959 6484 END
START -7728 2912 9368 -3406 2138 8822 END
START -7636 3320 9788 -4096 2638 10857 END
START -7504 3348 10088 -4609 3403 12900 END
START -7220 3148 10364 -5328 4987 15428 END
START -7016 3140 10200 -6869 7367 18667 END
START -6700 2656 10348 -9006 9818 21999 END
START -6384 3036 10632 -10971 11828 25035 END
START -5772 2748 11336 -12500 13216 27676 END
START -5048 2704 11824 -13671 13676 29676 END
START -3764 2560 12332 -14133 13636 31215 END
START -2764 2676 12884 -14385 13730 32112 END
START -1328 2520 13296 -14904 12744 32641 END
START 468 2368 14444 -15199 10137 32767 END
START 2500 2584 15956 -14673 8279 32703 END
START 4912 2640 17564 -13971 7918 32167 END
START 6732 2724 18576 -13019 7621 30900 END
START 9056 2700 20292 -11968 6684 29081 END
START 10984 2556 21768 -10428 5423 26927 END
START 12856 2536 22836 -8469 4009 24884 END
START 14224 2772 23128 -6646 3313 22835 END
START 15364 2984 22688 -5122 2841 20385 END
START 16352 2848 22532 -4084 1576 17636 END
START 17328 2556 22288 -2917 -289 14584 END
START 18032 2228 21916 -1648 -2413 11418 END
START 18748 2404 21020 -769 -2808 8109 END
START 18492 2068 19932 -444 -1927 4935 END
START 17604 1688 18416 -519 -536 2134 END
START 16584 548 17020 -1016 607 3 END
START 15648 -196 15948 -1652 772 -1284 END
START 14776 -980 14900 -2412 506 -2362 END
START 14148 -1688 14504 -3020 139 -3329 END
START 13780 -2152 14160 -3476 192 -4189 END
START 13616 -2460 13436 -4189 1290 -5377 END
START 12920 -3028 12824 -5269 2133 -6866 END
START 12024 -3892 12212 -6203 2051 -8324 END
START 10856 -4260 11692 -6888 1030 -9274 END
START 9996 -4500 11156 -7342 136 -10004 END
START 9652 -4788 11140 -8196 -468 -10840 END
START 9120 -4516 11412 -9167 -431 -11807 END
START 8704 -4808 11396 -10720 369 -12772 END
START 8160 -5268 11376 -12373 1126 -13489 END
START 7352 -5280 11696 -13864 1253 -13876 END
START 6468 -5812 11852 -14960 1127 -14049 END
START 5252 -5484 12552 -15240 455 -13752 END
START 4376 -5092 12940 -15490 -297 -13518 END
START 3088 -5044 13608 -16037 -1548 -13347 END
START 2280 -4540 14284 -16666 -3301 -12548 END
START 1472 -3992 15504 -17566 -4641 -11001 END
START 512 -3668 17136 -18986 -4338 -8642 END
START -160 -3604 19256 -20844 -2072 -5890 END
START -1112 -3836 21944 -23044 1645 -3135 END