START 4568 2648 860 -6721 -1921 1937 END
START 1312 3248 4872 -7217 -1709 1900 END
START 3408 2500 1696 -8100 -1754 2316 END
START 2260 2352 2712 -9646 -1868 3558 END
START 2096 2380 2736 -11149 -2416 5500 END
START 2004 3164 2768 -12652 -2839 7822 END
START 2096 3180 3088 -14438 -3466 9614 END
START 3096 3100 3832 -15513 -3386 10598 END
START 3580 3232 4908 -15555 -2206 10443 END
START 3964 2784 5408 -15281 -921 9769 END
START 3860 1804 5648 -15628 -908 9512 END
START 3488 1392 6288 -16295 -1759 9900 END
START 3464 1852 7128 -17096 -2658 10599 END
START 3864 2152 8240 -17976 -2335 10752 END
START 4052 2252 8992 -18748 -1500 10631 END
START 4504 2176 9604 -19733 -428 10236 END
START 4840 1572 10192 -20860 819 9459 END
START 4672 1536 10764 -22190 985 8751 END
START 4668 1268 12100 -23479 200 8092 END
START 4916 1152 13328 -24159 -569 7638 END
START 4736 920 14652 -24280 -718 6942 END
START 4228 452 15484 -23454 -496 6225 END
START 4144 -4 15700 -22684 -801 5613 END
START 4496 -1396 16464 -22654 -1360 4978 END
START 5432 -2708 17960 -23478 -2608 5165 END
START 5932 -2880 20472 -24168 -2313 5790 END
START 6088 -2956 22148 -24137 190 6476 END
START 5748 -2824 22304 -23729 2860 6652 END
START 5344 -3700 22376 -23667 3705 6145 END
START 5816 -4260 23896 -23320 1821 5961 END
START 6404 -4448 25616 -22203 2 6011 END
START 6836 -4120 27324 -20867 -334 6093 END
START 7220 -3712 28400 -19499 767 5735 END
START 7420 -3728 29800 -18488 1979 4489 END
START 6932 -4140 31604 -16592 2596 3344 END
START 6840 -4864 32688 -13996 2603 2925 END
START 7200 -5312 32767 -11466 2465 2706 END
START 7488 -5612 32767 -8957 1990 2455 END
START 8432 -5412 32767 -6237 1570 1794 END
START 9000 -5120 32767 -3032 1560 645 END
START 9308 -4896 32767 257 1481 -768 END
START 9348 -4996 32767 3505 1424 -1950 END
START 9312 -4808 32767 6927 1630 -3118 END
START 8620 -4740 32767 10287 2272 -4404 END
START 7248 -4688 32104 13667 2534 -5661 END
START 6092 -4856 30228 16300 2141 -6494 END
START 5040 -4632 28728 18642 1669 -6663 END
START 4324 -4700 27412 20628 1999 -6322 END
START 3992 -4536 25592 21784 2534 -5821 END
START 3484 -4212 23644 21922 2721 -5521 END
START 3036 -3776 21648 21382 2741 -5610 END
START 2684 -3716 20020 21081 2177 -5942 END
START 2028 -3176 18432 21205 1434 -6463 END
START 1556 -2852 17248 21567 513 -6530 END
START 1512 -2360 15620 21757 -348 -6251 END
START 1512 -1812 13992 21214 -1146 -5931 END
START 1604 -1432 12224 19971 -1661 -5466 END
START 1240 -1196 11132 17978 -1780 -4580 END
START 948 -536 10412 15973 -1342 -3110 END
START 1316 -28 10088 14017 143 -1886 END
START 1512 284 9588 12189 1602 -1236 END
START 1456 296 9060 10473 2144 -711 END
START 1564 172 8500 9201 1778 -57 END
START 1692 -176 7952 8180 629 630 END
START 1924 -116 7620 7013 -1187 1317 END
START 2092 88 7504 5917 -3044 1916 END
START 2796 228 7892 4867 -4124 2514 END
START 3380 452 8112 3659 -4294 3234 END
START 3936 516 8384 2265 -4295 4043 END
START 5152 820 9180 783 -4205 4944 END
START 6300 1220 10092 -589 -3945 5574 END
START 7616 1476 11024 -1910 -3636 5936 END
START 8832 1808 12228 -3203 -4136 5936 END
START 10776 2180 14492 -4024 -5054 5710 END
START 13136 2116 17096 -4122 -5147 4863 END
START 15604 2540 19776 -3418 -4940 3456 END
START 17732 3176 22168 -1884 -3643 958 END
START 18680 3756 23224 268 -1839 -2657 END
START 18472 3848 23240 2647 -1318 -6540 END
START 17888 4288 23152 4889 -2202 -9992 END
START 17668 4360 22872 6861 -3026 -13032 END
START 17060 4732 22132 8585 -3221 -15913 END
START 16356 4784 21572 9383 -1928 -18300 END
START 15248 5180 21216 9379 1109 -20258 END
START 13348 5192 20576 8917 3799 -21714 END
START 11420 5224 19624 8919 5661 -22899 END
START 9400 4792 18348 9162 6472 -24126 END
START 7480 4252 17112 9431 6109 -25090 END
START 5460 3948 15952 10175 4586 -25983 END
START 3496 3372 14828 11389 2164 -26913 END
START 1504 2604 13436 12399 -32 -27708 END
START -424 2360 12680 12682 -1382 -27710 END
START -2104 2216 11936 12577 -2166 -26846 END
START -3572 1716 11144 11970 -3364 -25284 END
START -5028 1600 9984 11313 -5567 -22844 END
START -6300 1792 9612 10209 -7585 -19826 END
START -7088 1632 9096 8738 -8436 -16602 END
START -7312 1704 8876 6723 -7314 -13450 END
START -7396 1524 9132 4529 -4331 -10724 END
START -7800 1148 9276 2077 -653 -7718 END
START -8324 656 9080 114 1770 -4496 END
START -9024 632 9188 -880 2115 -1250 END
START -9056 580 8908 -1212 1561 1756 END
START -9196 952 9084 -1685 1034 4221 END
START -9232 992 9076 -2163 532 6298 END
START -9336 1144 9508 -2398 -386 8317 END
START -9132 1372 9796 -2456 -1128 10377 END
START -8708 1324 10204 -2412 -1794 12620 END
START -8280 1584 10524 -2332 -2120 14900 END
START -7832 1772 10764 -2143 -2862 16959 END
START -7600 1956 11028 -1215 -5174 18408 END
START -6840 2032 11512 321 -8205 19497 END
START -5560 2132 12084 1256 -9660 20601 END
START -4028 2028 12968 1075 -8571 22410 END
START -2300 1908 13392 -188 -5271 24877 END
START -288 2008 13948 -1776 -857 27455 END
START 1920 2684 14692 -3584 2627 29756 END
START 4088 3944 15344 -5888 5419 30949 END
START 6280 4972 16484 -7701 7189 30220 END
START 8256 5272 17624 -7765 6863 28552 END
START 10344 5560 18644 -6688 5623 26647 END
START 12648 5544 19056 -5105 4043 25166 END
START 15020 5748 19292 -3618 2619 23911 END
START 16888 5928 18852 -2602 1941 22628 END
START 18656 6008 18244 -2200 1992 20787 END
START 20292 6100 17740 -1977 2659 18171 END
START 21104 6144 16916 -2130 3809 14533 END
START 21076 5620 15812 -2562 4731 10801 END
START 20296 4592 14524 -3244 5006 7731 END
START 19556 3704 13464 -3897 4542 5639 END
START 19056 2960 12592 -4570 4346 3898 END
START 18636 2072 11352 -5246 4767 1994 END
START 17756 976 9984 -5947 5216 -234 END
START 16672 64 8504 -6853 5151 -2251 END
START 15444 -544 7336 -8465 4635 -4080 END
START 14572 -1444 7480 -10528 2895 -4817 END
START 13968 -1576 7944 -12241 924 -4457 END
START 13996 -2208 8204 -13958 -342 -4265 END
START 13696 -2504 8576 -15745 -1363 -4694 END
START 13716 -2840 9528 -17220 -1311 -6045 END
START 13432 -3440 10084 -18250 -710 -7808 END
START 12544 -4728 11156 -19462 -182 -9626 END
START 11320 -5660 11672 -20815 47 -11019 END
START 10008 -6016 12944 -21830 245 -11849 END
START 8800 -6388 14612 -22403 1268 -12107 END
START 7916 -6484 15672 -22642 3089 -12031 END
START 6564 -6616 16580 -22819 5106 -11933 END
START 4780 -6628 18528 -23559 7135 -11825 END
START 2716 -6256 20508 -23686 8976 -11413 END
START 316 -6776 22808 -22317 10184 -10146 END
START -1488 -6608 24232 -19933 11386 -8314 END