START 4076 7520 1992 -5406 1537 4418 END
START 2456 7768 4836 -6206 2187 4508 END
START 3688 7356 3364 -7853 2476 4765 END
START 3144 7276 3460 -11405 4006 4589 END
START 2268 6768 4676 -14379 4646 3946 END
START 1436 6312 4760 -15260 4181 3784 END
START 904 5844 4768 -14700 3197 4601 END
START 1144 5348 4552 -13988 2068 5874 END
START 2132 5100 4004 -13639 2246 6998 END
START 2868 5112 3584 -14671 2354 7157 END
START 3332 5056 3016 -16473 2948 6902 END
START 3012 4968 3364 -18621 3735 6392 END
START 2112 4864 4316 -20966 4094 5704 END
START 1808 4200 5700 -21741 3813 5620 END
START 1572 2916 6756 -20753 2370 6152 END
START 1576 2244 7324 -19618 18 6963 END
START 2192 2260 7856 -19040 -1409 7167 END
START 2328 2000 7888 -19186 -2370 6877 END
START 2744 2116 8248 -20110 -2838 6220 END
START 2780 1600 9312 -21177 -2929 5766 END
START 3364 852 10908 -21433 -3696 5815 END
START 4448 84 11744 -21011 -4414 6323 END
START 5104 144 12348 -21061 -4237 6010 END
START 4636 256 12608 -21613 -3097 4872 END
START 3684 -164 12976 -22050 -2685 3478 END
START 2924 -1608 14512 -22762 -4576 3174 END
START 3924 -2716 16840 -23365 -5622 4386 END
START 4748 -3852 18680 -23693 -3290 5402 END
START 4904 -4576 18716 -23629 -716 5456 END
START 3796 -4416 18480 -23049 -285 4727 END
START 2856 -4996 19164 -22558 -1711 4022 END
START 2440 -5352 20800 -21920 -3809 4380 END
START 3444 -5720 22224 -21172 -5234 5527 END
START 4632 -5896 22868 -21200 -4627 6514 END
START 5356 -6148 22936 -21769 -2124 6985 END
START 5116 -6096 23664 -22771 411 6341 END
START 4196 -6456 25484 -22235 592 5755 END
START 4104 -6748 26972 -20164 -1192 5921 END
START 5548 -6860 28328 -18101 -2803 6114 END
START 6432 -6576 29396 -16752 -2767 5774 END
START 7168 -6824 30980 -15305 -2303 5299 END
START 7732 -6800 32767 -12996 -2101 4453 END
START 8276 -6344 32767 -9981 -1956 3281 END
START 9004 -6196 32767 -7007 -1892 1654 END
START 9064 -6416 32767 -4183 -2068 439 END
START 8988 -6680 32767 -1311 -2407 -40 END
START 10012 -6876 32767 1703 -2394 -421 END
START 10664 -6952 32767 5112 -1603 -1216 END
START 10576 -7012 32767 8805 -64 -2339 END
START 9760 -6856 32767 12093 1371 -3317 END
START 8916 -6872 32767 14930 1610 -4028 END
START 8144 -6688 31312 16659 945 -4619 END
START 7804 -6376 30024 18519 1074 -5239 END
START 7268 -6256 28804 20388 1118 -5779 END
START 7276 -6048 27152 21950 969 -6523 END
START 6908 -5804 25472 23148 691 -7369 END
START 6480 -5512 23892 24123 989 -8011 END
START 5932 -5388 22148 24317 1330 -7955 END
START 5680 -4912 20648 24023 1626 -7431 END
START 5524 -4612 19348 23653 1957 -6601 END
START 5592 -3940 18080 23220 2889 -6028 END
START 4828 -3596 16196 22964 4371 -5978 END
START 3476 -3416 14288 22799 4540 -6089 END
START 2480 -3348 11936 22563 3507 -6003 END
START 1552 -3076 9824 21492 2245 -5882 END
START 696 -2860 8388 19875 2197 -5389 END
START -532 -2844 6700 18052 2308 -4165 END
START -1228 -2716 5420 16051 1686 -2369 END
START -908 -1936 4764 13912 1403 -774 END
START -572 -1128 4580 12077 1724 -205 END
START -616 -156 4324 10742 1034 160 END
START -880 -192 4068 10550 -1002 386 END
START 120 444 3676 9289 -3354 764 END
START 980 1072 4084 7427 -3988 1290 END
START 2844 1696 4028 5559 -3707 2115 END
START 3452 1988 4912 4093 -3636 3086 END
START 4448 2240 6036 2580 -4051 3857 END
START 6412 2732 7268 1406 -4753 4102 END
START 8464 2936 9352 367 -4872 3844 END
START 10992 3128 11248 -261 -5377 3546 END
START 13328 3472 13512 -434 -5119 2842 END
START 14988 3952 15232 -90 -3669 1348 END
START 15600 4324 15988 555 -2296 -884 END
START 15488 4684 16508 1405 -1985 -3362 END
START 15492 4700 17108 2369 -2549 -5582 END
START 15780 4812 17844 3101 -2693 -7484 END
START 16052 5276 18568 3268 -1881 -9003 END
START 15868 5404 19140 3638 -132 -10667 END
START 15084 5172 19156 4369 1258 -12451 END
START 14452 5424 19400 5636 2617 -14560 END
START 13200 5484 19400 7378 4257 -17384 END
START 11188 5256 19080 9271 4045 -19699 END
START 9164 5168 17964 11031 2230 -21112 END
START 7652 4948 16892 11892 296 -22004 END
START 6580 5320 16552 11697 -914 -22519 END
START 6092 5444 16228 11125 -912 -23360 END
START 4780 6124 16652 11411 -635 -24509 END
START 3188 6284 16064 11913 201 -25517 END
START 1644 5976 15332 12321 63 -26044 END
START -380 6176 14308 12620 -865 -25639 END
START -1748 5896 13392 12624 -1623 -24452 END
START -3120 5888 12536 11439 -1744 -22286 END
START -4368 5848 11832 9433 -1810 -20345 END
START -5552 6096 11460 7656 -1610 -18574 END
START -6636 5936 11512 6618 -1494 -16901 END
START -7888 5328 11184 5856 -1539 -14767 END
START -8596 5492 10424 4721 -1433 -11878 END
START -9144 4992 10180 2234 -285 -8456 END
START -10000 4580 9620 -270 734 -4835 END
START -10652 4156 9660 -2208 1511 -1081 END
START -10604 3772 10184 -3372 1667 1937 END
START -10732 3748 10348 -3667 1873 3535 END
START -11108 3212 10220 -3254 721 4927 END
START -11168 3268 10016 -2760 -1074 6675 END
START -11048 3148 10040 -2379 -2514 8956 END
START -10544 3148 10136 -2296 -3909 11805 END
START -9496 3272 10408 -3017 -3809 14918 END
START -8244 3444 10684 -4115 -2129 17462 END
START -7584 3628 11356 -4966 -727 19219 END
START -7384 3788 11624 -4918 -780 20626 END
START -6420 3668 11872 -4600 -1565 22117 END
START -4704 4204 12328 -4991 -411 24245 END
START -3668 4204 12524 -6833 3317 26673 END
START -2500 4064 12460 -8291 6030 28356 END
START -1480 4320 13012 -8335 6062 28875 END
START 216 4440 13672 -7312 3269 28686 END
START 2524 4468 14272 -6258 -74 27982 END
START 4760 4692 15040 -5553 -2321 26947 END
START 7120 4936 15672 -5301 -3491 26085 END
START 9584 5164 16528 -5221 -3327 25288 END
START 12196 5376 17396 -5418 -2343 24327 END
START 14836 5836 18720 -5863 -889 22886 END
START 16924 6164 19616 -5573 430 21448 END
START 18268 6240 19804 -5205 949 19823 END
START 19376 6628 19280 -4542 666 17465 END
START 20100 6712 18792 -3385 523 13883 END
START 20120 6488 18144 -2250 398 9872 END
START 19680 5656 17176 -1421 232 6651 END
START 18964 4780 15996 -1579 170 4678 END
START 18596 4272 15196 -2096 496 3285 END
START 18048 3792 13996 -2626 1591 1674 END
START 17176 3036 12828 -3243 2538 -1013 END
START 15784 2036 11100 -3665 2642 -4449 END
START 14180 120 9916 -4213 1001 -6880 END
START 13388 -1256 9828 -4793 -2254 -7473 END
START 13676 -1852 10552 -5293 -4348 -7010 END
START 14116 -2220 11064 -6564 -3186 -6540 END
START 14416 -2464 10864 -8649 -915 -6542 END
START 14132 -2424 11108 -10062 1208 -7142 END
START 13332 -2596 10376 -11092 2393 -8220 END
START 12008 -2924 10248 -11776 2210 -9242 END
START 11008 -3292 10348 -12159 1082 -9773 END
START 10392 -3176 10480 -12783 -362 -9945 END
START 10160 -2760 11192 -13789 -888 -9794 END
START 9692 -2488 11604 -14602 -842 -9571 END
START 9664 -1864 11916 -15701 -347 -10093 END
START 8656 -1200 12464 -16959 807 -11065 END
START 6856 -488 13100 -17482 1908 -11998 END
START 4964 -100 13832 -17749 2438 -12592 END
START 3752 112 14944 -18000 2323 -12969 END
START 2500 -40 16824 -18276 2315 -13076 END
START 964 144 19148 -18308 2848 -12790 END
START -980 -220 21740 -18005 3636 -11845 END
START -2840 -432 24064 -17268 3933 -9971 END
START -4520 -428 26204 -16296 3775 -7660 END