START 3124 -2012 2644 -5065 785 -1676 END
START -1368 -60 13264 -5340 -111 -1810 END
START 5048 -916 -1460 -5923 -543 -2467 END
START 1084 500 3576 -5820 -2575 -2478 END
START 1344 1012 3332 -5676 -6714 111 END
START 2184 1916 2820 -6617 -9510 3685 END
START 3248 2592 3488 -8010 -9649 6800 END
START 5304 2988 2832 -10646 -7293 8669 END
START 5576 3128 3980 -14310 -3291 9498 END
START 5280 3340 4780 -17585 1206 10135 END
START 4288 3048 5656 -20295 4620 10612 END
START 2724 2576 6436 -21709 5234 11491 END
START 1916 2108 6900 -22291 3409 12471 END
START 2076 2024 7520 -23025 769 13247 END
START 2888 1548 8564 -23598 -1246 13383 END
START 3084 2368 10248 -23965 -1833 12421 END
START 4104 2124 9868 -24057 -2083 10877 END
START 3152 2096 10932 -24003 -2681 9295 END
START 3540 1284 11948 -24206 -4516 8611 END
START 4376 1144 13940 -24308 -5666 8376 END
START 5476 720 15484 -24356 -5082 8344 END
START 5716 648 16280 -24727 -3181 7970 END
START 5108 548 16280 -25074 -875 7059 END
START 3944 192 16016 -25164 230 6060 END
START 3276 -508 17052 -25380 -868 5844 END
START 3916 -1372 19252 -25654 -2991 7056 END
START 5444 -1824 21264 -25489 -2986 8537 END
START 6548 -2460 22216 -25432 -1432 8916 END
START 6668 -3200 22704 -25090 1436 7815 END
START 5108 -3184 22684 -24449 3772 6154 END
START 3576 -3976 23436 -23595 3497 5528 END
START 3324 -4608 24504 -22523 1739 6201 END
START 4200 -4816 25984 -21416 -102 7584 END
START 5664 -4460 27412 -20307 -477 8177 END
START 7228 -4640 28288 -19368 1526 6918 END
START 7092 -4488 29308 -18652 3237 4503 END
START 5928 -4752 30296 -16867 3291 2637 END
START 5320 -4704 30960 -14131 1834 1990 END
START 5552 -4656 31616 -11379 206 1867 END
START 6144 -4924 32436 -9276 -530 1674 END
START 6924 -4852 32767 -7467 -621 1238 END
START 7360 -4912 32767 -5131 -252 450 END
START 7664 -5032 32767 -2223 142 -500 END
START 7560 -5188 32767 1092 230 -1294 END
START 7480 -5124 32767 4465 -183 -1844 END
START 7632 -5096 32767 7924 -670 -2524 END
START 7284 -5100 32767 11099 -1144 -3287 END
START 6952 -4784 32767 14207 -1321 -4136 END
START 6624 -4892 32404 17439 -1044 -4985 END
START 5948 -4808 30472 20481 -767 -5885 END
START 5296 -4740 28408 23084 -1135 -6764 END
START 4476 -4596 26212 25475 -1491 -7346 END
START 3804 -4360 23800 27189 -1441 -7354 END
START 3432 -3932 21092 28126 -768 -7322 END
START 3128 -3704 17728 28016 125 -7705 END
START 2092 -3688 15312 26913 629 -7884 END
START 1580 -3064 12664 25412 391 -7897 END
START 1144 -2988 10956 23478 709 -7662 END
START 596 -2580 9032 21428 1461 -7040 END
START 292 -2464 7884 18750 2359 -5543 END
START -100 -2268 7320 15449 2787 -3380 END
START -84 -2088 6640 12178 2544 -805 END
START 460 -1888 6616 9561 3127 1331 END
START 964 -1908 6612 7156 3760 2837 END
START 1304 -2100 7036 5068 3041 3887 END
START 2664 -2184 7960 3428 1124 4943 END
START 4252 -1824 9992 2362 -790 5382 END
START 5752 -1488 12172 1651 -2861 5665 END
START 7912 -988 14112 1223 -4252 5677 END
START 10668 -636 16380 834 -5204 5445 END
START 13092 -380 19312 479 -6022 4939 END
START 16112 244 22176 1454 -5263 3318 END
START 18772 796 24848 3801 -2781 -398 END
START 19748 1584 25724 6884 -756 -5479 END
START 18736 1888 25352 10322 33 -10713 END
START 17032 2052 24232 13674 -1336 -14727 END
START 15216 2064 22884 16217 -4308 -17536 END
START 15008 2484 21736 17398 -5101 -19514 END
START 13984 3004 20408 17430 -2117 -21497 END
START 11792 3032 18272 16730 1714 -23079 END
START 8812 3256 15716 15858 4408 -23998 END
START 5900 3120 13148 15118 4793 -24555 END
START 3472 2776 11296 14446 2757 -25185 END
START 1580 2608 9896 14131 -1064 -25656 END
START -476 2856 9124 13503 -4331 -26001 END
START -2904 3140 8700 13035 -5781 -25734 END
START -5352 3348 7872 12534 -5611 -24323 END
START -7088 3268 6844 11545 -5733 -21944 END
START -7832 2828 6408 9979 -6282 -19015 END
START -8212 2996 6760 7765 -5771 -15482 END
START -8208 2748 7244 5041 -2806 -11744 END
START -8576 2576 7592 2198 798 -8488 END
START -9180 1948 7688 40 3009 -5664 END
START -9792 1784 7808 -1137 3335 -3353 END
START -10164 1212 7672 -2021 2431 -1220 END
START -10736 1140 7844 -2801 945 1041 END
START -10896 876 8168 -3570 236 3714 END
START -10736 568 8044 -4702 -315 6803 END
START -10560 700 8784 -6111 -1148 10203 END
START -9744 812 9680 -7457 -694 13538 END
START -9104 1228 10512 -8516 661 16355 END
START -8432 1604 10904 -9144 1761 18950 END
START -7536 1900 11256 -9303 2220 21052 END
START -6456 2632 11492 -9312 2375 22851 END
START -5064 2880 12172 -9512 2205 24323 END
START -3332 3196 12744 -9930 1760 25442 END
START -1648 3844 13480 -10177 2070 25939 END
START -308 3896 13932 -10147 2145 26042 END
START 1320 4036 14664 -9966 1659 26055 END
START 3480 4104 16084 -9660 740 26032 END
START 5740 4900 17264 -8935 1064 25386 END
START 8040 5084 18140 -8370 2016 24171 END
START 9576 5012 18432 -8183 1868 23042 END
START 11076 4988 18980 -8205 452 22110 END
START 13364 4268 19788 -7954 -1185 21574 END
START 16004 4084 20724 -7161 -2027 20262 END
START 18548 3864 21244 -6085 -795 17374 END
START 19664 3424 20824 -5079 1109 14029 END
START 19592 2528 19740 -4321 2277 10816 END
START 19284 1168 18160 -4075 2308 8061 END
START 18836 336 16708 -4080 1666 5652 END
START 18368 -592 15472 -4367 903 3520 END
START 18064 -1484 14588 -4664 729 1039 END
START 17660 -2024 13892 -4973 1108 -1622 END
START 16948 -2900 13368 -5542 1491 -3978 END
START 16044 -3324 12648 -6254 1741 -5754 END
START 14648 -4264 11900 -7195 1495 -7070 END
START 13400 -4148 11476 -8357 508 -8286 END
START 12644 -3936 11476 -9601 -244 -9446 END
START 12308 -3860 11944 -10515 -619 -10982 END
START 11884 -3472 12608 -10731 422 -13028 END
START 11044 -3508 12904 -11309 2161 -15161 END
START 9768 -3624 12712 -12097 3942 -16747 END
START 7576 -3456 12544 -13236 4986 -17839 END
START 5648 -3108 12624 -14484 5289 -18640 END
START 3680 -2572 13420 -15728 5250 -19227 END
START 1612 -1832 15396 -16295 5341 -19497 END
START -508 -1724 17628 -15674 4880 -19296 END
START -2428 -1304 19652 -14778 4037 -18803 END
START -5260 -448 22060 -14294 3293 -18287 END