START 5428 4144 -2792 -9380 -2248 7092 END
START -1840 6064 5700 -10182 -2532 7087 END
START 2312 4956 1532 -12039 -1479 6609 END
START 4256 4556 -24 -14654 -764 4956 END
START 3232 5224 836 -15776 -2385 3358 END
START 3096 4276 416 -16031 -5566 3765 END
START 2132 4444 1536 -16218 -8865 6061 END
START 2824 3980 2792 -17072 -9758 8874 END
START 4144 4164 2736 -18096 -7608 10860 END
START 3652 3884 5252 -18974 -4943 11513 END
START 3996 3476 4992 -19313 -3876 11189 END
START 3788 2684 6156 -19154 -4379 10787 END
START 4584 2084 7504 -19366 -5934 10726 END
START 5096 1600 8672 -20091 -7990 11049 END
START 6244 1296 9716 -20892 -8550 11302 END
START 6544 1464 10388 -21630 -6638 11121 END
START 6204 1496 10616 -22327 -4344 10183 END
START 6188 876 11616 -23083 -4131 9027 END
START 6324 -60 13136 -24067 -5179 8860 END
START 6836 -820 15268 -24833 -4981 9346 END
START 7412 -1744 16912 -25327 -2781 9645 END
START 7100 -2252 17532 -25190 -36 9233 END
START 5940 -2688 17632 -24755 1743 8260 END
START 4680 -3872 17840 -24223 1230 7681 END
START 4412 -4644 19004 -23874 -861 8351 END
START 4796 -5248 20524 -23398 -1489 9256 END
START 5284 -5792 21880 -23142 -964 10047 END
START 5728 -5652 22520 -22251 437 10028 END
START 5668 -5676 22248 -21131 2584 9161 END
START 4876 -5884 21976 -20732 3838 7727 END
START 4240 -6376 23124 -20982 2432 7321 END
START 5088 -6252 24952 -20946 426 8291 END
START 6348 -5616 26584 -19965 997 9020 END
START 7624 -5156 26920 -18498 2850 8751 END
START 8068 -5140 27004 -16870 4717 6873 END
START 7440 -5532 26632 -15389 5803 4617 END
START 6828 -6080 27484 -13867 4776 3361 END
START 6752 -6336 28520 -11906 2873 3169 END
START 7208 -6088 29696 -9763 1565 3339 END
START 7704 -6232 30164 -7837 1432 3180 END
START 7952 -6128 30548 -5836 1782 2340 END
START 8100 -6232 31104 -3365 2061 831 END
START 7848 -6288 31412 -584 2054 -875 END
START 7244 -7148 31544 1982 2194 -1908 END
START 6340 -7716 31412 4296 1925 -2254 END
START 5620 -7976 31560 6892 728 -2252 END
START 5288 -7756 31524 9550 -857 -2209 END
START 5216 -7632 31504 11968 -2679 -2321 END
START 6308 -7140 31452 14374 -3168 -2797 END
START 7160 -6384 30924 16453 -1725 -3864 END
START 7556 -6028 29904 18509 107 -5182 END
START 6860 -5608 28200 20537 981 -6362 END
START 6584 -5600 26156 22408 691 -7249 END
START 6336 -5484 24316 23921 -97 -7951 END
START 6040 -5160 22192 25180 -455 -8559 END
START 5580 -4804 19908 25697 -245 -9156 END
START 4636 -4544 17496 25645 761 -9466 END
START 3388 -4300 14972 25328 1536 -9051 END
START 2332 -3912 12080 24386 1765 -8161 END
START 1444 -3384 9192 22563 1376 -7282 END
START 628 -3068 7488 20350 645 -6154 END
START -36 -2808 6248 17970 -77 -5005 END
START -268 -2212 5608 15427 -509 -3647 END
START -172 -1708 5336 12772 129 -2049 END
START 12 -1456 4908 10215 1153 -648 END
START 176 -1272 4876 8072 1490 496 END
START 288 -940 5036 6224 927 1696 END
START 992 -808 5764 4589 125 2818 END
START 1936 -496 6536 3305 -735 3602 END
START 2996 -224 7296 2188 -1588 3866 END
START 4344 48 8248 1302 -2245 3640 END
START 5108 396 9828 706 -2590 3195 END
START 6464 232 11464 139 -3245 3050 END
START 8116 516 13552 -510 -3860 3282 END
START 10268 616 15880 -1147 -4168 3581 END
START 12600 1032 18092 -1571 -3749 3318 END
START 14588 1572 20712 -1199 -3155 2262 END
START 16436 2272 22820 207 -2566 238 END
START 17336 2636 23920 2396 -2321 -2359 END
START 17800 2844 24612 4953 -3108 -5111 END
START 17664 3364 24200 7379 -3594 -7697 END
START 17292 3864 23640 9674 -3998 -10255 END
START 16324 4364 22956 11464 -4258 -12627 END
START 15668 4420 22000 12429 -3465 -14441 END
START 14956 4184 21368 12429 -961 -16077 END
START 14048 3848 20676 12041 2302 -17747 END
START 12376 3620 19388 11460 5451 -19331 END
START 10800 3260 18328 10985 6983 -20678 END
START 8824 2844 17828 11243 6691 -21505 END
START 7520 2620 17368 12047 5517 -22038 END
START 6772 2696 16976 13413 4411 -22736 END
START 5660 2720 16388 15113 3343 -23931 END
START 4056 2552 15244 16969 2154 -25572 END
START 2484 2324 14056 18363 284 -26710 END
START 1244 2060 12724 19044 -2050 -27064 END
START 56 2196 11876 19199 -4267 -27053 END
START -1152 2368 10984 18993 -5568 -27045 END
START -3012 2508 10000 18262 -5542 -26830 END
START -4960 2188 8992 17011 -4959 -25615 END
START -6728 1992 8280 15695 -5450 -23469 END
START -7796 1876 7872 14577 -6674 -20813 END
START -8852 2108 7864 13537 -8937 -17993 END
START -9380 2092 7796 12898 -11215 -15508 END
START -9848 2200 8000 11612 -11203 -12858 END
START -10276 2156 8012 9197 -8980 -9610 END
START -10892 2652 8052 5655 -4372 -5255 END
START -11440 2932 7652 1356 797 -254 END
START -11684 3076 7356 -2193 3844 4459 END
START -11528 3348 7264 -4618 4096 8532 END
START -10712 3632 7304 -6137 3570 11447 END
START -10428 4052 7548 -7590 3628 13695 END
START -10008 4080 7908 -9412 4983 16094 END
START -9580 4092 8548 -11530 7673 19103 END
START -9508 3804 8552 -13713 10301 22413 END
START -9024 3280 8612 -15533 11469 25532 END
START -8652 2912 8696 -17171 12354 28023 END
START -8296 2476 8744 -18295 12549 29778 END
START -7184 1876 8544 -19260 12408 31228 END
START -5836 1252 8744 -21189 12757 32766 END
START -4232 52 9452 -23631 14076 32767 END
START -2488 -40 10764 -25409 15588 32767 END
START -1076 -696 12348 -25996 15257 32767 END
START 1964 -704 15348 -24568 12223 32767 END
START 4664 -996 18288 -20973 6625 32441 END
START 8600 36 21268 -16036 1518 28051 END
START 10856 448 23232 -11727 -1845 23446 END
START 11912 676 24660 -8859 -5127 20947 END
START 13508 1320 25540 -7437 -5710 20641 END
START 15312 2140 26056 -7189 -3590 20478 END
START 16464 2428 25708 -7421 -498 19477 END
START 16444 2504 24868 -7455 901 18294 END
START 16920 2000 23260 -6590 1065 16818 END
START 18100 1620 21140 -5338 1377 13397 END
START 18376 1008 18224 -4884 428 7934 END
START 17432 -428 15724 -5130 -849 3349 END
START 16540 -1824 13440 -5995 -1173 1059 END
START 16500 -2772 12400 -7415 86 404 END
START 16788 -3196 12188 -8633 2084 -217 END
START 17128 -3016 11984 -9408 3263 -1842 END
START 17512 -3604 11312 -9926 2284 -4833 END
START 17272 -4020 11100 -10427 279 -8808 END
START 16152 -4196 11520 -10804 -442 -12241 END
START 14880 -4516 11688 -11061 563 -14011 END
START 13924 -4932 10852 -12533 3362 -14906 END
START 12404 -5468 10384 -14912 5874 -16103 END
START 10304 -6140 9888 -16982 5728 -17303 END
START 8472 -6968 9908 -18438 4224 -17866 END
START 7168 -7524 11008 -19808 2693 -18371 END
START 6492 -8356 12564 -20468 2203 -19263 END
START 5248 -8692 14520 -20169 2474 -20615 END
START 3320 -9316 15996 -19232 3003 -21260 END
START 1632 -9540 17224 -18924 3703 -21231 END
START -184 -9456 19084 -19187 4332 -20727 END
START -2296 -9544 21172 -19187 5129 -19819 END
START -4100 -10008 23524 -18252 6017 -18255 END
START -6412 -9648 25824 -17008 6419 -15802 END