START 4576 5008 -9848 956 3538 1158 END
START -224 5644 -984 -35 2447 1568 END
START 3452 4464 -3156 -1955 1333 1822 END
START 2856 4488 -2744 -7486 480 2556 END
START 3144 4260 -2092 -12855 -6 4104 END
START 3356 4264 -376 -16856 1448 5478 END
START 3424 4772 1684 -18292 4635 6941 END
START 3612 4488 2384 -17220 7130 8006 END
START 3916 4400 2184 -15393 7316 8548 END
START 5040 4112 1576 -14688 6014 7971 END
START 5484 3900 1544 -16086 3710 6445 END
START 4964 2452 2544 -17735 1112 5675 END
START 5172 1652 4236 -18978 -473 5953 END
START 5232 872 6196 -19871 709 6538 END
START 5300 744 6964 -20167 3272 7020 END
START 4320 80 7384 -20353 5507 7606 END
START 3224 -284 7276 -20592 6338 7945 END
START 2768 -588 7584 -21478 5250 8000 END
START 3120 -1224 8760 -23159 2711 7863 END
START 3336 -1620 10516 -24380 1402 7361 END
START 2216 -1944 13136 -24422 1597 7199 END
START 1244 -1552 13224 -23866 1715 7040 END
START 808 -1696 13216 -23645 876 6722 END
START 812 -1920 13656 -24109 -619 6635 END
START 1912 -2964 15132 -25043 -2525 7117 END
START 3796 -3888 17764 -26519 -3638 7733 END
START 5060 -4540 20044 -27006 -1874 7707 END
START 4652 -4140 21156 -26956 2031 6881 END
START 3036 -3712 21344 -26438 5431 5730 END
START 1296 -3748 21592 -26021 5688 4928 END
START 1288 -4540 22668 -25483 3027 5037 END
START 2716 -5088 24536 -25143 388 5174 END
START 3840 -5196 26204 -24190 176 4513 END
START 3660 -4972 27284 -22551 2117 3118 END
START 2060 -4580 27980 -20793 4069 1985 END
START 724 -4972 28744 -19612 4259 2251 END
START 372 -5804 30124 -18604 2366 3676 END
START 1284 -6216 32324 -17240 175 5876 END
START 3268 -6576 32767 -15346 -1012 7560 END
START 4136 -6100 32767 -12928 -2602 7999 END
START 5200 -5172 32767 -9303 -3942 6883 END
START 6172 -4944 32767 -4415 -3367 3933 END
START 6604 -5196 32767 682 -3184 250 END
START 6716 -5716 32767 4375 -4334 -1902 END
START 6880 -6072 32767 7297 -5035 -2588 END
START 6928 -5976 32767 10059 -4969 -2658 END
START 6784 -5584 32767 12591 -5046 -2940 END
START 6728 -4932 32767 14794 -5173 -3675 END
START 6696 -4740 32767 16803 -4362 -4135 END
START 6732 -4504 31588 18357 -2478 -4390 END
START 6240 -4280 29464 19460 -101 -4836 END
START 5404 -4448 27336 20381 738 -5627 END
START 4764 -4828 25372 21031 -326 -6204 END
START 3776 -4760 23552 22201 -1621 -6179 END
START 3428 -4316 21776 23016 -1102 -5659 END
START 3384 -3876 20328 22981 588 -5568 END
START 2988 -3584 18504 23007 1923 -6049 END
START 2640 -3992 16428 23173 2000 -6645 END
START 2040 -3660 14400 23037 726 -6766 END
START 2016 -2876 12544 22173 -327 -6607 END
START 1748 -2244 11144 20494 -309 -6154 END
START 1224 -1864 9572 18819 198 -5350 END
START 824 -1456 7976 17154 775 -4590 END
START 448 -1048 6844 15213 960 -3887 END
START 132 -828 5896 13229 752 -3270 END
START -32 -624 5472 11331 383 -2389 END
START 152 -340 5444 9693 320 -1248 END
START 548 -100 5304 7977 667 -71 END
START 500 120 5180 6113 939 802 END
START 464 168 5144 4338 1001 1879 END
START 664 292 5648 2464 456 3268 END
START 1364 328 6096 564 -290 4401 END
START 2480 528 6804 -1262 -1116 5089 END
START 3668 1012 8744 -2798 -1838 5271 END
START 5668 1004 10080 -3375 -2713 5240 END
START 7156 1296 11924 -3478 -4417 4963 END
START 9452 1200 13696 -3390 -5963 4159 END
START 11552 1304 15788 -3148 -6757 2941 END
START 14216 1432 18044 -2505 -6667 1317 END
START 16112 2176 19904 -990 -5205 -1386 END
START 16848 2584 20596 1089 -4067 -4925 END
START 16772 2780 21336 3355 -3755 -8674 END
START 16692 2744 21756 6461 -3867 -12644 END
START 16708 2520 21536 10158 -4362 -17850 END
START 15396 2828 21256 12800 -6881 -22453 END
START 14100 3288 20228 13742 -9344 -24177 END
START 12944 4816 20104 12878 -8627 -23344 END
START 12444 5348 19724 10883 -4707 -21733 END
START 11816 5904 19624 9024 -506 -21073 END
START 10576 6132 19552 8553 1687 -21564 END
START 8944 6040 19552 9708 1657 -22872 END
START 7280 6044 18908 11848 -154 -24420 END
START 5548 5508 18116 14046 -3865 -26092 END
START 4032 5440 17416 15925 -7954 -27282 END
START 2880 5544 16596 16606 -9297 -27338 END
START 1256 5248 15324 15130 -6664 -25876 END
START -640 5000 13892 12165 -2699 -23372 END
START -2732 4516 12512 8906 555 -20426 END
START -4576 3888 11064 6700 1768 -17887 END
START -5992 3148 10256 5609 778 -15902 END
START -7320 2436 9880 5310 -701 -14401 END
START -8508 2116 9392 5143 -1605 -12821 END
START -9520 1972 8924 4548 -1047 -10806 END
START -10440 1600 8160 3479 -313 -8049 END
START -10820 1404 7736 2230 88 -5083 END
START -11164 1308 7620 940 88 -1804 END
START -11120 1480 7656 -601 457 1614 END
START -10824 1640 7844 -2211 939 4807 END
START -10228 2016 8248 -3357 1691 7233 END
START -9996 2424 8680 -3963 3011 8870 END
START -10156 2432 8744 -4105 3396 10379 END
START -10364 2364 8784 -4191 2664 12620 END
START -10332 2388 8772 -4610 1954 15474 END
START -9680 2484 8984 -5854 1975 18413 END
START -8520 2856 9476 -7532 3324 21123 END
START -7148 2924 10232 -9114 5465 23444 END
START -6004 2884 10988 -10461 7591 25350 END
START -5084 3276 11712 -10999 8579 26652 END
START -4116 3632 12092 -10747 8103 27611 END
START -2320 4260 12928 -10347 6512 27993 END
START 324 4880 13780 -9799 5109 27495 END
START 2676 5164 15068 -9325 4563 26183 END
START 5000 5600 16208 -9382 4983 24996 END
START 6732 5180 17184 -9980 6171 24601 END
START 8868 5356 18960 -10916 7646 24795 END
START 10364 5568 20224 -11187 9633 23946 END
START 11312 5584 20888 -10384 9818 21871 END
START 11624 5540 21120 -9149 7636 19397 END
START 12724 5000 21864 -7633 4717 17060 END
START 14040 4340 22956 -6054 1979 15258 END
START 15376 3960 23424 -4700 986 13905 END
START 16284 3952 23236 -3940 2218 12074 END
START 16140 3472 22276 -3609 3466 9907 END
START 15504 3020 21268 -3242 3208 7777 END
START 15048 2252 20072 -2653 1758 5985 END
START 14884 1724 19020 -2127 -363 4501 END
START 15376 864 17952 -1950 -2156 3102 END
START 15948 476 17352 -2465 -1592 1351 END
START 16192 76 16852 -2912 852 -884 END
START 15828 -372 16072 -3227 3087 -3227 END
START 15104 -1360 15144 -3259 3460 -5377 END
START 14588 -2324 13892 -3417 2013 -7073 END
START 14152 -2472 12712 -4184 225 -8639 END
START 13616 -2216 11772 -5037 -451 -10490 END
START 12832 -2500 11500 -5701 1012 -12530 END
START 11928 -2232 11084 -5965 4175 -14478 END
START 11272 -2320 9624 -6971 6446 -16831 END
START 9900 -3160 8040 -9308 5212 -18363 END
START 9160 -2924 7480 -12730 1545 -19581 END
START 7528 -2568 10460 -14189 1744 -20407 END
START 6664 -1868 11896 -12770 4658 -20349 END
START 6024 -1904 11108 -12484 8098 -20532 END
START 4236 -1820 11572 -13165 10885 -20907 END
START 1660 -1300 13480 -13676 12698 -20809 END
START -900 -1300 15524 -13492 13764 -20232 END
START -3380 -1800 17460 -13440 14358 -19423 END