START 1680 1580 1528 11521 -12129 -6183 END
START -420 4152 -3380 11723 -12006 -5952 END
START 2704 3008 -6888 11192 -14252 -3894 END
START -912 3164 -4908 6495 -15216 -393 END
START 956 3000 -6044 -1413 -13438 2537 END
START 2060 2236 -5052 -9717 -8838 3403 END
START 2860 1564 -3676 -15788 -4017 3632 END
START 2760 944 -1484 -18831 -528 3690 END
START 2016 428 524 -19582 79 3664 END
START 1960 -36 1464 -18908 -1237 3987 END
START 2300 -788 2516 -17897 -3884 4736 END
START 3172 -1644 3644 -17484 -5771 6097 END
START 3608 -2180 5236 -18211 -5629 7620 END
START 5136 -2836 4952 -19377 -3400 9087 END
START 3308 -2596 8000 -20597 -184 10314 END
START 3600 -3096 7364 -21901 1775 11427 END
START 3096 -3384 8256 -23421 2104 11879 END
START 2916 -4212 9700 -24527 937 12414 END
START 3060 -4432 11364 -25103 -314 13158 END
START 4420 -4704 12928 -24803 -471 13794 END
START 4392 -4024 14704 -23941 319 13730 END
START 4560 -3412 14644 -23189 1343 12794 END
START 4464 -3888 14956 -23438 780 11245 END
START 4744 -4764 16248 -24069 -1520 10237 END
START 5604 -6164 19248 -23926 -3347 10007 END
START 6620 -6484 21664 -23087 -2074 10283 END
START 6932 -5616 22844 -21714 1710 10471 END
START 6044 -4660 22924 -20936 4786 10112 END
START 5128 -4552 22768 -20606 5392 9153 END
START 4932 -5116 23532 -20418 3805 8285 END
START 5504 -5348 24480 -20363 1877 7948 END
START 6624 -5828 26224 -20482 1222 7931 END
START 7592 -5164 27836 -19992 2380 7621 END
START 7344 -3092 29180 -18374 5280 6124 END
START 5980 -1868 28988 -16137 8075 4010 END
START 4692 -1812 28108 -14074 8358 2367 END
START 4376 -2736 27912 -12762 6274 1626 END
START 5036 -3336 28496 -11996 3122 1306 END
START 5740 -3344 30228 -11411 1925 647 END
START 5640 -3252 31860 -10166 2768 -118 END
START 4932 -2680 32380 -7620 4634 -825 END
START 4252 -2388 32116 -5074 5934 -1320 END
START 3352 -2592 31964 -3352 5699 -1325 END
START 3040 -3040 32364 -1466 4590 -790 END
START 3008 -3324 32536 820 3376 -172 END
START 3368 -3460 32668 2858 2683 -61 END
START 3384 -3608 32668 4833 1875 -474 END
START 3288 -3748 32432 7054 593 -1237 END
START 3168 -3940 32392 9364 -704 -1946 END
START 3184 -4284 32000 11626 -1614 -2194 END
START 3432 -4652 31400 13913 -2151 -2200 END
START 3944 -4916 30688 15892 -2296 -2364 END
START 4236 -5216 30184 17696 -2348 -2695 END
START 4420 -4904 29248 19748 -1711 -3479 END
START 4316 -5040 27732 21676 -546 -4633 END
START 3896 -5432 25900 23072 80 -5517 END
START 3544 -5452 24168 23833 141 -5874 END
START 3144 -5556 22768 24347 371 -5829 END
START 2956 -5040 21292 24988 311 -5622 END
START 2852 -4596 19308 25461 390 -5544 END
START 2368 -4048 17332 25776 420 -5885 END
START 1784 -3596 15076 25660 304 -6230 END
START 1264 -3304 12768 25025 -291 -6349 END
START 688 -2868 10756 23607 -1349 -6261 END
START 372 -2524 9292 21761 -1911 -5630 END
START -24 -1976 7876 19734 -1851 -4436 END
START -116 -1528 6852 17532 -1597 -3027 END
START -200 -1036 6000 15274 -1318 -1692 END
START 180 -76 5544 13075 -688 -857 END
START 564 472 5260 11203 -114 -548 END
START 840 496 5076 9581 -76 -395 END
START 876 888 4996 8390 -744 -85 END
START 1072 1112 5144 7156 -1493 342 END
START 1168 1372 5260 5615 -2005 1001 END
START 1328 1564 5168 3616 -2868 1761 END
START 1808 1924 5980 1388 -3886 2536 END
START 2832 2180 7344 -538 -3858 3167 END
START 3832 2392 8904 -1937 -3078 3704 END
START 5232 2596 10460 -3151 -2551 4238 END
START 6404 2696 12224 -4301 -2416 4564 END
START 8016 3084 14808 -5148 -2846 4543 END
START 10016 3228 17620 -5229 -3728 4203 END
START 12512 3540 21092 -4150 -4061 2865 END
START 14776 3964 23860 -1863 -3839 469 END
START 16136 4676 26156 1032 -3426 -2297 END
START 17216 5328 27404 4351 -2759 -5830 END
START 16800 6076 27192 7547 -2205 -9492 END
START 15796 6456 26384 10245 -2351 -12837 END
START 14312 6572 24896 12511 -2081 -15495 END
START 12616 6528 22972 13755 -741 -17304 END
START 10904 6636 20904 14010 1305 -18539 END
START 8884 6700 19164 14021 3490 -19648 END
START 6368 6716 17336 14068 4887 -20757 END
START 3816 6416 15020 14315 4420 -21696 END
START 1720 6124 13248 14916 1988 -22550 END
START -204 5900 11616 15519 -2603 -23251 END
START -1632 5416 10380 16256 -7885 -23448 END
START -2640 5292 9580 16154 -10180 -22931 END
START -3756 5076 8800 14432 -8671 -21462 END
START -5064 4600 8028 11567 -6073 -18719 END
START -6032 4392 7328 8516 -4159 -15347 END
START -6644 4176 7348 6308 -3472 -12107 END
START -6960 4292 7352 5135 -3933 -9456 END
START -7076 3972 7464 4834 -4644 -7756 END
START -7024 3556 7120 4247 -4648 -6632 END
START -7436 3224 7284 2805 -3623 -5552 END
START -8040 2564 7172 816 -1379 -3609 END
START -9020 2284 7092 -1094 563 -797 END
START -9524 2040 7108 -2696 1799 2434 END
START -9776 1924 7480 -4273 2525 5686 END
START -9712 2020 7952 -5740 3661 8608 END
START -9476 1960 8832 -6990 4499 11286 END
START -9448 2100 9828 -7692 4459 13770 END
START -8860 2792 10444 -7679 4189 15821 END
START -8224 2880 10968 -7477 4218 17838 END
START -7584 3120 11216 -7687 4650 19841 END
START -6728 2816 11308 -8458 5248 21814 END
START -5748 3384 11844 -9385 5365 23710 END
START -4408 3928 13328 -10106 5001 25389 END
START -2528 4784 14356 -10131 5364 26366 END
START -1020 5628 14336 -9738 6515 26306 END
START 116 6072 14116 -9545 7714 25370 END
START 1148 6188 13976 -10012 7557 24463 END
START 2796 6004 14704 -10748 5187 24282 END
START 4768 6280 16028 -10876 2487 24509 END
START 7344 6316 17096 -10756 885 24466 END
START 9408 6500 17988 -10301 949 23884 END
START 12104 6752 19320 -9975 2237 22160 END
START 14128 6772 20228 -9615 3806 19622 END
START 15528 6564 21144 -8813 4434 16689 END
START 16544 5756 21444 -7674 4142 13760 END
START 17196 5296 21260 -6247 3551 10991 END
START 17388 4340 20796 -5289 3067 8105 END
START 17788 3564 20780 -4793 2654 5622 END
START 18216 2776 21084 -4099 2884 2996 END
START 18184 1936 20788 -3096 3723 118 END
START 17796 968 20220 -2090 4660 -2681 END
START 16772 -264 18816 -1334 5131 -5331 END
START 15380 -924 17632 -673 4952 -7628 END
START 14096 -1808 16328 -435 5340 -9615 END
START 12400 -3320 15436 -624 5690 -11323 END
START 12056 -3692 13988 -2156 5849 -11931 END
START 11272 -4460 14060 -3646 6345 -12615 END
START 10208 -4404 13892 -4770 7876 -13161 END
START 9320 -4548 13308 -5055 9010 -14115 END
START 8372 -4564 12404 -5251 9113 -15558 END
START 7000 -3956 12076 -5616 8361 -17294 END
START 5796 -3720 11512 -5676 7406 -18932 END
START 4344 -2684 11220 -6443 6134 -20918 END
START 2612 -2324 11780 -7100 5051 -23009 END
START 704 -2052 13020 -6905 4483 -24690 END
START -1088 -2320 13704 -6274 4484 -25858 END
START -2924 -2000 14916 -5991 4934 -26549 END