START 1584 2088 -488 -9673 -353 2409 END
START 324 2336 1340 -10082 -50 3105 END
START 412 2412 2324 -10676 806 4416 END
START 912 2280 3052 -11547 1654 6454 END
START 2156 2532 3444 -12147 1523 7305 END
START 3192 2340 3924 -12589 445 7270 END
START 3764 2316 4420 -13023 -1332 6851 END
START 4320 2516 5212 -13624 -2724 5966 END
START 4388 2420 5656 -14264 -3382 5674 END
START 4172 2364 6980 -15173 -3998 5859 END
START 4392 2140 7932 -15676 -4007 6275 END
START 5148 1964 8376 -15921 -2597 6528 END
START 5332 1524 8656 -16820 -1020 6244 END
START 4964 1028 9320 -18349 -352 6071 END
START 4288 1044 10492 -19552 -278 6246 END
START 3912 772 11876 -20082 -28 6602 END
START 3796 612 12196 -20393 708 6652 END
START 3692 -316 12736 -21028 962 6387 END
START 3620 -1060 13924 -21703 25 6278 END
START 4128 -1908 15396 -21899 -631 6435 END
START 4212 -2260 16708 -22205 7 6556 END
START 4032 -2592 17104 -22365 1128 6551 END
START 3136 -2832 16652 -22584 1621 6140 END
START 2740 -3752 17284 -23220 876 5814 END
START 3052 -5088 19420 -24005 -657 6737 END
START 4156 -5428 22044 -24015 -1095 8460 END
START 5696 -5332 23480 -22821 255 9055 END
START 6156 -4608 23044 -21609 3497 7483 END
START 4448 -4412 22472 -21095 6261 5371 END
START 2796 -4756 22856 -21137 6494 4646 END
START 2364 -5248 24132 -21069 5649 4785 END
START 2636 -5500 26048 -20359 5108 4963 END
START 2772 -5492 27584 -18992 5502 4708 END
START 2568 -5372 28616 -17488 5517 4254 END
START 2504 -5256 30284 -16025 5067 3677 END
START 2268 -5240 32332 -14328 4970 2786 END
START 1800 -5160 32767 -11847 4645 2200 END
START 1520 -5344 32767 -8596 3627 2002 END
START 1912 -5380 32767 -5533 2163 2029 END
START 2536 -4956 32767 -2959 848 1859 END
START 3068 -4692 32767 -605 -668 1314 END
START 3500 -4568 32767 1981 -2023 532 END
START 3784 -4720 32767 4680 -3086 -284 END
START 4152 -5088 32767 7308 -3847 -1024 END
START 4380 -4920 32767 9812 -3894 -1679 END
START 4256 -4868 31408 12060 -3558 -2135 END
START 4004 -5000 29860 13927 -3242 -2473 END
START 3888 -4996 28264 15775 -3430 -2684 END
START 3796 -4776 27072 17130 -3617 -2924 END
START 3928 -4424 25848 18496 -3407 -3206 END
START 4052 -4200 24484 19908 -2669 -3862 END
START 3912 -4328 22812 20998 -2150 -4709 END
START 3424 -3996 21524 21701 -2309 -5835 END
START 2868 -4296 20072 22419 -2714 -6612 END
START 1912 -4508 18348 23354 -2947 -7057 END
START 1020 -4204 16200 24170 -3418 -6755 END
START 996 -3612 13600 24322 -3773 -5870 END
START 808 -2860 10920 23319 -3506 -4888 END
START 580 -2148 8812 21235 -3063 -3896 END
START 552 -1524 7560 18462 -2622 -2737 END
START 636 -1124 7236 14811 -1048 -1580 END
START 812 -1104 7388 11278 1199 -495 END
START 468 -1152 7424 8959 2465 305 END
START 448 -1140 7156 7592 2569 959 END
START 168 -1292 7036 6438 1699 1464 END
START 160 -1040 6508 5172 -294 2122 END
START 500 -828 7044 3689 -2248 2963 END
START 1156 -624 7732 2377 -3613 3939 END
START 2576 -332 8644 1039 -3742 4942 END
START 3996 40 9368 -689 -2606 5369 END
START 5144 440 10388 -2194 -1543 5575 END
START 6408 436 11936 -3259 -1574 5714 END
START 8476 160 13780 -3857 -3261 5679 END
START 11228 512 16464 -3892 -5082 4523 END
START 14264 1052 20112 -2913 -6019 2090 END
START 16332 1564 22820 -679 -5186 -1369 END
START 17404 1884 24336 1858 -3851 -5122 END
START 17736 1856 24772 3973 -2781 -8646 END
START 17484 2076 25356 5571 -2742 -11610 END
START 17472 2296 26044 7620 -2865 -14189 END
START 17236 2260 26128 9871 -2203 -16617 END
START 16836 2444 25596 11532 -705 -18971 END
START 15628 2556 24488 12703 1737 -21404 END
START 13968 1916 22988 13842 3787 -23500 END
START 11996 1932 21592 14603 4606 -24936 END
START 10556 1316 20380 14746 4289 -26207 END
START 9104 588 19628 14982 3085 -27053 END
START 7148 404 18932 15918 2232 -27168 END
START 5084 1228 17336 17273 2024 -26801 END
START 3552 1900 14664 17582 2734 -26344 END
START 1544 2536 11964 16764 3378 -26345 END
START -664 2760 9648 15737 3100 -26535 END
START -3292 2560 7980 14922 1719 -26381 END
START -5980 2340 6772 13553 282 -25596 END
START -8396 1844 6232 11886 -1451 -23805 END
START -10004 1484 5788 10088 -2508 -20429 END
START -11456 1528 6036 7646 -3222 -15530 END
START -12020 1960 6256 5467 -3468 -10615 END
START -11372 1916 6848 3671 -2234 -6800 END
START -10580 2056 7160 2666 -371 -4658 END
START -10904 1404 7128 1847 877 -3209 END
START -11632 1112 6716 1164 395 -1416 END
START -11892 776 6680 477 -926 958 END
START -12064 960 7024 -403 -1806 3548 END
START -11920 1152 7300 -1182 -2515 6691 END
START -11480 1180 7936 -2015 -2558 10090 END
START -10540 1816 8240 -3457 -1263 12918 END
START -10084 2612 8940 -4897 688 15224 END
START -9948 2944 9276 -5792 1618 17108 END
START -9428 3376 9628 -6409 1223 18878 END
START -8816 3308 10244 -6788 701 20833 END
START -7920 3372 11080 -7452 245 23019 END
START -6320 3616 11788 -7861 363 24961 END
START -4832 3868 12584 -8162 1303 26214 END
START -3652 4068 13172 -8559 2266 27140 END
START -2120 4176 13836 -8658 2321 27918 END
START -352 4200 14708 -8493 1868 28538 END
START 1668 4260 15156 -7963 1647 28828 END
START 4012 4552 15684 -7713 2209 28167 END
START 6576 4680 16272 -8258 3355 26728 END
START 8468 4644 17240 -8847 5215 25157 END
START 9968 4472 17840 -9074 6586 24248 END
START 11036 4480 17900 -8831 6759 23363 END
START 12160 4568 17856 -8553 5574 22070 END
START 13872 4344 18208 -8156 3891 20376 END
START 16192 4392 19172 -7675 2880 18106 END
START 18204 4320 20092 -7022 3190 15145 END
START 18928 3772 19760 -6925 5496 12300 END
START 18468 2440 18656 -7503 7739 9834 END
START 17488 1848 17524 -8087 8552 8021 END
START 16576 1116 16404 -8712 9203 6279 END
START 16184 -184 15300 -9533 8976 4366 END
START 16196 -1024 14524 -10865 8074 2433 END
START 16296 -2612 13748 -12952 7763 445 END
START 15840 -3804 13480 -14322 9530 -1413 END
START 14768 -5040 13064 -14612 11520 -3510 END
START 13488 -6144 13552 -14301 10096 -5079 END
START 13724 -6212 14704 -13389 7628 -6670 END
START 13848 -6736 15260 -12687 6292 -9261 END
START 13476 -6416 15024 -12547 4984 -12471 END
START 11936 -6496 15336 -12149 4085 -15681 END
START 10428 -6488 15340 -11826 3936 -18247 END
START 8624 -6760 15256 -12248 5038 -20112 END
START 6320 -7028 14644 -13596 6493 -21288 END
START 3912 -7336 14700 -15032 7781 -21788 END
START 1160 -7680 15472 -15693 7992 -21933 END
START -1216 -7908 16900 -15560 7915 -21738 END
START -3588 -7844 18332 -15170 7526 -21639 END
START -6220 -8128 21040 -13821 6114 -21207 END
START -8556 -7936 23780 -10929 4713 -20178 END