START 3704 4148 4568 -8983 430 5237 END
START -2480 6532 16884 -9242 -1467 5800 END
START -1488 5736 7924 -10073 -155 5721 END
START 3120 3640 1720 -11188 -2459 6741 END
START 1324 4364 3356 -12041 -3986 8190 END
START 1692 4688 3304 -12773 -6124 9720 END
START 3116 5104 3608 -13974 -7004 10564 END
START 4072 5000 4184 -15585 -6509 10589 END
START 4500 4564 4864 -17207 -4827 10013 END
START 4112 4204 5056 -18614 -3696 9499 END
START 3232 3776 5752 -19680 -2837 9152 END
START 2624 2976 6164 -20343 -2590 9557 END
START 2660 1760 7236 -20900 -3143 10926 END
START 3268 1232 7900 -21141 -5265 12658 END
START 4728 1212 8828 -21370 -6572 13519 END
START 5712 1852 9084 -22029 -5814 12828 END
START 5460 2012 9216 -22934 -4706 11454 END
START 4924 1364 9476 -23320 -4819 10520 END
START 4736 436 9976 -23949 -6199 10482 END
START 5688 -308 11480 -24454 -7623 11097 END
START 7040 -984 12564 -25344 -7977 11660 END
START 8048 -1264 13788 -26230 -6058 11695 END
START 7784 -1504 14632 -26999 -3428 11019 END
START 7100 -2428 15516 -27321 -1882 10850 END
START 6900 -3060 15988 -27087 -1564 11331 END
START 6924 -4224 16452 -26827 -1581 11780 END
START 7368 -5100 17752 -27205 -1560 12280 END
START 7784 -6144 19408 -27543 -1401 12633 END
START 8164 -6656 20960 -27164 -913 12714 END
START 8048 -6944 22236 -26316 51 12348 END
START 8004 -7204 23208 -25120 444 11863 END
START 7928 -7580 24084 -23496 376 11341 END
START 8488 -8188 25088 -21973 -16 10950 END
START 9576 -9028 26344 -20852 -1104 10681 END
START 10568 -9032 28124 -19903 -2068 10303 END
START 11036 -8504 29616 -18030 -1773 9847 END
START 11136 -7896 30628 -15157 -1114 9082 END
START 12164 -7864 31892 -12009 -1236 7718 END
START 13624 -8388 32767 -8584 -1573 5629 END
START 14716 -8748 32767 -4544 -2121 3506 END
START 15096 -8960 32767 -421 -2834 1840 END
START 15188 -8420 32767 3413 -2757 502 END
START 14788 -7956 32767 6491 -1421 -660 END
START 14232 -7268 31684 8873 669 -1719 END
START 13448 -7152 30224 10878 2702 -2616 END
START 12396 -6760 28680 12772 4763 -3545 END
START 11364 -6784 27204 14565 6060 -4582 END
START 10232 -6716 25276 16292 5635 -5615 END
START 9044 -6372 23476 17699 3959 -6610 END
START 8100 -5992 21652 18778 2011 -7548 END
START 7388 -5292 20852 19772 80 -8482 END
START 7020 -4792 19884 20697 -1031 -9111 END
START 6868 -4316 18904 21456 -881 -9561 END
START 6380 -4252 17412 21581 356 -9666 END
START 5808 -4008 16092 21273 1371 -9538 END
START 5060 -3684 14764 20498 1937 -9281 END
START 4620 -3256 13656 19376 1945 -8911 END
START 4208 -2964 12844 18230 1381 -8266 END
START 4020 -2720 12016 17215 1038 -7386 END
START 3356 -2680 11056 15846 906 -6087 END
START 3064 -2540 10352 14414 1203 -4672 END
START 2912 -2036 9700 12819 2418 -3545 END
START 2524 -2064 9112 11236 3606 -2476 END
START 2260 -2032 8728 9718 3838 -1307 END
START 2184 -1924 8500 8358 3026 -170 END
START 2280 -1820 8388 7283 2079 848 END
START 2716 -1916 8364 6131 1361 1747 END
START 3184 -1912 8700 5121 1171 2401 END
START 3840 -1740 9244 4174 888 2929 END
START 4452 -1460 9460 3255 721 3517 END
START 5244 -1464 10240 2127 439 4263 END
START 6452 -1184 10816 696 138 5119 END
START 8080 -1040 11824 -684 181 5785 END
START 9900 -760 12944 -1811 847 5752 END
START 11384 -520 14492 -2683 1371 5121 END
START 13284 -240 16160 -2819 829 4208 END
START 14720 256 17828 -2090 -271 2659 END
START 16296 596 19392 -656 -1938 471 END
START 17800 1108 20952 985 -3851 -1848 END
START 19672 1588 22232 2812 -4384 -4448 END
START 20680 2100 22724 4387 -3393 -7715 END
START 20328 2468 22784 5632 -2157 -10781 END
START 19764 2856 22488 6620 -712 -13736 END
START 18684 3000 22428 7373 916 -16196 END
START 17864 2780 22408 8024 2427 -18121 END
START 16952 2368 22224 8777 3746 -19800 END
START 15716 2176 22176 9754 4412 -21450 END
START 14012 2308 21316 11123 4692 -23430 END
START 12276 2192 20396 12500 4917 -25552 END
START 10120 1848 19196 13691 4607 -27261 END
START 8440 1748 17972 14797 3618 -28481 END
START 6792 1820 17036 15859 1970 -29512 END
START 5152 1860 15612 16990 -130 -30324 END
START 3664 1868 14308 17628 -994 -30932 END
START 2116 1848 12824 17328 -872 -30890 END
START 604 1864 11808 16376 -105 -30397 END
START -828 1820 10820 15028 873 -29509 END
START -2212 1580 10144 13648 1103 -28247 END
START -3732 1400 9300 12507 899 -26360 END
START -5516 1248 8892 11204 341 -24029 END
START -7028 1080 8500 10298 -739 -21337 END
START -8036 656 8156 9354 -1962 -18266 END
START -9128 720 7840 7768 -1943 -14675 END
START -10276 392 7912 5049 -569 -10502 END
START -10896 404 8088 2089 1556 -6114 END
START -11548 348 7904 -476 3766 -2104 END
START -11964 -4 8056 -2408 4418 1827 END
START -12176 148 8284 -3662 4311 5473 END
START -11664 272 8680 -4538 4091 8736 END
START -11432 484 9188 -4949 3947 11437 END
START -10904 840 9372 -5303 3902 13702 END
START -10820 1348 9488 -5631 3304 15835 END
START -10484 1960 9608 -5809 2037 18209 END
START -9632 2332 9728 -6447 846 20728 END
START -8456 2468 10408 -7481 700 22909 END
START -7348 2436 11064 -8627 1599 24802 END
START -6120 2368 11468 -9979 3265 26555 END
START -5528 2072 11956 -11212 4168 28163 END
START -4668 2300 12332 -11879 4331 29816 END
START -3368 2264 12444 -11902 3394 31259 END
START -1672 2196 12852 -11725 1728 32327 END
START 428 2228 13076 -11728 351 32767 END
START 3124 2620 13960 -12129 -445 32767 END
START 5600 2544 15072 -12156 -876 32726 END
START 8280 2772 16536 -11830 -751 31460 END
START 10568 3176 17496 -11199 -381 29785 END
START 13052 3248 18660 -10427 -777 28121 END
START 15200 3540 19616 -9417 -1254 26353 END
START 17832 3544 20636 -8533 -1148 23986 END
START 19884 3624 21276 -7467 -520 21033 END
START 21088 3336 21160 -6354 200 17597 END
START 21948 3084 20440 -5320 634 13681 END
START 21904 2760 19592 -4614 957 9884 END
START 21132 2164 18176 -4085 1327 6514 END
START 20268 1416 16808 -3707 1405 3835 END
START 19624 316 14752 -3454 1616 1380 END
START 18848 -1120 12644 -3399 2206 -1240 END
START 17728 -2224 9928 -4079 3000 -4185 END
START 16708 -3788 7776 -6483 2978 -6802 END
START 15884 -4452 7744 -9633 554 -7745 END
START 15840 -4924 9408 -11286 -87 -7956 END
START 15584 -5096 9584 -12361 1355 -8512 END
START 15568 -5768 9120 -13806 2760 -9586 END
START 14620 -6080 9228 -15440 4686 -11969 END
START 13016 -6456 8940 -16657 6810 -14623 END
START 10584 -6876 8852 -17468 7110 -16415 END
START 8784 -7036 8952 -18042 5567 -16980 END
START 8248 -6684 9304 -19474 3995 -17385 END