START 992 4560 640 -3253 -4966 2148 END
START 6404 3148 -6664 -3755 -5385 2786 END
START 1072 4356 620 -5273 -4315 3250 END
START 1184 4336 1416 -8179 -3019 4402 END
START 1980 4120 1540 -10873 -2119 5593 END
START 2264 3992 2084 -13304 -1833 6443 END
START 2572 3892 2732 -14833 -1334 7121 END
START 2376 3816 3388 -15538 -1084 7829 END
START 2588 3300 4000 -15845 -1589 8687 END
START 2892 3108 4428 -16092 -2336 9258 END
START 2664 2824 5276 -16618 -3088 9307 END
START 2684 2476 6064 -17500 -3171 9093 END
START 2876 2172 6204 -18760 -3273 8712 END
START 3328 1924 7200 -20059 -3960 8384 END
START 3972 1500 8516 -20985 -4471 8270 END
START 4116 1452 9824 -21549 -4127 8416 END
START 4148 1300 10644 -22008 -3058 8752 END
START 3904 1428 11020 -22729 -1650 8703 END
START 3620 1048 11552 -23581 -612 7864 END
START 3868 148 12824 -24868 -2094 7432 END
START 4632 -864 15152 -26020 -4735 7386 END
START 5288 -1716 17612 -26216 -5996 7527 END
START 5312 -1508 18884 -25220 -4847 7875 END
START 5068 -1460 19352 -24137 -2568 7735 END
START 4896 -1740 19160 -23406 -223 7001 END
START 4928 -2968 20548 -23967 221 6456 END
START 5544 -4156 22348 -24237 -529 6103 END
START 5904 -4620 24332 -23490 -1440 5989 END
START 6556 -4784 24960 -21765 -1413 5586 END
START 6364 -4356 24992 -20036 -426 4627 END
START 5296 -3896 24820 -18581 921 3430 END
START 4648 -4156 25376 -17858 998 3063 END
START 4820 -4616 25984 -17015 383 3378 END
START 5328 -4828 25780 -15857 -98 3690 END
START 5900 -4996 25060 -15345 -811 3171 END
START 5752 -5376 24776 -14904 -1416 1695 END
START 4304 -5920 25380 -12551 -1058 369 END
START 2644 -6460 25696 -9376 -1013 9 END
START 2312 -6896 26012 -7472 -1966 1309 END
START 3356 -6268 26540 -6851 -2088 3297 END
START 4720 -5688 27256 -6971 -673 4644 END
START 5468 -5176 27640 -7202 -147 4654 END
START 5856 -4908 29292 -6032 -672 3711 END
START 6188 -4616 30484 -2788 -1329 2315 END
START 6876 -4864 30696 974 -1827 693 END
START 6992 -4740 30152 3859 -2553 -638 END
START 7080 -4736 29764 6148 -2984 -1273 END
START 7040 -4428 29168 7635 -1984 -1393 END
START 6912 -4272 28616 8870 -447 -1405 END
START 6988 -4304 27924 10021 405 -1661 END
START 7232 -4348 27580 11484 381 -2262 END
START 7452 -3904 26932 13426 280 -3281 END
START 6964 -3372 26128 15376 231 -4535 END
START 6408 -3340 24832 17070 141 -5444 END
START 5872 -3344 23728 18261 450 -5831 END
START 4956 -2856 22372 18997 997 -5945 END
START 4612 -3120 20764 19385 1302 -5657 END
START 4184 -2616 18844 19350 1371 -5486 END
START 3860 -2660 16956 18748 861 -5424 END
START 3384 -2616 15304 18139 249 -5448 END
START 3088 -2536 14084 17466 -62 -5672 END
START 2536 -2284 12640 16807 484 -6050 END
START 1836 -2512 11400 16153 1072 -6072 END
START 840 -2632 9844 15130 1180 -5381 END
START 448 -2572 8472 13812 1183 -4171 END
START 380 -2712 7800 11784 1013 -2728 END
START 520 -2424 7788 9851 629 -1124 END
START 1100 -1772 7892 8600 667 42 END
START 1596 -1324 7764 7510 1027 426 END
START 1976 -1116 7448 6339 964 412 END
START 1908 -1008 7420 5322 173 612 END
START 2404 -1088 7628 4397 -947 1389 END
START 3344 -864 8268 3217 -1946 2497 END
START 4352 -456 8716 1815 -1893 3300 END
START 5388 -352 9796 200 -1520 3675 END
START 6344 -428 10864 -1248 -1815 3795 END
START 7528 -404 12588 -2028 -2297 3785 END
START 8700 -384 14220 -2470 -2715 3592 END
START 10556 -600 16580 -2874 -3428 3297 END
START 12620 -436 19312 -2840 -4207 2957 END
START 14684 36 21968 -1973 -4147 2034 END
START 16764 548 24348 -426 -2691 29 END
START 17796 1040 25696 1688 -495 -2920 END
START 17856 1200 25940 4171 850 -6389 END
START 17640 1536 25716 6394 1107 -9430 END
START 16864 1904 25436 8442 720 -12182 END
START 16344 2088 24980 10388 586 -14508 END
START 15688 2556 24392 11813 1669 -16728 END
START 14360 2856 23240 12939 3508 -18876 END
START 12848 2960 21784 13634 6087 -20483 END
START 10572 2804 19716 14065 7810 -21767 END
START 8236 2796 17840 14516 8124 -22968 END
START 6144 2628 16116 14964 6324 -24125 END
START 4532 2664 14812 15504 3206 -25385 END
START 3040 2420 14128 16438 259 -26874 END
START 1652 2380 13420 17568 -2035 -28413 END
START 96 2284 12312 18623 -4127 -29607 END
START -748 2004 11312 19002 -6348 -29639 END
START -1404 2088 10652 18744 -8470 -28769 END
START -1220 2344 10612 17822 -9638 -27200 END
START -1788 2916 10616 16331 -9136 -25699 END
START -2588 2832 10096 14587 -7305 -24023 END
START -3932 2396 9540 11866 -4245 -21644 END
START -5816 2268 9052 8667 -990 -18389 END
START -7676 2092 8312 5569 1294 -14478 END
START -9300 2120 7644 2610 2014 -9833 END
START -10240 1976 7772 -48 1922 -5123 END
START -10620 1872 7884 -2261 1890 -620 END
START -10416 2164 8604 -3934 1931 3350 END
START -10344 2676 9016 -4876 2334 6228 END
START -9804 2996 9276 -5533 2708 8241 END
START -9900 3160 9448 -6005 3021 9630 END
START -10344 3288 9568 -6279 2384 11094 END
START -10704 3272 9576 -6482 587 13244 END
START -10468 3224 10068 -6647 -1626 15873 END
START -9984 3148 10440 -7118 -2835 19024 END
START -9292 2732 10936 -8056 -3323 22204 END
START -7920 2604 11576 -9152 -2925 25272 END
START -6192 2504 12404 -9776 -1300 27648 END
START -4420 2860 12984 -9946 1155 28911 END
START -3228 2748 13200 -9954 2732 29281 END
START -1836 2552 13240 -9872 2108 29303 END
START -420 2628 13660 -9700 410 29215 END
START 1620 2996 14428 -9503 -664 29234 END
START 3576 2784 15308 -9574 -763 29242 END
START 6028 2848 16212 -9399 -228 28869 END
START 8448 3140 16776 -9209 1131 27792 END
START 10312 2972 17256 -9418 2561 26231 END
START 11984 3104 18140 -9513 2997 24731 END
START 13532 2908 19000 -9088 2867 23116 END
START 14960 3008 19492 -8097 2555 20987 END
START 15816 2788 19596 -6716 1855 18275 END
START 16828 2508 19264 -5511 293 15151 END
START 17916 2216 19136 -4726 -651 11975 END
START 18536 2016 19216 -3699 -423 8464 END
START 18856 956 18580 -2656 -114 5471 END
START 18888 272 17436 -2082 162 3082 END
START 18440 -656 16176 -2002 815 980 END
START 17672 -1328 14592 -2554 2362 -708 END
START 16884 -2288 13400 -3550 4379 -2359 END
START 16472 -3316 12324 -4828 5327 -3834 END
START 15716 -4268 11984 -5693 4899 -5327 END
START 15064 -4432 11864 -5925 4233 -6675 END
START 14892 -4856 11576 -6429 4190 -8287 END
START 13876 -5828 11380 -7189 4011 -9933 END
START 12840 -5984 11236 -8094 3956 -11228 END
START 11820 -6532 11504 -9318 5094 -12498 END
START 10212 -6492 11756 -10686 6118 -13388 END
START 8940 -6292 12208 -11890 6468 -13867 END
START 7648 -5732 13124 -12745 6881 -14328 END
START 6204 -4856 13932 -13512 7429 -14838 END
START 4528 -4016 15452 -14198 8058 -15323 END
START 2564 -3196 17692 -14593 9317 -15833 END
START 52 -2848 19816 -14274 11057 -16322 END
START -2464 -3120 21508 -13134 12187 -16513 END
START -5200 -3868 23108 -11101 12234 -16399 END