START 4824 1948 300 -9874 -2284 88 END
START -1472 4300 11228 -9826 -2142 350 END
START 1532 3268 2236 -9664 -1106 940 END
START 3348 2864 -1804 -9219 -769 3068 END
START 2956 2944 -2880 -10805 -2327 4974 END
START 2864 4312 -2444 -13073 -3600 6635 END
START 3244 4756 -1232 -14183 -3537 8011 END
START 4188 4888 268 -15582 -2382 8349 END
START 4904 4520 1776 -16707 -1663 7967 END
START 5132 4004 3088 -17250 -874 7189 END
START 4996 3012 4060 -17454 -77 6646 END
START 4092 2076 4640 -17829 1030 6317 END
START 2776 1092 5144 -18654 2006 6264 END
START 1492 384 5504 -19343 2535 6657 END
START 780 -164 5828 -19927 2190 7360 END
START 964 -516 6764 -21009 1635 7996 END
START 1480 -964 8048 -22202 1787 8380 END
START 984 -1060 9840 -23575 2802 8658 END
START 1228 -1380 10684 -25141 3224 9077 END
START 1372 -1808 12124 -26306 3379 8851 END
START 1340 -2640 13320 -26695 3199 8348 END
START 1644 -3332 14320 -26404 2606 7809 END
START 3028 -4156 15396 -26600 1970 7307 END
START 3900 -4484 17616 -27280 2111 6622 END
START 4064 -4232 19984 -27496 3269 5901 END
START 3608 -4572 21412 -26626 4563 5352 END
START 3292 -4752 21348 -25811 5530 4465 END
START 2468 -5680 21696 -25125 6075 3604 END
START 2504 -6604 23276 -24949 5525 3171 END
START 3144 -6944 25956 -24448 4965 3599 END
START 3944 -6732 28572 -23324 5697 4320 END
START 4328 -5912 30584 -22440 7181 4421 END
START 4272 -5112 32084 -21049 9256 2791 END
START 3168 -5784 32767 -18755 10081 -32 END
START 2164 -7244 32767 -16128 7339 -2328 END
START 1876 -8464 32767 -13203 2735 -2937 END
START 2676 -8040 32767 -9807 -269 -2560 END
START 3264 -7188 32767 -6814 -127 -2140 END
START 3300 -6468 32767 -4344 889 -1730 END
START 3236 -6048 32767 -2365 1135 -1096 END
START 3828 -5744 32767 -92 593 -600 END
START 4400 -5524 32767 2522 -290 -442 END
START 5264 -5456 32767 5527 -1281 -622 END
START 5652 -4852 32767 8545 -2451 -1351 END
START 5772 -4864 32767 11445 -3565 -2479 END
START 5844 -4784 32767 14139 -4500 -3663 END
START 5936 -4728 32767 16951 -5411 -4773 END
START 5956 -4932 31692 20043 -6055 -6169 END
START 5788 -4748 30344 23404 -6284 -7925 END
START 5572 -4156 28884 26786 -5269 -10171 END
START 4584 -4420 26108 28489 -4342 -12350 END
START 3104 -4904 23472 28212 -4395 -13507 END
START 3052 -4720 21444 27091 -4303 -12560 END
START 1780 -4904 20816 26056 -2764 -10164 END
START 2132 -4908 19392 25440 -449 -7785 END
START 2448 -4104 17676 24711 1364 -6546 END
START 2204 -3684 15064 23712 2077 -5993 END
START 1872 -3008 12964 22483 1366 -5671 END
START 1296 -2268 11364 21469 289 -4970 END
START 1048 -1760 10100 20382 -279 -3885 END
START 872 -1120 8112 18369 -89 -2108 END
START 728 -576 6912 16059 686 -319 END
START 928 144 6196 14022 1575 1278 END
START 1080 836 5284 11803 2330 2158 END
START 1032 1328 4888 9348 2941 2545 END
START 1060 1552 4808 7215 2549 3009 END
START 1044 1740 5240 5740 1158 3870 END
START 1364 2152 5432 4541 -231 5019 END
START 2032 2364 5524 2695 -1445 6261 END
START 2560 2720 6624 677 -2121 7442 END
START 4200 2936 7672 -1101 -1523 8336 END
START 5816 3516 8884 -2733 -405 8798 END
START 7204 3596 10300 -4370 -19 8706 END
START 9064 3792 12760 -5409 -681 8199 END
START 11436 3808 15576 -5303 -1691 7076 END
START 14012 3724 18248 -4101 -2744 5384 END
START 16096 3988 20412 -2286 -3006 2821 END
START 17816 4648 22392 103 -2275 -1109 END
START 18288 5308 23696 2697 -1664 -5670 END
START 18084 5168 23724 5512 -1984 -10153 END
START 16840 5156 22724 7871 -2809 -14173 END
START 15528 5308 22020 9245 -3937 -17179 END
START 14208 5632 21644 10639 -4199 -19248 END
START 12808 5848 20640 11838 -2284 -20947 END
START 10712 5984 18936 12336 632 -22510 END
START 8356 5596 17164 12268 3107 -23505 END
START 5692 5536 16156 12308 4775 -23785 END
START 3676 5092 14788 12806 5735 -23477 END
START 1460 5096 13072 13182 4982 -23089 END
START -124 4984 11288 12785 2564 -23173 END
START -1848 4956 9908 12404 -525 -23642 END
START -3448 4376 9340 12173 -2916 -23740 END
START -5040 3616 8548 11700 -4257 -22780 END
START -6468 2724 7808 10327 -3874 -20533 END
START -7948 2300 7284 7823 -2339 -17155 END
START -9236 1708 7020 5299 -944 -13245 END
START -10072 1188 7148 2996 -411 -8959 END
START -10576 788 6928 335 -611 -4573 END
START -10740 300 7692 -2070 -870 -1071 END
START -10840 -236 8648 -3344 -1136 2166 END
START -11288 -360 9464 -4088 -1936 5265 END
START -10772 -508 10304 -4121 -2306 8020 END
START -10160 0 10944 -3949 -1336 9988 END
START -9944 540 10948 -3882 -197 11623 END
START -9772 708 11140 -4201 545 13647 END
START -9460 960 11548 -5109 1342 16182 END
START -9088 1596 11816 -6123 2752 18618 END
START -8688 1756 12244 -7072 3803 20683 END
START -7852 2360 12712 -7900 3564 22872 END
START -6624 2648 13376 -7868 3358 25018 END
START -4796 3420 13980 -7552 3542 26565 END
START -3212 4320 14052 -7444 3929 27474 END
START -1284 5128 14272 -7814 3609 27806 END
START 976 5548 15252 -8004 2579 28053 END
START 3664 6052 16316 -7479 1896 27927 END
START 6572 6700 17080 -6828 2853 27068 END
START 8908 7080 17492 -6654 4008 25482 END
START 10916 7040 17836 -6630 3915 23670 END
START 13012 6884 18260 -6498 2751 22030 END
START 15256 6340 19308 -6436 1594 20385 END
START 16932 5820 19992 -6007 488 18922 END
START 18676 5448 20492 -5282 -26 16816 END
START 20120 5452 20420 -4069 705 13634 END
START 20132 5060 19500 -3024 2199 9371 END
START 18776 4048 18100 -2618 2876 5657 END
START 17544 2876 16544 -2548 2005 3230 END
START 16268 1868 15472 -2749 241 2021 END
START 16132 1320 14812 -3105 -1104 1062 END
START 15692 476 14128 -3780 -1405 -206 END
START 15396 -100 13488 -4286 -1682 -2073 END
START 14776 -760 12632 -5087 -684 -4152 END
START 13792 -1896 12172 -6021 589 -6055 END
START 12428 -3000 11416 -6946 1191 -7286 END
START 11144 -3928 10604 -7915 639 -7586 END
START 10140 -4056 10096 -9025 -65 -7848 END
START 9184 -4192 10176 -10196 -429 -8393 END
START 8324 -4128 10104 -11064 -494 -9028 END
START 7776 -3904 10100 -11930 133 -9867 END
START 7296 -3824 10140 -13127 829 -10730 END
START 6736 -3604 10324 -14488 1718 -11571 END
START 6108 -3084 10996 -15900 2247 -12251 END
START 5136 -2444 11752 -17128 2695 -12711 END
START 3928 -1676 13048 -18353 2970 -13002 END
START 2632 -1032 15036 -18899 3379 -13107 END
START 1500 -788 17300 -19030 3707 -13085 END
START 76 -576 19908 -19255 4561 -12721 END
START -2064 -484 22816 -19254 5610 -11704 END