START 716 1784 3836 -9468 -7196 4018 END
START 2940 1248 820 -10159 -7079 4245 END
START 4164 992 -588 -11177 -6154 4869 END
START 3236 784 856 -12197 -4171 6297 END
START 2996 956 1888 -12897 -3157 7356 END
START 3448 1296 2088 -13489 -2398 8161 END
START 3832 1240 2356 -14208 -2964 8880 END
START 4136 1920 2764 -15470 -3681 9206 END
START 4632 1876 3416 -17025 -3800 8952 END
START 5812 1432 3192 -18798 -2273 7717 END
START 4812 1076 5552 -20133 -158 6218 END
START 3516 156 6872 -20270 1328 5449 END
START 2700 -408 7304 -19625 1024 5422 END
START 2152 -304 7348 -18877 -333 5743 END
START 2092 372 7576 -19264 -2530 5846 END
START 2728 104 8964 -20426 -4792 5738 END
START 3216 -76 11452 -21283 -5370 5758 END
START 4664 -952 12432 -21713 -3640 5535 END
START 4632 -828 13584 -21836 -730 5600 END
START 4160 -1164 13548 -22382 3015 5377 END
START 3180 -1828 14068 -24049 4575 5060 END
START 2928 -2444 16348 -25273 2691 5348 END
START 4252 -3188 19344 -25428 336 5334 END
START 5300 -3488 21448 -24456 105 4515 END
START 5432 -3532 22532 -23124 938 3342 END
START 4508 -3300 22568 -21503 2073 1526 END
START 2736 -4004 21936 -19971 1494 194 END
START 1708 -4168 22436 -19462 -915 667 END
START 1968 -4464 23520 -19204 -2758 2410 END
START 2388 -4596 24668 -19158 -3754 4076 END
START 2932 -5044 25780 -18570 -5391 5010 END
START 3668 -4948 28052 -16994 -6921 4766 END
START 4352 -4120 30636 -14858 -7404 3863 END
START 4740 -2548 32767 -12002 -6878 3101 END
START 5232 -1424 32767 -8840 -5564 2736 END
START 5892 -1608 32767 -7526 -3517 2580 END
START 6316 -1916 32767 -7750 -1770 2611 END
START 7076 -1992 32767 -7524 -351 2432 END
START 7400 -1868 32767 -5659 394 1951 END
START 8008 -1928 32767 -2393 978 1066 END
START 8288 -2076 32767 1127 703 119 END
START 8720 -2168 32767 3841 131 -608 END
START 9072 -2216 32767 6055 -173 -1387 END
START 9300 -2396 32767 8292 28 -2287 END
START 9092 -2524 32767 10497 292 -3275 END
START 8592 -2940 32176 12850 248 -4351 END
START 7968 -2996 30736 14950 169 -5167 END
START 7268 -3024 29140 16799 450 -5740 END
START 6548 -3112 27544 18472 820 -6298 END
START 5640 -3196 25452 19745 1324 -6912 END
START 5004 -3088 23116 20257 1736 -7395 END
START 3800 -4060 20784 20085 2131 -7708 END
START 2756 -4120 18808 20024 2550 -7682 END
START 1812 -4312 16444 19749 2680 -7412 END
START 868 -4504 14456 19185 2324 -6718 END
START 212 -4108 12276 18452 1853 -5463 END
START -148 -3764 10724 17321 1728 -4241 END
START -440 -3376 8820 15923 1443 -3361 END
START -380 -3052 7132 14488 774 -2791 END
START -316 -3136 6084 12844 -369 -2150 END
START -192 -3100 5332 10794 -1653 -970 END
START 636 -1808 5008 8449 -2646 903 END
START 1448 -840 4520 5888 -3423 2119 END
START 2668 0 4348 3337 -3162 2373 END
START 2308 740 5932 1871 -2594 2400 END
START 2948 888 6712 967 -2872 2873 END
START 4012 1176 8060 -75 -3214 3446 END
START 5388 908 9196 -1134 -3692 4347 END
START 6876 1156 11232 -1853 -3681 5063 END
START 8680 1112 13688 -2277 -3210 5368 END
START 10752 912 15860 -2775 -3437 5378 END
START 12936 1304 18700 -3019 -4399 5126 END
START 15736 2036 21700 -2520 -4648 3795 END
START 17908 2504 24368 -1341 -3748 1305 END
START 19244 2688 25760 348 -2392 -2032 END
START 19364 2388 26500 2225 -1605 -5549 END
START 18836 2796 26820 4615 -1234 -9357 END
START 18052 2688 26580 7003 -1314 -12757 END
START 17008 2760 25604 8905 -789 -15676 END
START 16188 2208 24300 10329 89 -17974 END
START 14948 1720 23668 11285 1723 -19803 END
START 13464 1576 22656 11899 4131 -21220 END
START 11544 1352 20972 12876 6428 -22781 END
START 9104 720 18708 14057 7727 -24497 END
START 6408 360 16608 15050 7219 -26068 END
START 3744 84 14844 15548 5545 -27273 END
START 1552 300 14036 15825 3113 -27520 END
START -288 188 13316 15993 1406 -27121 END
START -1836 276 12500 15885 600 -26312 END
START -3528 488 11156 15361 46 -25033 END
START -4992 368 10080 14287 -352 -23395 END
START -6108 472 9700 13007 -1393 -21154 END
START -6732 720 9324 11733 -1958 -18449 END
START -7020 868 9188 10270 -2110 -15792 END
START -7140 868 9028 8323 -844 -12904 END
START -7544 1144 8776 6320 1007 -10124 END
START -7996 1096 8720 4765 2066 -7183 END
START -8292 1496 8200 3839 2408 -4626 END
START -8880 1672 7556 3138 2437 -2744 END
START -9796 2300 7192 2401 2913 -1369 END
START -11036 2700 6616 1547 2926 138 END
START -11696 2772 6208 988 1937 2130 END
START -12112 3060 5748 187 916 4613 END
START -11956 3544 5808 -932 45 7352 END
START -11772 4000 6192 -2579 -229 10318 END
START -11296 4488 6880 -4692 575 13653 END
START -9968 4352 7608 -6574 1918 16477 END
START -8944 4308 8916 -8166 3558 18554 END
START -8324 4252 9784 -9287 4429 20140 END
START -7964 4296 10332 -9931 4204 21562 END
START -6936 3792 11124 -10086 2964 22647 END
START -5760 3548 12200 -10152 1443 23831 END
START -4500 3672 13056 -9976 568 24831 END
START -3224 3320 13508 -9935 572 25583 END
START -1712 2996 13944 -10057 1150 25936 END
START 32 2796 14812 -10384 1740 26352 END
START 1744 2900 15792 -10706 1706 26969 END
START 3656 2860 16748 -10501 1197 27207 END
START 5880 3236 17308 -9862 925 26407 END
START 7396 3396 17164 -9404 592 24866 END
START 9360 2608 17876 -9353 58 23291 END
START 11516 2096 19220 -9432 -519 22174 END
START 13704 1920 20636 -9212 -66 20955 END
START 15176 1776 21292 -8619 1469 19259 END
START 16268 1688 21744 -7895 3047 16923 END
START 16680 1472 21424 -7070 3414 14289 END
START 17440 700 21712 -5966 2027 11649 END
START 17972 412 21768 -4576 -59 9112 END
START 18668 36 21256 -3407 -1119 6751 END
START 18740 -288 20684 -2674 -1339 4353 END
START 18628 -452 19540 -2115 -750 1858 END
START 17884 -844 18084 -2074 672 -558 END
START 16548 -1620 16392 -2361 1477 -2780 END
START 14868 -1992 14572 -2779 1240 -4519 END
START 13384 -2580 12608 -3231 278 -5954 END
START 12524 -3092 10948 -4016 -749 -7391 END
START 11708 -3308 9420 -4910 -1997 -9252 END
START 10928 -3644 9124 -6180 -3102 -11101 END
START 10796 -4488 9672 -6994 -3677 -12324 END
START 11248 -4708 10000 -7529 -3816 -12927 END
START 11552 -4772 10504 -8735 -3179 -13421 END
START 11524 -4464 10348 -10952 -1886 -14051 END
START 10576 -4228 10972 -12816 -138 -14644 END
START 9352 -3720 11584 -13310 1361 -15094 END
START 8164 -3208 11616 -13568 2495 -15742 END
START 6748 -2996 11600 -14404 2458 -16540 END
START 5848 -3032 12360 -15396 1936 -17120 END
START 4688 -2796 13864 -17161 1478 -17148 END
START 3632 -2372 16524 -18377 3105 -16749 END
START 1708 -2148 19528 -18600 6818 -16420 END
START -836 -2088 21576 -18273 10464 -16393 END
START -3392 -2760 23200 -17475 12176 -16436 END
START -6180 -4384 25164 -15345 11813 -15775 END