START -1220 9160 11088 160 133 -88 END
START 5620 6880 8752 12 275 -159 END
START -320 7992 14988 -277 488 -369 END
START 2252 6860 10396 -1069 208 -58 END
START 1188 5804 10544 -1960 -172 694 END
START 928 5380 10068 -2709 -57 1415 END
START 876 4916 9484 -3245 783 1847 END
START 580 4276 8492 -3628 1457 2095 END
START 492 3556 7832 -4143 1996 2364 END
START -232 3292 6928 -4735 1579 3017 END
START -552 3604 6764 -5225 830 3706 END
START -276 3532 6404 -5626 -199 4340 END
START 500 3440 6544 -6320 -1650 4659 END
START 1468 2928 7000 -7082 -2729 4557 END
START 2172 2800 7584 -7273 -2772 4256 END
START 2760 2744 7436 -7469 -1999 3557 END
START 2136 2568 7200 -8442 -951 2990 END
START 1112 2944 6732 -9368 -595 3165 END
START 360 3532 6740 -10693 -1372 3880 END
START 616 3940 7096 -12475 -1950 4646 END
START 1584 3124 8588 -14026 -2991 5463 END
START 3000 2796 9680 -15224 -2906 5614 END
START 3780 2224 10476 -16036 -1015 4837 END
START 2716 2116 10628 -16865 344 4160 END
START 1216 1932 10944 -17532 109 4177 END
START 428 1460 11336 -18074 -871 4835 END
START 696 636 12576 -18994 -2053 5916 END
START 1728 -116 14120 -19867 -2712 7002 END
START 3148 -948 16036 -20533 -2162 7223 END
START 3924 -1532 17244 -21005 -762 6498 END
START 2804 -1104 18256 -20999 332 5586 END
START 1564 -1324 18412 -20464 45 5154 END
START 1116 -1836 18284 -20084 -898 5318 END
START 2076 -2888 19220 -20765 -2255 6129 END
START 3924 -3904 21732 -21532 -2231 6720 END
START 5108 -4524 24012 -21208 -477 6840 END
START 5660 -4504 24904 -20176 1675 6202 END
START 4736 -4132 24652 -19112 2755 4991 END
START 3504 -3976 24176 -17836 2673 3724 END
START 2872 -4444 24156 -16613 929 2873 END
START 2888 -4784 24920 -15432 -1644 2670 END
START 4028 -5200 26532 -14239 -3161 2913 END
START 5020 -5092 27704 -13122 -2696 3325 END
START 5232 -4832 28540 -12697 -912 3582 END
START 5312 -4616 29200 -12162 1265 3429 END
START 4992 -4604 30108 -10809 2371 2831 END
START 5056 -4968 31084 -8763 1902 2116 END
START 5360 -4912 32300 -6402 1048 1257 END
START 5384 -4636 32767 -3755 605 429 END
START 5124 -4560 32767 -1288 416 -147 END
START 5012 -4344 32767 1129 394 -671 END
START 4896 -4444 32767 3418 598 -1341 END
START 4832 -4236 32767 5819 1125 -2473 END
START 4428 -4348 32767 8484 1640 -3678 END
START 4068 -4660 32000 10802 1200 -4327 END
START 3548 -4848 31112 12848 59 -4344 END
START 3588 -4724 30188 14628 89 -4212 END
START 3164 -4548 29060 16152 918 -4015 END
START 2724 -4336 28000 17647 1801 -3767 END
START 2304 -4344 26700 19360 2346 -3587 END
START 1816 -3868 24932 20941 2637 -3702 END
START 1092 -3640 22940 22014 2305 -3978 END
START 588 -3672 21160 22532 1080 -3952 END
START 328 -3492 19760 22675 -338 -3617 END
START 308 -3084 18436 22616 -1122 -3212 END
START 628 -2632 16864 22329 -838 -2974 END
START 736 -2252 15524 21712 -234 -2936 END
START 524 -1708 13972 21211 180 -3196 END
START 444 -1608 12352 20577 216 -3315 END
START 120 -1568 10812 19510 -111 -3000 END
START 152 -1640 9816 17694 -234 -2125 END
START 136 -1488 8920 15537 0 -1146 END
START 184 -1252 8472 13430 338 -250 END
START 228 -976 8284 11795 918 492 END
START 432 -620 8068 10413 982 1074 END
START 592 -656 7960 9327 362 1638 END
START 1016 -524 8160 8242 -595 2245 END
START 1520 -48 8148 7003 -1549 2847 END
START 1932 364 8452 5641 -2658 3464 END
START 2700 756 8748 4249 -3661 3969 END
START 3544 1060 9436 2722 -4328 4253 END
START 4624 1272 10384 1431 -4676 4358 END
START 5732 1724 11684 510 -4645 4378 END
START 6988 1960 12860 -138 -4191 4245 END
START 8496 2396 14268 -601 -4113 3941 END
START 10232 2664 15848 -877 -4058 3111 END
START 11760 3132 17560 -948 -4173 1734 END
START 13248 3496 18920 -474 -4155 -390 END
START 14464 3848 20108 882 -3854 -3169 END
START 15020 4144 20872 2582 -3662 -6192 END
START 15412 4376 21220 4099 -3698 -8830 END
START 15660 5272 21564 5352 -3738 -11058 END
START 15516 5528 21568 6584 -2738 -13337 END
START 14844 5972 21008 7329 -310 -15711 END
START 13452 5724 20216 7665 2061 -17735 END
START 11840 5540 19820 7999 3408 -19321 END
START 10436 5408 19444 8819 3804 -20810 END
START 8836 5400 18936 10025 3366 -22337 END
START 7228 5276 18064 11610 1818 -23796 END
START 5496 5300 17040 12827 257 -25404 END
START 3800 4968 16244 13729 -670 -26977 END
START 2092 4392 15456 14551 -1875 -28131 END
START 416 4180 14196 15661 -3664 -28788 END
START -1356 4060 13304 16594 -5667 -29344 END
START -2780 4228 12240 17314 -8141 -29693 END
START -4288 3624 11464 18040 -10657 -30239 END
START -6028 2780 10708 18714 -14526 -30246 END
START -7336 2260 10312 18934 -18938 -28866 END
START -7868 1672 10444 17357 -19185 -25882 END
START -8172 1672 10516 13908 -15753 -21420 END
START -8680 2048 10300 9861 -10975 -15870 END
START -8880 2312 9892 5835 -5348 -10294 END
START -9080 2412 9480 2578 -1170 -5898 END
START -9028 2500 9408 344 1461 -2530 END
START -9100 2632 9084 -1232 2783 -23 END
START -9120 2732 9128 -2476 3355 1952 END
START -9384 2468 9236 -3324 3182 3744 END
START -9580 2356 9264 -3729 2622 5694 END
START -9972 2532 9308 -3838 1975 8015 END
START -9616 3004 9744 -4088 1694 10712 END
START -9244 2896 9768 -5280 2545 13580 END
START -8604 3004 10212 -6918 4188 16548 END
START -8108 2644 10416 -8805 6556 19352 END
START -7884 2420 10612 -10781 8758 22120 END
START -7464 2244 11152 -12432 9748 24679 END
START -6416 2148 12304 -13643 10286 26813 END
START -5300 2368 13112 -14752 11002 29133 END
START -3964 2568 14048 -15415 11534 31069 END
START -2592 2684 14512 -15724 12058 31995 END
START -1160 2968 15376 -15701 11933 31801 END
START 264 3340 16828 -14993 9419 30897 END
START 2700 3900 18860 -13330 6293 29660 END
START 5292 4396 20496 -11344 4176 27527 END
START 7176 4848 21240 -9335 2904 25177 END
START 8744 5500 21708 -7533 2099 22950 END
START 10044 5632 21888 -6003 1305 21424 END
START 12048 5972 22392 -4770 412 20090 END
START 13656 6548 22552 -3544 175 18130 END
START 15056 6848 21996 -2633 569 15666 END
START 15604 6960 21208 -2416 1830 13222 END
START 15352 6772 20092 -2490 2941 10846 END
START 14788 6408 19044 -2443 3118 8719 END
START 14316 5944 17968 -1977 2070 6870 END
START 14320 5328 16956 -1787 871 5282 END
START 14504 4556 15928 -2200 551 3884 END
START 14236 3948 15424 -2883 968 2381 END
START 13660 3072 14712 -3533 1171 953 END
START 13364 1976 13836 -4166 832 -635 END
START 12532 848 13160 -4797 15 -2324 END
START 11868 -144 13176 -5168 -1188 -3506 END
START 11688 -728 12580 -5606 -1898 -4267 END
START 11416 -1236 12536 -6281 -1922 -4844 END
START 11160 -1456 12244 -6986 -2009 -5421 END
START 10868 -1632 11776 -7859 -2175 -6240 END
START 10164 -1692 11384 -9070 -2406 -7291 END
START 9444 -1648 11104 -10051 -2883 -8146 END
START 8564 -1656 10888 -10921 -3942 -8693 END
START 8128 -1636 10596 -11830 -4980 -8932 END
START 7992 -1504 10220 -13222 -5910 -8918 END
START 7832 -1460 10540 -15131 -5974 -8390 END
START 7468 -1396 10652 -17682 -4691 -7709 END
START 6656 -1472 11624 -20505 -2296 -6934 END