START 4416 4500 3000 -7850 -1463 269 END
START -2808 7172 16416 -8499 -2641 558 END
START 1204 6232 4376 -9930 -497 108 END
START 1500 5120 4588 -10868 -282 -363 END
START 2060 4880 3288 -10578 -939 557 END
START 1356 4464 4156 -10324 -1706 2383 END
START 1464 4008 4512 -10050 -2416 4520 END
START 3004 3480 4656 -10114 -2569 6257 END
START 3332 3740 5936 -11161 -1385 6879 END
START 4096 3256 5952 -12483 280 6399 END
START 3480 2856 6180 -13735 829 5748 END
START 3556 1892 7232 -14326 43 4547 END
START 3012 1300 8380 -14538 -1102 3758 END
START 2500 832 9300 -14296 -2156 3775 END
START 2060 608 10100 -14317 -2339 4764 END
START 2200 636 10536 -14405 -1224 6089 END
START 1900 1140 10512 -15140 190 6869 END
START 2088 952 10948 -16044 825 7010 END
START 2364 212 11720 -16715 385 7027 END
START 3096 236 12608 -17326 -744 7234 END
START 3536 264 13476 -18086 -1215 7387 END
START 3548 516 14364 -18915 -138 7071 END
START 3224 484 14596 -19533 1505 6653 END
START 2684 -228 15200 -19945 1695 6436 END
START 3220 -1508 16236 -20285 -509 6939 END
START 4712 -2048 18020 -20211 -2234 7196 END
START 5908 -2272 19888 -19722 -1763 6748 END
START 5792 -2104 20852 -18550 106 5666 END
START 4780 -2100 20516 -17454 1087 4813 END
START 4004 -3028 20228 -17308 1755 4566 END
START 3408 -3820 20652 -17938 1852 5261 END
START 3692 -4388 21308 -18196 1193 6375 END
START 4588 -4944 22216 -18254 940 6984 END
START 4628 -4248 23048 -17685 1426 6976 END
START 4140 -3888 23284 -16719 2367 6191 END
START 3152 -3476 22788 -15862 2721 5330 END
START 2616 -3752 22464 -15420 1552 5119 END
START 3036 -4376 23628 -15843 -830 5781 END
START 4092 -4336 25252 -15980 -2476 6788 END
START 5544 -3688 27168 -15097 -2008 7185 END
START 6292 -3196 28260 -13435 -38 6036 END
START 6300 -2872 28924 -11897 1400 4125 END
START 6124 -2908 29552 -10508 1863 2514 END
START 6100 -3436 30456 -8772 1535 1526 END
START 6324 -3856 31284 -6880 766 855 END
START 6680 -4056 32328 -4846 329 143 END
START 7256 -4288 32767 -2674 341 -662 END
START 7544 -4432 32767 112 868 -1823 END
START 7568 -4860 32767 3196 1226 -3118 END
START 7256 -4856 32767 6663 1065 -4372 END
START 6664 -5084 32767 9744 961 -5397 END
START 6104 -5484 32300 12304 524 -5960 END
START 5456 -5432 31180 14470 -109 -6278 END
START 5128 -5468 29724 16538 -603 -6717 END
START 4780 -5220 28692 18570 -448 -7787 END
START 3860 -5548 27340 20856 -73 -9227 END
START 3000 -6388 25564 23087 -558 -10634 END
START 1584 -5868 23312 24903 -1215 -11047 END
START 872 -5312 21180 25844 -1841 -10274 END
START 860 -4992 19352 25731 -3135 -8703 END
START 1476 -3816 17216 24905 -3338 -7042 END
START 2136 -2724 15280 23335 -2573 -5726 END
START 2580 -1600 13264 21236 -1060 -5422 END
START 2296 -888 11792 19187 497 -5505 END
START 2228 -756 10568 17659 978 -5142 END
START 2096 -632 9660 16031 1262 -4225 END
START 2100 -544 8544 14166 1936 -2832 END
START 1908 -400 7588 12166 2346 -1196 END
START 1756 -76 7076 10215 2384 186 END
START 1980 124 6796 8424 2295 899 END
START 2324 484 6632 6724 2199 1121 END
START 2664 388 6784 4952 1453 1485 END
START 2948 340 7176 2982 164 1915 END
START 3648 392 7916 1231 -865 2404 END
START 4104 660 8688 -28 -1204 3026 END
START 5056 720 9768 -1109 -1295 3700 END
START 6380 700 11132 -2215 -1351 4344 END
START 8016 1004 12980 -2827 -915 4355 END
START 9912 928 15156 -3125 -721 3896 END
START 11836 1164 17208 -3008 -967 3059 END
START 13840 1368 19612 -2463 -1489 1594 END
START 15316 1820 21540 -1042 -1500 -559 END
START 15924 2280 22840 1256 -1038 -3677 END
START 16516 2504 23312 3391 -1106 -7305 END
START 16552 2772 23152 5096 -1100 -11265 END
START 16084 2936 23232 6581 -869 -14702 END
START 15324 3336 23316 7951 -560 -16699 END
START 14432 3544 23000 9427 -41 -18102 END
START 13232 3852 22028 10343 915 -19894 END
START 11440 3648 20624 10918 2095 -21873 END
START 9240 3596 19204 11691 2231 -23310 END
START 7508 3568 18284 12725 1174 -24269 END
START 6076 3308 17204 13873 -182 -25169 END
START 4900 3348 16348 14990 -1782 -26317 END
START 3216 3364 15204 16275 -3495 -28027 END
START 1384 3060 14468 17074 -5290 -29459 END
START -204 2672 13364 17209 -6529 -29924 END
START -1728 2320 12448 16837 -6726 -29325 END
START -2956 2212 11652 15801 -6523 -27840 END
START -4216 2276 11328 14533 -6006 -26139 END
START -5312 1816 10504 13293 -5064 -24224 END
START -6892 1380 10044 12081 -4233 -21621 END
START -7764 668 9236 10548 -2701 -18351 END
START -8348 -52 9132 8217 -322 -14567 END
START -9544 -40 9168 5329 1879 -10179 END
START -11156 -84 8800 3340 3159 -6121 END
START -12492 52 8404 2558 3079 -2611 END
START -13264 180 7796 2476 2156 370 END
START -12948 488 7480 2210 1426 3194 END
START -13044 756 7500 1035 1558 5918 END
START -12444 960 7392 -1067 2146 8398 END
START -12140 1056 7204 -3300 2205 10793 END
START -11628 1248 7504 -5356 1797 13587 END
START -10860 1904 8232 -6851 2009 16590 END
START -9960 2112 8652 -8223 4000 19332 END
START -9432 2096 8976 -9980 6691 21952 END
START -8484 2084 9016 -12387 9525 24525 END
START -7704 1788 9560 -14927 11264 26976 END
START -6792 1684 10532 -16662 10946 29309 END
START -5300 1816 11668 -16805 9413 30985 END
START -3456 1992 12672 -16182 7814 32056 END
START -1512 2256 13572 -15228 6204 32181 END
START 548 2164 14612 -14679 4913 31831 END
START 2632 2824 15676 -14530 4682 31010 END
START 4400 2940 17144 -14319 4320 29769 END
START 6544 3384 17948 -13889 3624 28331 END
START 8676 3524 19248 -13345 2853 26628 END
START 10296 3540 20596 -12594 2364 24784 END
START 12188 3336 21824 -11757 1907 23179 END
START 14188 3244 22932 -10723 2145 21521 END
START 15664 3212 23344 -9666 3459 19214 END
START 16420 2656 23396 -9013 4062 16523 END
START 16928 2024 23840 -8477 3448 13636 END
START 17392 1568 24072 -7240 2192 10742 END
START 17444 956 23824 -5507 1519 7783 END
START 17208 548 22904 -3820 1282 5195 END
START 16640 -280 20792 -2831 1230 2795 END
START 16032 -1188 19048 -2818 1458 510 END
START 15116 -2596 16896 -3418 1863 -1402 END
START 13992 -3664 15656 -4557 1332 -2882 END
START 12840 -3944 15244 -5709 600 -3702 END
START 12384 -4060 15112 -6279 -9 -4070 END
START 12408 -3904 14360 -6854 -245 -4612 END
START 11824 -4204 13840 -7693 -61 -5551 END
START 11216 -4300 13320 -8618 84 -6735 END
START 10672 -4444 12992 -9420 371 -7954 END
START 10256 -4648 12848 -10312 158 -9385 END
START 9636 -4868 13052 -11304 -939 -11080 END
START 9168 -5040 13228 -11930 -2087 -12614 END
START 8528 -5052 13332 -12785 -2627 -14031 END
START 7612 -4992 13736 -13841 -2353 -15351 END
START 6956 -5020 14132 -14620 -1338 -16149 END
START 5876 -4912 14676 -15195 96 -16292 END
START 4732 -4612 14896 -15619 754 -16212 END
START 3144 -4100 15268 -16097 1119 -15766 END
START 1292 -3312 16180 -16821 1341 -15107 END
START -1060 -3032 17860 -17436 1475 -14382 END
START -2932 -3476 19948 -17197 1874 -13404 END