START 3992 -716 -3356 4846 -3183 -7854 END
START 480 40 -280 3909 -4121 -7465 END
START 2544 -744 -3376 1984 -6004 -6499 END
START 1164 352 -2492 -1630 -8880 -3379 END
START 848 1508 -764 -4885 -9847 -94 END
START 2072 2096 -108 -6982 -7632 2385 END
START 2636 2164 1212 -9336 -4112 4146 END
START 3000 2716 1436 -11419 -744 5102 END
START 4196 2328 1428 -12618 1544 5363 END
START 4208 2392 1948 -13095 1802 5189 END
START 4728 1892 2956 -13758 470 5079 END
START 5176 1660 3464 -14445 -1373 5054 END
START 5552 1056 4828 -15471 -1898 5208 END
START 4352 1064 7400 -16620 -235 5181 END
START 4904 -12 6364 -18173 2068 5058 END
START 3712 -312 7196 -19799 3782 4871 END
START 3024 -1148 8096 -21618 3590 4772 END
START 2916 -1880 9880 -22830 2300 4815 END
START 3224 -2308 11668 -23245 1051 4864 END
START 3568 -2868 13128 -23318 490 4872 END
START 2984 -3240 14356 -23531 1561 4685 END
START 1624 -3580 15244 -23886 2689 4159 END
START 384 -4240 16276 -24180 1887 4045 END
START 240 -5392 18300 -24238 -44 4704 END
START 1236 -6312 20304 -23889 -1922 6050 END
START 3040 -7100 22156 -23038 -2237 6971 END
START 4000 -7248 23252 -22000 -709 6852 END
START 3312 -6168 24104 -21562 1898 6095 END
START 1892 -5796 24428 -21103 3809 5406 END
START 1168 -6408 25000 -20342 3214 5594 END
START 1932 -6784 26908 -19623 1118 6466 END
START 4000 -6536 29428 -18315 -393 7099 END
START 5972 -5852 31260 -16492 68 6358 END
START 6512 -4460 32516 -14358 1397 4407 END
START 5944 -3612 32444 -11971 2005 2194 END
START 5348 -2948 32304 -9833 1573 647 END
START 4784 -2992 32108 -8256 1151 -120 END
START 4720 -3056 32652 -6915 1064 -136 END
START 4612 -2904 32767 -5482 1677 -18 END
START 4580 -2840 32767 -3864 2709 -299 END
START 4148 -3024 32767 -1757 3183 -1134 END
START 3464 -3124 32767 651 2672 -2005 END
START 3132 -3532 32767 3099 1946 -2585 END
START 2572 -4020 32767 5578 1086 -2807 END
START 2276 -4440 32736 8213 420 -2739 END
START 2272 -4484 32084 10747 -33 -2749 END
START 2240 -4344 30856 13160 -117 -3034 END
START 2040 -4280 29728 15444 363 -3291 END
START 1860 -4648 28576 17224 1131 -3533 END
START 1520 -5116 27296 18751 927 -3306 END
START 1564 -5012 26004 19840 312 -2803 END
START 1488 -4520 25084 20747 362 -2598 END
START 1120 -4036 23164 21852 975 -2748 END
START 916 -3792 20932 22809 1402 -3166 END
START 624 -3796 18712 23015 1611 -3699 END
START 528 -3768 16756 22825 1793 -4111 END
START 232 -4008 14992 22228 1460 -4137 END
START -248 -3660 12900 21409 677 -3835 END
START -636 -3528 10988 20231 -135 -3258 END
START -1280 -3140 9148 18507 -990 -2511 END
START -1540 -2952 7664 16556 -1949 -1441 END
START -1176 -2620 6732 14166 -2875 -196 END
START -552 -2008 6580 11873 -3035 1045 END
START 120 -1632 6380 9683 -2308 2088 END
START 504 -1076 6072 7548 -1980 3004 END
START 976 -1096 6132 5560 -2840 3967 END
START 1732 -752 6596 3685 -4708 4928 END
START 3012 -428 7200 1839 -6847 5712 END
START 4480 420 8316 131 -8178 6094 END
START 6592 596 8848 -1431 -8797 6139 END
START 7744 1136 12396 -2911 -8663 5766 END
START 10284 1144 15016 -4328 -8714 5662 END
START 12924 1400 18580 -5009 -8733 5646 END
START 15780 1980 22148 -4553 -8285 4853 END
START 18084 2712 24752 -2700 -7112 2342 END
START 19248 2896 26416 -145 -6212 -1576 END
START 19668 3132 27128 3070 -6274 -6078 END
START 19612 3104 27016 6040 -7060 -10587 END
START 18676 3064 26368 8783 -7702 -14693 END
START 17176 2832 24860 10833 -7415 -17630 END
START 15568 2772 23492 11368 -5147 -19463 END
START 13816 2704 22240 11194 -1632 -20723 END
START 12088 2404 21204 11137 1329 -21563 END
START 9892 1920 19600 11767 3312 -22263 END
START 8060 1940 18056 12880 3569 -23253 END
START 6220 1912 16376 14149 2201 -24583 END
START 4696 1816 15112 15387 -1070 -25995 END
START 3700 1736 13772 16527 -3644 -27721 END
START 2740 1668 12272 16823 -3986 -29461 END
START 1184 1492 11000 15908 -2304 -30876 END
START -896 680 9664 14910 -1248 -31106 END
START -3428 -132 8708 14305 -2661 -29502 END
START -4756 140 8392 14084 -4961 -26484 END
START -5044 216 7832 13634 -6139 -23795 END
START -6376 380 7492 12633 -5595 -21942 END
START -7840 228 6900 10913 -4273 -20137 END
START -9972 248 6848 9013 -2577 -17556 END
START -11336 212 6668 7362 -1153 -14232 END
START -12488 348 6308 5491 780 -9964 END
START -13104 144 6032 3194 2574 -5260 END
START -13004 260 6124 451 4483 -315 END
START -13036 524 6624 -2102 6392 4042 END
START -12620 916 6800 -4099 7351 7964 END
START -12520 1248 7452 -5540 7480 11127 END
START -11644 2060 7776 -6124 6801 13868 END
START -10960 2128 7968 -6724 6619 16429 END
START -10232 2348 8520 -7736 7116 19018 END
START -9576 2396 8560 -9369 7962 21824 END
START -8768 2280 9040 -11349 8396 24309 END
START -8076 2260 9860 -12929 8332 26399 END
START -7504 1800 10644 -13984 8731 28160 END
START -6492 1744 11352 -14555 8934 29908 END
START -4380 1332 12148 -14940 7515 31671 END
START -1648 1532 13204 -15282 6888 32557 END
START 368 2064 14528 -15831 7223 32318 END
START 2252 2808 16080 -15922 6545 31319 END
START 4548 3344 17676 -15083 4791 29852 END
START 7392 3948 19424 -13549 3255 27821 END
START 10260 4280 20996 -12008 2408 25345 END
START 12984 4424 22432 -10609 1499 22777 END
START 15448 4476 23828 -9159 1261 20077 END
START 16784 4888 24644 -7660 1679 17106 END
START 17680 4800 24896 -5759 2289 13563 END
START 17920 4608 24876 -3837 2364 9648 END
START 17776 4088 24436 -2180 1543 6608 END
START 18064 3432 24064 -1137 371 4841 END
START 18424 2992 23964 -910 335 3561 END
START 18284 2652 23568 -1025 1850 2424 END
START 17584 2308 22564 -1322 4372 1426 END
START 16944 1596 21376 -1452 6513 -136 END
START 15456 1252 19908 -1100 7271 -2570 END
START 13832 568 18300 -334 6045 -5075 END
START 12184 -356 16372 132 4028 -7020 END
START 10732 -888 14992 222 1612 -8156 END
START 9816 -1372 13808 -86 -445 -8900 END
START 9412 -1628 13068 -747 -1511 -9324 END
START 9480 -1640 12592 -1864 -467 -9934 END
START 8952 -1904 11788 -3484 2166 -10645 END
START 8144 -2456 11168 -5237 3682 -11150 END
START 7332 -2904 10996 -6572 3292 -11159 END
START 6796 -2804 10980 -7408 2363 -10796 END
START 6856 -1812 10772 -8783 1164 -10729 END
START 7528 -1596 11252 -10696 767 -12190 END
START 7096 -996 12760 -11116 1999 -14250 END
START 6032 -1032 12860 -10826 3547 -15887 END
START 3960 -424 12476 -11264 4122 -17219 END
START 1852 -128 12228 -12461 3406 -17971 END
START 220 -152 13188 -13932 1959 -18234 END
START -864 -68 15352 -14602 1847 -18001 END
START -2500 -624 17820 -14837 2736 -17444 END
START -4452 -932 20748 -14881 4092 -16890 END
START -7348 -2288 23184 -13472 5895 -15923 END
START -10788 -2680 24720 -11160 5393 -13912 END