START 756 2148 -500 -2911 -6227 59 END
START 6804 2648 -12572 -3579 -5051 -455 END
START 1588 3564 256 -5040 -4116 -735 END
START 2012 2116 240 -6891 -728 -831 END
START 1452 1820 256 -8355 1401 457 END
START 1076 1380 152 -9408 1306 2866 END
START 1464 1560 328 -10407 23 5705 END
START 2256 1976 520 -12011 -1437 8017 END
START 3412 2264 1324 -14116 -2073 9778 END
START 4628 2776 2676 -15829 -521 10290 END
START 5384 2688 3640 -17215 2247 9968 END
START 4540 2636 5576 -17826 5008 9344 END
START 3688 2116 6144 -18172 5937 9143 END
START 3068 1924 6824 -18149 4154 9824 END
START 3412 1264 7644 -17732 1876 10325 END
START 3496 1604 8484 -17707 -190 10317 END
START 5008 1380 8364 -18503 -1035 9770 END
START 5304 1048 9308 -19779 -1648 9034 END
START 4976 1000 11556 -20924 -1326 8221 END
START 4816 532 12388 -21002 80 7295 END
START 4264 -164 12880 -20482 1502 6786 END
START 3784 -560 13284 -20439 1404 7081 END
START 3612 -760 14436 -21093 429 7607 END
START 4104 -1004 16064 -21737 297 7780 END
START 4248 -1416 17480 -21909 1450 7609 END
START 4120 -1948 18144 -21484 2628 7490 END
START 4068 -2528 18664 -21402 4008 7150 END
START 3288 -2604 19220 -21815 4650 6819 END
START 2796 -3420 20440 -21672 3785 7158 END
START 3152 -3416 21124 -20948 2769 7973 END
START 3556 -3496 21404 -20110 2449 8443 END
START 4208 -3816 21740 -19303 2738 8241 END
START 4556 -3784 22624 -18421 3416 7141 END
START 4656 -3944 24012 -17771 3411 5951 END
START 4508 -3460 25892 -16821 2570 5045 END
START 5116 -3124 27168 -15617 1750 4708 END
START 5344 -2920 28260 -14507 2191 4551 END
START 5844 -3084 28780 -13635 3802 4059 END
START 5792 -3276 29400 -13046 5676 2996 END
START 5172 -3768 30848 -11844 5713 1960 END
START 5152 -3884 31784 -9441 3894 1717 END
START 5708 -3564 32520 -6805 1840 1847 END
START 6424 -3236 32767 -4616 660 1880 END
START 6916 -2872 32767 -2921 525 1619 END
START 7320 -2640 32767 -1022 1128 909 END
START 7396 -2376 32767 1640 2186 -566 END
START 7148 -2760 32767 4223 2724 -2144 END
START 6384 -3236 32767 6772 2494 -3410 END
START 5280 -3748 32184 9257 1436 -4084 END
START 4536 -3848 31092 11686 -39 -4152 END
START 4176 -3812 30104 13843 -1413 -4127 END
START 4556 -3528 29300 15737 -2418 -4361 END
START 4752 -3120 28420 17656 -3064 -4897 END
START 4768 -2640 27088 19592 -3651 -5615 END
START 4804 -2704 25512 21059 -3971 -6181 END
START 4664 -2240 23616 22047 -4025 -6726 END
START 4256 -2440 21556 22218 -4040 -6911 END
START 4272 -1932 19700 22215 -3992 -7469 END
START 3720 -1480 17784 21868 -3417 -8039 END
START 2976 -1528 15456 21316 -2307 -8299 END
START 2120 -1680 13296 20335 -1396 -7987 END
START 876 -1852 11448 18983 -742 -7053 END
START 140 -1932 10084 17239 -307 -5359 END
START -448 -1876 8448 15027 222 -2944 END
START -448 -2092 7448 12326 964 -711 END
START -284 -2216 6636 9282 2089 792 END
START -468 -2380 6156 6296 3360 1438 END
START -924 -2564 5956 3830 3900 2206 END
START -952 -2680 6416 2026 3122 3545 END
START -380 -2488 6952 455 1749 5481 END
START 916 -1748 7740 -1070 909 7322 END
START 2800 -1324 8380 -2677 672 8481 END
START 4432 -948 10328 -4260 801 8651 END
START 6308 -596 12304 -5313 944 7915 END
START 8196 -444 14336 -5551 -104 6567 END
START 9560 -588 16688 -5043 -2521 4724 END
START 11524 -428 19012 -3892 -5197 2684 END
START 13276 -96 21560 -1902 -7736 777 END
START 14880 232 23660 516 -8931 -1174 END
START 16236 1220 24504 2996 -8420 -3391 END
START 17004 1992 24820 4746 -7234 -5778 END
START 17052 2612 24892 5767 -6252 -7950 END
START 17104 2996 24656 6896 -4952 -10242 END
START 16396 3196 24292 8168 -3786 -12800 END
START 15312 3164 23600 9309 -3169 -15332 END
START 13920 3380 22936 10646 -2758 -17603 END
START 12336 3468 21612 12006 -2282 -19579 END
START 10632 2948 19612 13137 -1935 -21131 END
START 8784 3032 18008 13807 -1885 -22256 END
START 7300 2860 16412 14565 -2578 -22989 END
START 5992 2844 14972 14921 -3173 -23761 END
START 4476 2332 13448 14809 -2935 -24576 END
START 2872 1728 12100 14646 -3253 -24991 END
START 1536 1332 11212 14474 -3903 -24673 END
START -180 1232 10300 14044 -4281 -24063 END
START -1948 1156 9380 13862 -5515 -23198 END
START -3360 1348 8424 13936 -7854 -22116 END
START -4300 1624 7704 14134 -11036 -21114 END
START -4888 1564 6884 14083 -13785 -20098 END
START -5364 1804 6928 12738 -14104 -18643 END
START -5044 1500 6296 9698 -10556 -16098 END
START -7164 1888 8076 5471 -4331 -12478 END
START -8188 1640 8120 1757 1288 -7890 END
START -9224 1636 8564 -808 4684 -3228 END
START -9596 1892 8828 -2535 6483 1066 END
START -9880 2044 9476 -3507 6995 4432 END
START -9920 2424 9912 -4000 6571 7034 END
START -9828 2096 10532 -4273 5939 9223 END
START -9776 2592 10964 -4180 4937 11173 END
START -9308 2512 11528 -4103 4222 13755 END
START -8580 2980 11880 -4526 4289 16598 END
START -7420 3276 11984 -5447 5124 19024 END
START -6452 3468 12332 -6577 6075 21162 END
START -5644 3444 12704 -7513 6788 22902 END
START -4424 3556 13148 -7969 6654 24581 END
START -2836 3648 13672 -8012 6417 26208 END
START -844 3796 14028 -8022 7218 27157 END
START 1060 3836 14476 -8316 8482 27474 END
START 2416 3772 14924 -9001 8608 27831 END
START 4612 4180 15964 -9495 7596 28238 END
START 6848 4568 17044 -9406 6339 28060 END
START 9112 4812 17448 -8977 4873 27040 END
START 11184 5184 18180 -8302 3861 25475 END
START 13568 5016 19076 -7544 2418 23635 END
START 16132 5296 19932 -6651 1432 21530 END
START 18272 5424 20596 -5445 1368 18924 END
START 19364 5224 20192 -4185 2122 15997 END
START 19752 5108 18776 -3317 2804 12601 END
START 19160 4984 17164 -2703 3197 8401 END
START 18632 3868 15764 -1726 2355 3947 END
START 18300 1776 14772 -930 385 370 END
START 18180 568 14356 -491 -944 -1926 END
START 17984 -584 13348 -864 -102 -3717 END
START 17632 -1432 12380 -2411 2607 -5040 END
START 16828 -1704 11656 -4500 6125 -6430 END
START 15780 -2136 11180 -5922 9053 -7964 END
START 14420 -2532 10492 -7005 10300 -9715 END
START 13196 -3220 10028 -8646 8922 -11623 END
START 12148 -3748 10288 -9825 6593 -13129 END
START 10864 -3892 10868 -10160 4542 -14013 END
START 9896 -3556 11200 -10701 3017 -14555 END
START 9040 -2752 11532 -11979 2449 -15114 END
START 7980 -2120 11920 -13824 2739 -15787 END
START 5932 -1408 12856 -15712 3212 -16147 END
START 3968 -832 13668 -17360 3424 -15966 END
START 2340 -524 14936 -18915 3594 -15589 END
START 364 -556 17272 -20215 4286 -14873 END
START -1536 -872 20264 -20722 5231 -13600 END
START -3560 -1348 23404 -20224 5974 -11842 END