START -972 1624 15672 -13845 -1850 10406 END
START 1700 676 6576 -13926 -1735 9991 END
START 2328 348 7856 -14001 -1980 9063 END
START 2932 -216 6732 -14131 -1904 8074 END
START 2552 -572 6920 -14482 -3799 7869 END
START 2196 -88 7468 -14142 -6744 8817 END
START 2976 -692 7436 -14295 -7840 9425 END
START 3648 -668 8720 -14849 -7334 9928 END
START 3900 -332 9652 -15364 -5071 9963 END
START 3860 -124 9864 -16052 -2584 9966 END
START 3820 -416 9796 -16613 -662 9984 END
START 3268 -544 9952 -17912 -79 9938 END
START 3444 -1032 10268 -18881 61 9816 END
START 3584 -1172 10880 -20163 -270 9944 END
START 4272 -848 12020 -21862 -1515 10189 END
START 5472 -816 14044 -23162 -1872 10044 END
START 6168 -764 15460 -23220 -474 9331 END
START 5500 -1028 15240 -22533 1465 8806 END
START 4980 -1908 14768 -23352 2454 8595 END
START 4456 -2820 16196 -25262 1579 9168 END
START 4988 -3476 18952 -26275 98 10394 END
START 6048 -3796 21036 -25753 -9 11536 END
START 6992 -3740 22332 -24907 1321 11663 END
START 7016 -3888 22616 -24233 3639 10802 END
START 6076 -4396 23456 -23807 5022 9722 END
START 6304 -5388 25796 -23335 4563 9210 END
START 7500 -5368 28080 -22306 2731 8855 END
START 9276 -5256 29948 -20671 1690 7562 END
START 9676 -5384 31384 -19295 1969 6130 END
START 9352 -5900 32767 -17734 2712 5164 END
START 8840 -7248 32767 -15559 3248 4362 END
START 8532 -8956 32767 -12466 2298 3982 END
START 8784 -10052 32767 -8930 500 3636 END
START 9656 -10484 32767 -5424 -1091 2736 END
START 10584 -10752 32767 -1501 -1879 1221 END
START 10724 -11020 32767 2833 -2066 -378 END
START 11132 -11280 32767 6987 -1849 -2106 END
START 11040 -11316 32767 11200 -952 -4126 END
START 10268 -11456 32767 14865 178 -5726 END
START 9408 -11464 32704 17933 693 -6946 END
START 8520 -11072 30560 20897 480 -7851 END
START 8584 -10336 28316 23364 521 -8999 END
START 8400 -9704 26488 25068 775 -10522 END
START 8124 -8932 24656 26163 772 -12130 END
START 7544 -8864 22628 27002 1168 -13320 END
START 6328 -8492 20072 27688 1606 -13583 END
START 5272 -7788 17460 27910 2045 -12996 END
START 4584 -6848 14760 27264 2693 -12275 END
START 3544 -5948 12692 25836 3464 -11440 END
START 2200 -5004 10596 24107 5120 -10208 END
START 908 -4432 8680 21758 6498 -8481 END
START -264 -3860 7044 19245 6997 -6706 END
START -1148 -3672 5720 17080 6168 -5239 END
START -1580 -3144 4984 15524 3936 -4111 END
START -1900 -2432 4508 13996 864 -3082 END
START -1824 -1960 4056 12377 -1532 -1437 END
START -1152 -984 3684 10164 -3034 706 END
START -204 -152 3840 7775 -3119 2399 END
START 1100 424 4276 5476 -2730 3162 END
START 1992 1064 4772 3673 -2385 2738 END
START 2472 1236 5428 2375 -2207 1967 END
START 2540 1080 5776 1171 -2268 1765 END
START 2620 992 6412 -342 -2986 2435 END
START 3744 716 7620 -2040 -3744 3482 END
START 4916 908 9296 -3395 -3857 4412 END
START 6564 900 11628 -4273 -3272 4846 END
START 8520 936 13616 -4637 -2590 4612 END
START 10932 720 16456 -4403 -2224 3609 END
START 12848 400 19068 -3517 -2384 2318 END
START 15108 704 21264 -1932 -2973 975 END
START 17040 988 22560 -499 -3149 -1106 END
START 17916 2016 23768 638 -2304 -4069 END
START 18540 1896 24020 1842 -1837 -7477 END
START 18748 1964 24172 3488 -1234 -10765 END
START 18744 2328 23976 5166 1083 -14705 END
START 17112 2164 23220 6479 2906 -17929 END
START 15256 2144 21980 7706 3091 -19896 END
START 13644 2168 20656 8458 3281 -21395 END
START 11892 2360 19736 8503 4117 -22019 END
START 10260 2356 19332 8539 5458 -22302 END
START 8612 2680 18652 8867 6522 -22706 END
START 6996 2524 17384 9305 6451 -23283 END
START 5440 2564 16424 9882 5376 -23998 END
START 3416 2552 15380 10519 3665 -24758 END
START 1384 2424 14204 10905 952 -25178 END
START -40 2380 13284 10915 -1520 -24832 END
START -1272 2680 12864 10324 -1908 -23925 END
START -2632 2584 12284 9003 -237 -22355 END
START -3948 2576 12048 7861 1493 -20538 END
START -5560 2496 11480 6698 2703 -18433 END
START -6928 2700 10932 6091 2185 -16230 END
START -7952 2464 10252 5581 60 -14074 END
START -8740 2524 10340 5027 -2488 -11818 END
START -8876 2644 10552 4381 -3833 -9296 END
START -9104 2936 10580 3436 -2834 -6957 END
START -9112 2924 10536 2204 -788 -4734 END
START -9528 2904 10460 1267 574 -2927 END
START -10144 2800 10288 729 832 -1073 END
START -10304 2780 10140 166 91 1393 END
START -10100 2848 10420 -723 -380 3853 END
START -9572 2812 10876 -1711 -471 6356 END
START -9336 2892 11564 -2649 -301 8873 END
START -8496 3016 11932 -3169 235 11054 END
START -7760 3316 12616 -3676 1607 12585 END
START -7632 3584 12708 -3997 2159 13937 END
START -7912 3696 12500 -3915 1546 15249 END
START -7624 3560 12368 -4304 662 16871 END
START -7328 3440 12336 -5021 -201 18658 END
START -6460 3052 12512 -5866 -443 20579 END
START -5320 2684 12864 -6697 -373 22554 END
START -3576 2408 13596 -7534 79 24012 END
START -1704 2204 14520 -8017 605 24874 END
START 300 2320 15524 -7986 902 25231 END
START 1928 2612 16376 -7622 967 25130 END
START 3688 2820 16368 -7039 863 24598 END
START 5124 2908 16512 -6896 59 23921 END
START 7328 2996 17476 -7026 -828 23260 END
START 9608 3196 18916 -6508 -1041 22489 END
START 11840 3228 19984 -5730 -152 21169 END
START 13376 3524 20284 -5220 622 19479 END
START 14128 3360 20636 -4554 1126 17623 END
START 14648 3360 20732 -3760 1651 15678 END
START 15032 2824 20736 -3272 1333 13855 END
START 15632 2800 21196 -2582 674 12030 END
START 16192 2732 21244 -1548 564 10147 END
START 16456 2644 20612 -675 782 8067 END
START 16276 2376 19796 -207 1073 5895 END
START 15644 1752 18680 -52 1281 3795 END
START 14572 1048 17700 -167 1336 2159 END
START 13592 300 16732 -469 1054 925 END
START 12972 -188 15920 -799 992 -127 END
START 12176 -776 15468 -1041 715 -1055 END
START 11608 -1180 14468 -1215 142 -1961 END
START 11064 -1768 13452 -1410 -637 -2949 END
START 10404 -2272 12464 -1954 -1141 -4093 END
START 9568 -3040 11760 -2818 -1334 -5055 END
START 8320 -3492 10956 -3673 -1197 -5169 END
START 7852 -3980 10164 -4487 -1299 -4956 END
START 7484 -4092 9552 -5400 -1605 -4844 END
START 7664 -4188 9252 -6480 -2019 -5153 END
START 7564 -4096 9400 -7429 -2463 -5646 END
START 7608 -3652 9724 -8037 -2946 -5979 END
START 7780 -3432 9932 -8930 -2861 -6437 END
START 7652 -3088 10028 -10270 -2311 -6865 END
START 7272 -2876 10188 -11607 -1372 -7332 END
START 7268 -2492 10712 -12774 -272 -7990 END
START 7256 -2328 11172 -14018 495 -8940 END
START 6868 -2652 11776 -15113 735 -9870 END
START 5668 -3456 11716 -16218 -45 -10637 END
START 4544 -3592 12716 -16661 -1629 -11493 END
START 3496 -3680 13804 -16326 -2007 -12245 END
START 2096 -3240 15316 -16559 -759 -12216 END
START 1324 -2892 17216 -17338 2012 -11143 END
START 780 -2072 19900 -17637 5307 -9804 END
START 68 -1864 22028 -17166 7762 -9552 END
START -1476 -2036 24448 -15825 8749 -10018 END
START -3524 -2304 26968 -13313 7819 -10207 END
START -4736 -2412 28836 -10219 5631 -9484 END
START -4972 -2324 30580 -7344 4247 -8631 END
START -5028 -2000 31916 -4695 3650 -7317 END