START 48 1660 3844 -6925 -1816 3500 END
START 4232 544 -276 -7082 -2715 3676 END
START 1140 1380 3688 -7599 -2930 3498 END
START 1552 264 2504 -8983 -4001 3105 END
START 1604 -356 2184 -10698 -5663 2953 END
START 812 -176 3356 -11301 -6647 4117 END
START 920 -764 3664 -10701 -6828 5992 END
START 1364 -1012 3444 -10382 -7451 7899 END
START 3004 -184 3344 -10540 -8450 9395 END
START 3988 352 3732 -11202 -8715 10093 END
START 3800 584 5204 -11656 -8557 10263 END
START 3928 612 5668 -11928 -7320 10326 END
START 4224 -140 5208 -12105 -5958 10360 END
START 3520 -40 5756 -12463 -4339 10488 END
START 3188 -716 5792 -13757 -2962 10822 END
START 2720 -1120 6504 -15614 -3037 11562 END
START 3704 -824 7536 -17375 -4397 12025 END
START 4728 76 8768 -18188 -5091 12051 END
START 5396 188 9532 -18857 -4762 11475 END
START 5964 364 10616 -19648 -3622 10178 END
START 5560 -596 12272 -20736 -2979 8906 END
START 5452 -1568 14452 -21560 -3051 8436 END
START 5484 -2340 15820 -21716 -2795 8541 END
START 5124 -2964 16264 -21878 -1535 8757 END
START 4504 -3012 16852 -22598 521 8557 END
START 3376 -3620 18484 -23720 1238 8752 END
START 3292 -4416 20356 -23920 -246 9612 END
START 4560 -5300 22480 -23222 -1695 10237 END
START 5588 -5580 23656 -22036 -1338 9786 END
START 5576 -5984 24144 -21014 209 8976 END
START 5592 -6680 24788 -20958 539 8410 END
START 5772 -6848 26628 -20765 -896 8443 END
START 6680 -7144 28708 -19398 -1922 9075 END
START 8400 -6452 29128 -17746 -1976 8595 END
START 8496 -6740 29580 -16153 -881 7279 END
START 8112 -6724 30080 -14530 -660 6162 END
START 8200 -7056 30960 -12273 -1978 5902 END
START 9220 -7200 32036 -10148 -2885 5779 END
START 10180 -7384 32767 -8002 -2993 5170 END
START 11256 -7456 32767 -5528 -2389 3925 END
START 11908 -7516 32767 -2781 -1917 2392 END
START 12568 -7548 32767 510 -1663 752 END
START 12872 -7832 32767 3976 -1277 -828 END
START 13024 -7712 32767 7921 -206 -2712 END
START 12436 -8052 32767 11676 125 -4451 END
START 11568 -8004 32767 15407 -698 -5766 END
START 11212 -8100 32767 18738 -1401 -7181 END
START 10904 -7884 32692 21792 -964 -8480 END
START 10544 -7564 30644 23958 715 -9750 END
START 9784 -7664 28392 25060 2651 -10882 END
START 8660 -7560 26312 26095 3285 -11636 END
START 7844 -7544 24488 27730 2732 -11880 END
START 7172 -6772 21496 29389 2247 -11768 END
START 6332 -5964 18592 30101 1963 -11915 END
START 5644 -5372 15776 30125 1756 -12621 END
START 4832 -4712 13156 30113 1955 -13378 END
START 3556 -4124 11012 29473 1840 -13277 END
START 2468 -3160 8552 28252 1573 -12267 END
START 1440 -2044 5828 26078 1248 -10803 END
START 216 -1212 3704 22784 1263 -9057 END
START -936 -796 1864 19059 1201 -6778 END
START -1432 -260 1072 15190 1735 -4296 END
START -1652 76 996 11287 3069 -1948 END
START -1588 440 1332 8317 3839 -436 END
START -1416 672 1924 6175 3675 785 END
START -1184 836 2416 4617 2395 1941 END
START -516 1124 2640 3353 466 2924 END
START 16 1332 3316 2050 -1383 3610 END
START 1120 1836 4472 736 -2832 4108 END
START 2564 2224 5272 -487 -3648 4531 END
START 3740 2284 6920 -1709 -4346 4831 END
START 5400 2780 8620 -2774 -5002 5143 END
START 7324 3008 10564 -3560 -5107 5271 END
START 9480 3268 12688 -4165 -4950 4941 END
START 11744 3296 15064 -4446 -4818 4049 END
START 14004 3444 17304 -3936 -4749 2663 END
START 16172 3924 19420 -2708 -4652 683 END
START 17828 4516 20920 -1082 -4209 -1778 END
START 18764 5188 21872 639 -4195 -4714 END
START 19300 5764 21832 2371 -4018 -7636 END
START 19400 6136 21852 3709 -2486 -10679 END
START 18592 6400 21468 4636 -664 -13473 END
START 17576 6220 20804 5394 -250 -15534 END
START 16692 6412 20440 6165 298 -17606 END
START 15644 6188 20248 6688 2206 -19970 END
START 13760 5716 19632 7226 4078 -22101 END
START 11528 5192 18716 8097 4788 -23777 END
START 8836 4852 17680 9583 3261 -25008 END
START 6908 4716 16540 11164 239 -26263 END
START 5280 4760 15888 12573 -3377 -27669 END
START 3876 4636 15416 14001 -7255 -28832 END
START 2860 4320 15172 15792 -10145 -29723 END
START 1968 4428 14280 16082 -8805 -29664 END
START -108 4160 13080 14396 -6334 -28395 END
START -2144 3884 12408 12437 -5354 -25968 END
START -3356 4068 11944 10756 -5123 -22672 END
START -4128 3864 11812 9262 -5488 -19504 END
START -4872 4200 11648 8135 -6948 -16335 END
START -4488 4680 11872 7217 -6863 -13834 END
START -4068 5136 11728 5771 -3478 -12234 END
START -4744 4784 10896 2669 1260 -10093 END
START -5784 4492 10240 -956 4617 -7139 END
START -7184 3928 10408 -3213 6021 -3948 END
START -8056 3768 10380 -3916 6331 -878 END
START -8816 3216 10176 -4241 6004 1568 END
START -8828 2764 9924 -4610 5204 3656 END
START -9208 2880 10204 -4915 4829 5561 END
START -9156 2904 10244 -5485 5041 7724 END
START -9488 2852 10296 -6211 5129 10363 END
START -9040 2784 10392 -7424 5486 13581 END
START -8476 2612 10788 -9568 7113 17214 END
START -7852 2456 11744 -11763 9485 20656 END
START -7176 2560 12172 -13384 11113 23170 END
START -6800 2484 12596 -13772 10630 24542 END
START -6632 2292 12708 -13012 8688 25070 END
START -6204 1976 12756 -11938 6050 25674 END
START -5316 1860 12988 -11192 3056 26681 END
START -3556 1780 13688 -10962 531 28140 END
START -844 1996 14596 -10620 -713 29360 END
START 1576 2104 15344 -9901 -986 29538 END
START 3396 2960 15484 -8793 -1441 28604 END
START 5428 3588 16104 -7543 -2133 27053 END
START 7380 3636 16672 -6739 -3125 25762 END
START 9768 3884 17412 -6115 -4484 25059 END
START 12448 4144 18356 -6023 -4720 24359 END
START 15620 4628 19568 -5925 -2649 22882 END
START 17740 5192 20056 -5755 90 20350 END
START 18504 5020 20040 -5276 1454 17267 END
START 18964 4540 20128 -4367 1115 14157 END
START 19132 4008 19824 -3330 -513 11748 END
START 19852 3680 19484 -2267 -2017 9437 END
START 20168 3380 18544 -1431 -2448 6760 END
START 20124 2932 17236 -1014 -1778 3912 END
START 19844 1604 15808 -1455 -224 1218 END
START 18900 840 14660 -2319 930 -712 END
START 18272 -456 13188 -3196 920 -2019 END
START 17256 -1132 12216 -4124 170 -3128 END
START 16188 -1532 10880 -5304 -1033 -4145 END
START 15460 -1924 9916 -7026 -1638 -5270 END
START 14636 -2588 9228 -8619 -1670 -6663 END
START 13700 -3276 9104 -9927 -1460 -7922 END
START 13092 -3612 8548 -11360 -2252 -8803 END
START 12572 -4052 7824 -13652 -4123 -9910 END
START 11764 -4160 8008 -16370 -6507 -10998 END
START 10592 -4320 8144 -18391 -8638 -11587 END
START 9944 -4260 9088 -20452 -8855 -11609 END
START 8640 -4324 10376 -22147 -7178 -10420 END
START 7344 -4564 11472 -23758 -5961 -8014 END
START 5968 -4444 12776 -26136 -5043 -4963 END
START 4708 -4240 14532 -28647 -4019 -1681 END
START 3620 -4340 18176 -30547 -1815 1209 END
START 3524 -4752 22712 -30715 2417 2023 END
START 2656 -5004 27420 -28354 6849 198 END
START 1064 -5848 30212 -23651 8184 -2973 END