START 1216 3420 -3260 -7525 -6573 7619 END
START 3180 2392 -448 -8110 -7183 8219 END
START 1340 2948 2788 -9561 -7077 8733 END
START 2216 3100 3816 -11219 -5441 8827 END
START 3336 2204 3648 -12141 -3231 8037 END
START 2024 2128 4540 -12201 -2160 7663 END
START 1284 1292 4520 -12926 -3281 8037 END
START 1392 412 4632 -14223 -4866 9192 END
START 928 1184 6032 -15196 -5776 10284 END
START 3412 536 4548 -15977 -5685 9848 END
START 3272 464 6044 -16873 -6342 9183 END
START 3648 -136 7992 -17268 -7137 9115 END
START 4484 -740 9596 -17633 -6705 9858 END
START 5280 -944 10348 -18416 -4407 10586 END
START 5308 -1424 10684 -19688 -714 11312 END
START 4200 -1428 10648 -20954 2532 11998 END
START 3568 -2152 11492 -22530 2958 12459 END
START 4228 -3068 14036 -23777 773 13312 END
START 6736 -3808 16640 -24874 -1184 14106 END
START 8544 -4388 19144 -25305 -494 13887 END
START 9252 -4232 19908 -24782 2279 12967 END
START 7816 -4036 19128 -24576 5608 11557 END
START 5776 -4876 18572 -24721 6274 10564 END
START 5360 -6232 19952 -25406 2477 10858 END
START 6696 -6364 22440 -24986 -1014 11746 END
START 8624 -6780 24284 -24014 -1616 12065 END
START 9656 -6456 25188 -23321 1242 10577 END
START 8844 -6600 25960 -23268 3806 9046 END
START 7936 -7912 27444 -22739 3779 8546 END
START 8244 -9248 29884 -21168 1331 8777 END
START 9480 -9460 32188 -18430 -1008 9103 END
START 11464 -9384 32767 -15453 -1515 8445 END
START 12784 -9384 32767 -12481 -1043 6643 END
START 13304 -8984 32767 -9013 -300 4442 END
START 13644 -8952 32767 -5875 -50 2715 END
START 13504 -8760 32767 -2773 170 1482 END
START 13280 -8916 32767 720 236 539 END
START 13232 -8820 32767 4294 -16 -270 END
START 13424 -8624 32767 7926 1 -1805 END
START 12984 -8336 32767 11519 -50 -3746 END
START 12092 -7896 32767 15766 -569 -5830 END
START 11060 -7460 31460 19462 -1197 -7603 END
START 10200 -7148 29140 21906 -1126 -8838 END
START 9492 -6964 27352 23411 -564 -9740 END
START 9072 -6880 25872 24756 -121 -10656 END
START 8776 -6716 24156 25841 -221 -11391 END
START 8140 -6736 22396 26767 186 -12249 END
START 7128 -7096 20676 27591 529 -12451 END
START 5564 -6600 18012 28152 -256 -12046 END
START 5148 -6076 15852 27666 -611 -11610 END
START 4032 -5536 13612 26296 -98 -10850 END
START 3236 -4984 11644 24328 -46 -9604 END
START 2888 -4404 9744 22348 -254 -8899 END
START 2108 -3808 8268 21117 -34 -8592 END
START 1212 -2868 6168 19942 46 -8087 END
START 244 -2320 4752 17890 -65 -7315 END
START -516 -1788 4020 15471 33 -5830 END
START -596 -1372 3504 12456 412 -3447 END
START -176 -860 3752 9366 999 -1109 END
START 500 -180 4136 7256 1797 370 END
START 988 428 4296 5875 2120 760 END
START 1256 652 4168 4700 1449 666 END
START 1080 1048 4772 3381 -347 1019 END
START 1424 768 5560 2144 -2589 2113 END
START 2700 928 6660 788 -3646 3699 END
START 5056 640 7628 -858 -3205 5149 END
START 6108 996 9924 -2448 -2190 5795 END
START 8144 768 11900 -3789 -1718 6073 END
START 10792 924 14220 -4419 -2237 6109 END
START 13476 1212 16868 -3996 -2800 5364 END
START 16516 1620 19436 -2623 -2639 3382 END
START 18212 2372 20928 -721 -2218 410 END
START 19276 2972 21296 1078 -2098 -2634 END
START 20224 3292 21408 2463 -2012 -5669 END
START 20288 3336 21516 3350 -1266 -8612 END
START 19764 3544 21272 4183 -142 -11160 END
START 19216 3768 20964 4847 1283 -13630 END
START 18016 3736 20328 5375 3085 -15970 END
START 16108 3664 19692 5789 3957 -17893 END
START 14136 3584 18968 6625 4352 -19534 END
START 12224 3324 18276 7264 3959 -20818 END
START 11164 3148 17844 7900 2952 -21659 END
START 9948 3116 17556 8628 2580 -22597 END
START 8408 3124 16664 9205 2627 -23636 END
START 6568 2884 15976 9617 2732 -24485 END
START 5020 2748 15416 9903 2244 -24851 END
START 4140 2480 15228 9869 1209 -24586 END
START 2936 2932 15140 9947 705 -24089 END
START 1356 3032 13944 10078 596 -23774 END
START -628 3140 13004 9645 637 -22904 END
START -2848 2876 11596 8685 617 -21525 END
START -4828 2776 10772 7602 652 -19738 END
START -6924 2624 10224 6588 447 -17692 END
START -8696 2800 9364 5524 -389 -15061 END
START -9608 2832 9064 4332 -1602 -12469 END
START -10076 2628 9352 3029 -2088 -9656 END
START -10164 2500 9548 1500 -1425 -6628 END
START -10092 2244 9752 403 -679 -3771 END
START -10076 1708 9532 -460 -453 -1243 END
START -9904 1872 10068 -1102 -991 1016 END
START -9496 1912 10232 -1277 -1317 2951 END
START -9404 2088 10700 -1387 -1704 5058 END
START -8864 2252 10780 -1356 -2260 7408 END
START -8120 2528 11132 -1626 -2062 9817 END
START -7364 2832 11364 -2080 -967 12066 END
START -7224 2936 11404 -2649 915 13977 END
START -7008 3648 11616 -3288 2319 15723 END
START -6936 3428 11708 -3830 2366 17620 END
START -6224 3224 12116 -4626 1878 20028 END
START -5128 3516 13188 -5223 2014 22333 END
START -3760 3424 13876 -5529 3128 24227 END
START -2668 3300 13752 -5995 4471 25307 END
START -1708 3584 13744 -6662 5022 25641 END
START -256 3220 14604 -7165 4252 26061 END
START 1632 3320 15460 -6880 2738 26707 END
START 3876 3736 15796 -6262 2271 26705 END
START 5548 3980 15312 -6123 2385 26309 END
START 7024 3932 15068 -6515 1948 25781 END
START 8988 3384 15804 -7020 435 25347 END
START 11596 3444 17496 -6759 -1016 24467 END
START 14000 3588 18432 -5970 -1342 22726 END
START 15456 3696 19008 -5183 -572 20418 END
START 15932 3772 18948 -4726 200 17924 END
START 16636 3508 19544 -4424 115 15802 END
START 17500 3048 20256 -3590 -492 13761 END
START 18320 3192 20560 -2636 -338 11355 END
START 18400 3156 20012 -2073 235 8945 END
START 17832 2936 19204 -1542 271 6731 END
START 17236 2596 18600 -1064 -61 4741 END
START 16716 1956 18208 -788 -156 3060 END
START 16252 1580 17760 -540 -225 1555 END
START 16016 1176 17400 -247 102 -99 END
START 15220 436 16468 -319 387 -1507 END
START 14340 -164 15688 -768 658 -2454 END
START 13276 -840 14852 -1391 820 -3137 END
START 12212 -1824 13964 -2101 632 -3553 END
START 11184 -2208 13192 -2663 468 -4086 END
START 10332 -2872 12776 -3271 899 -5107 END
START 9416 -3672 12356 -3787 1048 -6173 END
START 8752 -4352 12144 -4121 194 -6750 END
START 9004 -5152 12028 -4267 -668 -7141 END
START 9244 -5872 11772 -4288 -1202 -7556 END
START 9140 -5972 11644 -4762 -1631 -7918 END
START 8928 -5508 11512 -5604 -2060 -8561 END
START 8640 -4840 11616 -5860 -1501 -9655 END
START 8476 -4248 11148 -5973 -185 -10755 END
START 8252 -4096 10796 -6842 1474 -11581 END
START 8100 -3956 10460 -8254 3129 -12121 END
START 7748 -3692 10624 -9933 4727 -12554 END
START 7188 -3324 11412 -11423 6444 -12916 END
START 6004 -2140 12508 -12452 7595 -13421 END
START 5244 -1508 14004 -12563 8592 -13878 END
START 4828 -500 15060 -12661 9496 -14417 END
START 4152 76 16804 -12777 10834 -14954 END
START 2384 368 18536 -12450 12043 -15476 END