START 6548 2636 -2840 -1619 -4225 3815 END
START -4036 5652 10128 -2432 -3610 4067 END
START 3368 3656 -656 -3881 -4228 5138 END
START 2612 3708 584 -6307 -4195 5814 END
START 1716 4124 1756 -9055 -3370 5794 END
START 1400 4612 2120 -11447 -2165 5801 END
START 1224 3824 2464 -13617 -963 6245 END
START 1132 3184 3088 -15078 -1421 7415 END
START 948 2848 3896 -16194 -2681 9202 END
START 1004 2668 4580 -17146 -3232 10642 END
START 400 3148 6348 -17508 -2619 11152 END
START 716 3016 6348 -17659 -1529 11165 END
START 1076 2796 6476 -18100 -1907 11194 END
START 1740 2212 7984 -18962 -3715 11915 END
START 2892 2124 9448 -19408 -5189 12592 END
START 3972 1844 9944 -19829 -5221 12510 END
START 4168 2824 10028 -20746 -4666 11380 END
START 4232 2896 10644 -22001 -4041 9793 END
START 4228 2052 12108 -23296 -4345 9214 END
START 4992 1128 14524 -24327 -5179 9533 END
START 6324 244 16464 -24544 -4647 9975 END
START 6828 -96 17868 -23981 -2535 10179 END
START 6412 -284 17796 -23313 -236 9854 END
START 5696 -32 17552 -22769 752 8967 END
START 5312 -724 18480 -22811 -535 8125 END
START 5700 -1816 19716 -22822 -2731 7856 END
START 6540 -2572 21300 -22495 -4174 7766 END
START 6996 -3104 22360 -21762 -3957 7761 END
START 7408 -3648 22988 -21139 -2337 7569 END
START 7188 -3680 23172 -20390 -552 6997 END
START 6712 -3844 24124 -19747 239 6765 END
START 6576 -4280 24304 -18598 -163 7169 END
START 6348 -4256 23932 -16980 -234 7640 END
START 6308 -4556 23340 -15666 284 7728 END
START 6292 -4716 23136 -14821 165 7319 END
START 6296 -4796 23204 -14132 43 6537 END
START 6212 -4828 23684 -13267 -545 5879 END
START 6232 -4748 23884 -12130 -1009 5663 END
START 6036 -4616 23928 -11393 -769 6054 END
START 6304 -5224 23928 -11225 -243 6429 END
START 6712 -5280 24888 -11072 -457 6792 END
START 7572 -5496 26084 -10163 -856 6628 END
START 8728 -5240 27252 -8657 -1196 5335 END
START 9248 -5104 28124 -6572 -1306 3393 END
START 9212 -5200 28940 -4153 -1574 1935 END
START 9248 -5336 29240 -1742 -1179 1150 END
START 9168 -5452 29404 499 -470 966 END
START 9544 -5356 29528 2346 12 768 END
START 9876 -5064 29620 4312 703 23 END
START 10160 -5044 29320 6283 1406 -1448 END
START 9916 -5016 28944 8770 1511 -3230 END
START 9720 -5040 28380 11580 913 -4791 END
START 9224 -4632 27372 14280 219 -6095 END
START 8604 -4632 26300 16424 -374 -6901 END
START 8472 -4280 25208 18137 -624 -7139 END
START 8688 -4268 24696 19031 -150 -7347 END
START 8916 -3988 24800 19376 875 -7618 END
START 8924 -3528 24344 19746 2544 -7691 END
START 8516 -3036 23420 20276 5134 -7747 END
START 7468 -2784 21888 20888 7751 -8102 END
START 6440 -3248 20016 21488 9139 -8457 END
START 5336 -3416 18032 21732 9597 -8330 END
START 4100 -3300 15908 21886 9599 -7826 END
START 2788 -3060 13684 21472 8913 -7169 END
START 1712 -3100 11292 20260 7673 -6365 END
START 816 -2760 9564 18617 6381 -5237 END
START -4 -2728 8380 16474 5222 -3996 END
START -464 -2496 7836 13885 4141 -2497 END
START -876 -1980 7384 11336 3532 -769 END
START -836 -1876 7640 9217 3706 829 END
START -452 -1368 8160 7884 4019 1744 END
START 96 -836 8540 7481 3807 1957 END
START 412 -488 8408 7579 2514 1897 END
START 552 20 8268 7484 285 1940 END
START 1112 552 8144 6859 -1688 1967 END
START 1928 736 8448 5325 -3512 2163 END
START 2940 1016 9104 3450 -4587 2790 END
START 4144 856 10104 1500 -4818 3341 END
START 5580 1148 11548 -68 -4802 3737 END
START 6988 1588 13248 -808 -4614 3382 END
START 8552 2032 14424 -733 -4658 2182 END
START 9652 2500 15808 -421 -5864 591 END
START 11472 2952 16808 68 -7861 -738 END
START 13684 3464 18108 438 -8942 -2428 END
START 16004 4236 19908 1027 -8097 -5102 END
START 17396 5012 21008 1924 -5390 -8725 END
START 17652 4824 21672 2873 -2910 -12396 END
START 16916 4760 21312 4060 -1556 -15178 END
START 16176 4624 21240 5077 -537 -17152 END
START 15488 4648 20844 5861 1166 -19170 END
START 14356 4304 20408 6745 2682 -21622 END
START 13084 4124 20140 7901 2917 -24558 END
START 11332 3692 19856 9603 2076 -27377 END
START 9132 3148 19252 11625 1023 -29717 END
START 7108 2620 18196 13560 -68 -31065 END
START 5048 2560 17192 14854 -1492 -31391 END
START 3396 3136 15860 15271 -1507 -31137 END
START 1684 2848 14720 14426 -42 -30354 END
START -40 2408 13356 13080 1491 -29167 END
START -2124 2336 12828 11651 2572 -27446 END
START -3968 2240 11920 10261 3439 -25481 END
START -5740 2156 11524 9229 3124 -23327 END
START -7108 1712 11308 8589 1173 -20519 END
START -7984 1852 11252 8416 -1177 -17571 END
START -8504 1708 11044 7832 -1921 -14619 END
START -9312 1584 10576 6609 -1866 -11587 END
START -9928 1516 10132 5225 -1791 -8423 END
START -10136 1348 9640 3852 -1376 -5601 END
START -10436 1148 9388 2227 -465 -3078 END
START -10780 1064 9212 292 525 -490 END
START -10952 1144 9188 -1382 1489 1984 END
START -11316 1524 9436 -2790 2210 4522 END
START -11344 1572 9380 -3758 1925 7057 END
START -10844 1848 9848 -4307 888 9647 END
START -10176 1768 10388 -4399 -140 11998 END
START -9424 2168 11200 -4709 -209 14150 END
START -8520 2380 11784 -5108 391 16052 END
START -7892 2512 12212 -5476 958 17662 END
START -7644 2640 12700 -6177 1618 19304 END
START -7076 2436 13212 -6713 1859 21382 END
START -6364 2508 13540 -6646 1787 23565 END
START -5284 2468 13800 -6276 1732 25440 END
START -3708 2656 13720 -6348 1850 26885 END
START -2324 2712 13792 -6732 1764 27569 END
START -976 3056 14100 -7058 1375 27935 END
START 664 3336 14132 -6885 289 28153 END
START 2136 3728 14452 -6533 -1098 28121 END
START 4348 4276 15196 -6306 -2937 28173 END
START 7336 4908 15976 -6139 -3722 27881 END
START 9948 5720 16964 -6085 -2382 26418 END
START 12040 6320 17584 -5883 -512 24054 END
START 13296 6540 17948 -5788 39 21734 END
START 14240 6144 18376 -5649 -253 20105 END
START 15140 5732 19024 -5325 -826 19094 END
START 16272 5596 19372 -5080 -352 18031 END
START 17160 5392 19344 -4679 840 16302 END
START 17464 5424 18944 -3874 2418 13504 END
START 16964 5000 17692 -3374 3801 10116 END
START 16036 4228 16308 -3370 3573 7245 END
START 15108 2948 15472 -3670 2092 5131 END
START 14864 2148 15316 -4179 -25 3792 END
START 14944 1760 15340 -4373 -879 2909 END
START 15324 944 14824 -4898 -810 1744 END
START 15352 400 14460 -5313 -132 209 END
START 15216 -268 13860 -5661 299 -1677 END
START 14668 -976 13272 -6259 470 -3630 END
START 14032 -1660 12884 -7180 -54 -5017 END
START 13484 -1924 12700 -8311 -708 -5997 END
START 13180 -2152 12540 -9242 -1083 -7007 END
START 12592 -2460 12092 -9714 -1275 -8175 END
START 11912 -2516 11668 -10641 -1767 -9733 END
START 11056 -2756 11624 -11438 -2088 -11335 END
START 9916 -3016 11816 -11803 -2672 -12368 END
START 8868 -3316 12068 -12162 -3428 -13129 END
START 7736 -3824 12332 -12587 -4704 -14052 END
START 6712 -3952 12488 -13240 -6513 -14564 END
START 5948 -3976 12880 -14756 -7735 -14760 END