START 1468 5300 4432 -6647 -4590 3625 END
START 3556 4740 2152 -6963 -4791 4077 END
START 3660 5300 3820 -7728 -3907 4588 END
START 3728 6216 5216 -9024 -1470 4500 END
START 3780 5900 4584 -10224 443 3815 END
START 2864 4728 4896 -11027 292 3674 END
START 2356 3776 4716 -11639 -1836 4313 END
START 2376 3176 5508 -12817 -3900 5423 END
START 2988 3012 7240 -14308 -3557 6300 END
START 4192 2560 6872 -15709 -2051 7223 END
START 2748 2912 9476 -16573 -414 7683 END
START 3212 2600 9864 -17100 920 7575 END
START 3752 2340 10524 -17310 1558 6937 END
START 4132 1876 11576 -17654 920 6277 END
START 4640 1196 12680 -18252 -239 5972 END
START 4348 1192 13580 -19318 -889 5671 END
START 3944 1144 14740 -20047 -416 5199 END
START 3360 684 14912 -20062 287 4595 END
START 3000 -452 14904 -20320 274 4017 END
START 2792 -1728 15668 -20960 -981 4090 END
START 3116 -2664 17048 -21436 -2178 4913 END
START 3576 -3376 18500 -21816 -2214 5935 END
START 3292 -3504 19464 -21974 -1071 6513 END
START 2584 -3812 19160 -21853 39 6488 END
START 2128 -4272 19280 -21452 12 6264 END
START 2092 -4880 19924 -21121 -1306 6373 END
START 2656 -5556 21124 -20555 -3286 7259 END
START 3632 -5908 21604 -20053 -4383 8382 END
START 4800 -5160 22516 -20156 -3897 8979 END
START 5120 -4452 23524 -19492 -1454 8084 END
START 5016 -3956 23652 -17961 -216 6271 END
START 4740 -4376 23196 -16274 -1080 4892 END
START 4892 -4888 23484 -14897 -2738 4412 END
START 5528 -5200 24168 -13947 -3813 4540 END
START 6556 -5160 25352 -13732 -3903 4989 END
START 7484 -4396 26888 -13360 -2322 4959 END
START 7884 -4348 28092 -12568 104 4211 END
START 7848 -4288 29268 -11303 1943 3320 END
START 7868 -4664 29860 -9432 3000 2402 END
START 7376 -4980 30848 -7293 2897 1739 END
START 7092 -5476 31728 -4907 1969 1212 END
START 7524 -5376 32528 -2373 1413 322 END
START 8076 -5648 32767 -7 1462 -1451 END
START 7764 -5924 32767 2210 1918 -3385 END
START 6824 -6288 32767 4827 2090 -4674 END
START 6012 -6856 32564 7465 1928 -4901 END
START 5748 -6988 31848 9804 1981 -4614 END
START 5804 -7304 30840 11683 2319 -4454 END
START 5272 -7192 29980 13967 2482 -4382 END
START 5132 -6996 28688 16121 2349 -4655 END
START 5064 -6844 27368 17743 2085 -5401 END
START 4632 -6720 26412 19043 1602 -6004 END
START 4252 -6296 25400 20462 1229 -6002 END
START 4036 -5604 23820 21695 1794 -5825 END
START 3604 -5044 22168 22180 2446 -5586 END
START 3372 -4756 20516 22374 2715 -5075 END
START 3132 -4272 18600 22343 2428 -4743 END
START 2760 -3740 16424 22025 2178 -5164 END
START 2008 -3284 14152 21771 1931 -6198 END
START 1024 -2912 12140 21471 981 -6915 END
START 420 -2740 10392 20827 -50 -6952 END
START -76 -2196 8764 19683 -134 -6383 END
START -212 -1916 7444 17980 380 -5505 END
START -220 -2088 5884 15734 631 -4530 END
START -612 -1604 4936 13486 -38 -3286 END
START -948 -1788 4616 11244 -948 -1559 END
START -504 -1020 4808 9064 -1187 664 END
START 52 -472 5160 7184 -903 2359 END
START 932 -160 5192 5530 -367 3306 END
START 1404 -68 6224 3770 -648 3685 END
START 1864 280 7140 2461 -1566 3816 END
START 2860 328 7920 1520 -2769 3837 END
START 3928 120 9532 747 -4142 3975 END
START 5488 168 10380 -3 -4998 4203 END
START 6952 212 12144 -892 -5727 4393 END
START 8736 332 14400 -1866 -6110 4574 END
START 11148 600 17400 -2387 -5678 4260 END
START 13792 844 20412 -2095 -4833 3207 END
START 16144 1832 23272 -496 -3164 800 END
START 17164 1744 24728 1784 -2238 -2170 END
START 17448 2200 25192 4262 -2382 -5007 END
START 17620 2648 25480 6168 -2664 -7475 END
START 17572 3108 25276 7783 -2285 -9976 END
START 16864 3616 24740 9298 -880 -12405 END
START 15732 3568 23620 10492 900 -14604 END
START 14516 3796 23000 11242 2479 -16042 END
START 13040 4108 21776 11722 4132 -17368 END
START 11280 4188 20336 12268 5015 -18822 END
START 9244 4204 18960 12959 4384 -20365 END
START 7420 3860 17580 13760 3625 -21746 END
START 5796 3568 16608 14266 2348 -22636 END
START 4004 3700 15460 14900 705 -23217 END
START 2308 3648 14192 15765 -951 -23812 END
START 700 3900 12584 16134 -1992 -24163 END
START -884 3680 10972 15471 -2594 -23959 END
START -2692 3804 10084 13837 -2285 -22747 END
START -4252 3432 9428 11470 -992 -20700 END
START -5848 3172 8620 9296 -3 -18254 END
START -7252 2992 8108 7556 -75 -15821 END
START -8340 2972 7852 6598 -1758 -13560 END
START -9044 2864 7840 6553 -4292 -11651 END
START -9608 2996 7692 6388 -6646 -10108 END
START -9916 2940 7468 5598 -7914 -8662 END
START -9832 2728 7336 4434 -6821 -6804 END
START -10800 2500 7516 2492 -4295 -4035 END
START -11384 2372 7084 229 -1693 -236 END
START -11696 2456 7116 -1653 -418 3530 END
START -11292 2560 7504 -3158 -439 6939 END
START -10672 2752 8040 -4049 -463 9726 END
START -9748 3376 8568 -4261 -321 11608 END
START -9156 3492 8580 -4202 -395 12831 END
START -8920 3808 8724 -4204 -776 14104 END
START -8644 3924 8776 -4771 -920 15541 END
START -8088 4104 9104 -5498 -1066 17546 END
START -7076 4256 9708 -6080 -1266 19899 END
START -5688 4632 10408 -6672 -879 22024 END
START -4376 4768 10600 -7106 -219 23541 END
START -3348 5184 10520 -7704 771 24471 END
START -2200 5436 10652 -8228 750 24874 END
START -468 5288 11716 -8928 -294 25314 END
START 1508 5632 13036 -9688 -338 25863 END
START 3968 5500 14420 -10298 1042 25805 END
START 5856 5280 15512 -10987 3260 25234 END
START 7972 5128 17068 -11629 5132 24184 END
START 10052 4844 18852 -11586 6007 22679 END
START 11620 4316 20428 -10708 5690 21002 END
START 13080 3952 21564 -9440 4443 19393 END
START 14592 3332 22396 -8123 3098 17594 END
START 16000 2832 22880 -6718 2054 15482 END
START 17108 2348 23072 -5324 1700 13277 END
START 17640 1728 22476 -4066 1605 10856 END
START 18064 1180 21736 -3427 1209 8693 END
START 18252 568 21404 -3124 910 6740 END
START 18420 240 21048 -2998 1316 5100 END
START 18732 -396 20540 -2523 2396 3017 END
START 18224 -1088 19228 -1926 2910 614 END
START 17408 -1880 17744 -1458 1962 -1571 END
START 16684 -2328 16260 -1094 603 -3396 END
START 16088 -2604 15392 -1130 -143 -4830 END
START 15548 -2752 14660 -1387 -226 -5984 END
START 15208 -2928 13500 -2257 849 -6826 END
START 14212 -2920 12584 -3306 2403 -7357 END
START 13128 -3176 11268 -4463 2746 -7769 END
START 12308 -3408 10632 -5381 1883 -8152 END
START 11816 -3128 10296 -6279 1148 -8920 END
START 11248 -3248 10204 -7287 783 -10251 END
START 10468 -3196 10248 -7844 756 -11608 END
START 9472 -3052 10188 -8289 1045 -12754 END
START 8312 -2836 10112 -9210 1531 -13517 END
START 7248 -2736 10680 -10197 2069 -13985 END
START 5868 -2632 11652 -11098 2848 -14341 END
START 4220 -3296 13252 -11524 2997 -14539 END
START 2040 -3536 15940 -10973 1631 -14408 END
START 444 -2916 17868 -10254 288 -14141 END
START -912 -1676 19376 -10323 745 -13817 END
START -2904 -520 21096 -11054 2450 -13041 END
START -4812 724 22512 -11880 4143 -11790 END