START 2860 3104 2560 -565 -5834 2196 END
START 680 4176 4380 -1136 -6052 2941 END
START 2200 4388 1776 -2178 -6496 4362 END
START 3476 5080 2412 -4221 -4121 5546 END
START 3684 5804 3516 -6128 -1020 4876 END
START 3764 5800 4116 -7384 -111 3142 END
START 3292 5800 4236 -8040 -1284 1865 END
START 3248 6016 3912 -8266 -3822 1779 END
START 3956 6012 3816 -9143 -5210 2353 END
START 3452 5768 5132 -10058 -4764 3268 END
START 5072 5464 4028 -11193 -3317 4498 END
START 4632 5836 5928 -12307 -1928 5303 END
START 4912 5604 6544 -13458 -187 5147 END
START 4556 5208 7008 -13966 558 4680 END
START 4128 4260 7216 -13621 116 4386 END
START 3868 3284 7472 -13297 -666 4264 END
START 3720 2784 8544 -13662 -771 4452 END
START 3592 1880 9740 -14463 -258 4953 END
START 3284 2088 10688 -14763 441 5859 END
START 3240 1964 10736 -14997 -184 6395 END
START 3476 2312 10520 -15258 -1046 6167 END
START 3704 1964 10208 -15787 -1495 5167 END
START 3556 1360 10928 -16706 -2115 4292 END
START 3672 468 12344 -18092 -3849 4514 END
START 4276 716 13860 -19121 -3595 5533 END
START 4644 740 14856 -19487 -884 6159 END
START 4416 0 14164 -19712 1183 5898 END
START 3256 -88 14000 -20213 1523 4970 END
START 2372 -1408 14496 -20747 289 4550 END
START 2080 -2072 15856 -21099 -1498 5490 END
START 2816 -3024 16824 -21650 -1640 6886 END
START 3544 -4000 17392 -22515 9 7432 END
START 3788 -4316 17908 -23084 1591 7100 END
START 2992 -4928 18424 -23142 1999 6732 END
START 2164 -5516 18396 -22743 1811 6458 END
START 1568 -5992 18924 -22578 505 6331 END
START 2132 -6640 20888 -22504 -1512 6798 END
START 3100 -6588 23112 -21926 -2432 7731 END
START 4292 -6544 24144 -21520 -1311 8476 END
START 5540 -6912 24792 -21444 -51 7967 END
START 6264 -7516 27756 -21241 131 6963 END
START 6828 -7788 30840 -19503 -44 6472 END
START 7548 -7988 32767 -16733 -86 6629 END
START 8448 -7932 32767 -13828 -164 6844 END
START 9840 -7776 32767 -11369 -88 6684 END
START 10972 -7588 32767 -9050 312 5910 END
START 12116 -7096 32767 -5828 1353 4221 END
START 12444 -7092 32767 -1418 1735 1995 END
START 12416 -7116 32767 3101 683 -261 END
START 12368 -6940 32767 6958 -541 -2419 END
START 12024 -6864 32767 10926 -792 -4426 END
START 11440 -6932 32767 14180 95 -5777 END
START 10800 -6944 32767 16380 921 -6439 END
START 9892 -6604 32100 18230 1702 -7053 END
START 9280 -6384 30228 19956 1986 -7821 END
START 8884 -6324 28656 21738 2384 -8995 END
START 7944 -6376 26392 23136 3100 -9970 END
START 6844 -6620 24504 24061 3140 -10547 END
START 5552 -6608 22564 24924 2645 -10512 END
START 4588 -6604 21124 25206 1960 -9479 END
START 4188 -6016 19776 24765 2739 -7632 END
START 4140 -5456 18124 23295 5388 -5573 END
START 3588 -4748 15928 21407 8951 -3803 END
START 2744 -4440 13484 19456 11249 -2472 END
START 1280 -3820 10836 18056 10610 -1108 END
START -168 -3180 8432 17156 7371 273 END
START -700 -2252 6936 16294 3626 1013 END
START -188 -1820 5788 15203 1345 1068 END
START -44 -1156 5972 14451 1569 -135 END
START -380 -652 4496 13368 3104 -2033 END
START -1636 -1064 3948 11830 2245 -2406 END
START -2776 -984 4112 9990 532 -678 END
START -2380 -644 4592 7901 -609 1717 END
START -1712 -580 5004 5532 -1400 4023 END
START -848 -328 6128 2995 -1924 5773 END
START 496 -220 6912 1208 -2208 6569 END
START 1280 288 8904 755 -3024 6410 END
START 2844 516 10220 859 -4642 5605 END
START 4296 976 11640 954 -6019 4715 END
START 6008 1472 12892 970 -6977 4207 END
START 7624 1452 14244 788 -7481 3824 END
START 9584 2176 15916 738 -7918 3209 END
START 11836 2816 17688 1310 -7290 1500 END
START 14240 3564 19484 2452 -6184 -1613 END
START 16624 3816 20412 3491 -5414 -5433 END
START 18848 4004 21612 3665 -3971 -10116 END
START 19296 4052 22764 4199 -2308 -14841 END
START 18408 4496 23548 6152 -1166 -18673 END
START 16680 4552 22972 9472 -1357 -21329 END
START 15500 5028 21468 12296 -945 -23160 END
START 14168 5060 20096 13180 687 -25303 END
START 12280 4880 19236 13469 1614 -27321 END
START 10120 4780 17996 14730 1085 -29034 END
START 7908 3928 16772 16765 -1253 -30815 END
START 5932 3848 15792 18892 -5216 -32495 END
START 4392 3664 14604 20222 -8455 -32768 END
START 2112 3420 13232 20922 -10955 -32768 END
START 156 3032 11952 20294 -12251 -32768 END
START -1672 3524 11160 17969 -10949 -31565 END
START -3864 3196 9992 14740 -8401 -27992 END
START -4724 4048 10076 12020 -6484 -24540 END
START -5752 4036 9668 9222 -5147 -21871 END
START -6952 4176 9136 6981 -4598 -19245 END
START -8596 3660 9116 5280 -4822 -16559 END
START -9616 3456 9056 4674 -4922 -13859 END
START -10576 3676 9340 3389 -3664 -10374 END
START -10812 3552 9120 395 -1693 -6234 END
START -10936 3376 9140 -2826 555 -2182 END
START -10536 3612 9676 -5568 2298 1917 END
START -10152 3572 10296 -7392 4504 5093 END
START -9612 3348 11160 -9027 6693 7711 END
START -9572 3148 11692 -9453 7494 9904 END
START -9344 2868 12268 -8721 7254 12528 END
START -9000 3080 13140 -8017 6566 15210 END
START -8096 2764 13696 -7610 6447 18093 END
START -7596 2960 14720 -7836 7727 20732 END
START -7184 2752 15232 -7997 9345 22971 END
START -7072 2524 14988 -7957 11333 24744 END
START -7136 2164 14520 -8062 13375 26357 END
START -6388 1620 14396 -8298 14056 27909 END
START -5452 1284 14012 -8257 13021 29331 END
START -4896 1616 14088 -7508 10806 30192 END
START -4080 1752 13232 -5956 7823 30349 END
START -3264 2052 13040 -4773 5364 30551 END
START -1612 2904 13588 -5269 4167 31339 END
START 504 3084 14372 -6839 4808 32088 END
START 2532 3472 15792 -8070 5623 32400 END
START 4668 4468 16624 -8693 7305 31483 END
START 6372 5148 17332 -8930 9129 29455 END
START 7556 5144 17612 -9150 8218 27368 END
START 9484 5252 18316 -9202 4795 25226 END
START 10796 5536 19524 -8378 1201 22709 END
START 12068 5556 19720 -6758 -1144 20360 END
START 13332 5456 19856 -5484 -1808 18025 END
START 14496 5492 20176 -5049 -1491 15857 END
START 15612 5152 20440 -5133 -855 13656 END
START 16400 4464 20192 -5251 -610 11502 END
START 16680 3608 19304 -5112 -1150 9364 END
START 16620 2880 18724 -4938 -1982 6965 END
START 16736 2232 17836 -4725 -2321 4157 END
START 16480 1476 17324 -4971 -2783 1091 END
START 16488 808 17092 -4898 -3053 -1468 END
START 15940 -160 16700 -4403 -1651 -3188 END
START 15376 -1128 15424 -4156 723 -4263 END
START 14436 -1800 13900 -4812 2437 -5141 END
START 13568 -2096 12740 -5942 3161 -6673 END
START 12400 -2604 12064 -6686 2743 -8425 END
START 11424 -2884 11308 -7378 1290 -10037 END
START 10668 -2976 11052 -8389 474 -11452 END
START 9784 -3324 10676 -9628 534 -11974 END
START 9328 -3676 10632 -11171 943 -12267 END
START 9028 -3628 10284 -12515 1594 -12931 END
START 8728 -3856 10016 -13948 1548 -14127 END
START 7848 -4132 10336 -15346 1432 -15688 END
START 7112 -4064 10708 -16534 939 -17211 END
START 6120 -4020 11172 -16694 207 -18114 END
START 5680 -3888 11188 -16691 -879 -18616 END
START 5540 -3744 11376 -17706 -1989 -19399 END
START 5020 -3416 12736 -18727 -1389 -20203 END
START 4292 -3524 13888 -19151 479 -20446 END
START 3212 -3556 15352 -19794 1370 -20050 END
START 2012 -3152 16756 -20392 2277 -19342 END
START 444 -3256 19224 -21292 3890 -18721 END
START -1608 -3616 22140 -21542 5506 -17809 END