START 1512 2420 1760 -17079 1320 7658 END
START 568 2128 3116 -18001 1124 8098 END
START 1920 1556 1756 -19518 1771 8871 END
START 1620 2392 1916 -20888 2685 10909 END
START 1152 2788 2592 -21738 2074 12629 END
START 1912 2772 2732 -22560 -861 13085 END
START 2568 2512 4080 -23144 -4456 12778 END
START 3904 2424 5640 -21825 -7373 12448 END
START 4696 3072 6472 -19165 -8127 12583 END
START 4392 2148 6272 -18503 -6589 12573 END
START 4252 1208 6916 -19719 -5587 12840 END
START 3616 -216 7496 -20555 -5263 13444 END
START 4332 -172 8676 -21519 -5595 14153 END
START 4832 -116 9500 -21919 -4682 14099 END
START 5840 -316 10072 -22818 -2891 13847 END
START 5180 -1008 10372 -23803 -1204 12940 END
START 4500 -1324 12080 -24976 -2268 12077 END
START 4444 -1364 13808 -24369 -3750 12014 END
START 4848 -1632 14656 -23725 -3323 12334 END
START 4904 -1912 14184 -24117 -1575 12236 END
START 4420 -3252 14568 -25339 -740 11671 END
START 4680 -4960 15888 -26002 -970 11598 END
START 4692 -6132 18672 -26343 -1447 12107 END
START 5152 -6296 20996 -25347 -1008 13019 END
START 5428 -6456 21544 -23997 311 13231 END
START 5564 -7328 22088 -23313 743 12444 END
START 5936 -8800 23788 -22853 -736 11633 END
START 6588 -9188 26676 -21316 -2540 11121 END
START 7644 -8684 28720 -18507 -2383 10553 END
START 7852 -7192 28480 -16958 1041 10165 END
START 7188 -6304 28188 -16817 4752 9828 END
START 7172 -6456 28444 -16061 5135 9558 END
START 8136 -7056 29596 -14503 2474 9137 END
START 10272 -7064 31384 -12395 197 8127 END
START 11832 -6964 32767 -9766 -768 6036 END
START 12744 -7048 32767 -6570 -1379 3324 END
START 13068 -7620 32767 -2824 -2293 755 END
START 13428 -8192 32767 792 -2146 -926 END
START 13092 -8716 32767 3808 -54 -1831 END
START 12464 -9080 32767 6186 2281 -2137 END
START 11432 -9496 32767 8190 3208 -2394 END
START 10524 -9192 31632 10130 2618 -3300 END
START 9832 -9068 30560 12725 1087 -5001 END
START 9368 -8400 29964 16075 -234 -7341 END
START 8656 -8184 29060 19888 -1313 -9811 END
START 8016 -8116 27540 23628 -2356 -11504 END
START 7748 -7704 24412 25752 -1678 -11696 END
START 7064 -7200 21328 24135 -759 -11413 END
START 6668 -6260 20396 22536 328 -10931 END
START 6224 -5524 20324 22093 1077 -10976 END
START 5960 -4704 19404 23018 1649 -11588 END
START 6120 -4664 19212 23229 -67 -12037 END
START 6356 -3912 18832 24237 -1526 -12099 END
START 5888 -3532 17016 25004 -1102 -12463 END
START 4520 -3300 14144 24483 350 -12202 END
START 2824 -3556 11532 22188 993 -11313 END
START 1496 -3608 10596 19468 1131 -9172 END
START 1192 -3308 10084 17506 2050 -6272 END
START 1112 -2436 8728 15862 3726 -4130 END
START 388 -1644 7352 14103 4075 -2904 END
START -196 -808 5908 13002 2533 -1865 END
START -244 -468 5220 11499 752 -1315 END
START 288 -252 5440 9761 -723 -793 END
START 796 136 5820 8381 -1202 -272 END
START 768 560 6792 6938 -796 467 END
START 1896 532 6392 5570 -20 1299 END
START 1720 1092 7000 4338 604 2135 END
START 2440 1192 7092 3283 547 2830 END
START 2936 1360 7540 2430 309 3175 END
START 3572 1532 8148 1644 -157 3165 END
START 4416 1740 8452 799 -966 3214 END
START 5200 1888 9188 -177 -1997 3201 END
START 6596 1884 10412 -1238 -3040 3154 END
START 8680 2364 12176 -1802 -3115 2517 END
START 10472 2516 13488 -1856 -2567 1396 END
START 12304 2540 15088 -1811 -2476 70 END
START 14124 2944 16432 -1755 -2741 -1453 END
START 15432 3184 18272 -1395 -3618 -3032 END
START 17492 3872 20016 -298 -3638 -5146 END
START 18580 4072 20728 1008 -2650 -8181 END
START 19920 4856 21704 2133 -1404 -12163 END
START 19856 4780 22344 3872 -14 -16531 END
START 18256 4788 22252 5608 524 -19472 END
START 16668 5396 21708 7030 1360 -21764 END
START 15196 5528 21048 8025 2585 -24135 END
START 14364 5860 20168 9078 3879 -27359 END
START 13440 6008 19392 10032 5280 -32299 END
START 9364 3936 18352 11802 3094 -32768 END
START 4812 2772 17568 14635 -4149 -32768 END
START 2628 3232 16820 17384 -11413 -32768 END
START 2304 3596 15500 18523 -13354 -32768 END
START 956 3744 14044 16967 -11125 -32768 END
START -440 3796 12608 13446 -5928 -31068 END
START -2312 3628 11640 8529 350 -26432 END
START -4252 3584 10972 4021 5269 -21443 END
START -5784 3376 10600 1119 7354 -17122 END
START -6760 3680 10536 105 5192 -13778 END
START -7328 3724 10352 522 1319 -11313 END
START -7360 3920 10252 1106 -1529 -10114 END
START -7984 3880 10208 1466 -2717 -9480 END
START -8920 3460 9660 1693 -3675 -8281 END
START -9776 3268 9172 1506 -4726 -5862 END
START -10264 3152 9056 363 -5039 -2600 END
START -10440 3336 9308 -1355 -4459 974 END
START -10288 3556 9840 -3099 -3204 4495 END
START -9392 3760 10952 -4231 -1587 7509 END
START -8596 4140 11532 -4498 520 9479 END
START -8064 4272 11652 -4986 1863 11083 END
START -7904 4412 12316 -5600 1855 12971 END
START -7656 4608 12976 -6047 1488 14949 END
START -7284 4684 13964 -6351 1788 17150 END
START -6796 4248 14892 -6720 2821 19449 END
START -5724 4616 15772 -6782 4950 21304 END
START -5388 4428 15872 -6494 6893 22322 END
START -5512 4168 15332 -6353 7900 23083 END
START -5896 3764 14584 -6440 7123 24024 END
START -5392 2860 13656 -7369 5042 24992 END
START -4568 2304 14372 -8589 2610 26478 END
START -2732 1852 15680 -8516 1357 28093 END
START -624 1968 16468 -8008 2211 28886 END
START 716 2104 15988 -7569 3079 28676 END
START 1756 2200 15816 -7372 2639 28151 END
START 3204 2340 15952 -7030 599 27791 END
START 5500 2684 16340 -6147 -1838 27305 END
START 7948 3204 16776 -5223 -3101 26243 END
START 10560 3592 17304 -4674 -2761 24530 END
START 12948 3952 17964 -4438 -1488 22459 END
START 14760 4284 18836 -4169 -249 20490 END
START 16440 4252 19068 -3959 1025 18451 END
START 17036 4112 19144 -3648 1342 16341 END
START 17272 4092 19004 -3175 793 14327 END
START 17744 3768 18784 -2810 115 12313 END
START 18024 3496 18704 -2316 -134 9909 END
START 18248 2844 18608 -1785 424 7300 END
START 17784 2544 18036 -1509 1706 5090 END
START 16652 1700 17364 -1544 2609 3225 END
START 15476 1072 16264 -1753 2400 1910 END
START 14040 208 15088 -2102 1615 746 END
START 13056 -568 14492 -2458 713 -188 END
START 12536 -1084 13912 -2853 54 -1194 END
START 11876 -1540 13664 -3077 -316 -2355 END
START 11148 -2044 12992 -3343 -671 -3291 END
START 10556 -2304 12244 -4025 -559 -3838 END
START 9848 -2852 11320 -5185 -430 -4188 END
START 9452 -2856 11060 -6029 -774 -4506 END
START 9468 -2648 11260 -6404 -1001 -5651 END
START 9680 -2600 11552 -6446 -1230 -7610 END
START 9348 -2696 11992 -6071 -1765 -9594 END
START 8860 -3060 11680 -6116 -2782 -10510 END
START 8528 -3548 11272 -7153 -3472 -10461 END
START 8344 -3580 11384 -8595 -3197 -9786 END
START 8496 -3356 12024 -9877 -1896 -9372 END
START 8704 -3284 12700 -10760 715 -9647 END
START 8132 -3224 12728 -11316 2805 -10294 END
START 7120 -3508 12716 -11685 3221 -10931 END
START 6576 -3284 12424 -11941 3012 -11186 END
START 6012 -3104 12224 -12502 2787 -11458 END
START 5472 -2948 12240 -13200 2304 -11712 END
START 5404 -2560 12980 -13627 1595 -12319 END
START 5228 -2608 13776 -13812 1217 -13162 END
START 5092 -2372 14472 -13960 1406 -13768 END
START 4460 -2168 15212 -14241 2427 -13859 END
START 3352 -2168 15896 -14685 3990 -13679 END
START 2664 -1844 16512 -15006 5922 -13308 END
START 1328 -2288 17332 -15276 7743 -12718 END
START -60 -2472 18752 -15232 8381 -11734 END
START -988 -2132 20568 -15139 7782 -10849 END