START 2380 4104 3088 2563 -2843 4171 END
START 7752 2680 -5164 2097 -3303 4458 END
START 2380 4152 2204 502 -3026 4316 END
START 3388 3404 1272 -2672 -2791 3819 END
START 1696 3748 2772 -5922 -1359 3662 END
START 1084 3244 2796 -8226 -296 4365 END
START 672 2684 2988 -9715 352 5822 END
START 544 2164 3028 -10701 237 7271 END
START 1056 2056 3228 -11293 61 8187 END
START 1016 2100 3744 -11582 67 8572 END
START 1104 2448 4308 -11601 -622 8830 END
START 1468 2392 4520 -11673 -1700 9067 END
START 1852 2476 5080 -12121 -2819 9505 END
START 2156 2132 5428 -13246 -3380 9991 END
START 2368 2396 6132 -14999 -2616 10162 END
START 2512 2476 6664 -16354 -1900 10264 END
START 2408 2184 7380 -17166 -1758 10527 END
START 2464 2552 8036 -17878 -3058 10964 END
START 3468 1872 8696 -18408 -4754 11290 END
START 4736 1488 9632 -19358 -5082 11150 END
START 5248 1888 10880 -20648 -3671 10358 END
START 4788 1992 11808 -21455 -1690 9587 END
START 4124 1568 12192 -21984 -826 9262 END
START 4208 1032 12672 -22637 -2166 9333 END
START 5316 240 13716 -23311 -4155 9034 END
START 6416 -720 15312 -23514 -4480 8282 END
START 6972 -1104 16972 -23447 -3618 7836 END
START 6860 -872 18412 -23334 -1730 7437 END
START 6420 -1036 19244 -23210 14 6978 END
START 6012 -1580 19144 -22707 855 6445 END
START 5968 -2472 19728 -22359 -72 5907 END
START 6524 -3548 20756 -22028 -1249 5702 END
START 7216 -4188 22404 -21983 -1504 5990 END
START 7012 -4164 23556 -21593 -84 6239 END
START 6184 -3960 24288 -20885 2098 5832 END
START 5336 -4136 24532 -19772 3647 5345 END
START 4360 -4636 24664 -18716 3622 5392 END
START 4512 -5248 24928 -17825 2477 5725 END
START 4960 -5372 26092 -16754 1119 6045 END
START 5584 -5272 27276 -15514 532 5798 END
START 6168 -5100 28304 -14321 797 5137 END
START 6224 -4672 28484 -12906 1648 4048 END
START 5968 -4668 28520 -11363 2042 2864 END
START 5340 -4944 28932 -9707 951 2474 END
START 5536 -4872 29048 -7840 -131 2697 END
START 6336 -4868 29512 -6147 -704 2779 END
START 6904 -4328 29868 -4419 -582 2007 END
START 7520 -4460 30148 -2385 -391 582 END
START 7712 -4392 30704 -157 -299 -892 END
START 7816 -4716 30508 2355 -314 -2092 END
START 7620 -4924 30072 4883 -239 -2797 END
START 7588 -5252 29496 6824 647 -3144 END
START 7340 -5556 29320 8494 1597 -3240 END
START 7344 -5604 28692 10457 2308 -3433 END
START 7336 -5572 28028 12530 3117 -4267 END
START 7020 -5636 26960 14486 3592 -5481 END
START 6384 -5564 25968 16249 3100 -6414 END
START 5792 -5304 25048 17923 2315 -6955 END
START 5356 -5132 23820 19281 1838 -7191 END
START 4952 -4912 22676 20240 1731 -7228 END
START 4596 -5148 21376 20925 1812 -7228 END
START 3912 -4688 19948 21460 2148 -6927 END
START 3396 -4396 18588 21652 2479 -6441 END
START 2948 -3800 17036 21405 2896 -6181 END
START 2228 -3400 15200 21057 2696 -5955 END
START 1540 -3180 13252 20540 1739 -5551 END
START 756 -2788 11228 19440 635 -5107 END
START -36 -2344 9556 17904 -658 -4533 END
START -500 -2000 8584 16029 -1554 -3540 END
START -744 -1356 7912 13761 -1478 -1770 END
START -644 -968 7676 11054 -868 466 END
START -300 -528 7572 8544 -5 2241 END
START -48 -172 7856 6903 395 3287 END
START 396 -8 7908 5850 295 3703 END
START 752 -56 7876 4721 -456 3915 END
START 1064 -124 8020 3324 -2100 4121 END
START 1700 -204 8680 1982 -3574 4818 END
START 2372 -140 9376 826 -3926 5698 END
START 3216 284 10316 -286 -3355 6785 END
START 4292 196 10880 -1653 -2299 7733 END
START 5332 544 11944 -2872 -1133 8279 END
START 6516 528 12748 -3581 259 8232 END
START 6952 608 12844 -3773 1495 7471 END
START 6904 1264 12568 -3957 1540 6535 END
START 7160 1652 12888 -4240 -498 5752 END
START 8160 1840 14104 -4676 -3742 5015 END
START 10400 2712 16224 -4757 -5291 3788 END
START 12956 3216 18428 -4374 -4519 1560 END
START 13860 3196 19872 -3534 -3637 -1049 END
START 14564 3196 20640 -2447 -4021 -2721 END
START 15032 3040 21188 -1776 -4526 -3901 END
START 15388 2884 21768 -1445 -4598 -4920 END
START 15652 2440 22076 -1010 -4101 -6076 END
START 16024 2256 23468 82 -3139 -8054 END
START 16348 2296 23788 1961 -1613 -11202 END
START 15380 1916 23968 4406 -1098 -14753 END
START 14388 1572 23048 6850 -2107 -17092 END
START 13716 1460 22244 8778 -3317 -18383 END
START 13412 1640 21748 9433 -2538 -19517 END
START 12628 1504 21116 9241 -333 -20603 END
START 11332 1316 20336 9219 2192 -21975 END
START 9944 1316 19564 10035 3543 -23343 END
START 8456 1204 18348 11488 3513 -24640 END
START 7004 1180 17140 12888 2247 -25745 END
START 5320 1164 15284 13842 346 -26719 END
START 3532 1348 13824 14295 -1101 -27365 END
START 1340 1412 12472 13693 -752 -27257 END
START -728 1708 11036 12465 906 -26430 END
START -2904 1808 9604 11031 2420 -25307 END
START -4956 1348 7996 9471 2324 -23776 END
START -6516 468 7180 7459 905 -21807 END
START -8052 204 7376 5408 -411 -19357 END
START -9496 -220 7828 3623 -1534 -16180 END
START -10768 -236 8500 2350 -2762 -11998 END
START -10792 -280 8868 2179 -3674 -7714 END
START -10220 68 9248 1898 -3741 -4358 END
START -9576 128 9072 1372 -3547 -1446 END
START -8916 -88 9360 573 -3317 1506 END
START -8240 100 9680 -775 -2698 4167 END
START -7620 160 10440 -2290 -2075 6941 END
START -6792 232 11224 -3595 -1215 9797 END
START -6052 360 12108 -4589 -356 12449 END
START -5100 828 12556 -4897 218 14456 END
START -4488 1088 12788 -4784 649 15638 END
START -4296 876 12876 -4648 902 16456 END
START -4548 848 13248 -4835 829 17469 END
START -4420 792 13640 -5188 384 19220 END
START -3936 564 14300 -5463 231 21214 END
START -3164 344 14592 -5639 200 23169 END
START -2000 252 15452 -5774 110 24904 END
START -488 276 16180 -5909 371 26525 END
START 936 576 16924 -5878 1091 27716 END
START 2036 1232 17244 -5465 1444 28324 END
START 3420 1664 17120 -4601 1050 28428 END
START 5536 2084 17752 -4003 -169 28119 END
START 8552 2716 18684 -3726 -1096 27235 END
START 11220 3488 19944 -3079 -779 25751 END
START 13672 4276 20516 -2166 797 23234 END
START 14584 4576 20160 -1371 3111 19977 END
START 14664 4388 19568 -1026 5256 17115 END
START 14664 3564 19768 -1401 5726 15475 END
START 15696 4140 20624 -1310 5986 13542 END
START 16236 4300 20776 -577 3940 11441 END
START 16580 4776 20216 625 966 9919 END
START 17020 5148 19356 1567 -852 8246 END
START 17232 4732 17592 1916 -1355 6225 END
START 17160 4124 16408 1367 -1059 4589 END
START 17344 3888 15872 170 303 3333 END
START 17000 3148 15012 -1226 1744 2659 END
START 16428 2532 14192 -2498 2500 2084 END
START 16044 1660 13080 -3556 2338 946 END
START 15404 668 12192 -4239 1933 -706 END
START 14744 -32 11708 -4355 1582 -2359 END
START 14280 -1116 10924 -4244 1521 -4238 END
START 13872 -1816 10432 -4856 1886 -6333 END
START 13036 -2392 10124 -5844 2269 -7717 END
START 12232 -3412 9216 -7188 2148 -8480 END
START 11608 -3712 8804 -8655 1656 -8902 END
START 10936 -4204 8480 -10131 1255 -9317 END
START 10556 -4480 8952 -11083 2282 -10199 END
START 10108 -4772 8872 -11463 3337 -11659 END
START 9348 -5072 8832 -12180 3162 -13274 END
START 8700 -5316 9424 -12891 3737 -14286 END
START 7948 -5432 9964 -13656 4884 -14606 END
START 7076 -5428 10600 -14405 6062 -14587 END
START 6312 -4644 11720 -14800 7374 -14467 END
START 5120 -3472 12680 -14743 8459 -14237 END
START 4068 -1912 13528 -14519 9540 -14083 END