START 4756 3028 3324 -8707 -3254 3911 END
START 4816 3012 3148 -9425 -2973 4046 END
START 4172 3216 4116 -10937 -2552 4724 END
START 4400 2840 4368 -13071 -1435 6456 END
START 4468 2764 5192 -14444 -804 8671 END
START 4592 2980 5900 -14889 -892 10512 END
START 5468 3028 6352 -14797 -668 11174 END
START 5652 3048 7432 -14770 -58 10578 END
START 5780 2984 8092 -14903 92 9558 END
START 5592 2772 8872 -15340 -10 9334 END
START 5384 2400 9388 -16115 -76 9353 END
START 5080 2116 9864 -17062 -294 9251 END
START 4924 1612 10016 -17843 68 8721 END
START 4536 1140 10284 -18390 957 8097 END
START 3984 908 10832 -19024 1415 7812 END
START 3696 484 11268 -19692 165 8122 END
START 3984 604 11868 -20190 -1078 8252 END
START 4296 536 12564 -20582 -1101 8042 END
START 3932 -28 13180 -21240 -545 7736 END
START 3464 -536 13676 -21977 -708 8148 END
START 3552 -992 14296 -22573 -906 8844 END
START 3608 -1564 15536 -23225 -1001 9218 END
START 3744 -1800 17096 -23933 -1376 9516 END
START 3936 -2008 18340 -23840 -1310 9441 END
START 3676 -2124 18996 -23110 -1013 8941 END
START 3072 -1936 18668 -21929 -614 8616 END
START 3240 -2468 18100 -21544 -46 8194 END
START 3208 -3388 19152 -22374 -1106 8164 END
START 3800 -3896 20840 -22774 -3111 8767 END
START 4788 -4344 22816 -22859 -4159 9522 END
START 5860 -4216 24040 -21766 -3696 9912 END
START 6656 -3808 24392 -19510 -1849 9128 END
START 7004 -3476 24176 -16991 31 6861 END
START 6820 -4184 24296 -16029 -573 5258 END
START 6928 -4960 25048 -15679 -2699 5007 END
START 7592 -5532 25984 -14872 -4193 5718 END
START 8144 -5252 26624 -14041 -4016 6301 END
START 9008 -5156 27448 -12904 -2116 6088 END
START 9524 -5316 28316 -11283 447 4743 END
START 9304 -5436 29084 -9432 1721 3100 END
START 8960 -6028 29076 -7041 1681 1936 END
START 8636 -6440 29236 -4544 741 1513 END
START 8412 -6488 28900 -2389 -179 1369 END
START 8656 -6476 28868 -514 -1482 665 END
START 8912 -6312 28964 1594 -2243 -713 END
START 9224 -6064 28968 3887 -2361 -2418 END
START 8956 -6048 28396 6307 -1403 -3997 END
START 8320 -6008 27136 8322 -271 -4720 END
START 7736 -6200 25816 9815 693 -4856 END
START 7072 -6080 25000 11037 1152 -4709 END
START 7072 -5912 24240 12254 1458 -4745 END
START 7196 -5820 23988 13356 1413 -4945 END
START 7512 -5616 24268 14136 975 -4957 END
START 8116 -5372 24248 14597 1885 -4784 END
START 8388 -5060 24080 14560 4410 -4425 END
START 7596 -4728 22656 14837 7773 -4544 END
START 6000 -4384 21108 15318 10138 -4662 END
START 4876 -4452 19908 15978 9426 -4459 END
START 4720 -4380 18960 16912 6830 -4223 END
START 4316 -4348 17936 17749 4182 -4537 END
START 4188 -3716 16612 18263 2708 -5434 END
START 3444 -3748 15428 18427 2669 -6079 END
START 2700 -3540 14132 17893 3203 -5972 END
START 1824 -3236 12916 16763 4174 -5299 END
START 1104 -3212 11780 15247 5106 -4321 END
START 504 -3152 10924 13615 5667 -3230 END
START 140 -3204 10088 12373 5480 -2224 END
START -296 -2968 9512 11148 4409 -1565 END
START -540 -2820 9180 10342 3125 -1027 END
START -524 -2616 9164 9491 2071 -353 END
START -104 -2476 9224 8449 1528 389 END
START 396 -2360 9176 7443 1420 1014 END
START 812 -2156 9484 6398 924 1613 END
START 1564 -1884 9936 5493 20 2107 END
START 2620 -1524 10452 4486 -962 2363 END
START 3584 -1452 11296 3384 -2211 2381 END
START 5284 -1044 12692 2434 -3076 2158 END
START 7088 -708 14236 1792 -4117 1829 END
START 9412 -540 16948 1425 -5393 1469 END
START 11912 64 19592 1585 -6162 702 END
START 14136 360 21788 2193 -6077 -808 END
START 15748 888 22992 3104 -5566 -3195 END
START 16952 1496 24380 3871 -5473 -6211 END
START 18108 1944 25704 4775 -5373 -9744 END
START 18264 2404 26632 6362 -4394 -13710 END
START 17684 2072 26900 8728 -3334 -17011 END
START 16508 2396 26328 11815 -2461 -19664 END
START 15200 2480 24696 14438 -1400 -22129 END
START 13524 2676 22720 16072 347 -24175 END
START 11724 2660 20988 17374 2135 -25737 END
START 9448 2836 19128 18523 3129 -26926 END
START 7396 2796 17084 19322 2281 -27691 END
START 5876 3128 15476 19496 1140 -28292 END
START 4340 3012 14272 19191 32 -28689 END
START 2608 3228 13388 19164 -1388 -28773 END
START 1192 3064 12000 18952 -2201 -28273 END
START -368 3224 10516 17573 -1471 -27115 END
START -2244 3140 9160 15449 -588 -25462 END
START -3980 3156 8164 13659 -448 -23437 END
START -5460 2924 7496 12286 -1569 -21125 END
START -6648 2708 6772 11217 -3395 -18442 END
START -7664 2676 6516 9879 -4798 -15582 END
START -8280 2680 6248 7978 -4763 -12988 END
START -8972 2420 6468 5973 -4201 -10296 END
START -9460 2324 6092 3939 -3283 -7126 END
START -9724 2116 6344 1512 -2194 -3625 END
START -9616 2132 6496 -1247 -168 -179 END
START -9712 2000 7072 -3658 2004 2625 END
START -9656 2128 7456 -5119 3671 4911 END
START -9772 1920 7624 -6070 3523 7054 END
START -9512 1900 7672 -6828 2390 8951 END
START -9644 2252 8244 -7599 1422 10753 END
START -9292 2316 8980 -8110 647 12716 END
START -8988 2504 9764 -8258 12 14822 END
START -8164 2536 10576 -8505 393 16885 END
START -7244 2748 11008 -8959 1527 18816 END
START -6468 2620 11668 -9510 2397 20701 END
START -5768 2236 12044 -9870 2423 22608 END
START -5156 2312 12360 -10091 1864 24541 END
START -4364 2176 12828 -10320 1322 26499 END
START -3168 2316 13432 -10372 471 28233 END
START -1208 2484 14304 -10436 -551 29563 END
START 816 3056 14976 -10384 -600 29835 END
START 2348 3380 15580 -9767 -721 28995 END
START 3912 3640 15644 -8719 -1587 27274 END
START 5124 3264 16200 -7538 -4490 25580 END
START 6744 2840 17064 -5970 -9333 24752 END
START 9924 2892 18584 -4080 -13100 24282 END
START 13648 4660 19564 -2515 -11635 22766 END
START 16872 6100 19144 -2560 -4740 19563 END
START 17380 6460 18388 -4095 1236 16686 END
START 17432 5928 17684 -5389 3176 15079 END
START 17760 5440 17580 -5677 1740 14019 END
START 18572 5280 17884 -5006 165 12367 END
START 19304 4720 17280 -4840 367 10262 END
START 19444 4300 16556 -5091 2057 7701 END
START 18988 3396 15880 -5430 3713 5029 END
START 18136 2296 14976 -5558 4183 2524 END
START 17400 1056 14356 -5890 3636 489 END
START 16700 -392 13580 -6268 3145 -1066 END
START 16344 -1840 12760 -6705 2667 -2597 END
START 16204 -3388 12228 -7472 2116 -4217 END
START 16020 -4172 12136 -7989 2530 -5924 END
START 15700 -4956 12248 -8385 3995 -7411 END
START 14760 -5392 11648 -8667 4944 -8650 END
START 13900 -5752 10836 -9303 5371 -9968 END
START 12620 -6548 10348 -10201 5231 -10988 END
START 11348 -6704 10388 -11074 4709 -11255 END
START 10760 -6576 10408 -11821 4719 -11405 END
START 10364 -6452 10716 -12820 5309 -12028 END
START 9300 -6132 11404 -13780 6192 -13283 END
START 7996 -5800 12024 -14369 6940 -14386 END
START 6656 -5540 12652 -14758 7442 -15152 END
START 4992 -4984 13432 -15217 7133 -15298 END
START 3848 -4432 14296 -16040 6633 -15278 END
START 2388 -4564 15832 -17686 6563 -15416 END
START 468 -4624 17768 -19249 7247 -15213 END
START -1764 -4876 19976 -20094 8204 -14346 END
START -4576 -5352 22640 -19564 7192 -13397 END