START 3636 5080 9900 1910 -2828 -291 END
START -6024 8176 23624 1642 -4676 149 END
START 620 5772 8796 789 -3484 66 END
START 3564 4856 4864 -335 -3734 806 END
START 2728 4552 5020 -1953 -3738 1381 END
START 2640 4208 4632 -3669 -3435 1799 END
START 2328 3724 4848 -4974 -2576 2208 END
START 2436 2976 4296 -5524 -1450 2418 END
START 2548 2248 3320 -5774 -439 2050 END
START 2480 1936 2584 -6209 -528 1502 END
START 2328 2064 2248 -6952 -1343 1463 END
START 2304 2212 2380 -7973 -2168 1892 END
START 2184 2364 3012 -9182 -3196 2617 END
START 2536 2464 3868 -10658 -3102 2857 END
START 2656 2272 4624 -12095 -2033 2951 END
START 2680 1952 5208 -13579 -968 2991 END
START 2640 1124 6112 -14854 -527 2877 END
START 2172 1180 7584 -15951 -1337 3122 END
START 2328 864 9092 -16661 -2552 3671 END
START 2588 976 10112 -17276 -2883 4130 END
START 2544 944 11184 -18085 -1982 4044 END
START 2156 508 12004 -18676 -1292 3877 END
START 1936 -180 13216 -19313 -1562 3907 END
START 2184 -724 14740 -19827 -2077 4240 END
START 2368 -1128 15992 -20408 -2138 4619 END
START 2488 -1552 17304 -20649 -1601 4843 END
START 2280 -1808 18152 -21017 -1176 4961 END
START 2248 -2456 19176 -21149 -996 4994 END
START 2452 -3396 20464 -21322 -2236 5352 END
START 3380 -3848 22412 -21340 -3649 5897 END
START 4080 -4100 23704 -20760 -3681 5866 END
START 4384 -4452 23920 -19502 -2622 5319 END
START 3900 -4908 23712 -18769 -1322 4712 END
START 3092 -4956 23860 -18468 -662 4420 END
START 3080 -5228 24664 -17770 -773 4658 END
START 3600 -5416 24824 -16881 -1340 5063 END
START 4144 -5356 24436 -15823 -1439 4904 END
START 4356 -5132 23920 -15036 -828 4025 END
START 4428 -5332 24416 -14570 -661 3209 END
START 4496 -5320 25296 -13707 -552 2908 END
START 4640 -5208 25760 -12352 -192 2921 END
START 4684 -5244 25248 -11388 111 3043 END
START 4452 -5312 24932 -10435 -12 3052 END
START 4448 -5396 25420 -9713 -125 2895 END
START 4620 -5488 26392 -8759 -160 2776 END
START 4832 -5520 27216 -7364 -6 2810 END
START 4964 -5632 27688 -5802 174 2797 END
START 5052 -5436 27928 -4302 127 2645 END
START 5336 -5152 28356 -3026 575 2175 END
START 5388 -5116 29000 -1652 1388 1508 END
START 5232 -5212 29660 241 1901 900 END
START 4992 -5440 29912 2242 2120 125 END
START 4456 -5476 29652 4444 1757 -594 END
START 4268 -5744 29708 6509 1125 -1120 END
START 4176 -5880 29448 8687 692 -1407 END
START 4056 -5856 28944 10842 360 -1738 END
START 4240 -5840 28828 12868 131 -2129 END
START 4212 -5680 28516 14766 472 -2433 END
START 4124 -5504 27808 16583 1346 -2579 END
START 3780 -5556 26264 18340 2028 -2568 END
START 3228 -5344 24844 19793 2153 -2625 END
START 2900 -4960 23072 20870 1873 -2880 END
START 2644 -4684 21532 21571 1173 -3328 END
START 2440 -4384 19836 22059 476 -3984 END
START 1860 -4072 17948 22208 -115 -4339 END
START 1312 -4156 16332 22007 -495 -4167 END
START 784 -3780 14140 21211 -810 -3438 END
START 404 -3236 12236 19935 -910 -2554 END
START 80 -2724 10856 18286 -1012 -1500 END
START 208 -2468 9336 16380 -1219 -211 END
START 464 -2136 8428 14255 -866 765 END
START 620 -1748 7808 11873 -215 1516 END
START 656 -1676 7484 9669 402 2488 END
START 748 -1560 7492 7989 416 3531 END
START 1144 -1208 7420 6405 404 4572 END
START 1612 -872 7508 4663 322 5448 END
START 2448 -884 7964 2772 -434 6157 END
START 3676 -484 9112 1305 -1433 6426 END
START 5296 -248 10728 399 -2478 6293 END
START 7144 -144 12140 -354 -3869 5558 END
START 9080 108 14248 -851 -4975 4252 END
START 10480 -20 16236 -818 -5670 2906 END
START 12112 12 18584 -193 -6270 1558 END
START 14048 552 20660 1026 -6648 -168 END
START 15628 1176 22352 2877 -6632 -2125 END
START 17084 1752 23440 4883 -5479 -4685 END
START 17644 1940 23380 6555 -4279 -7729 END
START 17660 2220 23612 7740 -3626 -10717 END
START 17572 2036 23464 9011 -3216 -13605 END
START 16988 2108 23368 10078 -2474 -16143 END
START 16092 2260 22828 10930 -738 -18870 END
START 14700 2348 22024 11379 811 -21584 END
START 12616 2248 20936 12326 1480 -23732 END
START 10296 2084 19804 13795 250 -25206 END
START 8896 1892 18944 14979 -840 -26309 END
START 7516 1620 17616 15530 -642 -27111 END
START 5544 1388 16512 15607 -436 -27338 END
START 3440 1272 15600 15868 -1082 -27132 END
START 1952 1404 14568 16550 -2447 -26708 END
START 868 1836 13704 17073 -3353 -26510 END
START 176 1632 13020 17205 -3332 -26411 END
START -820 1936 12324 16483 -2547 -26121 END
START -2120 1440 11652 15563 -2153 -25584 END
START -3468 1220 10808 14588 -2434 -24545 END
START -5408 1668 10052 13494 -2941 -22972 END
START -6420 1724 9704 12394 -3530 -21023 END
START -6940 1924 9660 11578 -4671 -18718 END
START -7272 2080 9948 11092 -5298 -16390 END
START -7412 2468 9672 10835 -5274 -14228 END
START -7884 2596 9172 9791 -4188 -12158 END
START -8548 2680 8368 7886 -3090 -10011 END
START -9444 2800 7636 5436 -2394 -7192 END
START -9896 2880 7680 3118 -1937 -3854 END
START -9780 2892 8024 1102 -1087 -65 END
START -9088 2896 8132 -643 962 3168 END
START -8916 2684 8576 -2472 2908 5798 END
START -8524 2952 8708 -3925 5059 7846 END
START -8964 2868 9064 -5246 6227 9656 END
START -9076 3056 9072 -6096 6402 11711 END
START -9316 3036 9284 -7071 5813 14277 END
START -9136 3272 9604 -8271 5989 17032 END
START -8604 2928 9552 -9800 7609 19675 END
START -8268 2616 9648 -11293 9567 21959 END
START -7740 2128 10056 -12725 10063 24415 END
START -6840 2108 10628 -13582 9604 26646 END
START -5652 2028 11188 -14062 8641 28299 END
START -4552 2068 11536 -14333 7111 29202 END
START -3824 2456 11300 -14014 5285 29446 END
START -2588 2668 11680 -13826 2873 29688 END
START -536 2828 13008 -13670 151 30249 END
START 1780 3224 14296 -13475 -1265 30482 END
START 4720 3672 15664 -12966 -861 29772 END
START 6416 3784 16540 -12586 282 28148 END
START 8336 3752 17688 -12530 422 26724 END
START 10628 3480 19460 -12283 -275 25349 END
START 12700 3400 20952 -11427 -426 23686 END
START 14224 3228 21608 -10028 34 21854 END
START 15264 3304 21824 -9057 349 20008 END
START 16744 2988 22312 -8580 204 18033 END
START 18228 2848 23260 -7740 68 15610 END
START 19080 2916 23120 -6197 251 12666 END
START 19272 2644 22428 -4554 708 9420 END
START 18824 2224 20476 -3629 876 6447 END
START 18012 1508 18968 -3344 1106 3966 END
START 17276 432 17472 -3687 1401 1936 END
START 16656 -280 16472 -4315 1489 388 END
START 16232 -820 15568 -4978 1550 -906 END
START 15760 -1636 14292 -5888 1762 -2270 END
START 14964 -2372 13244 -7028 2264 -3893 END
START 14056 -3284 11840 -8036 2375 -5392 END
START 13032 -4316 10960 -9448 1242 -6446 END
START 12336 -4776 9608 -12016 -1317 -7069 END
START 12520 -5200 9784 -16848 -3296 -8150 END
START 12372 -5652 10752 -20191 -2531 -8869 END
START 11420 -5728 12220 -22188 -2637 -9159 END
START 10928 -6704 11616 -23069 -6120 -9222 END
START 10600 -6596 11532 -24744 -10385 -9907 END
START 9448 -6928 12476 -25603 -12329 -9795 END
START 8052 -7256 13276 -25749 -12815 -8235 END
START 8132 -6608 14304 -26630 -8002 -7676 END
START 6220 -7292 14556 -28029 -3990 -7391 END
START 4088 -7880 16052 -28053 -3419 -6356 END
START 3064 -8200 17140 -27874 -4466 -5320 END
START 1792 -8256 19528 -27737 -4172 -4796 END
START 480 -9208 22460 -25849 -2967 -4148 END
START -224 -10168 24988 -22947 -1847 -3612 END