START 856 644 -308 6470 -7812 -3469 END
START -3684 2628 9636 5362 -9500 -2896 END
START 3032 1020 -7208 2195 -11191 -1612 END
START 40 2408 -1980 -4413 -10795 1187 END
START -56 2924 92 -10907 -6017 2338 END
START 1084 2916 304 -15614 968 2820 END
START 516 2244 968 -17661 5712 4224 END
START 232 1880 940 -17274 5883 6855 END
START 980 1860 548 -15888 2612 9668 END
START 2244 2148 436 -15972 -1430 10654 END
START 3884 2912 892 -17418 -3294 9489 END
START 4532 2592 2316 -18654 -2823 8012 END
START 4252 2348 3740 -19773 -2109 7865 END
START 3496 2168 5704 -20600 -1315 8689 END
START 3732 2056 6716 -21332 -817 9582 END
START 3764 2020 6696 -22234 -383 10135 END
START 3656 2004 7116 -23119 -919 10268 END
START 4176 1292 7832 -24370 -2886 10086 END
START 5876 692 9748 -26229 -5205 9622 END
START 7020 124 12212 -27215 -4962 8811 END
START 7380 -336 13952 -27119 -2618 7778 END
START 5868 -444 14524 -26660 -289 7045 END
START 4456 -780 14444 -26938 655 6741 END
START 4000 -1876 14712 -27866 -1324 6854 END
START 5556 -3352 17224 -28930 -4776 7545 END
START 7332 -4312 20180 -28543 -6509 8451 END
START 9228 -4380 21940 -26912 -4133 8005 END
START 8756 -4312 21984 -25461 233 5936 END
START 6228 -4476 20652 -24592 1616 3811 END
START 3792 -4380 19524 -24451 -1036 2446 END
START 4132 -4824 20408 -25003 -6801 2522 END
START 6584 -4552 23032 -25062 -10997 2691 END
START 8892 -4592 25668 -23547 -10231 1798 END
START 9100 -5468 26644 -22376 -5544 947 END
START 7816 -6508 27688 -22196 344 1203 END
START 6264 -8408 28808 -21693 3032 2868 END
START 5728 -9696 30524 -20168 3046 5390 END
START 6508 -10416 32344 -18034 1443 7098 END
START 8204 -10636 32767 -14968 485 6561 END
START 9308 -10936 32767 -10151 -184 4192 END
START 9740 -11144 32767 -4305 -904 1209 END
START 10012 -11264 32767 814 -639 -1311 END
START 9824 -11096 32767 5213 445 -2835 END
START 9212 -10828 32767 9516 2351 -3034 END
START 8912 -10468 32767 13546 4717 -2525 END
START 9280 -9636 32767 17037 7416 -2190 END
START 8964 -8816 31944 19787 9826 -2764 END
START 8412 -7952 29684 22027 10757 -4020 END
START 7856 -7632 26520 23527 9024 -5667 END
START 7156 -7024 23988 23529 5895 -7899 END
START 6076 -6428 22692 24361 3865 -9805 END
START 4808 -6104 21096 26080 3339 -10869 END
START 3460 -5944 18676 27289 3934 -10926 END
START 2356 -5320 16200 27499 5115 -10286 END
START 1308 -5076 13188 26704 6115 -9018 END
START 248 -5000 9896 24364 5400 -7797 END
START -388 -4828 7204 20985 2883 -6770 END
START -1708 -3956 5844 17362 -1200 -5744 END
START -2736 -3164 5676 14820 -3285 -3671 END
START -3032 -2716 4988 13146 -3917 -427 END
START -2312 -2444 4188 10159 -3490 2428 END
START -1024 -1160 3880 6900 -576 4771 END
START -472 -932 3464 3518 1035 6309 END
START 220 -464 3752 838 503 7107 END
START 1372 -64 5016 -388 -777 7409 END
START 2376 136 5860 -700 -2978 7349 END
START 4016 176 7080 -1092 -5633 7045 END
START 6180 524 8176 -1400 -7066 6544 END
START 8756 432 9704 -2240 -7602 6113 END
START 11092 496 11680 -3014 -7129 5572 END
START 13448 776 14676 -3541 -5830 4877 END
START 16260 704 16940 -3706 -3718 3647 END
START 18076 664 18924 -3699 -1722 2186 END
START 19608 784 21436 -2970 -159 210 END
START 20420 824 23168 -1085 1387 -2350 END
START 20596 928 24208 1154 1334 -5323 END
START 20936 1012 25336 3280 912 -8295 END
START 21252 920 26188 5118 519 -11490 END
START 20756 928 26968 7143 632 -14824 END
START 19852 1044 27208 9716 1393 -18282 END
START 17736 1172 26448 12150 1713 -21306 END
START 15648 1112 24716 13789 2363 -23706 END
START 13032 956 23324 14754 3543 -25874 END
START 10688 988 22476 15781 4374 -27174 END
START 8372 712 21192 17357 4948 -27634 END
START 6420 664 18760 18018 5304 -27996 END
START 4352 684 16580 17074 5066 -28590 END
START 1828 552 15084 16323 4672 -29016 END
START -1056 -96 13364 16611 3526 -28854 END
START -3504 -36 12032 16836 1075 -27989 END
START -5096 264 10708 16962 -1832 -26666 END
START -5876 536 9768 16800 -3494 -25239 END
START -6876 472 8848 16014 -4679 -23739 END
START -7744 384 7696 13915 -5654 -21502 END
START -8720 448 6988 10568 -4775 -18206 END
START -9780 292 6868 7022 -2947 -13644 END
START -10168 224 6884 3841 -1083 -8542 END
START -9824 412 7032 1482 737 -4307 END
START -9268 556 6932 -189 2278 -1548 END
START -9008 652 7208 -1212 2706 114 END
START -9140 648 7296 -1404 2437 1305 END
START -9476 776 7020 -1166 764 2673 END
START -9532 916 7420 -1103 -1386 4221 END
START -9324 1124 7432 -1637 -2591 6249 END
START -8284 912 6888 -2766 -2352 8808 END
START -8664 1572 8552 -4168 -1155 11243 END
START -8228 2084 8964 -5343 94 13501 END
START -7784 2452 9348 -5927 138 15269 END
START -6988 2788 9872 -5781 -541 16683 END
START -6352 2884 10332 -5081 -1263 17538 END
START -5504 2828 10668 -4028 -1995 17875 END
START -4348 2316 11404 -3731 -1907 18356 END
START -3160 2316 12916 -3856 -508 19199 END
START -2204 2004 13736 -4268 624 20406 END
START -1088 2120 13856 -5167 730 21902 END
START 404 2676 14784 -6695 1038 23377 END
START 2336 3196 16624 -8077 1703 24810 END
START 5204 3948 18808 -8819 3265 25886 END
START 8140 4372 20408 -8881 4921 26022 END
START 10896 4776 21864 -8608 6641 25047 END
START 12616 4964 22676 -8182 7717 23039 END
START 13408 5144 22648 -7405 6752 20914 END
START 14448 5216 22836 -5917 4579 18759 END
START 15760 5088 22544 -4456 2475 16510 END
START 16732 4924 22044 -3295 1634 14253 END
START 17472 4732 20944 -2758 2119 11894 END
START 17868 4568 19968 -2765 2896 9511 END
START 17824 3816 18844 -2944 2831 7158 END
START 17832 3472 18216 -2949 2307 5063 END
START 17820 2780 17188 -3140 2069 3313 END
START 17612 1856 16272 -3706 1981 1761 END
START 17424 1196 15504 -4353 2144 87 END
START 17288 576 14988 -4732 2785 -1901 END
START 16748 -440 14312 -4968 3246 -4024 END
START 16064 -936 13808 -5259 3160 -6095 END
START 15452 -2000 13224 -5579 2504 -7828 END
START 14776 -2388 12892 -6217 1945 -9180 END
START 14276 -3020 12696 -6847 2348 -10252 END
START 13704 -3328 12480 -7787 3724 -11271 END
START 12784 -3376 12332 -8600 5721 -12480 END
START 11648 -3484 11964 -9305 7209 -14060 END
START 9936 -3472 11912 -9950 8129 -15651 END
START 7988 -3120 11920 -10339 8603 -16945 END
START 5936 -2700 12172 -10577 8633 -17867 END
START 3692 -2148 12960 -10933 8313 -18714 END
START 1060 -2040 14592 -11447 8502 -19327 END
START -1568 -2740 16644 -11738 10074 -19249 END
START -5048 -3772 19232 -11215 12656 -18359 END
START -8500 -4600 21208 -9706 14876 -16767 END