START 3740 40 11288 -24242 -8731 2353 END
START 3772 -284 11404 -24591 -8262 1803 END
START 4332 -1248 11640 -25525 -6673 1227 END
START 2684 -2008 13232 -27294 -4582 1984 END
START 2388 -2744 14004 -28611 -3268 3561 END
START 1752 -3176 14780 -30131 -2774 4513 END
START 1844 -3676 15620 -30425 -3397 3976 END
START 1700 -4284 17152 -29765 -5288 2388 END
START 2188 -5796 18956 -28441 -7206 479 END
START 2636 -6728 20588 -27405 -7877 -349 END
START 2056 -7372 22156 -26640 -7755 -16 END
START 1612 -7292 22888 -25974 -6388 1081 END
START 1496 -7712 23584 -25569 -4821 2161 END
START 1932 -8000 24732 -25141 -3710 2441 END
START 2192 -8348 26236 -24132 -3013 1860 END
START 2192 -8600 28160 -22255 -2724 1246 END
START 2112 -8568 28980 -19524 -3229 996 END
START 2448 -8196 29636 -16973 -3758 1230 END
START 2864 -7696 29836 -14787 -2373 1808 END
START 2972 -7608 30292 -13619 492 2324 END
START 3296 -7660 30796 -12711 2076 2931 END
START 3624 -7424 31716 -10891 2247 3386 END
START 4044 -7216 31676 -8446 1274 3407 END
START 4096 -6792 31716 -6232 -14 3020 END
START 4536 -6524 31984 -4142 -930 2423 END
START 4972 -6268 32140 -1890 -1758 1926 END
START 5608 -6168 32520 651 -2351 1359 END
START 6480 -6252 32176 2879 -2257 611 END
START 6744 -6092 32092 4865 -1561 -242 END
START 6348 -6052 31580 6872 -598 -937 END
START 5860 -5960 30884 8861 -6 -1353 END
START 5564 -6032 30304 10824 219 -1669 END
START 5748 -6232 29748 12959 192 -2105 END
START 5800 -5820 29392 15317 85 -2991 END
START 5812 -5528 28372 18057 421 -4339 END
START 5344 -5496 27264 20685 670 -5722 END
START 5028 -5320 25440 22991 1242 -6784 END
START 4060 -5216 23100 24629 1767 -7322 END
START 3320 -5248 19736 24930 1426 -7756 END
START 2160 -4676 17032 24089 228 -8491 END
START 1092 -4400 14496 22964 -948 -9048 END
START -16 -3852 12372 21915 -1566 -9067 END
START -1276 -3412 10220 20445 -1240 -8360 END
START -2108 -3604 7464 17936 -1007 -7005 END
START -2776 -2832 5780 14756 -1292 -5497 END
START -3260 -2440 4868 11286 -2441 -3815 END
START -3076 -2084 5552 8656 -3009 -1752 END
START -1976 -2344 6096 6991 -3537 760 END
START -616 -2660 6756 5218 -5417 2999 END
START 1292 -2168 8596 3940 -6370 4444 END
START 2120 -1884 10668 3913 -5692 4809 END
START 3872 -1316 10484 3617 -4839 4518 END
START 6128 -1616 10288 2603 -6038 3757 END
START 7924 -1036 12132 1744 -7790 2659 END
START 10436 -1112 14540 1725 -8582 1814 END
START 13260 -1396 17372 1819 -8811 1030 END
START 15964 -1060 19488 2559 -6799 -463 END
START 17720 -1036 20828 3375 -2885 -2996 END
START 18152 -1108 21304 3785 403 -6043 END
START 17980 -1076 21672 4647 1658 -8481 END
START 17568 -1228 21908 5887 1290 -10342 END
START 17388 -304 22560 7353 443 -12265 END
START 17196 480 22784 9196 673 -14722 END
START 16304 1000 22268 10861 1927 -17364 END
START 14944 1168 20996 11702 4548 -19801 END
START 13204 1008 19780 11766 6394 -21499 END
START 11144 1012 19444 12084 6825 -22448 END
START 9144 940 18748 13406 6312 -23143 END
START 7248 1380 17752 15824 5241 -24207 END
START 5248 1832 15844 17827 3370 -26197 END
START 3644 2524 14032 18302 1751 -28390 END
START 1632 2472 12376 17233 2112 -29638 END
START -544 2268 11120 14917 3684 -29331 END
START -2988 1848 10156 12466 3983 -27587 END
START -5200 2512 10000 11190 2570 -24699 END
START -5600 2672 9856 11440 956 -22140 END
START -5556 2512 9512 12032 -945 -21029 END
START -5756 2140 8660 11779 -2559 -20899 END
START -6456 1468 8152 10135 -2670 -20307 END
START -7952 928 7800 7481 -941 -17942 END
START -9416 428 7896 4920 379 -14162 END
START -10476 304 7864 2566 1145 -9700 END
START -11428 244 8260 325 1790 -4922 END
START -11624 292 8584 -1467 2336 -408 END
START -11700 312 9164 -2720 2548 3529 END
START -11228 160 9360 -3570 2370 6727 END
START -10852 444 9520 -4268 2488 9053 END
START -10876 488 9992 -4938 1964 11037 END
START -10524 716 10424 -5238 1022 13205 END
START -10244 976 10848 -5517 344 15483 END
START -9380 1536 11712 -5829 177 17811 END
START -8536 1844 11940 -6137 526 20022 END
START -7784 2060 12272 -6564 837 21972 END
START -6828 2516 12656 -7050 1148 23598 END
START -5392 2788 13228 -7242 1188 24871 END
START -3632 2880 13832 -7299 471 25747 END
START -1480 2964 15008 -6867 -935 25599 END
START 304 3052 15448 -5383 -2349 24657 END
START 1344 3136 15108 -4113 -3076 23612 END
START 2008 3636 15300 -3886 -3833 23085 END
START 3440 3656 15600 -3875 -3968 23430 END
START 5268 3916 16208 -3893 -3139 24003 END
START 7732 4540 16480 -4308 -1760 24640 END
START 10428 5028 17324 -5006 145 24279 END
START 12824 5412 18428 -5520 1824 22920 END
START 14564 5864 19280 -5340 3066 20438 END
START 15540 5824 19388 -4595 3218 17384 END
START 16052 5576 19264 -3752 2482 14055 END
START 16572 5208 18944 -2955 1624 10837 END
START 16956 4608 18568 -2401 462 8518 END
START 18128 3876 18436 -2278 -70 6739 END
START 18900 3376 18456 -2348 763 4986 END
START 19200 2408 18000 -2641 2718 2862 END
START 18944 1332 16992 -3289 5189 305 END
START 18032 -92 15980 -4260 6669 -1933 END
START 17196 -1412 15176 -4713 6872 -3806 END
START 16672 -3168 14532 -4951 6210 -5532 END
START 16236 -4216 14132 -5332 5302 -7289 END
START 15764 -5188 13960 -5941 5662 -9382 END
START 14844 -5640 13988 -6462 7199 -11358 END
START 14148 -6372 12980 -7000 8990 -13023 END
START 12836 -6324 11848 -8433 9948 -14738 END
START 11472 -5696 11368 -10123 10142 -16518 END
START 8984 -4840 11424 -11358 10001 -18131 END
START 6376 -3980 11792 -12074 9290 -19094 END
START 3844 -3344 12772 -12942 9429 -19226 END
START 1044 -3004 14940 -13966 11990 -18718 END
START -1828 -3172 17088 -14829 16544 -17829 END
START -5752 -3324 20516 -15102 19924 -17646 END