START 2980 1404 4296 2082 -3266 775 END
START 3048 2736 -2568 1336 -2899 791 END
START -36 2728 5484 89 -1880 959 END
START 3608 1720 -568 -1815 -848 1655 END
START 2572 1720 -268 -3433 186 2528 END
START 2740 2360 -464 -4914 835 3561 END
START 3908 2500 -1356 -7244 1581 4352 END
START 4204 2892 -1724 -11230 2002 4383 END
START 3304 3340 -844 -14549 2077 4270 END
START 2672 3112 584 -15913 1818 4836 END
START 2756 2748 1804 -15909 1529 5598 END
START 3056 2148 3276 -15664 616 5884 END
START 2776 1932 3856 -15866 -502 5828 END
START 2768 1608 4756 -16463 -1026 5797 END
START 2276 1612 5636 -17357 -976 5867 END
START 1980 1376 7000 -18407 -1248 6120 END
START 1932 1064 8640 -18928 -1510 6522 END
START 2540 536 9632 -18783 -1269 6730 END
START 2792 620 10120 -18867 103 6492 END
START 2040 388 10752 -19567 1707 6137 END
START 860 396 11544 -20297 2247 6347 END
START 356 156 12396 -20775 1386 6953 END
START 1104 -424 13524 -21054 -420 7562 END
START 2420 -1148 14688 -21238 -1703 7723 END
START 3592 -1932 15824 -21403 -1260 7055 END
START 3300 -1444 16784 -21685 381 5976 END
START 2220 -876 17556 -22329 1752 5170 END
START 1180 -1640 18684 -22843 1456 5246 END
START 1516 -2088 20608 -22906 -755 6666 END
START 2748 -2524 22068 -21975 -2052 8053 END
START 4808 -1832 22608 -20569 225 7644 END
START 4732 -1628 22168 -20066 4021 5399 END
START 3008 -1540 22364 -20665 5641 3070 END
START 1640 -2388 23152 -20760 4728 2092 END
START 1888 -3596 24868 -20385 1657 2985 END
START 3548 -3820 26712 -19526 -1338 4561 END
START 6116 -3436 28560 -18465 -1584 5302 END
START 7332 -2364 30048 -17456 1663 4288 END
START 6768 -1856 31020 -16347 5413 2246 END
START 5584 -2048 31236 -14987 6902 944 END
START 4748 -3188 32076 -13486 6310 721 END
START 4760 -3620 32767 -11652 4715 1304 END
START 5176 -3736 32767 -9652 4104 1463 END
START 4848 -3360 32767 -7352 4590 806 END
START 4068 -3156 32767 -4543 4713 -403 END
START 3348 -3620 32767 -1821 3833 -1493 END
START 2992 -4316 32767 450 1882 -1847 END
START 2720 -4924 32767 2701 -110 -1437 END
START 3168 -4884 32767 5200 -1279 -737 END
START 3624 -4352 32767 7761 -1309 -419 END
START 3756 -3976 32767 10213 -836 -723 END
START 3372 -3704 32564 12520 -303 -1498 END
START 2904 -3824 31048 14577 -436 -2335 END
START 2744 -3868 29892 16707 -1268 -2589 END
START 2920 -3940 28276 18605 -2045 -2563 END
START 2728 -3492 26516 20012 -2552 -2799 END
START 2300 -3252 24360 21214 -3359 -3318 END
START 1632 -2796 21924 22189 -4479 -4044 END
START 1236 -2708 19704 22711 -5563 -4550 END
START 1416 -2540 17344 22084 -5958 -4896 END
START 1572 -2244 15936 21351 -5847 -4926 END
START 1460 -1664 14408 20852 -5632 -4608 END
START 1252 -1472 12752 20378 -5572 -4249 END
START 936 -1208 10796 19316 -4893 -3939 END
START 416 -836 9228 17412 -3528 -3658 END
START -124 -644 7748 15531 -2417 -3131 END
START -744 -656 6836 13792 -2011 -2238 END
START -828 -1012 6128 11738 -2345 -928 END
START -812 -1044 5980 9716 -2894 616 END
START -688 -688 5784 8021 -3294 2213 END
START -36 -628 5480 5958 -3713 3764 END
START 808 -304 6352 3767 -4393 5126 END
START 2876 384 7676 1809 -5131 6203 END
START 4668 1244 9440 197 -5049 6518 END
START 5412 3312 11124 -975 -5601 5939 END
START 6648 3728 12548 -1146 -8514 5166 END
START 9964 3564 13844 -431 -12353 4476 END
START 14012 2756 16336 -452 -13183 3208 END
START 17728 2380 18772 -654 -10847 885 END
START 20100 2288 21608 -434 -7290 -1966 END
START 21076 2384 23644 1102 -4202 -5217 END
START 21256 2512 24344 3565 -1535 -8864 END
START 20464 2608 23568 5722 730 -13009 END
START 18924 2652 22392 7460 2153 -16691 END
START 16820 2072 21004 9331 1996 -19337 END
START 14672 2052 19716 10794 1425 -21392 END
START 12544 2388 18112 11253 2034 -23168 END
START 10368 2068 16900 11188 3055 -24442 END
START 8388 1996 16172 11157 3210 -24898 END
START 7096 2060 15716 11732 3129 -25365 END
START 5568 2252 14660 12534 2153 -26232 END
START 3876 2404 13664 13532 -10 -27140 END
START 2288 2252 12444 14176 -2276 -28190 END
START 308 1820 11460 14482 -4460 -29033 END
START -1488 1380 10824 14119 -5964 -28880 END
START -2968 1148 10504 12965 -5975 -27519 END
START -4824 1432 10616 11803 -5963 -25187 END
START -5628 1792 10596 11352 -6504 -22810 END
START -6224 2472 10112 11498 -7701 -21593 END
START -6868 2692 9836 11798 -9999 -21003 END
START -7644 2920 9908 11517 -11273 -19711 END
START -8560 2188 10280 10498 -10834 -16941 END
START -9396 1832 10312 8454 -7426 -12199 END
START -10128 1836 9764 5081 -1866 -6266 END
START -11120 2176 9384 558 3641 -209 END
START -11972 2588 9568 -2797 7065 4837 END
START -12136 2584 9992 -4538 8420 9100 END
START -12052 2976 10288 -4778 7810 12218 END
START -11432 2756 10360 -4389 6517 14650 END
START -10456 3232 10760 -4181 5081 16560 END
START -9452 3440 10852 -4438 4787 18503 END
START -8684 3800 10864 -5211 5537 20808 END
START -8004 3796 11356 -6524 6963 23269 END
START -7108 4160 11728 -7663 8658 25382 END
START -6060 4060 12140 -8666 10011 27475 END
START -4556 4324 12936 -9486 10055 29781 END
START -2488 4936 13336 -9608 9673 31016 END
START -740 5796 13900 -9580 9288 31115 END
START 644 6120 14132 -9471 8751 30440 END
START 2480 6140 14736 -9614 8259 29677 END
START 4336 5976 15448 -9665 7060 29268 END
START 7024 6212 16604 -9641 5757 28795 END
START 9560 6428 17772 -9446 4912 27418 END
START 11308 6440 18712 -9071 4606 25685 END
START 12948 6360 19376 -8365 4510 23853 END
START 15084 5996 20012 -7767 4462 21812 END
START 16620 5532 20560 -7089 4316 19461 END
START 17892 4960 20996 -6279 3815 16967 END
START 18712 4284 20840 -5270 3384 14023 END
START 18376 3748 19948 -4183 2697 10797 END
START 17732 2600 18648 -3096 1100 7479 END
START 17256 1540 17756 -2504 -821 4732 END
START 17048 696 17232 -2051 -2103 2525 END
START 16804 -132 16632 -1816 -2194 858 END
START 16628 -656 15360 -2236 -1319 -227 END
START 15928 -1540 14212 -3292 -529 -1366 END
START 14888 -2472 12608 -4268 -557 -2703 END
START 13924 -3224 12036 -4751 -664 -4238 END
START 12860 -3800 11328 -4872 -1200 -5946 END
START 12192 -4072 10328 -5123 -2220 -7674 END
START 11520 -4068 9604 -5920 -3150 -9171 END
START 11180 -3640 9212 -7168 -3285 -10388 END
START 10748 -3600 8556 -9147 -2850 -11393 END
START 9892 -3280 8364 -11659 -1709 -12454 END
START 8996 -3384 8612 -13232 -602 -13340 END
START 7592 -2612 9084 -14191 -322 -14015 END
START 6388 -1812 9844 -14650 -654 -14610 END
START 5592 -944 10544 -15537 -1586 -15485 END
START 4856 204 12128 -17323 -1980 -17253 END