START 2452 164 21276 -2645 -109 3441 END
START 476 1240 24200 -3104 -954 2964 END
START 1864 1896 22760 -3967 -197 1671 END
START 3552 1116 23764 -4304 -361 -381 END
START 3248 1696 25616 -4254 -755 -2189 END
START 3880 1832 27616 -3399 -2321 -3595 END
START 4208 1888 30160 -1781 -3090 -5177 END
START 4288 1492 32668 829 -2830 -7072 END
START 3392 772 32767 4144 -2684 -8897 END
START 2136 -328 32767 7946 -3185 -10479 END
START 332 -1440 32767 11872 -4555 -11946 END
START -1656 -2624 32767 15274 -6314 -12915 END
START -3708 -3740 32767 18133 -7602 -13635 END
START -5952 -4784 32767 20920 -7879 -13823 END
START -8248 -6056 32500 23234 -7568 -13244 END
START -9988 -7424 30240 24443 -6676 -12403 END
START -12104 -8180 28388 25120 -5538 -11742 END
START -13976 -8988 26608 26478 -5605 -10085 END
START -15060 -9300 24004 27818 -6477 -7904 END
START -15088 -9540 21208 28760 -7242 -5506 END
START -14900 -9396 18604 28710 -7111 -3216 END
START -14188 -9112 16672 27733 -5846 -775 END
START -13680 -8392 14708 26404 -3967 1993 END
START -12152 -6900 12684 25343 -2377 4793 END
START -10320 -5904 10604 24014 -1007 6847 END
START -8576 -4648 8756 22621 -133 7931 END
START -6968 -3668 7344 21366 746 8313 END
START -5828 -3084 6384 20138 981 8288 END
START -4828 -2312 4912 18933 602 8286 END
START -3932 -1928 3900 17641 541 8370 END
START -3064 -1220 2472 16363 250 8574 END
START -2404 -256 1504 14976 -770 8767 END
START -1084 656 -16 13459 -1330 8806 END
START -132 1484 -1320 11261 -1191 8531 END
START 704 2044 -2212 8727 -862 8157 END
START 1188 2448 -3124 6714 -913 7756 END
START 1672 2744 -4000 4733 -1308 7219 END
START 1940 2968 -4792 2859 -2015 6331 END
START 1964 2760 -5324 1073 -2992 5633 END
START 2396 2416 -5964 -935 -3819 5173 END
START 2576 2152 -6196 -3401 -3971 4928 END
START 2828 1908 -6444 -6376 -3522 4978 END
START 3104 1500 -6304 -9320 -3068 5127 END
START 3540 1296 -5852 -11989 -2714 5339 END
START 4412 688 -5456 -14492 -2374 5201 END
START 5432 312 -4664 -17008 -2241 4558 END
START 7024 -324 -3112 -19403 -1622 3410 END
START 8284 -1044 -1144 -21465 -468 1657 END
START 9192 -1832 740 -22933 751 -404 END
START 9592 -3088 2460 -24239 1987 -2423 END
START 9376 -4668 4748 -25540 3166 -4711 END
START 8992 -5592 7052 -26486 4228 -6550 END
START 8604 -6664 10140 -27355 5468 -7925 END
START 8052 -7308 12660 -27980 7356 -9322 END
START 7124 -8144 14768 -28929 10194 -10865 END