START 916 -1332 10148 -905 1706 8368 END
START 1744 -1120 10272 -1372 1502 8052 END
START 2292 -568 10248 -2632 1429 7094 END
START 3556 -828 11272 -3935 2673 5077 END
START 3960 164 12376 -4868 3779 2812 END
START 4760 8 13244 -5698 3410 870 END
START 6000 -68 13956 -6039 3052 -610 END
START 6496 380 15328 -6856 2602 -2517 END
START 7200 60 17168 -8149 1891 -4560 END
START 7944 -396 18988 -9490 1956 -6807 END
START 7912 -1056 21356 -10797 2678 -9115 END
START 7240 -2380 24968 -10578 4301 -11074 END
START 5444 -3232 28044 -8788 4847 -12063 END
START 4216 -4624 30656 -5888 3967 -12330 END
START 3256 -5328 32692 -2349 1868 -12437 END
START 2836 -6096 32767 1275 -258 -12969 END
START 2016 -6132 32767 4829 -1405 -13743 END
START 640 -6176 32767 8229 -1798 -14460 END
START -1300 -6064 32767 11170 -1816 -14814 END
START -3348 -5728 32767 13565 -1525 -14711 END
START -5324 -6120 32767 16178 -825 -14235 END
START -7028 -6680 32767 18563 -205 -13414 END
START -8468 -7532 32767 20954 344 -12189 END
START -9924 -8068 32767 23113 513 -10893 END
START -10904 -8684 32272 25473 155 -9544 END
START -11728 -9116 31044 27752 -525 -8247 END
START -12160 -9296 29760 29843 -1264 -6846 END
START -12052 -9460 28208 31756 -1876 -5400 END
START -11688 -9400 26124 32767 -1909 -4223 END
START -11468 -9328 23792 32767 -1731 -3197 END
START -10984 -9284 21148 32767 -2101 -2156 END
START -10940 -9132 18652 32767 -2649 -1146 END
START -10520 -8808 16284 32767 -3008 250 END
START -9980 -8420 13780 32767 -3200 1892 END
START -9360 -7764 11004 32767 -2964 3765 END
START -8328 -7072 8268 32233 -2076 5758 END
START -7392 -6256 5728 30120 -1047 7814 END
START -6476 -5364 3004 27599 -357 9662 END
START -5424 -4688 612 25020 -63 11194 END
START -4728 -3724 -1464 22340 -88 12419 END
START -3772 -3004 -3148 19554 -671 13532 END
START -2592 -1888 -4840 16819 -960 14177 END
START -1404 -828 -6436 14229 -1482 14347 END
START -172 204 -8288 11643 -2329 13951 END
START 964 748 -10188 8768 -3437 13568 END
START 1748 1336 -11300 5873 -4439 12936 END
START 2708 1800 -12448 2478 -5263 12598 END
START 3856 1988 -12780 -1402 -5454 12562 END
START 4536 2072 -12832 -5668 -5131 12548 END
START 5784 1956 -12136 -9618 -4273 12020 END
START 6628 1856 -11172 -13045 -3459 10610 END
START 6968 1260 -10224 -15733 -3114 8616 END
START 7148 280 -9116 -17844 -3810 6706 END
START 7676 -964 -8164 -19829 -4785 5133 END
START 7960 -2112 -7312 -22025 -4910 3653 END
START 8160 -3036 -6244 -24823 -3936 2423 END
START 8280 -4544 -5080 -28063 -2347 1503 END
START 8684 -5424 -2988 -31642 -429 744 END
START 9076 -6352 -160 -32768 1626 -44 END
START 9504 -7544 2456 -32768 3757 -1245 END
START 9940 -8964 6016 -32768 5821 -2972 END
START 9680 -10520 10260 -32768 7787 -5238 END
START 7960 -11864 14904 -32768 9729 -7758 END