START -4604 -2216 14720 1436 -423 4211 END
START -4904 -2124 14908 1365 -353 4187 END
START -4548 -1532 13268 700 -864 4130 END
START -3992 -1656 13988 -220 -1490 4229 END
START -3732 -1688 14108 -1253 -1230 4414 END
START -3340 -1204 14456 -2458 -865 4684 END
START -2548 -1108 14972 -3263 -332 4677 END
START -1828 -1428 15880 -3635 -84 3957 END
START -884 -1104 16656 -3611 421 2630 END
START -176 -1184 17832 -3529 619 601 END
START -12 -976 19308 -3148 215 -1457 END
START 528 -812 20484 -2519 -414 -3192 END
START 348 -804 21992 -1872 -1005 -4381 END
START 128 -780 23600 -1089 -1494 -4695 END
START -124 -1400 24356 -323 -1226 -4639 END
START -268 -1220 26064 204 -66 -4704 END
START -720 -1484 27476 1032 1114 -5314 END
START -1784 -1960 28840 2461 1667 -6867 END
START -3784 -2096 30004 4907 -125 -8269 END
START -5708 -2320 30748 7961 -2914 -9209 END
START -7564 -2212 31700 11064 -5217 -9364 END
START -8736 -2052 32332 13784 -5997 -8743 END
START -10124 -2244 32624 15397 -5221 -7392 END
START -10984 -3120 32767 16819 -3719 -5748 END
START -11960 -4040 32767 18363 -1721 -4210 END
START -12612 -4912 32628 20702 -820 -2553 END
START -13108 -5752 31444 23594 -1315 -1089 END
START -13148 -6408 30032 26853 -2778 -25 END
START -13048 -7120 28088 29701 -4304 662 END
START -12912 -7220 25744 31984 -5567 1439 END
START -12316 -7132 23204 32767 -5736 2174 END
START -12116 -6728 20744 32767 -5553 3114 END
START -11456 -6500 17836 32767 -5560 4048 END
START -10648 -6008 14404 32767 -5370 4760 END
START -9768 -5292 11204 32767 -4992 5258 END
START -8652 -4244 7160 32767 -4074 4994 END
START -8356 -3456 3888 29961 -2672 4843 END
START -7736 -2588 2100 26158 -1629 5465 END
START -7108 -2040 1244 22687 -723 6546 END
START -5880 -1244 848 19945 -5 7824 END
START -4480 -740 500 17760 65 8696 END
START -3208 -116 352 16107 -94 9044 END
START -1844 664 268 14480 -63 8923 END
START -664 1232 -260 13203 153 8494 END
START -48 1688 -696 11490 932 7810 END
START 500 2260 -1728 9547 1863 7172 END
START 708 2652 -2648 7047 2578 6761 END
START 744 2912 -3180 4420 3043 6586 END
START 1048 3012 -3792 1907 3389 6493 END
START 1172 2940 -4212 -708 3527 6315 END
START 1144 2764 -4676 -3216 3354 6113 END
START 1216 2500 -4644 -5683 3436 5778 END
START 1160 2216 -4888 -8073 3696 5328 END
START 980 1976 -4616 -10400 4072 4724 END
START 692 1476 -4368 -12661 3964 4302 END
START 616 804 -4112 -14877 3834 4039 END
START 568 428 -3708 -17204 4010 3900 END
START 744 -216 -3140 -19658 4121 3678 END
START 940 -1132 -2036 -22115 4216 3254 END
START 1056 -1560 -332 -24215 3978 2695 END
START 1564 -2000 1100 -25857 3487 2048 END
START 2004 -2352 3004 -27373 3138 1001 END
START 3064 -2376 4912 -28812 3305 -212 END
START 3860 -2216 7348 -30234 3619 -1504 END
START 4828 -2176 10048 -31494 4008 -2998 END
START 5656 -2076 13568 -32415 3725 -4448 END
START 6724 -2232 17256 -32720 3999 -6257 END
START 7528 -2516 20800 -32338 5210 -8998 END
START 7696 -2972 23828 -31381 6146 -12060 END
START 7032 -3920 26360 -29714 6196 -15159 END
START 5208 -4876 28060 -27618 5698 -17965 END
START 3028 -5728 28848 -24675 4261 -19908 END
START 980 -6376 28568 -21631 1790 -21182 END
START -868 -6472 27968 -19688 -650 -22020 END
START -3288 -6540 27956 -18221 -2597 -21802 END
START -5292 -7176 28216 -17516 -3309 -20586 END
START -7708 -7752 28252 -17626 -2950 -17847 END
START -9072 -9888 29420 -18307 -1593 -14624 END
START -10084 -11912 30960 -17950 636 -11977 END
START -10924 -13392 32400 -15562 2799 -10304 END
START -11488 -14560 32648 -11863 3983 -9188 END
START -11236 -14960 32004 -7508 4296 -8608 END