START -896 -544 14444 -1063 1841 7307 END
START -1600 56 15392 -1317 1722 7128 END
START 764 292 12732 -2304 934 6609 END
START 988 716 17244 -3213 1193 5149 END
START 2572 1192 18460 -3203 2831 2716 END
START 2588 2624 20036 -3270 3055 -70 END
START 2908 1948 21828 -2887 2077 -2483 END
START 2276 2156 23908 -1955 -123 -4327 END
START 1628 1744 25632 -208 -2942 -5197 END
START 976 1356 27720 1822 -5718 -5909 END
START 792 940 29636 3356 -7177 -6881 END
START 316 364 31508 4340 -6817 -8200 END
START -252 -428 32767 5364 -5785 -9112 END
START -1556 -1388 32767 7039 -4851 -9230 END
START -2668 -1840 32767 9632 -4575 -8428 END
START -3048 -2440 32767 12442 -5067 -7532 END
START -3088 -2400 32767 15070 -5759 -7747 END
START -3784 -2856 32767 17679 -7140 -8845 END
START -4992 -3116 32767 20246 -8581 -10253 END
START -6528 -3680 32767 23355 -8334 -11515 END
START -8840 -4844 31880 26427 -7514 -12070 END
START -11392 -6300 29444 28340 -6961 -11610 END
START -12960 -7480 27204 29288 -6025 -10333 END
START -14344 -8340 24948 29375 -4832 -8779 END
START -15656 -8860 23672 29701 -4364 -6894 END
START -16264 -9164 21212 30834 -4748 -5056 END
START -16968 -8956 19148 31853 -5702 -2848 END
START -16560 -8352 16920 32635 -6446 -428 END
START -15640 -7936 14540 32767 -6214 1697 END
START -14432 -7556 12016 31969 -5346 3624 END
START -13600 -6792 9820 30742 -5258 5259 END
START -12544 -5736 8088 29599 -6570 6769 END
START -11400 -4636 6188 28924 -7848 8295 END
START -9860 -3744 4352 28196 -8689 9913 END
START -7828 -2700 1868 26456 -8491 11360 END
START -5772 -1896 -420 23349 -7195 12557 END
START -3664 -996 -2140 19577 -4739 13013 END
START -1984 172 -3900 15803 -2090 12967 END
START -824 772 -4592 12516 -298 12460 END
START 152 1144 -5828 10055 -105 12048 END
START 1120 1100 -6584 7780 -854 11714 END
START 2024 1280 -7872 5933 -1097 11227 END
START 2924 1256 -8896 3173 -833 10770 END
START 4472 1564 -10424 5 88 10088 END
START 5504 1584 -10972 -3017 742 9424 END
START 6972 1872 -10720 -6499 1042 8482 END
START 7984 2144 -9948 -9587 978 7209 END
START 8660 2152 -9076 -11953 981 5749 END
START 9196 1916 -8328 -13940 1208 4285 END
START 9104 976 -7872 -16182 1589 2860 END
START 8940 -336 -7228 -18685 2068 1607 END
START 8568 -1428 -6040 -21392 2689 369 END
START 8032 -2932 -4588 -23698 3241 -619 END
START 7576 -4344 -3020 -26147 3628 -1288 END
START 7476 -5768 -888 -28879 4195 -1772 END
START 7308 -6812 1320 -31669 5571 -2566 END
START 6776 -7480 4456 -32768 7589 -3615 END
START 5552 -8188 7468 -32768 9720 -4831 END
START 3928 -8040 10700 -32768 11099 -6101 END
START 2396 -7056 13956 -32768 11179 -7344 END
START 596 -6660 17320 -32768 10758 -9144 END
START -1232 -5956 20680 -32768 9737 -11034 END
START -2996 -5856 24924 -32768 8823 -12316 END
START -4516 -7136 29564 -32768 8612 -13009 END
START -6500 -9256 32767 -32768 9733 -13814 END