START 1376 -248 22680 -2316 -31 2895 END
START 296 52 22544 -2387 -399 2394 END
START 1844 52 23260 -2584 -993 1469 END
START 2148 36 25228 -1972 -2409 -95 END
START 2468 156 26468 -825 -3787 -1610 END
START 2900 660 27816 947 -5229 -3152 END
START 2956 792 29048 2878 -5634 -4790 END
START 3212 608 30392 4870 -4985 -6369 END
START 2356 -24 31128 6520 -4125 -7890 END
START 1412 -492 31908 8303 -3837 -9080 END
START -164 -1048 32767 10563 -3546 -10059 END
START -1944 -1980 32767 13517 -3481 -10866 END
START -4272 -2972 32767 16724 -3869 -11840 END
START -6748 -4572 32767 20021 -4159 -12779 END
START -9420 -6000 31680 23117 -5112 -12546 END
START -11704 -7160 30492 25559 -5799 -11245 END
START -12988 -7960 28980 27159 -4962 -9187 END
START -14424 -8900 26844 28047 -4131 -6878 END
START -14904 -9400 24616 28811 -3669 -4505 END
START -14836 -9640 22604 29222 -3554 -2314 END
START -14368 -9328 20524 29537 -3718 189 END
START -13480 -8676 18584 29727 -3950 2477 END
START -12036 -7684 16416 29626 -3924 4206 END
START -10368 -6968 14052 29286 -3814 5299 END
START -8664 -5904 11776 28831 -3543 6010 END
START -7240 -5176 9760 28014 -3078 6551 END
START -5852 -4268 7512 26897 -2377 6947 END
START -4744 -3416 4972 25374 -1191 7155 END
START -3544 -2384 2524 23009 692 7296 END
START -3020 -1888 604 20148 2101 7603 END
START -2280 -1100 -868 17320 2985 8253 END
START -1740 -432 -2284 14560 3395 8996 END
START -808 128 -3724 11808 3564 9550 END
START -484 604 -5076 9129 3604 9734 END
START 204 980 -6628 6587 3641 9781 END
START 704 1440 -7644 4030 3401 9484 END
START 1252 1744 -8412 1233 2829 9047 END
START 1592 2044 -8916 -1460 1938 8573 END
START 2236 2164 -9224 -4127 1051 8030 END
START 2932 2236 -9276 -6918 18 7529 END
START 3728 2288 -9264 -9726 -743 7081 END
START 4832 2056 -8808 -12782 -893 6522 END
START 6076 1804 -7896 -15870 -578 5672 END
START 6956 1160 -6972 -18954 -309 4314 END
START 7792 640 -5496 -21634 -275 2528 END
START 8280 -312 -3848 -23905 -589 499 END
START 8700 -1144 -2124 -25867 -1292 -1598 END
START 9220 -2172 620 -27965 -1998 -3873 END
START 9692 -3136 3484 -29810 -1880 -5819 END
START 10280 -4420 7064 -31647 -730 -7952 END
START 9820 -6084 10860 -32768 843 -10678 END
START 7848 -7952 15168 -32768 2373 -13181 END
START 5196 -8848 19736 -32768 3660 -14863 END
START 1632 -9220 24776 -32768 4970 -15568 END
START -2096 -9236 29332 -32648 5507 -15167 END
START -5260 -9156 32767 -30672 5077 -13915 END
START -7688 -8964 32767 -28364 3798 -12215 END