START 1824 -2284 24248 -1634 800 -7135 END
START 900 -2124 26040 -1549 -571 -7326 END
START 1176 -1916 23508 -1643 -2009 -8034 END
START 960 -2804 25120 -1374 -6037 -8996 END
START 844 -3024 26220 -608 -8950 -10013 END
START 460 -3052 27764 487 -10100 -10942 END
START -276 -3336 29508 2553 -9668 -11709 END
START -1144 -3344 31248 5774 -7457 -12099 END
START -2124 -4156 31592 8690 -5125 -12193 END
START -3176 -4944 32120 10786 -3628 -11935 END
START -3980 -5852 32208 13011 -3088 -11502 END
START -5200 -6232 32564 15143 -3225 -11629 END
START -6468 -6608 32580 18264 -3499 -12049 END
START -8192 -6828 31532 21517 -3944 -12597 END
START -9768 -7016 30188 23893 -4494 -12233 END
START -10872 -6748 28704 25287 -4259 -10799 END
START -11568 -6204 27588 25647 -2683 -9060 END
START -12724 -6060 26628 25787 -917 -7231 END
START -13220 -6188 25900 26586 -217 -5709 END
START -13628 -6664 24872 27938 -442 -4327 END
START -13092 -6860 23220 29210 -967 -2882 END
START -12560 -7012 21484 30226 -1286 -1727 END
START -12492 -7172 19096 31057 -2062 -590 END
START -12348 -6952 16500 31694 -2687 833 END
START -11616 -6604 13824 31790 -2859 2599 END
START -10824 -6284 10712 30972 -2898 4556 END
START -9684 -5800 7516 29765 -3150 6255 END
START -8488 -5384 4900 28245 -3366 7510 END
START -7416 -4768 2488 26207 -3280 8591 END
START -6204 -4140 256 23643 -2739 9177 END
START -5392 -3452 -1820 21040 -2254 9679 END
START -4700 -2852 -3632 18171 -1894 10647 END
START -3280 -2172 -5596 15149 -1471 12097 END
START -1352 -1300 -7148 11740 -782 13437 END
START 536 -456 -9032 8090 372 14076 END
START 2176 88 -10392 4914 808 13960 END
START 3728 668 -11140 2099 -91 13188 END
START 5200 1268 -11120 -460 -1949 12042 END
START 7168 2020 -11368 -2553 -3688 10879 END
START 8888 2860 -11000 -4915 -4440 9376 END
START 9972 3064 -10648 -7536 -4005 7549 END
START 10744 2692 -10412 -10594 -3157 5698 END
START 10788 1848 -9948 -13754 -2590 3798 END
START 10260 632 -9104 -16685 -2069 1940 END
START 9612 -1116 -7812 -19407 -1575 323 END
START 9016 -3016 -6320 -21761 -1571 -872 END
START 9112 -4980 -4436 -24100 -1508 -1655 END
START 9632 -6892 -1820 -26781 -946 -2484 END
START 10208 -7724 1524 -29283 204 -3396 END
START 10320 -8432 4348 -31368 2131 -4974 END
START 9036 -9024 7984 -32768 3798 -6927 END
START 6996 -9116 10884 -32768 4589 -8799 END
START 4244 -8812 14008 -32768 4698 -10092 END
START 2000 -8024 17508 -32768 3774 -10895 END
START 292 -7012 21948 -32768 3200 -11477 END
START -1148 -6216 26924 -32768 3724 -11705 END
START -2692 -6892 32376 -32768 5271 -11884 END
START -4880 -9352 32767 -32768 6584 -11673 END
START -7244 -10600 32767 -31792 7410 -10686 END
START -9300 -10844 32767 -27263 7349 -8306 END
START -9684 -10820 32767 -21902 7188 -5530 END