START -2220 -2048 17044 -907 -2825 3044 END
START -1976 -1836 16852 -1292 -2310 2828 END
START -2172 -876 17524 -2670 -1168 2352 END
START -36 -1532 19000 -3787 1453 1677 END
START 600 -1068 20472 -4123 3565 750 END
START 1004 -968 22096 -3665 3639 -548 END
START 1080 -1012 23996 -2705 2253 -2275 END
START 1220 -1108 26348 -778 101 -4317 END
START 868 -1692 28448 1753 -1596 -6401 END
START -72 -2084 30252 4677 -2701 -8015 END
START -1472 -2400 31496 7419 -3061 -8923 END
START -3716 -2752 32580 9900 -3075 -9195 END
START -5796 -3128 32767 12113 -3092 -8468 END
START -7396 -3612 32767 14122 -3091 -7749 END
START -9492 -3952 32767 16884 -3176 -7195 END
START -11288 -4908 32767 20370 -3543 -6716 END
START -12884 -6352 32596 24047 -4693 -6177 END
START -14360 -7748 30696 27449 -6125 -5361 END
START -15228 -8812 27764 30241 -7068 -4396 END
START -15976 -9628 24872 31717 -6683 -2849 END
START -16264 -9960 22044 32451 -5801 -796 END
START -15848 -9892 19040 32443 -4650 1136 END
START -15052 -9308 15892 32156 -3801 2549 END
START -14544 -8196 12984 31549 -3525 3316 END
START -13760 -7204 10788 31134 -4348 4392 END
START -12216 -6036 8384 30237 -4741 5331 END
START -10940 -4712 6348 28639 -4645 6041 END
START -9640 -3532 4796 26602 -4107 6807 END
START -8616 -2172 3448 24476 -3552 7857 END
START -7020 -912 2508 22331 -3028 9011 END
START -5500 0 1800 20295 -2365 9705 END
START -4456 708 844 18295 -2095 10181 END
START -3076 1392 340 16079 -1651 10371 END
START -2036 1928 -240 13628 -701 10399 END
START -1128 2424 -856 11523 -233 10335 END
START -172 3000 -1092 9100 101 10040 END
START 396 3208 -1672 6840 297 9681 END
START 1044 3504 -1828 4637 583 9246 END
START 1800 3436 -2104 2439 1129 8427 END
START 2028 3232 -2328 295 1501 7484 END
START 2228 2976 -2604 -1740 1481 6790 END
START 2344 2604 -2484 -4065 1390 6163 END
START 2972 2312 -2476 -6358 1660 5646 END
START 3272 2204 -2500 -8613 2384 4885 END
START 3528 1608 -2556 -11029 2619 3894 END
START 3692 1168 -2436 -13249 2292 2840 END
START 3964 872 -2236 -15417 1962 1662 END
START 4360 392 -1664 -17565 1896 490 END
START 4668 -112 -1132 -19687 2196 -533 END
START 5252 -572 -288 -21896 2378 -1492 END
START 5784 -928 940 -24107 2310 -2671 END
START 6492 -1256 2312 -25973 2177 -4129 END
START 7288 -1516 4052 -27755 2055 -6049 END
START 7852 -1936 6080 -29197 2174 -8338 END
START 7752 -2592 7996 -30599 2303 -10955 END
START 7144 -3832 10776 -31780 2211 -13543 END
START 5768 -4616 14240 -32706 1861 -15830 END
START 4236 -5332 17744 -32768 1437 -17405 END
START 2304 -5832 21624 -32768 802 -18178 END
START -312 -5904 25948 -32113 -93 -18253 END
START -2768 -6692 29492 -30728 -962 -17570 END
START -5236 -8168 32532 -29044 -515 -16786 END
START -7708 -10668 32767 -26412 182 -15519 END
START -9040 -12832 32767 -22938 2319 -14615 END
START -10480 -14584 32767 -19154 4706 -14073 END
START -11772 -15156 32767 -14697 5590 -13136 END