START -4424 -8 14952 -810 -1500 2369 END
START -4132 120 14728 -910 -1773 2342 END
START -2884 500 12860 -1572 -2788 2125 END
START -2644 844 14532 -2287 -3090 1410 END
START -1288 992 14568 -2881 -1905 489 END
START -1196 1500 15048 -3706 -1258 -828 END
START -560 1568 15616 -4368 -1438 -2007 END
START -196 1144 16764 -4482 -2232 -2916 END
START 188 1044 18268 -4025 -3236 -3869 END
START 992 844 20016 -3204 -3900 -5214 END
START 1140 712 21992 -2492 -4200 -7073 END
START 1112 152 23624 -1765 -3921 -8761 END
START 764 -440 25836 -966 -3211 -9975 END
START -32 -756 27964 655 -2647 -10461 END
START -640 -832 29464 2992 -2109 -10498 END
START -1788 -724 30488 5218 -2255 -10489 END
START -2764 -532 31444 7811 -2821 -10763 END
START -4348 -116 32124 10466 -3184 -11573 END
START -6280 -68 32767 13577 -4107 -12001 END
START -7860 -608 32767 16317 -5054 -11956 END
START -8572 -1616 32512 18717 -4623 -11938 END
START -10496 -3184 31784 20618 -3500 -11690 END
START -12332 -4908 30700 22808 -3071 -10597 END
START -13780 -6260 28936 25077 -3340 -8997 END
START -15164 -7004 26908 27031 -3556 -7116 END
START -15784 -7544 24144 28495 -3663 -4916 END
START -16048 -7320 21668 29401 -3741 -2677 END
START -15680 -6740 19312 29999 -3999 -584 END
START -15016 -5948 16704 30444 -4551 935 END
START -14348 -4668 14484 30939 -5652 2124 END
START -13344 -3480 12764 31494 -7235 3601 END
START -12020 -2028 10504 31691 -8291 5097 END
START -10044 -876 7428 30757 -7951 5954 END
START -8784 -248 4808 28008 -5523 6351 END
START -8308 -8 2948 23666 -2001 7030 END
START -8236 288 1720 19420 908 8481 END
START -8020 468 1428 16236 2319 10181 END
START -7240 664 1208 14369 1751 12105 END
START -5776 1156 648 13568 -284 13242 END
START -4008 1528 -344 13003 -2078 13362 END
START -2604 2080 -1624 11408 -2733 12684 END
START -1296 2360 -2712 9120 -2185 11917 END
START -760 2272 -3732 6339 -1344 11528 END
START -468 2212 -4560 3711 -951 11827 END
START 132 1848 -5304 1232 -235 12142 END
START 1080 1716 -5816 -1102 236 12447 END
START 1952 1284 -6828 -3620 431 12641 END
START 3060 1308 -7224 -6319 414 12676 END
START 4596 1120 -7444 -9051 779 12370 END
START 6244 1020 -7072 -11997 1120 11553 END
START 7660 1116 -6584 -15128 1968 9836 END
START 8252 996 -5984 -17860 2623 7441 END
START 8592 688 -4984 -20042 2307 5322 END
START 8840 328 -3976 -21424 1946 3301 END
START 9024 -472 -3440 -22859 1808 1250 END
START 9124 -1692 -2424 -24683 2118 -867 END
START 9164 -2736 -1180 -26955 3397 -2977 END
START 9088 -4096 1268 -29683 5251 -5057 END
START 8968 -4896 3736 -32174 7210 -6737 END
START 9016 -5824 6784 -32768 9521 -8651 END
START 8124 -6428 10240 -32768 11275 -11109 END
START 6016 -6708 14364 -32768 11977 -13936 END
START 2872 -5860 18556 -32768 11050 -16337 END
START -584 -4844 24732 -32768 8985 -17272 END
START -3136 -4268 29920 -32768 7006 -17211 END
START -5856 -5000 32767 -31364 5643 -16409 END
START -7848 -7108 32767 -29300 5831 -15485 END
START -9780 -9948 32767 -26280 7281 -14783 END
START -11656 -12520 32767 -21346 8228 -14285 END
START -13196 -13540 32767 -15107 8280 -13806 END
START -14292 -13788 32767 -9418 7687 -12234 END
START -14620 -12536 32767 -5105 7147 -9246 END