START 3328 -628 15308 -9177 4550 3164 END
START 1172 592 19068 -9826 2570 2229 END
START 2652 1040 17108 -10975 1951 -23 END
START 3136 -32 19660 -10914 -1161 -3699 END
START 2456 176 22472 -10063 -3241 -6582 END
START 1976 36 25232 -9042 -5561 -7966 END
START 1844 -704 27800 -7525 -6341 -8087 END
START 1588 -516 30828 -5374 -5911 -7436 END
START 1752 -1388 32767 -2559 -4247 -7317 END
START 1640 -2280 32767 645 -2598 -8100 END
START 1364 -3056 32767 3858 -2615 -8947 END
START 1052 -4028 32767 7332 -4154 -9850 END
START 680 -5052 32767 10576 -6924 -10977 END
START 460 -5144 32767 13722 -9694 -12105 END
START -80 -5152 32767 16285 -11030 -13509 END
START -1060 -5080 32767 18695 -10009 -14391 END
START -2820 -5300 31568 20710 -7300 -14544 END
START -4272 -5552 29832 21736 -5423 -14096 END
START -5896 -6120 28332 21980 -4788 -13598 END
START -7912 -6536 27988 22675 -4387 -13532 END
START -9852 -6688 27816 24230 -4424 -13355 END
START -11704 -6920 27004 25814 -5005 -12546 END
START -12760 -7076 25940 27221 -4994 -11301 END
START -13720 -7416 24624 28053 -3674 -10099 END
START -15136 -7964 23060 28059 -1340 -8226 END
START -16660 -8564 21412 27518 359 -4966 END
START -16872 -9096 19504 27311 794 -1531 END
START -16388 -9288 17856 27071 198 1615 END
START -15660 -9028 16216 27094 -660 4158 END
START -14384 -8916 14160 27233 -1995 6346 END
START -12192 -7808 12432 27539 -3158 7951 END
START -9444 -6608 10392 27891 -3316 8366 END
START -7624 -5204 8376 27822 -4041 8180 END
START -5864 -4060 5888 27701 -4910 8389 END
START -4008 -2500 3184 26738 -4824 8667 END
START -2412 -1592 296 24388 -3586 8886 END
START -1512 -420 -1992 21083 -1824 9136 END
START -500 216 -4152 17598 -1 9599 END
START 180 772 -5652 14560 1370 10074 END
START 1008 976 -7460 11519 1787 10515 END
START 1804 1252 -9128 8689 1513 10560 END
START 2408 1472 -10836 5988 754 10189 END
START 2748 1396 -12232 3135 -337 9484 END
START 2992 1376 -12928 47 -1765 8559 END
START 2880 1360 -13120 -2706 -3226 7897 END
START 2952 1016 -13012 -5494 -4462 7642 END
START 3040 544 -12872 -8184 -5283 7970 END
START 3592 -228 -12532 -11000 -5656 8531 END
START 4524 -1132 -12292 -14376 -5203 8844 END
START 5624 -2172 -11524 -17882 -4311 8372 END
START 7076 -3744 -9688 -20860 -4109 7279 END
START 8248 -4776 -7840 -23185 -5112 5940 END
START 10056 -5556 -5364 -25390 -6419 4575 END
START 11868 -6396 -2276 -27515 -6378 3054 END
START 13532 -6780 736 -29714 -4635 1873 END
START 15128 -7440 4524 -32299 -1739 465 END
START 16012 -7420 7736 -32768 2000 -1924 END
START 15928 -7920 11524 -32768 5672 -4954 END
START 14384 -8276 14280 -32768 8692 -8694 END
START 10948 -8368 16768 -32768 9871 -13093 END
START 5892 -7956 20556 -32768 8447 -17197 END
START 976 -7396 25712 -32768 6358 -19557 END
START -2280 -7476 30604 -32551 4761 -19414 END
START -4708 -9656 32767 -30478 5024 -17400 END
START -5992 -11724 32767 -29506 7266 -14693 END
START -7220 -13380 32767 -27711 12173 -11310 END