START -1224 -520 11004 -5127 3343 12500 END
START -672 -196 10556 -6411 2464 11832 END
START -580 784 11044 -9952 -900 9837 END
START 2712 712 12056 -13742 -6487 5901 END
START 4396 1512 14636 -14269 -10281 1600 END
START 5164 2020 18472 -11195 -12309 -1389 END
START 6024 2352 20008 -7085 -12884 -2234 END
START 8136 2880 20160 -5566 -11475 -2539 END
START 10288 2768 21508 -6976 -8814 -4184 END
START 11252 2348 24808 -8616 -5364 -7526 END
START 9976 808 29000 -8429 -2683 -11294 END
START 7732 -912 32767 -5960 -2361 -14302 END
START 4772 -2992 32767 -1254 -4579 -16081 END
START 2308 -4996 32767 4589 -7535 -17182 END
START -472 -7356 32767 9856 -9438 -18277 END
START -3528 -8744 32767 14095 -9735 -18877 END
START -7268 -10300 32767 18127 -8503 -18417 END
START -10900 -11472 32767 21890 -6630 -16465 END
START -13256 -11960 32767 25124 -4825 -13277 END
START -14500 -11804 32767 27673 -3057 -9862 END
START -14732 -11376 32228 30224 -1681 -6769 END
START -14064 -10880 28352 32337 -1402 -4248 END
START -12816 -10052 24368 32767 -2342 -2586 END
START -11728 -9356 21028 32767 -3763 -1938 END
START -10928 -8576 18204 32767 -4839 -1482 END
START -10096 -7764 15160 32767 -5235 -771 END
START -9316 -7204 12400 32767 -4691 125 END
START -8584 -6260 9812 32767 -3783 1112 END
START -7684 -5756 7332 32767 -2912 2340 END
START -7008 -4892 4412 31251 -2246 3726 END
START -5964 -4136 1696 28390 -1666 5111 END
START -5268 -3188 -412 24893 -1020 6462 END
START -4820 -2332 -1884 21408 -175 8025 END
START -4404 -1124 -3356 18260 482 9687 END
START -3708 -308 -4756 15222 921 11222 END
START -2452 740 -5784 12100 1170 12081 END
START -1440 1304 -6416 9108 1097 12445 END
START -324 1860 -6988 6529 539 12294 END
START 508 2056 -7536 4095 -598 11808 END
START 1252 2292 -8068 1585 -2027 11072 END
START 2176 2408 -8216 -1129 -3293 10272 END
START 2920 2320 -8660 -4279 -4075 9580 END
START 4044 2212 -8500 -7572 -4064 9182 END
START 4996 2036 -8436 -10919 -3353 8763 END
START 6388 1944 -7580 -14311 -2416 7984 END
START 7516 1784 -6476 -17090 -1658 6587 END
START 8836 1632 -5172 -19335 -1420 4637 END
START 10140 1644 -4232 -21431 -1414 2474 END
START 11352 1056 -3088 -23524 -1330 -49 END
START 12228 412 -1756 -25575 -823 -2733 END
START 12548 -484 -384 -27559 -106 -5341 END
START 12280 -1920 916 -29534 574 -8045 END
START 11672 -3484 2648 -31555 696 -10393 END
START 10392 -5024 5760 -32768 681 -12341 END
START 8512 -6716 9576 -32768 423 -13723 END
START 5932 -7936 14608 -32768 50 -14212 END
START 3880 -8592 20144 -32768 -107 -13680 END
START 2688 -8944 25932 -32768 422 -12383 END
START 1748 -9608 31688 -32768 1972 -11059 END
START 584 -11196 32767 -32768 4121 -10069 END
START -868 -12840 32767 -31156 6190 -9470 END
START -2864 -14388 32767 -27013 8442 -9066 END
START -4116 -15056 32767 -21731 10904 -8806 END