START 1120 1552 12668 -6266 -1120 3057 END
START 1120 1532 12516 -6563 -2006 2757 END
START 1344 1784 12320 -7316 -1978 1783 END
START 3192 748 13168 -8006 -3237 38 END
START 3160 1504 14748 -9073 -4793 -2194 END
START 4392 956 17672 -9563 -6169 -4863 END
START 5060 952 21192 -8632 -6233 -7774 END
START 5032 744 23952 -7344 -5846 -10543 END
START 4424 -304 26944 -5825 -5811 -12965 END
START 3296 -1004 30300 -4120 -6038 -15219 END
START 1080 -2288 32767 -1866 -6004 -16868 END
START -2136 -2852 32767 2308 -6816 -17265 END
START -4528 -4272 32767 7226 -7907 -16664 END
START -6900 -5588 32767 11615 -8514 -15776 END
START -8932 -6956 32767 15335 -7864 -14498 END
START -10824 -8104 32767 18478 -6216 -12538 END
START -12508 -9412 32767 21525 -4080 -10222 END
START -13848 -9908 32767 24509 -2734 -8043 END
START -14700 -10480 32767 27604 -2460 -5937 END
START -14816 -10392 32232 30803 -2916 -4251 END
START -14648 -10320 28580 32767 -4012 -3161 END
START -13880 -10152 25032 32767 -5542 -2458 END
START -12900 -9856 21452 32767 -7249 -1784 END
START -12064 -9088 18280 32767 -9196 -1266 END
START -10624 -8324 14604 32767 -10576 -1040 END
START -9368 -7152 10588 32767 -10892 -718 END
START -8280 -6000 7012 32767 -9168 -258 END
START -7604 -5016 3568 32767 -5483 729 END
START -7444 -4464 1420 29420 -1560 2629 END
START -6924 -3888 -252 24515 969 4891 END
START -6328 -3512 -716 20848 1922 7056 END
START -5620 -3016 -1364 18173 1511 8789 END
START -4204 -2388 -2488 16223 461 9542 END
START -2948 -1560 -3384 14628 -503 9384 END
START -2160 -924 -4432 12509 -960 8749 END
START -1908 -344 -5532 9887 -670 8257 END
START -1944 88 -6128 6972 -109 8449 END
START -1912 492 -6640 3693 523 9253 END
START -1484 604 -7048 391 1332 10521 END
START -1172 1080 -7408 -3028 2019 12057 END
START 172 1340 -7568 -6972 2846 13096 END
START 1564 1704 -7360 -10570 3602 12998 END
START 2892 2056 -6760 -13640 3761 11940 END
START 3788 2160 -6292 -16218 2987 10187 END
START 4776 2236 -5480 -18266 1899 8193 END
START 5644 2108 -4720 -20336 1034 6233 END
START 6472 1872 -3784 -22533 817 4528 END
START 7440 1020 -2620 -24825 938 2889 END
START 7976 176 -1556 -27119 1236 918 END
START 8128 -972 12 -29244 1614 -1264 END
START 8376 -2176 1960 -31182 1597 -3428 END
START 8428 -3488 4456 -32768 1586 -5524 END
START 8200 -4528 7572 -32768 1733 -7390 END
START 7932 -5908 10476 -32768 2387 -9039 END
START 6900 -6624 13696 -32768 3349 -10454 END
START 4792 -7064 17648 -32768 4342 -11562 END
START 2556 -7344 21920 -32768 4974 -12313 END
START -492 -7440 26760 -32768 5377 -12543 END
START -2432 -8556 30772 -32768 6001 -12096 END
START -4140 -9864 32767 -31853 6754 -10827 END
START -5536 -11400 32767 -28328 7407 -9218 END