START 796 404 12864 -424 2945 8973 END
START 856 788 14372 -918 2034 8547 END
START 712 1980 13340 -1882 2996 7306 END
START 2584 1744 14540 -2605 2305 4663 END
START 3996 1856 13968 -3030 1088 1567 END
START 3896 1868 15456 -3666 -2660 -1465 END
START 4684 1740 16808 -3740 -6722 -4181 END
START 4688 1536 19368 -3667 -8036 -6417 END
START 4340 1176 21432 -3239 -6702 -7753 END
START 3852 352 23312 -2714 -3760 -8786 END
START 3432 -704 24460 -2197 -1352 -9825 END
START 2648 -2388 26080 -1364 -785 -11190 END
START 1508 -3432 28020 387 -2564 -12493 END
START 444 -4672 30264 2691 -4619 -13458 END
START -996 -4992 32280 5446 -6090 -14165 END
START -2120 -5548 32767 8666 -6968 -14505 END
START -3548 -5532 32767 11651 -6614 -14726 END
START -5424 -5856 32767 13878 -5526 -14464 END
START -7424 -6040 32767 16231 -3804 -13904 END
START -9600 -6560 32767 18581 -2818 -12973 END
START -11344 -6852 31624 20813 -3212 -11886 END
START -12908 -7408 30232 23078 -4280 -10894 END
START -14512 -8052 28624 25089 -5424 -9660 END
START -15852 -8112 27300 26627 -5862 -7911 END
START -17180 -7916 25456 27450 -5254 -5809 END
START -18048 -7624 23920 27713 -4598 -3004 END
START -17852 -7516 22492 27957 -4272 -17 END
START -17260 -7044 20808 28037 -3901 2469 END
START -16192 -6176 19052 28275 -3866 4371 END
START -14904 -5840 17320 28631 -4186 5694 END
START -13456 -5088 15492 28867 -5196 6455 END
START -12096 -4376 13420 29089 -6274 6838 END
START -10508 -3276 11508 29078 -7247 7192 END
START -8752 -2516 9172 28686 -7305 7417 END
START -7504 -1840 6812 27478 -6757 7605 END
START -6476 -1232 4900 25816 -5829 8215 END
START -5480 -940 2700 23503 -4470 9255 END
START -4544 -148 536 20797 -3045 10185 END
START -3876 352 -696 17830 -1724 11012 END
START -3040 756 -1600 15111 -1148 11938 END
START -1536 1132 -2452 12704 -991 12418 END
START -452 1480 -3404 10609 -1049 12004 END
START 584 1828 -3872 8528 -1117 11105 END
START 896 2204 -4368 6675 -981 10379 END
START 1112 1968 -4816 4848 -993 9995 END
START 1488 1840 -5536 2677 -1233 9936 END
START 2264 1880 -5784 236 -808 9979 END
START 3052 1948 -5724 -2234 -122 10054 END
START 4672 2168 -5456 -4822 405 9924 END
START 6372 2192 -4864 -7135 466 9691 END
START 8264 2312 -4064 -9275 809 9031 END
START 10088 2596 -3336 -11264 2024 7407 END
START 11312 2648 -2804 -13063 3745 4483 END
START 11504 2116 -2408 -14696 4814 1383 END
START 11088 1260 -2216 -16055 5383 -1379 END
START 10664 4 -1880 -17467 6169 -3556 END
START 9776 -1044 -1876 -19125 7160 -5365 END
START 8868 -2504 -1372 -21361 8247 -6898 END
START 8016 -4384 -148 -23629 9303 -8124 END
START 7068 -5676 1132 -25781 10040 -9111 END
START 5976 -6588 2796 -27709 10110 -9834 END
START 4864 -7388 4720 -29153 9691 -10446 END
START 3672 -7532 6696 -30388 8217 -11163 END
START 2484 -7320 9120 -31623 5740 -11853 END
START 1236 -6624 12040 -32763 2997 -12586 END
START 72 -5468 16024 -32768 1202 -13603 END
START -768 -5280 20652 -32768 1640 -15224 END