START 552 -2252 19896 -10124 3219 521 END
START 672 -2236 20608 -10259 3274 152 END
START 172 -1940 20800 -10706 2786 -727 END
START 264 -2604 24776 -10314 2184 -2102 END
START 596 -2588 26296 -9025 1962 -3316 END
START 388 -2684 29112 -7252 974 -4264 END
START 684 -3288 31348 -4694 445 -5050 END
START 572 -3236 32767 -1857 104 -6131 END
START -212 -4492 32767 1207 -653 -7299 END
START -1276 -4608 32767 4954 -2108 -8172 END
START -2112 -4660 32767 9008 -3876 -8837 END
START -3008 -4608 32767 13163 -5308 -9256 END
START -3892 -4396 32767 16838 -5817 -9292 END
START -4792 -4560 32767 19639 -5740 -9031 END
START -5568 -4908 31784 21425 -5355 -8766 END
START -6640 -5204 30396 22686 -4725 -8723 END
START -8016 -5780 29156 24072 -4179 -8624 END
START -9376 -6612 27852 25710 -3800 -8545 END
START -10808 -7376 26228 27426 -3522 -8296 END
START -12468 -8224 24528 29103 -4031 -7234 END
START -13480 -8956 22224 30173 -4499 -5670 END
START -14124 -9096 19984 30680 -4371 -4000 END
START -14476 -9204 17992 30816 -4138 -2261 END
START -14328 -8744 15684 30711 -3645 -370 END
START -14180 -8084 13852 30497 -3419 1473 END
START -13584 -7128 11504 30002 -3508 2945 END
START -12600 -5944 9568 29158 -3409 4014 END
START -11656 -4964 7924 28025 -3440 5047 END
START -10408 -3840 6224 26570 -3166 6235 END
START -9124 -2628 4492 24420 -2173 7602 END
START -7604 -1624 3024 21831 -701 9113 END
START -6148 -624 1900 18971 805 10359 END
START -4600 436 1188 16297 2124 11286 END
START -3408 1164 644 13875 2833 11726 END
START -2168 1684 212 11944 2985 11763 END
START -1088 2252 -748 9937 2611 11180 END
START -12 2652 -1368 7977 2222 10131 END
START 456 2968 -1908 6031 1797 8983 END
START 600 2920 -2344 4178 1166 8234 END
START 952 2964 -2828 2318 891 8108 END
START 1504 2972 -3336 -64 1267 8385 END
START 2528 3124 -3584 -3087 2276 8451 END
START 3472 3076 -3236 -6354 3241 8147 END
START 4364 3100 -2584 -9101 3693 7425 END
START 5388 3100 -1616 -11143 3767 6161 END
START 6108 3040 -1016 -12772 3438 4542 END
START 6520 2724 -244 -14247 3091 2440 END
START 6216 2352 132 -15606 2719 397 END
START 5956 1376 612 -17148 2386 -1444 END
START 5288 332 1316 -19078 2296 -3121 END
START 4692 -672 2156 -20966 2082 -3993 END
START 4780 -1692 3540 -22944 1767 -4312 END
START 5240 -2168 5252 -24988 1574 -4622 END
START 6192 -2632 7256 -26828 1819 -5489 END
START 7076 -3304 8804 -28463 2608 -7489 END
START 6836 -4120 10680 -29742 3234 -9978 END
START 5952 -5756 12716 -30710 3276 -12708 END
START 4120 -7120 15424 -31340 2499 -15220 END
START 2176 -7516 18276 -31034 884 -16453 END
START 824 -7024 21092 -29933 -871 -16837 END
START -232 -6656 23816 -28704 -2157 -16969 END
START -1960 -6504 26460 -28233 -2184 -16849 END
START -4076 -6776 29352 -27473 -1460 -15917 END
START -5620 -7836 31596 -26277 2 -14463 END
START -6424 -9000 32767 -24498 2450 -12974 END