START 2280 1228 18408 -2670 -154 8257 END
START 240 2656 20428 -2835 -1425 8125 END
START 3140 2920 18548 -3473 -1197 7327 END
START 6448 2196 20808 -4361 -790 4975 END
START 7324 2704 22116 -5757 992 1211 END
START 7092 2556 24092 -6879 991 -2188 END
START 6856 1892 26216 -6460 -194 -4264 END
START 6304 1832 28596 -4603 -2666 -4871 END
START 6628 1704 30576 -1316 -4779 -5192 END
START 7048 1472 31812 1886 -5769 -6210 END
START 7572 568 31860 4125 -5357 -7943 END
START 6888 -164 32767 5431 -4751 -9994 END
START 5076 -1496 32767 7522 -4559 -11625 END
START 3496 -2712 32767 11209 -4803 -12608 END
START 1148 -4028 32767 15183 -5958 -13602 END
START -1748 -5144 32767 18070 -7077 -14667 END
START -4324 -6460 32767 19941 -6707 -15365 END
START -7632 -8004 32767 21430 -6707 -15157 END
START -10560 -8612 32767 23321 -6932 -14052 END
START -12564 -8980 31732 25466 -6790 -12122 END
START -13636 -9268 29816 26700 -6171 -9843 END
START -13992 -9584 27656 27641 -5245 -7572 END
START -14152 -9532 25540 28582 -4537 -5630 END
START -13940 -9112 22952 29768 -4969 -3937 END
START -13244 -8360 20320 31004 -6283 -2645 END
START -12224 -7228 17292 32103 -7687 -1418 END
START -11156 -6140 14128 32451 -8601 -525 END
START -9860 -5168 10972 32081 -8995 286 END
START -8840 -4172 8720 31044 -9059 1118 END
START -7316 -3436 5908 29445 -8529 2070 END
START -6556 -2648 3488 27249 -7539 3069 END
START -5500 -2084 1084 24619 -6197 3949 END
START -4472 -1484 -624 21737 -4749 4649 END
START -3756 -1168 -2340 18864 -3276 5430 END
START -2960 -636 -3752 15939 -2282 6301 END
START -2528 -320 -4448 13429 -1624 7001 END
START -1932 136 -5772 10864 -1147 7488 END
START -1540 144 -7128 8379 -1436 7753 END
START -1268 588 -7676 6085 -1933 8292 END
START -928 704 -8332 3638 -2015 9048 END
START -12 1184 -9112 1039 -1408 9713 END
START 660 1224 -9284 -1472 -1245 10176 END
START 1708 1136 -9684 -4115 -1439 10296 END
START 2600 1044 -9536 -6844 -1826 10126 END
START 3628 784 -9356 -9483 -2049 9988 END
START 4672 396 -8880 -12221 -1800 9655 END
START 5780 16 -8100 -15188 -1333 9202 END
START 7228 -488 -7224 -18021 -578 8218 END
START 8140 -1072 -6088 -20777 8 6907 END
START 8920 -1364 -5120 -23441 675 5339 END
START 9528 -2156 -3460 -26098 1538 3686 END
START 10680 -2884 -1188 -28740 2750 2102 END
START 12128 -3312 1228 -31200 4258 415 END
START 13284 -4228 4128 -32768 6267 -2051 END
START 13004 -5280 6724 -32768 8851 -5756 END
START 11604 -7172 9956 -32768 10663 -9652 END
START 8756 -8748 13876 -32768 11427 -13110 END
START 5320 -9776 18624 -32768 10753 -15099 END
START 2376 -10764 23584 -32768 9757 -15918 END