START -648 156 20508 -4211 -2056 -3885 END
START -1424 92 21128 -4157 -2124 -4066 END
START -88 -464 21932 -4102 -1883 -4465 END
START -364 -348 23820 -3659 -1061 -4755 END
START -868 -24 25572 -2890 -829 -5044 END
START -536 -76 26588 -1830 -740 -5312 END
START -1020 296 27952 -988 -535 -5726 END
START -1480 204 29648 270 -1171 -6128 END
START -1904 36 31256 2301 -2299 -6788 END
START -2248 -376 32540 5227 -3738 -7716 END
START -2636 -1112 32767 8639 -4632 -8926 END
START -3692 -1472 32767 12214 -5013 -9964 END
START -4948 -2332 32767 15533 -5315 -10619 END
START -6768 -3052 31792 18412 -5534 -10579 END
START -8400 -3952 30648 20863 -6522 -10216 END
START -9800 -4484 29288 22804 -7080 -9650 END
START -10948 -4776 27920 24547 -7348 -8933 END
START -11756 -5320 26068 25469 -7020 -8133 END
START -12304 -5584 24456 26249 -6482 -6843 END
START -12616 -5564 22996 26742 -6024 -5360 END
START -12356 -5488 21476 27041 -5226 -3795 END
START -12132 -5160 19744 27386 -4282 -2285 END
START -11624 -4624 17772 28002 -4324 -1073 END
START -10464 -3988 15104 28504 -5242 -669 END
START -9704 -3504 12868 28674 -6145 -959 END
START -9456 -2916 10440 28739 -6728 -1188 END
START -9040 -2224 7688 28026 -6879 -645 END
START -8496 -1528 5304 25944 -5521 615 END
START -7884 -992 2904 22596 -3066 2561 END
START -7164 -536 916 18389 -116 5140 END
START -6316 -476 -280 14429 1785 7389 END
START -5092 -540 -1044 11412 2097 8967 END
START -3600 -396 -1688 9322 1285 9380 END
START -2344 -424 -2160 7958 -624 8694 END
START -1572 -440 -2660 7107 -2642 7620 END
START -1292 -576 -3468 6100 -4015 6771 END
START -1144 -784 -4716 4312 -4367 6758 END
START -852 -1076 -5436 1474 -3802 7617 END
START -516 -1164 -5744 -1912 -2808 9189 END
START 624 -952 -5488 -5245 -1947 10715 END
START 2112 -552 -4972 -7993 -1461 11444 END
START 3512 -48 -4520 -10264 -1534 11241 END
START 5048 436 -3588 -12197 -2103 10168 END
START 6332 968 -2612 -13498 -2742 8776 END
START 7508 1520 -1692 -14601 -3058 7397 END
START 8568 1932 -1152 -16035 -2625 5906 END
START 9608 1536 -300 -18088 -1783 4222 END
START 10420 1208 1212 -20468 -664 2611 END
START 10860 732 3108 -22746 883 974 END
START 11032 312 5220 -24344 2256 -691 END
START 11096 144 6940 -25549 3430 -2567 END
START 11100 -324 8880 -26246 4294 -4962 END
START 10844 -1160 10544 -26692 4797 -8166 END
START 9500 -2044 12640 -27096 4643 -11818 END
START 6472 -2612 15052 -27364 4072 -15010 END
START 3052 -2944 17992 -27530 3231 -17180 END
START -168 -2988 21504 -27440 2144 -17477 END
START -2664 -3664 25880 -27115 1557 -16277 END
START -3712 -4700 30700 -26874 2092 -14641 END
START -5840 -6224 32767 -26018 3535 -12461 END
START -7484 -7644 32767 -23639 4317 -9668 END
START -8424 -9076 32767 -20709 5246 -6935 END