START 188 -1752 16812 2252 -4481 4742 END
START -252 -1464 18448 2054 -5065 4990 END
START 1056 -1620 17120 1230 -4443 5164 END
START 2732 -1864 18084 -248 -1433 4875 END
START 3864 -1784 19328 -2075 2794 3249 END
START 4292 -1496 20600 -3087 6191 1019 END
START 4200 -1816 21608 -2965 7741 -1359 END
START 3500 -1612 22504 -2073 6052 -2732 END
START 3688 -2100 22992 -485 2416 -2879 END
START 4552 -1620 23564 880 -1014 -3113 END
START 5364 -1320 24132 1253 -2835 -4242 END
START 5692 -868 24524 990 -2829 -6041 END
START 5660 -656 25416 1071 -1843 -7785 END
START 5008 -516 26320 2013 -355 -9375 END
START 3880 -660 27280 3840 740 -10259 END
START 2700 -1180 27396 5791 721 -10511 END
START 1756 -1892 27524 7377 -350 -10477 END
START 1132 -2196 28052 8929 -1735 -10713 END
START -28 -2540 28672 10368 -2718 -11174 END
START -1252 -3296 29092 11714 -3236 -11551 END
START -2548 -3376 29260 13269 -2884 -11907 END
START -4568 -3460 29292 14745 -1955 -12253 END
START -6900 -3780 28720 16159 -1582 -11957 END
START -9492 -3960 28192 17542 -2021 -11306 END
START -11468 -4340 27792 18916 -2752 -10323 END
START -13148 -4960 27304 20003 -3237 -8997 END
START -14340 -5464 27348 21012 -3256 -7427 END
START -15020 -6272 27296 22461 -2781 -5456 END
START -15248 -7184 26812 23957 -1768 -3192 END
START -15456 -7896 25556 25675 -768 -961 END
START -15620 -8164 23772 27043 -518 1220 END
START -14660 -8184 21720 28081 -653 3022 END
START -13972 -7428 19552 28778 -941 4395 END
START -12936 -6932 17384 29526 -1279 5548 END
START -11816 -6284 14508 30124 -1784 6449 END
START -10652 -5752 11896 30315 -2664 7579 END
START -9172 -4812 9012 29962 -3055 8621 END
START -7992 -4272 6372 29028 -2639 9421 END
START -6708 -3424 3156 27002 -1615 10183 END
START -5628 -2672 628 24016 -168 11212 END
START -4132 -1648 -1848 20680 1330 12198 END
START -2076 -748 -3848 17170 2763 13043 END
START -116 176 -5792 13868 3197 13419 END
START 1624 944 -7704 10463 2482 13212 END
START 3220 2000 -9552 7649 1368 12295 END
START 4496 2472 -11108 5115 28 10842 END
START 5308 2912 -12512 2386 -1156 9178 END
START 5872 3108 -13460 -969 -1944 7658 END
START 6116 2948 -13684 -4856 -2559 6431 END
START 6228 2596 -13472 -8654 -2746 5391 END
START 5892 1892 -12624 -11763 -2882 4662 END
START 5592 988 -11928 -14386 -2902 4379 END
START 5664 -116 -11288 -17262 -2651 4148 END
START 5996 -1448 -10208 -20623 -2398 3449 END
START 6552 -3128 -8476 -23683 -2236 2301 END
START 6884 -4828 -6836 -26236 -2606 1000 END
START 7156 -6224 -4864 -28645 -3390 -200 END
START 7688 -7492 -2568 -30908 -3549 -1321 END
START 7844 -8648 352 -32768 -2682 -2387 END
START 7568 -9564 3516 -32768 -1803 -3479 END
START 7084 -10068 7968 -32768 -1367 -3859 END
START 6792 -10872 13348 -32768 -924 -3584 END
START 6556 -10884 18664 -32768 457 -2554 END
START 6192 -11132 24112 -32768 3203 -1999 END