START 3200 1420 17248 -987 1271 4181 END
START 3960 1556 14132 -1415 -14 3570 END
START 4052 2852 16132 -2787 -383 2103 END
START 4964 2348 19188 -4502 -2021 175 END
START 5668 2284 21164 -6174 -1558 -1919 END
START 5852 2448 23456 -7125 -1871 -4117 END
START 5556 2056 25864 -6798 -2146 -5931 END
START 5148 1636 27904 -5578 -1859 -7667 END
START 4468 880 30140 -3373 -1344 -8943 END
START 3712 108 31788 -473 -744 -9805 END
START 2960 -772 32476 2558 -857 -10626 END
START 1708 -1744 32767 5589 -1731 -11148 END
START 440 -2656 32767 8729 -3302 -11511 END
START -616 -3296 32767 11636 -4829 -12060 END
START -2096 -4012 32767 14238 -6132 -12663 END
START -3324 -4676 32767 16711 -6794 -12893 END
START -4752 -5360 32392 18647 -5883 -13028 END
START -6772 -6128 31084 20334 -4292 -12630 END
START -9032 -6960 30036 21688 -3232 -11788 END
START -11236 -7720 28472 23049 -3167 -10317 END
START -12684 -8124 27076 24503 -3413 -8431 END
START -14024 -8548 25768 25828 -3731 -6563 END
START -14180 -8776 24068 26864 -3938 -4525 END
START -14420 -8636 22568 27325 -3666 -2370 END
START -14212 -8360 20956 27377 -2892 -180 END
START -14052 -8032 19084 27335 -1994 1923 END
START -13692 -7812 17616 27656 -1418 3847 END
START -12840 -7148 15628 27971 -1444 5508 END
START -11556 -6268 13324 27942 -1937 6911 END
START -10328 -5372 11564 27569 -2525 8190 END
START -8820 -4180 9328 26824 -2669 9371 END
START -6732 -3060 7172 25244 -2535 10220 END
START -4692 -1744 5156 22836 -1556 10263 END
START -3744 -520 3640 20538 -529 9894 END
START -2660 448 2240 18846 -244 9685 END
START -1976 744 1188 17353 -450 9434 END
START -1368 1204 -128 16135 -1016 9148 END
START -864 1528 -1560 14659 -1492 8962 END
START 108 1728 -3120 12533 -1574 8870 END
START 780 1892 -4448 9971 -1101 8982 END
START 1248 1932 -6004 7369 -403 9338 END
START 1828 1876 -7096 4665 10 9612 END
START 2648 1680 -8284 2150 -328 9723 END
START 3596 1436 -9236 -611 -944 9581 END
START 4436 1424 -9484 -3388 -1916 9193 END
START 5020 1432 -9536 -6097 -2763 8589 END
START 5572 1320 -9604 -8625 -3813 7744 END
START 5848 1168 -9620 -10933 -5014 6904 END
START 6268 904 -9936 -13276 -5764 6150 END
START 6860 332 -10452 -16066 -5512 5696 END
START 7800 -616 -10776 -19754 -5090 5276 END
START 8616 -1744 -10224 -23996 -4942 4521 END
START 9796 -3080 -8652 -27914 -4992 3399 END
START 11460 -4632 -5952 -30681 -4944 1752 END
START 13100 -6104 -2776 -32539 -5054 -388 END
START 14356 -7404 340 -32768 -4647 -3325 END
START 14956 -8596 3872 -32768 -3578 -6679 END
START 14832 -10196 8408 -32768 -1546 -10203 END
START 13632 -12224 14388 -32768 977 -13126 END
START 10860 -14500 21852 -32768 3582 -15643 END
START 6480 -15488 29492 -32768 6830 -17158 END