START 1692 328 16884 -3437 1980 8505 END
START 1740 636 16628 -3624 858 7968 END
START 2536 988 16452 -3893 31 6954 END
START 3672 296 17504 -3987 -849 5121 END
START 4760 484 17844 -4460 -531 2915 END
START 5076 400 18840 -5031 -413 712 END
START 5656 140 19552 -5056 -239 -1103 END
START 6200 156 20496 -5180 -51 -3186 END
START 6620 -328 21624 -4856 95 -5516 END
START 6724 -340 22784 -3861 -140 -7959 END
START 6148 -1320 23488 -2267 -863 -10152 END
START 5292 -2188 24260 -341 -1712 -11513 END
START 4320 -2800 24556 1451 -2264 -12110 END
START 3020 -3364 24948 2584 -2270 -12438 END
START 1960 -3552 25120 3481 -1748 -12538 END
START 328 -3620 25524 4048 -1517 -12580 END
START -928 -3484 26128 5112 -1977 -12475 END
START -2412 -3412 27196 6552 -2736 -12241 END
START -3720 -2796 27840 8091 -3484 -12035 END
START -4744 -2616 28576 9141 -3979 -11813 END
START -5848 -2852 30048 9774 -4290 -11217 END
START -7056 -2944 31932 11143 -3737 -10309 END
START -8508 -3412 32767 13364 -2721 -9500 END
START -10368 -4124 32767 16071 -2381 -8640 END
START -11756 -4648 32767 18862 -3444 -7750 END
START -12736 -5032 32604 21795 -4998 -6853 END
START -13500 -5324 31900 24333 -5792 -5955 END
START -13808 -5856 31036 26331 -5487 -4764 END
START -13992 -6236 29464 27790 -4588 -3335 END
START -13944 -7076 27804 28830 -3753 -1686 END
START -13572 -7552 25788 29965 -2937 12 END
START -12912 -7800 23372 31004 -2431 1543 END
START -11828 -7700 20252 31775 -2355 2854 END
START -10676 -7092 16540 32265 -2832 3861 END
START -9364 -6256 13328 32346 -3644 4613 END
START -7968 -5616 10088 31823 -4424 5130 END
START -7156 -4576 7604 30755 -5160 5689 END
START -5056 -3960 4028 29197 -5202 6218 END
START -3888 -3292 776 26701 -4089 6679 END
START -3368 -2300 -2260 23377 -2268 7579 END
START -2676 -1560 -5220 19426 -366 9120 END
START -2004 -768 -7576 15491 1046 10895 END
START -712 48 -10268 11670 1523 12363 END
START 884 588 -12020 8049 1085 12707 END
START 2196 1168 -13256 4591 -99 11657 END
START 3008 1452 -13644 1485 -2066 9831 END
START 3336 1248 -13636 -959 -4649 8001 END
START 3692 732 -13108 -3229 -7268 6838 END
START 4116 -60 -12460 -5428 -8866 6287 END
START 4320 -852 -11652 -8207 -8558 6358 END
START 4952 -1752 -10408 -11602 -6943 6840 END
START 5632 -2468 -8928 -15341 -5113 7432 END
START 6848 -3296 -6824 -18480 -3958 7421 END
START 8200 -4088 -4716 -20871 -3015 6615 END
START 9388 -4980 -2624 -22711 -2487 5209 END
START 10576 -5760 -596 -24220 -1833 3155 END
START 11012 -6268 1184 -25591 -434 698 END
START 11076 -7244 2996 -27520 1639 -1335 END
START 10536 -7620 5164 -29716 4143 -2936 END
START 10148 -7848 7580 -31803 6327 -4017 END
START 9636 -8004 9948 -32768 8877 -5389 END
START 8012 -7964 12360 -32768 10967 -7756 END
START 5280 -8080 15436 -32768 11508 -10554 END
START 1788 -7964 20176 -32768 9897 -12927 END
START -452 -7456 24896 -32768 6992 -13618 END
START -1324 -8008 29736 -32768 4190 -12693 END