START 1672 -600 15852 -1519 470 11692 END
START 2604 -404 16096 -2013 -215 11371 END
START 2660 396 15840 -3150 481 10108 END
START 5132 524 17768 -4170 798 7334 END
START 6892 728 18640 -5013 1597 3049 END
START 6948 344 19976 -5523 -254 -1882 END
START 6800 -260 21424 -5100 -3771 -5799 END
START 5948 -508 23640 -3859 -7491 -8781 END
START 5204 -1180 25740 -1609 -9631 -10415 END
START 4444 -1492 27212 481 -9227 -11217 END
START 4328 -2344 28968 1832 -6564 -11344 END
START 3816 -2988 30416 2919 -3085 -11788 END
START 2212 -3824 32144 4568 -1268 -12362 END
START 704 -4676 32767 7267 -1982 -13050 END
START -1340 -5424 32767 10594 -4527 -14100 END
START -3256 -5732 32767 14634 -7539 -15172 END
START -5472 -6084 32767 18220 -9088 -15623 END
START -7748 -6280 32767 20860 -9011 -15347 END
START -9844 -6716 31548 22349 -7747 -14571 END
START -11972 -7544 30304 23272 -6190 -12930 END
START -13416 -8260 28848 24191 -4251 -10695 END
START -14924 -8916 27248 25298 -2834 -8295 END
START -15980 -9056 25576 26519 -2843 -5584 END
START -16688 -8704 23472 27593 -3605 -2946 END
START -16576 -7488 21672 28064 -4598 -662 END
START -16076 -6404 20312 28369 -5049 1239 END
START -15164 -5892 18952 28814 -4987 3423 END
START -13756 -5344 17004 28724 -4358 5598 END
START -12232 -4748 15296 28318 -3574 7295 END
START -10912 -4392 13612 27750 -3032 8438 END
START -9368 -3952 11952 27101 -2898 9257 END
START -7496 -3388 10084 26461 -3458 9541 END
START -6196 -3112 8320 25849 -4466 9066 END
START -5124 -2328 5956 25562 -5455 8845 END
START -3992 -1880 3564 24442 -5758 8928 END
START -2948 -1504 964 22390 -4615 9437 END
START -1600 -860 -1664 19296 -2069 10220 END
START -296 -388 -4240 15377 1104 11194 END
START 988 -92 -6316 11589 3232 12196 END
START 2312 88 -8520 8162 3585 12848 END
START 3320 160 -10324 5032 2152 12624 END
START 4356 476 -11400 2185 23 11353 END
START 4808 688 -12164 -403 -1774 9600 END
START 4924 828 -12476 -2878 -2840 7917 END
START 4948 628 -12856 -5446 -3185 6508 END
START 5332 -52 -13032 -8398 -3386 5530 END
START 5668 -688 -12692 -11603 -3920 5153 END
START 6236 -1668 -11800 -14935 -3985 5089 END
START 7200 -2360 -10520 -18138 -3657 5069 END
START 8428 -3400 -8716 -21452 -2855 4350 END
START 9608 -4604 -6416 -24426 -1803 2763 END
START 10432 -5928 -3864 -26662 -778 609 END
START 10684 -7016 -1776 -28274 -245 -1559 END
START 11144 -8316 536 -29971 356 -3950 END
START 11044 -8844 2764 -31867 1548 -5819 END
START 11140 -8836 5784 -32768 3644 -7627 END
START 11092 -8552 9024 -32768 6346 -9544 END
START 10792 -8336 12496 -32768 9073 -11878 END
START 9280 -8708 17276 -32768 12637 -15135 END
START 5556 -9240 22360 -32768 16168 -19031 END
START 176 -11420 28124 -32768 16889 -22325 END
START -5440 -13500 32767 -32768 12732 -23658 END
START -9932 -14992 32767 -28670 5344 -22339 END