START -2312 -1756 15272 3299 -4453 941 END
START -2520 -1728 15328 2709 -6200 953 END
START -2268 -624 13524 1065 -7163 864 END
START -1020 -1192 15652 -870 -7820 1487 END
START -212 -256 16384 -2800 -6304 1809 END
START 2148 380 17540 -4580 -3898 1159 END
START 3396 516 19376 -6003 -732 -1204 END
START 3988 652 20872 -6625 1398 -4478 END
START 3448 652 22440 -6142 1386 -7242 END
START 2952 -60 23868 -4860 51 -8987 END
START 1832 -360 25324 -2830 -2270 -10040 END
START 836 -624 26832 92 -4105 -10409 END
START 432 -1180 27556 2407 -4770 -10694 END
START -960 -2196 28692 4188 -4480 -11140 END
START -2540 -2880 30188 6111 -3813 -11139 END
START -4116 -3664 31328 8255 -3270 -10770 END
START -5576 -4016 32216 10507 -2857 -9951 END
START -7204 -4084 32400 12982 -2844 -8961 END
START -8608 -4264 32080 15498 -3403 -7841 END
START -9792 -4204 31476 17865 -4401 -6424 END
START -10356 -4388 30720 19969 -5026 -4969 END
START -10828 -4260 29744 22073 -5222 -3757 END
START -10736 -4612 28344 23855 -5382 -2656 END
START -10488 -4776 26720 25173 -5891 -1684 END
START -10000 -4920 25452 26031 -6295 -707 END
START -9388 -4944 23852 26727 -6091 168 END
START -8852 -4912 22380 27227 -5391 800 END
START -8436 -4828 20364 27610 -4856 1529 END
START -8288 -4720 18036 27868 -4917 2277 END
START -8016 -4456 15244 27771 -5065 2934 END
START -7608 -4040 12612 27292 -5426 3705 END
START -6600 -3528 9984 26171 -5501 4520 END
START -5848 -3304 7988 24493 -5153 5169 END
START -4960 -3124 6168 22763 -4334 5781 END
START -4360 -2924 4200 20756 -3260 6422 END
START -3692 -2636 2296 18519 -2313 7273 END
START -2940 -2232 336 16158 -1709 8222 END
START -2212 -1868 -1544 13531 -1147 9115 END
START -1436 -1276 -3268 10942 -642 9934 END
START -360 -904 -5124 8190 -175 10280 END
START 444 -480 -6700 5334 -17 9895 END
START 1012 -276 -7636 2681 -327 9065 END
START 1244 224 -8220 228 -1186 8200 END
START 1700 376 -8656 -1934 -2431 7695 END
START 2216 396 -9096 -4566 -3629 7292 END
START 2532 424 -9232 -7431 -4114 7065 END
START 3008 196 -9108 -10403 -3900 7132 END
START 3600 -320 -8792 -13688 -3322 7111 END
START 4392 -1136 -8260 -17154 -2763 6689 END
START 4828 -2124 -7140 -20185 -2477 5732 END
START 5568 -3432 -5700 -22807 -2654 4643 END
START 6440 -4216 -4236 -25217 -3023 3616 END
START 7852 -4944 -2012 -27991 -2858 2403 END
START 9056 -5004 1208 -30931 -2444 1271 END
START 10760 -4416 5000 -32768 -1651 223 END
START 12776 -3780 9288 -32768 126 -1188 END
START 14424 -3416 14476 -32768 3117 -3792 END
START 14960 -3928 20912 -32768 7656 -8090 END
START 12512 -5496 28184 -32768 12749 -13588 END
START 7968 -6652 32767 -32768 16025 -18582 END
START 2400 -7896 32767 -30050 15043 -21583 END
START -2136 -9596 32767 -23997 11385 -22739 END
START -5648 -10952 32767 -18402 7622 -22036 END