START -952 -600 24136 -5321 1283 -7585 END
START -1640 -548 25116 -5075 1138 -7770 END
START -924 -564 24552 -4563 402 -8201 END
START -2036 -872 27232 -2983 -824 -8991 END
START -2260 -1344 28748 -871 -1142 -10086 END
START -3948 -1580 30308 1902 -2212 -10953 END
START -6168 -2024 31648 5006 -3913 -11170 END
START -8508 -2816 31976 8071 -5307 -10312 END
START -10080 -2864 32767 10739 -6786 -8959 END
START -11148 -3380 32767 12948 -7412 -7250 END
START -12268 -4228 32767 14738 -7468 -6234 END
START -13784 -5356 32767 18060 -6999 -5267 END
START -15064 -6244 32767 22380 -7450 -4180 END
START -15668 -7016 32767 26524 -8726 -2887 END
START -16152 -7164 31448 29488 -10008 -1758 END
START -16240 -7168 28908 31621 -10752 -309 END
START -16076 -6788 26260 32767 -10985 1378 END
START -15148 -6720 23400 32767 -10985 3305 END
START -13672 -6500 20772 32767 -10817 4583 END
START -12172 -5956 17832 32767 -10395 4685 END
START -11048 -5648 15212 32767 -10400 4277 END
START -10088 -4964 12716 32767 -11754 4082 END
START -8948 -4200 9812 32767 -13180 4025 END
START -7892 -3504 7136 32767 -13766 3804 END
START -6820 -2820 4488 32767 -13109 3609 END
START -6356 -2380 2084 30874 -10678 3796 END
START -6284 -2024 76 27046 -7136 5195 END
START -6148 -1664 -1396 23044 -3802 7353 END
START -4944 -1392 -2788 19017 -537 9603 END
START -4084 -1128 -3912 15421 1648 11168 END
START -2868 -668 -4456 12753 2096 11694 END
START -1584 -132 -5408 10655 1044 11382 END
START -572 420 -6472 8726 -445 10675 END
START 16 896 -7676 6629 -1160 10099 END
START 664 972 -8824 4103 -1090 9926 END
START 1240 1152 -9840 1034 -986 10065 END
START 2324 1308 -10204 -2366 -519 10501 END
START 3608 1416 -10304 -5877 471 10786 END
START 5316 1632 -10212 -9417 1815 10204 END
START 6144 1596 -9740 -12740 2378 8830 END
START 7052 1380 -9076 -15486 2337 6988 END
START 7556 920 -8368 -17469 1781 5168 END
START 7844 532 -7640 -19167 1120 3625 END
START 8560 76 -7504 -21491 1405 1992 END
START 9212 -776 -6504 -24307 2409 389 END
START 9696 -1488 -5104 -27331 3752 -1346 END
START 10516 -2304 -3164 -30180 5460 -3557 END
START 11004 -3376 -728 -32768 7226 -6141 END
START 11136 -4320 2092 -32768 8432 -9190 END
START 11100 -4868 5804 -32768 8873 -12087 END
START 10528 -5408 10192 -32768 9658 -15218 END
START 8196 -6220 15276 -32768 10840 -19209 END
START 4548 -7228 20964 -32768 11142 -22784 END
START 572 -7832 26620 -32768 10570 -25019 END
START -3788 -8924 32504 -32768 10146 -25430 END
START -7668 -10144 32767 -32363 8913 -24204 END
START -10828 -11860 32767 -27570 6980 -21407 END
START -13252 -12952 32767 -23615 6228 -17679 END
START -13964 -13508 32767 -20585 6391 -13225 END
START -13668 -13716 32767 -17383 7432 -8842 END