START -2792 -1968 19116 3535 -2772 923 END
START -3648 -1688 17676 3166 -3113 1024 END
START -2164 -1040 17612 1921 -3160 1194 END
START -628 -1196 18688 351 -1640 1485 END
START 76 -536 18452 -1673 816 889 END
START 976 -136 18944 -3348 1880 -467 END
START 1824 -4 19988 -3470 2498 -2380 END
START 1800 376 20920 -2081 1700 -4532 END
START 1408 372 22616 566 -882 -6302 END
START 1492 360 23548 3658 -3326 -7576 END
START 1720 76 24560 6312 -4812 -8655 END
START 1696 -152 24700 8222 -5038 -9709 END
START 1188 76 25240 9121 -4676 -10757 END
START 392 208 25920 9598 -3641 -11508 END
START -1072 152 26968 10260 -2779 -12089 END
START -2856 -220 27680 11635 -2177 -12407 END
START -4444 -1008 28164 13916 -2455 -12360 END
START -6076 -2116 28216 15856 -3383 -12176 END
START -7436 -2804 28644 17602 -3865 -11718 END
START -9264 -3508 28848 19449 -3818 -10876 END
START -10988 -4808 28652 21692 -4237 -9340 END
START -11960 -5404 27424 23733 -4436 -7504 END
START -13152 -6044 25704 25201 -4332 -5359 END
START -13904 -6116 23948 26349 -4716 -2650 END
START -13800 -5912 21564 27206 -4865 88 END
START -13236 -5448 19348 27418 -4689 2405 END
START -12436 -4892 16996 27069 -4467 4197 END
START -11688 -4384 14276 26514 -4747 5597 END
START -11004 -3428 11908 25687 -5370 6887 END
START -10188 -2596 9904 24817 -6178 8281 END
START -8880 -1840 7788 23676 -6763 9754 END
START -7312 -1016 5752 22196 -6708 10992 END
START -5748 -512 3900 20066 -5676 11824 END
START -3740 112 2240 17363 -3756 11983 END
START -2336 744 832 14716 -1826 11709 END
START -1252 924 -688 12495 -1060 11532 END
START -248 992 -2312 10240 -1373 11358 END
START 828 1300 -3936 8069 -1995 11040 END
START 1896 1348 -5272 5965 -2575 10525 END
START 3124 1372 -6688 3312 -3120 9831 END
START 4160 1632 -7104 489 -3413 8937 END
START 4852 1724 -7360 -2252 -3232 7949 END
START 5436 1688 -7600 -4949 -2764 7223 END
START 5956 1820 -7780 -7841 -2422 6685 END
START 6512 1608 -7596 -10619 -2065 6222 END
START 7332 1456 -7308 -13533 -1658 5584 END
START 8272 984 -6412 -16560 -1219 4972 END
START 9352 308 -5548 -19531 -591 4264 END
START 10380 -348 -4684 -22869 -63 3443 END
START 11312 -1204 -2492 -26366 1041 2153 END
START 11564 -2224 212 -29762 2542 240 END
START 11388 -2908 3104 -31936 3943 -1701 END
START 10972 -4020 6396 -32768 5312 -3949 END
START 9768 -4812 10028 -32768 6806 -6797 END
START 7960 -6232 13536 -32768 8120 -9831 END
START 5072 -6792 17296 -32768 8287 -12393 END
START 2204 -7524 20764 -32499 7593 -14076 END