START 968 708 22380 -5225 815 551 END
START -652 1092 24828 -5393 -273 -2 END
START 636 1180 22528 -5659 -381 -1011 END
START 2024 876 24892 -4806 -1120 -2985 END
START 3016 1040 25452 -3912 -44 -5765 END
START 2872 1016 25764 -3090 -107 -8497 END
START 2308 36 26728 -1929 -877 -10492 END
START 1144 76 27372 36 -2345 -11196 END
START 280 -584 28072 2307 -3801 -11216 END
START 72 -812 28896 4469 -4801 -11388 END
START -528 -872 29364 6012 -4693 -12049 END
START -1796 -904 30216 7244 -4396 -12544 END
START -3380 -1356 31292 8565 -4614 -12724 END
START -5232 -1816 32240 10512 -5563 -12408 END
START -6932 -2708 32767 13350 -6547 -11619 END
START -8356 -3428 32767 16611 -7393 -10808 END
START -9436 -4172 32488 19341 -7774 -10399 END
START -10440 -5108 31532 21205 -8103 -9979 END
START -11268 -6156 30556 22689 -8578 -9258 END
START -11684 -6712 29896 24438 -8796 -8188 END
START -12044 -7336 28724 26486 -8507 -6646 END
START -11568 -7736 26924 27897 -7481 -5140 END
START -11440 -7704 25196 28783 -6015 -3894 END
START -11400 -7760 23232 29532 -4889 -2816 END
START -11248 -7620 20996 30402 -4324 -1669 END
START -11156 -7404 18212 30707 -4205 -574 END
START -11280 -7164 16160 30791 -4227 513 END
START -10900 -6760 13716 30785 -4626 1908 END
START -9972 -5968 11008 30140 -4786 3270 END
START -9220 -5492 8856 28806 -4529 4574 END
START -8628 -4948 6340 26926 -4370 6116 END
START -8268 -4464 4368 24640 -4398 8121 END
START -7260 -3712 1936 22011 -4109 10260 END
START -5764 -3004 -220 18677 -2924 11811 END
START -4240 -2128 -1928 15358 -1462 12430 END
START -3064 -1412 -3920 12406 -1279 12491 END
START -1960 -992 -5556 10330 -2318 12234 END
START -928 -504 -7768 8554 -4011 11788 END
START 120 -372 -9588 6097 -5616 11025 END
START 576 0 -10588 3273 -6925 10636 END
START 1480 204 -11256 449 -7576 10786 END
START 2468 468 -11528 -2720 -7141 11082 END
START 3416 640 -11292 -6081 -6037 11166 END
START 4216 612 -11084 -9247 -5183 11114 END
START 5192 460 -10464 -12053 -4841 11023 END
START 6428 -52 -9672 -14995 -4606 10483 END
START 7656 -524 -8676 -17705 -4239 9644 END
START 8808 -1264 -7480 -20514 -3951 8669 END
START 9820 -2192 -5812 -23377 -3072 7316 END
START 10632 -3216 -3728 -26392 -1515 5673 END
START 11040 -3836 -1136 -29638 242 4073 END
START 11224 -4816 1880 -32490 1832 2423 END
START 11156 -5536 5088 -32768 3232 983 END
START 11164 -6548 8004 -32768 4155 -451 END
START 10464 -7232 11520 -32768 4745 -2994 END
START 9384 -8260 15256 -32768 5084 -6157 END
START 7400 -9108 19024 -32768 4601 -9244 END