START 1220 -2256 19588 -1347 -1730 1354 END
START -3312 -1180 25280 -1643 -3274 1412 END
START 232 -1148 19264 -2578 -3466 1270 END
START 1244 -1544 20904 -2541 -4489 1708 END
START 2252 -996 21516 -2821 -3570 992 END
START 3820 -476 22052 -3100 -2355 -971 END
START 4148 -268 23808 -2617 -463 -3390 END
START 4132 -144 25164 -1327 885 -5772 END
START 3844 -160 26024 475 1136 -7685 END
START 2692 -392 27140 2297 138 -8889 END
START 2196 -992 28052 4391 -1699 -9352 END
START 1352 -1036 29676 6296 -3512 -9844 END
START 404 -1016 31284 8201 -4733 -10611 END
START -1400 -1416 32767 10271 -5573 -11364 END
START -3412 -1620 32767 12976 -6082 -11552 END
START -4716 -2324 32767 15610 -5782 -11076 END
START -5652 -3096 32767 18027 -5017 -10193 END
START -6504 -3916 32767 20347 -4615 -9066 END
START -6996 -4424 32767 22264 -4953 -8115 END
START -7328 -4972 32076 24126 -5798 -7330 END
START -7552 -5292 30568 25890 -6576 -6843 END
START -7740 -5728 28776 27600 -6946 -6777 END
START -8432 -5828 26832 29320 -7083 -6649 END
START -8688 -6048 24616 30935 -6911 -6179 END
START -8536 -6108 21872 31846 -6377 -5218 END
START -8328 -6332 19128 31611 -5356 -4218 END
START -8284 -6244 16712 30781 -4154 -3279 END
START -8348 -6076 14004 29874 -3236 -2186 END
START -7964 -5932 11672 28805 -2750 -1063 END
START -7772 -5708 8988 27586 -2349 -58 END
START -7232 -5356 6712 26090 -1975 1038 END
START -6876 -4980 4256 24304 -1454 2608 END
START -6316 -4552 2376 22048 -740 4382 END
START -5272 -4148 224 19230 69 5935 END
START -4216 -3476 -1024 16512 1174 6672 END
START -3344 -2968 -2436 14162 2228 7302 END
START -2452 -2304 -4200 11932 2667 7702 END
START -1568 -1940 -6240 9274 2434 8126 END
START -640 -1572 -8248 6378 1653 8201 END
START 132 -1228 -9384 3411 620 8137 END
START 748 -988 -10048 470 -405 8073 END
START 1244 -740 -10480 -2609 -1190 8054 END
START 1672 -580 -10244 -5918 -1333 8300 END
START 2832 -908 -11088 -9491 -1038 8691 END
START 2824 -840 -9872 -13162 -618 9017 END
START 3564 -1016 -9088 -16342 -46 8948 END
START 4408 -1668 -8368 -19474 300 8692 END
START 5544 -1964 -7328 -22715 387 8065 END
START 6540 -2420 -6124 -25779 411 7149 END
START 7616 -2812 -4044 -28265 472 5889 END
START 8380 -3088 -2256 -31045 361 4443 END
START 9744 -3424 448 -32768 289 2909 END
START 10832 -3076 3824 -32768 545 1433 END
START 11968 -2880 8196 -32768 1078 -32 END
START 12384 -3108 12800 -32768 1983 -1882 END
START 11904 -4524 18428 -32768 3243 -4510 END
START 10228 -6412 25380 -32768 4324 -7736 END
START 8172 -7684 32020 -32768 4878 -10742 END
START 5516 -9500 32767 -32768 5245 -13374 END
START 2904 -11068 32767 -30354 5497 -15566 END