START 2304 -2008 22104 -934 -1376 1523 END
START 2124 -2204 21448 -848 -2986 1147 END
START 2468 -472 21388 -796 -3333 -3 END
START 4044 -844 23120 257 -4659 -1728 END
START 4664 -884 23204 358 -4932 -4414 END
START 5328 -448 24068 163 -6047 -6952 END
START 5528 -440 25096 1000 -6083 -9395 END
START 5568 -576 26040 2313 -4822 -11626 END
START 4444 -1444 26964 4152 -3906 -12738 END
START 3272 -2328 26948 5956 -3738 -12692 END
START 3060 -2628 27348 7437 -3547 -12730 END
START 2444 -2748 28000 8433 -3134 -13448 END
START 864 -3124 29176 9731 -3276 -14392 END
START -928 -3008 30316 11778 -4319 -14850 END
START -3196 -3680 31536 14576 -5511 -15151 END
START -5084 -4212 32156 17209 -6594 -14968 END
START -7348 -5112 32148 19132 -6985 -14603 END
START -10088 -6224 32576 20924 -6990 -13752 END
START -12724 -7312 32688 23018 -6971 -11642 END
START -14164 -8348 32184 24962 -6561 -8459 END
START -14452 -9168 31164 26156 -5482 -4975 END
START -13784 -9436 29496 26834 -3978 -2012 END
START -12792 -9084 27972 27210 -2715 216 END
START -11788 -8660 26400 28026 -2072 1524 END
START -10716 -7984 24304 29235 -2133 1999 END
START -10040 -7308 22076 30937 -3033 2096 END
START -8920 -7124 19304 32326 -4128 2216 END
START -7848 -6684 16160 32597 -4261 2360 END
START -6996 -6304 12892 31885 -3061 2812 END
START -6564 -5816 10168 30606 -1541 3749 END
START -6068 -5580 7432 28988 -276 5082 END
START -5420 -5388 4460 27006 747 6650 END
START -4952 -4856 1736 24467 1696 8247 END
START -4412 -4344 -652 21391 2550 10105 END
START -3924 -3700 -2724 18113 3285 12241 END
START -2812 -3048 -4656 14657 4039 14040 END
START -1552 -2080 -6244 11354 4616 14570 END
START -216 -1020 -7716 8632 5157 13863 END
START 164 -144 -9304 6275 4488 12664 END
START 700 412 -10552 3878 2492 11799 END
START 1432 916 -11040 1266 316 11314 END
START 2444 1476 -10980 -1493 -1185 11083 END
START 3972 2068 -10820 -4350 -1914 10858 END
START 5320 2236 -10440 -7447 -1874 10388 END
START 7328 2292 -9668 -10674 -1312 9420 END
START 8732 2184 -8632 -13894 -307 7630 END
START 9768 1532 -7252 -16602 499 5501 END
START 10836 700 -5812 -19000 1004 3346 END
START 11660 -280 -4360 -21399 1211 1367 END
START 12708 -796 -2224 -24234 1451 -556 END
START 13676 -1848 536 -26878 2679 -2790 END
START 13876 -3024 3156 -29054 4857 -5682 END
START 13364 -4364 5564 -30833 7250 -9005 END
START 12060 -6044 8020 -32241 9046 -12473 END
START 9856 -7252 10528 -32768 9877 -15753 END
START 6452 -7920 13692 -32768 9958 -17842 END
START 3224 -7936 16992 -32768 9692 -18788 END
START 16 -7368 21044 -32768 8579 -18441 END
START -2592 -7184 25448 -32768 6753 -17280 END