START -2936 -3132 17852 2198 -2942 4469 END
START -4588 -2496 20876 1984 -4260 4485 END
START -2908 -1728 17784 1282 -4939 4345 END
START -400 -1756 18872 772 -4489 3996 END
START 656 -1356 19580 -228 -2214 2558 END
START 1736 -860 20696 -822 -549 409 END
START 2488 -736 22316 -911 478 -1801 END
START 2656 -700 23692 -405 140 -3833 END
START 2408 -516 25112 1167 -1827 -5579 END
START 2220 -604 26496 3422 -4278 -7250 END
START 1700 -848 28084 5783 -6411 -8799 END
START 1472 -568 29752 8007 -7270 -10165 END
START 580 -712 31220 10093 -6811 -11210 END
START -836 -1212 32100 12234 -5861 -11924 END
START -2356 -1764 32656 14523 -5238 -12225 END
START -4296 -2656 32767 16888 -4453 -12538 END
START -6244 -3992 32732 19430 -3952 -12892 END
START -9212 -5160 32012 22106 -4744 -12737 END
START -11332 -6712 30996 25276 -6455 -11894 END
START -12904 -7860 29640 28100 -7979 -10440 END
START -13880 -8588 27636 30159 -8527 -8185 END
START -14332 -9076 25072 30780 -7348 -5452 END
START -14304 -8916 22224 30415 -5395 -2527 END
START -13804 -8564 19600 29909 -4000 298 END
START -13000 -7764 17128 29501 -3339 2543 END
START -11960 -6940 14136 29080 -3447 4147 END
START -10896 -5784 11920 28408 -4071 5296 END
START -9588 -4864 9900 27514 -4810 5850 END
START -8500 -4028 7956 26713 -5404 6069 END
START -7516 -3120 6012 25833 -5574 6232 END
START -6356 -2264 4080 24449 -5388 6641 END
START -5200 -1464 2408 22323 -4449 7225 END
START -4276 -804 1056 19909 -3328 8039 END
START -3152 0 -636 17360 -2192 8880 END
START -2048 552 -1884 14628 -1070 9649 END
START -1020 1028 -2888 11704 -41 10142 END
START -140 1284 -4032 8893 415 10296 END
START 728 1544 -5184 6171 224 10233 END
START 1712 1796 -5752 3460 -158 9792 END
START 2904 2092 -6460 899 -590 9014 END
START 3644 2040 -6796 -1544 -1346 8315 END
START 4672 2120 -7360 -4331 -2058 7578 END
START 5648 1984 -7548 -7355 -2112 6664 END
START 6084 1940 -7748 -10626 -1441 5723 END
START 6344 1376 -7204 -14122 -723 4982 END
START 6524 704 -6876 -17131 -321 4395 END
START 6852 -228 -5940 -20082 -231 3680 END
START 7180 -1080 -4876 -22784 -121 2897 END
START 7548 -2272 -3272 -25455 3 2060 END
START 7992 -3128 -1544 -28027 63 1358 END
START 8388 -3864 576 -30612 350 552 END
START 8576 -4312 2912 -32768 1206 -579 END
START 8488 -4988 5792 -32768 2572 -2054 END
START 7876 -5504 9108 -32768 4198 -4007 END
START 6824 -5880 13112 -32768 5879 -6024 END
START 5092 -6912 18652 -32768 7460 -8041 END
START 2372 -7668 23996 -32768 8436 -10113 END