START 776 468 6856 -922 -4116 2466 END
START 372 700 7980 -1370 -5174 1866 END
START 992 980 6284 -2424 -5697 626 END
START 2176 180 5944 -4098 -6909 -1436 END
START 2184 -72 6716 -6337 -6665 -3434 END
START 2460 544 7764 -8639 -6853 -4454 END
START 3304 -12 9548 -10265 -6080 -4982 END
START 3852 280 11948 -11754 -4696 -5626 END
START 4320 -240 15496 -12615 -3909 -6161 END
START 5312 -636 19408 -13270 -2831 -7522 END
START 5428 -996 24108 -13206 -2242 -9977 END
START 4396 -1572 29244 -11438 -2369 -12788 END
START 2528 -2420 32767 -7468 -3279 -14637 END
START 696 -2664 32767 -2910 -4766 -15058 END
START -960 -2988 32767 1689 -5667 -14590 END
START -2236 -3148 32767 5686 -4860 -14301 END
START -3824 -3740 32767 9348 -2636 -14179 END
START -6604 -4648 32767 12753 -451 -13675 END
START -9056 -5328 32767 16480 807 -12872 END
START -11240 -6340 32767 20467 986 -11883 END
START -12812 -7396 32767 24218 634 -10865 END
START -13848 -8204 32767 27291 317 -9694 END
START -14724 -8664 30692 29887 19 -8082 END
START -14820 -8892 27168 31760 -168 -6271 END
START -14656 -8900 23664 32767 -295 -4360 END
START -14292 -8548 19792 32767 -637 -2558 END
START -13576 -8188 16364 32767 -887 -768 END
START -12984 -7424 13008 32767 -1432 1143 END
START -12056 -6732 9888 32767 -2160 2783 END
START -11044 -5900 6604 32076 -2722 4163 END
START -10172 -4944 3916 30039 -3334 5602 END
START -8600 -3736 1428 27453 -3471 7127 END
START -7076 -2584 -16 24386 -2815 8662 END
START -5688 -1272 -1204 21519 -1943 9970 END
START -3804 -420 -2480 18527 -888 10948 END
START -2652 412 -3540 15626 -210 11366 END
START -1648 1112 -4508 12898 -145 11324 END
START -624 1640 -5024 10386 -506 10980 END
START -292 2168 -5488 8409 -1166 10604 END
START 304 2532 -6432 6514 -1679 10426 END
START 992 2696 -7384 3946 -1458 10128 END
START 1204 2900 -8112 707 -1026 9888 END
START 1560 2860 -8484 -2701 -604 9869 END
START 1944 2956 -8480 -6068 -551 9894 END
START 3036 2764 -8412 -9274 -750 9749 END
START 4024 2836 -8016 -12445 -677 9055 END
START 5200 2684 -7312 -15499 -467 7812 END
START 6332 2712 -6408 -18304 -183 5934 END
START 7000 2468 -5348 -20798 -216 3754 END
START 8036 1960 -4172 -23134 -527 1539 END
START 9236 1352 -2656 -25307 -602 -723 END
START 9916 232 -612 -27574 -522 -3260 END
START 10352 -220 1824 -29615 -228 -5658 END
START 10480 -2140 4596 -31407 -85 -8220 END
START 9932 -4136 8128 -32768 -228 -10745 END
START 8504 -6128 11840 -32768 204 -13438 END