START 3036 -1064 22416 -2337 -1826 -2883 END
START 1632 -800 24876 -2674 -3067 -3335 END
START 2912 -216 24472 -3155 -3752 -4696 END
START 3484 -424 26064 -1978 -4431 -6561 END
START 3052 636 27852 79 -4713 -8348 END
START 3072 192 28976 2555 -4655 -9590 END
START 2344 32 30428 5252 -4527 -10397 END
START 1368 -316 31440 7558 -4723 -10368 END
START 140 -736 32252 9607 -5127 -9967 END
START -656 -1204 32767 11445 -5123 -10014 END
START -2200 -2208 32767 13328 -5553 -10722 END
START -4288 -3304 32767 15702 -6493 -11473 END
START -5836 -4528 32767 19055 -7365 -11493 END
START -7216 -6016 32767 22161 -6981 -11293 END
START -8664 -6844 31576 24581 -6683 -10337 END
START -9764 -7784 29732 26345 -6608 -8723 END
START -10288 -8060 27832 27432 -6241 -7011 END
START -10936 -8264 25832 28479 -5829 -4951 END
START -10824 -8132 23148 29114 -5314 -2864 END
START -10508 -8148 20720 29321 -4402 -1371 END
START -10076 -7612 18320 29167 -3863 47 END
START -9548 -7488 15944 28874 -3744 1130 END
START -8932 -6616 13948 28663 -3968 1994 END
START -8364 -5924 11676 28261 -4390 2693 END
START -7656 -5216 9720 27983 -4780 3528 END
START -6692 -4484 7536 27324 -4884 4377 END
START -5532 -3868 5372 25951 -4969 5314 END
START -4616 -3168 3252 23703 -4569 6225 END
START -3448 -2172 1588 20934 -3441 6922 END
START -2604 -1644 -76 18228 -2112 7615 END
START -2068 -1132 -1504 15465 -1349 8464 END
START -1312 -532 -2992 12713 -1165 9322 END
START -620 80 -4488 10123 -1019 9844 END
START -164 200 -5724 7682 -1227 9991 END
START 448 752 -6716 5255 -1969 9913 END
START 1152 1172 -7636 3075 -2785 9701 END
START 2092 1660 -8512 713 -3540 9224 END
START 3020 1716 -8992 -1916 -4123 8710 END
START 3628 1660 -9264 -5130 -4241 8441 END
START 4692 1808 -8828 -8419 -3903 8372 END
START 5660 1604 -8252 -11482 -3064 8127 END
START 6548 1220 -7704 -14342 -2231 7403 END
START 7300 512 -6572 -17070 -1366 6268 END
START 7604 -364 -5800 -19892 -702 4926 END
START 7960 -1316 -4504 -22641 -262 3421 END
START 8000 -2356 -2372 -25171 54 2035 END
START 8368 -3288 -92 -27304 162 1098 END
START 9188 -4000 2212 -29374 1056 320 END
START 10184 -5072 5388 -31734 2933 -941 END
START 10548 -6132 8696 -32768 5134 -2535 END
START 10352 -6836 13644 -32768 7321 -4159 END
START 9584 -6824 18096 -32768 8931 -5541 END
START 8164 -7092 21700 -32768 10321 -6997 END
START 5844 -7100 25496 -32768 10715 -8813 END
START 3200 -7544 29624 -32768 9730 -10482 END
START 1288 -8516 32767 -32768 8641 -11925 END
START -536 -9848 32767 -29407 8108 -12908 END
START -2304 -11484 32767 -25553 7838 -13258 END