START 712 -712 15392 1035 -135 5826 END
START 1400 -652 12268 424 -1125 5439 END
START 2068 288 13684 -1100 -1348 4499 END
START 3508 108 15336 -3105 -2592 3050 END
START 4628 1440 17400 -4802 -2059 1091 END
START 5976 1772 18500 -6260 -1442 -1005 END
START 7016 2104 20512 -7076 -463 -3063 END
START 7372 1928 22728 -6788 585 -5124 END
START 7416 2028 25096 -5233 1145 -6863 END
START 7128 1640 26988 -2614 -9 -8214 END
START 6948 844 27976 -158 -2007 -9639 END
START 6460 -20 29016 2426 -3825 -11402 END
START 5316 -1348 30068 4977 -4925 -13312 END
START 3604 -2324 30320 7503 -5457 -14698 END
START 1544 -3416 30448 9444 -5814 -15518 END
START -548 -4008 30640 11399 -5908 -15770 END
START -2836 -4588 30644 13453 -5486 -15372 END
START -5208 -4988 30276 15116 -4396 -14556 END
START -7560 -4976 29656 16815 -4104 -13499 END
START -9244 -5504 29268 18589 -4801 -12324 END
START -10736 -5860 28768 20643 -6176 -11204 END
START -11624 -6420 28184 22424 -6420 -9866 END
START -12136 -7036 27260 23738 -5440 -8259 END
START -12572 -7624 25704 24441 -3834 -6692 END
START -13128 -7924 24404 24710 -2240 -5134 END
START -13788 -7728 23164 25277 -1422 -3438 END
START -13688 -7256 21528 26222 -1003 -1679 END
START -13432 -6836 19544 26913 -811 76 END
START -12828 -6304 17796 26983 -678 1602 END
START -12260 -5816 15940 26967 -452 3125 END
START -11568 -5100 14068 26900 -587 4824 END
START -10668 -4488 11944 26557 -1122 6639 END
START -9728 -3656 9752 25493 -2016 8445 END
START -8556 -2760 7916 24143 -2729 10068 END
START -7524 -1828 6324 22601 -3035 11353 END
START -5936 -1120 4560 20869 -2859 12170 END
START -3700 -48 2744 18612 -1687 12108 END
START -2328 828 1848 16616 -271 11217 END
START -1424 1636 604 14708 439 10556 END
START -600 1884 -784 12837 132 10302 END
START 420 2384 -1760 10766 -298 10324 END
START 1460 2892 -3100 8570 -235 10373 END
START 2100 3076 -4516 6320 316 10237 END
START 2756 2972 -5892 4069 941 9947 END
START 3208 2868 -7432 1580 1030 9342 END
START 3736 2368 -8444 -1151 422 8442 END
START 3772 2080 -8968 -3695 -436 7577 END
START 3744 1748 -9028 -6013 -1368 6993 END
START 4032 1476 -9112 -8301 -2217 6630 END
START 4556 1068 -8856 -10722 -3318 6556 END
START 5564 912 -8200 -13172 -4379 6601 END
START 6732 336 -7436 -15490 -4715 6243 END
START 7724 -184 -6488 -17786 -4664 5411 END
START 8716 -1068 -4728 -19788 -4192 4228 END
START 9580 -1972 -3012 -21489 -3937 2896 END
START 10452 -3352 -1156 -23140 -3875 1160 END
START 11004 -4336 1780 -24764 -4011 -843 END
START 11048 -5168 5116 -26039 -4681 -2759 END
START 10788 -6016 8416 -26438 -5760 -4739 END
START 9724 -7384 12508 -26622 -6468 -6812 END
START 8232 -7136 15208 -27020 -5138 -8614 END
START 6320 -7308 18180 -28805 -1056 -9424 END
START 4312 -7636 22316 -31466 3723 -9196 END
START 2032 -7408 26104 -32768 8108 -8113 END