START -552 -840 10356 3582 5448 10266 END
START -912 -356 10700 3009 4866 9979 END
START -860 732 10920 1517 4669 9380 END
START 1716 -528 10344 -826 4722 8498 END
START 2312 -220 11428 -3283 5145 7613 END
START 3080 1012 12712 -5094 4418 6704 END
START 4604 1408 14424 -6028 3619 5280 END
START 5896 2728 16540 -6631 2335 2878 END
START 7340 3192 18276 -6506 978 -255 END
START 7976 3632 19772 -6126 -885 -3721 END
START 7952 3692 22392 -5386 -3191 -6899 END
START 7308 3548 25080 -3305 -5038 -8864 END
START 6704 2652 26560 -1129 -5589 -10236 END
START 5516 1664 28496 576 -5394 -11332 END
START 4176 496 30736 2408 -4265 -12345 END
START 2184 -732 32728 4586 -2958 -13319 END
START 64 -2404 32767 7586 -2341 -13939 END
START -2368 -3660 32767 10682 -2925 -14197 END
START -4952 -3684 32767 13164 -4073 -14137 END
START -6752 -3644 32767 15149 -4011 -13390 END
START -8204 -3808 32356 16624 -2829 -12409 END
START -9804 -4156 31372 17799 -1850 -11047 END
START -11180 -4248 30692 19143 -1627 -9469 END
START -12632 -4136 29524 21367 -2606 -7434 END
START -12880 -4044 28632 23750 -3898 -5477 END
START -12372 -4332 27116 25508 -4991 -4001 END
START -11540 -4408 25560 26714 -5117 -3079 END
START -11260 -4384 24256 27626 -4782 -2612 END
START -11200 -4416 22400 28521 -4781 -2193 END
START -11412 -4436 20516 29487 -5422 -1628 END
START -10936 -4224 18252 30595 -6402 -582 END
START -10060 -4156 15652 30999 -6498 220 END
START -9620 -4036 13064 30491 -6133 1053 END
START -9128 -4036 10476 29582 -5555 2101 END
START -8328 -4108 7820 28187 -4950 3193 END
START -7580 -3808 5564 26383 -4652 4327 END
START -6976 -3600 3776 24484 -4305 5792 END
START -6180 -3300 1628 22410 -3616 7720 END
START -5168 -2592 -576 19893 -2537 10053 END
START -3884 -2220 -2712 16764 -1411 12503 END
START -2516 -1680 -4876 13399 -542 14215 END
START -712 -1304 -6496 9871 -99 15025 END
START 720 -636 -7836 7403 64 14286 END
START 1708 -324 -9308 5370 -612 13288 END
START 2360 -16 -10328 3211 -2748 11901 END
START 3248 400 -11344 1164 -5627 10810 END
START 4112 672 -11716 -968 -7800 10022 END
START 5116 756 -11988 -3542 -8489 9579 END
START 5824 668 -12284 -6921 -7511 9451 END
START 6444 92 -11924 -10965 -5626 9557 END
START 7044 -568 -11320 -15167 -3737 9617 END
START 7612 -1328 -10320 -19158 -2307 9544 END
START 8196 -2356 -8724 -22555 -1470 9185 END
START 9112 -3312 -7200 -25291 -916 8309 END
START 9832 -4028 -5332 -27382 -710 7226 END
START 10916 -5192 -3480 -29183 93 5908 END