START -68 -1632 16204 -3864 1763 10309 END
START -20 -1512 17036 -4140 1157 10324 END
START 1084 -644 16652 -4805 1543 10117 END
START 3408 -684 18064 -5173 3840 9210 END
START 5308 -200 19032 -5766 7156 6919 END
START 6088 372 19756 -6666 8974 3799 END
START 6956 360 20584 -7594 8834 560 END
START 6900 416 22068 -7807 6728 -2471 END
START 6828 396 23160 -7030 2779 -5154 END
START 6468 60 24960 -5374 -1357 -7483 END
START 6212 -368 26780 -3055 -4204 -9221 END
START 6012 -560 28472 -552 -4632 -10792 END
START 5256 -1416 29504 1216 -2777 -12346 END
START 3808 -2664 31008 2642 -804 -13569 END
START 1808 -3856 32564 4463 99 -13940 END
START -852 -4724 32767 7186 -835 -13950 END
START -3008 -5360 32767 10832 -3084 -13844 END
START -4428 -6560 32767 14728 -5229 -13966 END
START -6212 -7656 32767 17675 -6131 -14084 END
START -7984 -8272 32767 20233 -5620 -13738 END
START -10096 -9076 31784 22456 -3972 -12516 END
START -12124 -9436 29528 24333 -2598 -10361 END
START -13452 -9788 27292 25817 -1999 -7786 END
START -13900 -9976 24844 27043 -2166 -5263 END
START -13896 -9920 22172 28115 -2967 -3297 END
START -13668 -9852 19388 29066 -4392 -1821 END
START -13176 -9628 16428 29588 -5698 -420 END
START -12244 -8728 13340 29233 -6103 775 END
START -11456 -7744 11120 28106 -5984 2142 END
START -10124 -6336 9372 26581 -5478 3799 END
START -8324 -5184 7736 25104 -4731 5092 END
START -6848 -4088 6044 23948 -4526 5794 END
START -5180 -3052 4200 22627 -4795 6064 END
START -3716 -2100 2656 21085 -5404 6002 END
START -2604 -1436 1124 19659 -5478 6131 END
START -1280 -988 -808 17544 -4750 6529 END
START -88 -424 -2792 14898 -3701 6986 END
START 928 208 -4516 11822 -2830 7623 END
START 1940 736 -5944 8809 -2380 8041 END
START 2932 1320 -7156 5638 -2173 8184 END
START 3988 1900 -8248 2168 -2020 7897 END
START 4700 2348 -8680 -994 -2039 7268 END
START 5284 2524 -9276 -3935 -2831 6224 END
START 5996 2676 -9312 -6937 -4201 4874 END
START 6440 2672 -8760 -9596 -5319 3517 END
START 7028 2312 -8300 -12131 -5907 2414 END
START 7520 1868 -7712 -15222 -5944 1491 END
START 8176 1288 -6664 -18700 -5540 564 END
START 8940 784 -5180 -22228 -4908 -498 END
START 9384 416 -2940 -25321 -4374 -1695 END
START 9784 108 -452 -27839 -4135 -3045 END
START 10188 -716 2464 -29851 -3966 -4524 END
START 10372 -1660 6204 -31838 -3553 -6345 END
START 9876 -3288 11120 -32768 -2953 -8407 END
START 8856 -4276 16036 -32768 -2302 -10566 END
START 7168 -4832 20888 -31935 -2641 -12392 END
START 5064 -6404 25736 -30369 -3450 -13657 END