START -668 -1776 11672 -2504 688 8870 END
START -1844 -960 13812 -3001 -543 8887 END
START -628 -792 12392 -4155 -811 8697 END
START 1656 -660 13280 -5427 -1407 8027 END
START 3012 -268 14140 -6807 -552 5967 END
START 4364 384 15708 -8118 579 3048 END
START 4624 320 17028 -8969 1621 -169 END
START 4248 432 19132 -9898 1897 -3157 END
START 3480 -448 21440 -10029 1727 -5188 END
START 2640 -1184 23636 -9138 910 -5918 END
START 2028 -1992 25784 -7539 -1 -5816 END
START 1684 -2508 27820 -5533 -749 -5720 END
START 1508 -3260 30016 -3503 -1141 -6127 END
START 1280 -3696 32192 -1012 -1454 -6965 END
START 980 -4276 32767 1957 -2079 -7908 END
START 668 -4532 32767 5312 -3000 -8482 END
START 560 -4572 32767 8686 -3877 -8888 END
START 444 -4504 32767 11581 -4302 -9567 END
START 388 -4612 32767 13902 -4556 -10549 END
START -152 -5060 32400 15669 -5096 -11646 END
START -1044 -5040 31404 17194 -5823 -12999 END
START -2324 -5372 30844 19480 -5478 -14609 END
START -4320 -6160 29832 22118 -4905 -15445 END
START -5908 -6796 28400 23920 -4511 -15356 END
START -7568 -7436 27072 24834 -3987 -14668 END
START -8868 -7680 26076 25347 -2812 -13952 END
START -10732 -7816 25332 25731 -1858 -12981 END
START -12620 -8172 24468 26485 -2001 -11489 END
START -14280 -8464 23576 27694 -2738 -9615 END
START -15292 -8744 22696 28961 -3505 -7309 END
START -15864 -8692 21732 29944 -3528 -4309 END
START -15952 -8452 20048 30341 -3026 -846 END
START -15448 -8232 18352 30455 -2591 3043 END
START -13576 -7796 16332 29978 -2070 6836 END
START -11664 -6684 14388 28818 -1492 9530 END
START -9432 -5432 12476 27640 -1360 10805 END
START -7296 -4120 10224 27050 -2065 10827 END
START -5612 -3072 8028 26861 -3556 10003 END
START -4260 -2080 5672 26548 -4872 8967 END
START -3164 -1484 3296 25507 -5092 8416 END
START -2444 -1140 408 23546 -4180 8613 END
START -1828 -556 -1972 20450 -1967 9419 END
START -1300 -136 -4280 16463 488 10682 END
START -288 -32 -5724 12811 1729 11888 END
START 776 460 -7096 10146 1756 12761 END
START 2076 724 -8940 8354 1271 12696 END
START 3260 1104 -10804 6234 192 11669 END
START 4352 1316 -12148 3399 -1176 10289 END
START 5068 1856 -12904 167 -2821 9100 END
START 6192 1932 -13028 -2674 -3854 8410 END
START 7148 1972 -12908 -5873 -4273 7903 END
START 7828 1856 -12364 -9310 -4238 7282 END
START 8648 1452 -11492 -12533 -3594 6372 END
START 9000 488 -10260 -15517 -3010 5082 END
START 9040 -776 -9216 -18326 -2800 3306 END
START 8532 -2384 -7720 -21014 -2764 1524 END
START 7852 -4176 -6304 -23345 -2639 232 END
START 7748 -5580 -4912 -25668 -2078 -358 END
START 8040 -6868 -3332 -28537 -1140 -551 END
START 8664 -7616 -1332 -31589 194 -902 END
START 9192 -7956 1452 -32768 1675 -1648 END
START 9104 -7860 4256 -32768 3441 -3368 END
START 8348 -8088 7476 -32768 4760 -5596 END
START 7284 -8512 11600 -32768 4809 -7709 END
START 6092 -8296 16932 -32768 4455 -9282 END
START 4376 -8944 23172 -32768 4949 -10368 END
START 2312 -9696 29884 -32768 5860 -10831 END
START 784 -10500 32767 -32768 6542 -10742 END
START -368 -11252 32767 -32768 6578 -10744 END
START -1260 -12416 32767 -32035 6293 -11184 END