START -4376 -508 13592 -439 -981 1623 END
START -3300 -652 13200 -1710 29 1252 END
START -3468 -704 13760 -2289 401 536 END
START -3352 -696 14404 -2462 220 -131 END
START -3260 -148 14328 -2134 -852 -822 END
START -2888 528 14908 -2158 -2467 -1212 END
START -2460 220 15152 -1938 -3948 -1611 END
START -1460 624 16356 -2003 -4489 -1779 END
START -140 468 17952 -2560 -3235 -2370 END
START 596 1096 19660 -3434 -1184 -3449 END
START 1740 776 21084 -4449 1393 -4984 END
START 1844 740 23268 -4654 2957 -6691 END
START 1624 620 24984 -3892 3726 -8124 END
START 1048 340 26996 -2272 3358 -9170 END
START 232 -180 28428 -73 2244 -9737 END
START -604 -580 30016 2119 662 -10201 END
START -1356 -904 31328 4846 -875 -10773 END
START -2356 -912 32412 7664 -1860 -11689 END
START -4184 -1048 32767 10729 -2805 -12314 END
START -6404 -1256 32767 13910 -3426 -12149 END
START -8116 -1712 32767 16099 -3412 -11381 END
START -9816 -2340 32676 18057 -3057 -10227 END
START -10992 -3260 32012 19942 -2723 -8948 END
START -11768 -4384 31212 21869 -2375 -7588 END
START -12420 -5080 30004 24192 -2004 -6187 END
START -12376 -5788 28356 26601 -2325 -4939 END
START -12420 -6084 26064 28818 -3059 -4117 END
START -12276 -6020 23592 30345 -3757 -3267 END
START -12068 -5688 20868 31152 -3845 -2196 END
START -11880 -5160 18044 31000 -3495 -899 END
START -11544 -4496 15836 30263 -3031 767 END
START -10652 -3400 14152 29115 -2236 2414 END
START -9688 -2448 12960 27906 -474 3859 END
START -8792 -1684 11616 27017 788 4644 END
START -8036 -1120 10284 26383 949 5180 END
START -7428 -1216 8512 25744 758 5414 END
START -6908 -1260 6820 24994 302 5609 END
START -6612 -1136 5312 24044 -367 5836 END
START -6288 -1016 3608 22757 -463 6441 END
START -5840 -736 1912 20932 -250 7491 END
START -5276 -492 -60 18478 593 8780 END
START -4336 -52 -1792 15480 1725 9997 END
START -3380 464 -3392 11930 3001 11173 END
START -2104 1248 -4700 8283 4259 11847 END
START -1056 1796 -6116 5034 5117 11757 END
START -56 1808 -7324 2379 4621 10984 END
START 752 1816 -8604 231 3099 10005 END
START 1736 1836 -9560 -1812 1242 9036 END
START 2564 1760 -10336 -4346 -111 7889 END
START 3296 1660 -10624 -7643 -680 6799 END
START 3944 1568 -10276 -11161 -524 5812 END
START 4396 1160 -9868 -14802 223 5089 END
START 4996 592 -9432 -18312 761 4287 END
START 5312 -56 -8316 -21483 984 3391 END
START 5812 -1028 -7248 -24350 1263 2267 END
START 6472 -2352 -5712 -27083 1425 577 END
START 6936 -3660 -3756 -29314 1143 -1318 END
START 7440 -4764 -1380 -31420 620 -3341 END
START 8044 -5048 912 -32768 600 -5190 END
START 8708 -4996 3352 -32768 1144 -6883 END
START 9228 -4620 6764 -32768 1997 -8886 END
START 8852 -4176 10912 -32768 2855 -11369 END
START 6792 -3764 16228 -32768 3142 -14184 END
START 4016 -3264 22560 -32768 2807 -15765 END
START 656 -3424 29784 -32768 2798 -15804 END
START -2516 -4940 32767 -32768 2909 -14782 END
START -5708 -7432 32767 -32768 3069 -13689 END
START -7368 -10436 32767 -30759 4916 -13316 END
START -9576 -13232 32767 -25111 7288 -13111 END
START -11192 -14620 32767 -18392 7124 -12325 END