START 1876 -1060 13724 -4537 373 7964 END
START 1800 -980 13068 -4881 647 7413 END
START 2636 -352 14512 -5493 1097 6374 END
START 3288 -840 16096 -5535 2187 4778 END
START 4264 -592 17300 -5738 3072 2550 END
START 4844 4 18808 -6067 2618 121 END
START 5124 -620 20232 -6350 1617 -1856 END
START 4840 -348 22348 -6589 53 -3338 END
START 4816 -1040 24888 -5915 -555 -4235 END
START 4056 -1296 27492 -4821 -366 -4786 END
START 3488 -1228 30052 -3282 422 -5154 END
START 3224 -1504 32100 -1184 1716 -5958 END
START 2344 -2124 32767 1015 2756 -7026 END
START 948 -2380 32767 3692 2809 -8092 END
START -1320 -2592 32767 6987 1574 -8697 END
START -3720 -2952 32767 10855 -685 -8691 END
START -5216 -3072 32767 14644 -2999 -8013 END
START -5780 -3404 32767 17722 -4205 -7328 END
START -6424 -3952 32767 19570 -4126 -6905 END
START -7268 -4524 32767 21101 -3790 -6389 END
START -7740 -5164 32108 22651 -4165 -6076 END
START -8076 -5788 31088 24315 -4845 -5873 END
START -8248 -6268 29620 26058 -5088 -5993 END
START -8424 -6880 28324 27602 -5020 -6009 END
START -8580 -7248 26552 29119 -4562 -6128 END
START -8996 -7668 24860 30394 -4318 -6026 END
START -9160 -8048 22916 31510 -3951 -5869 END
START -9508 -8560 20724 31983 -3589 -5634 END
START -10104 -8680 18804 32319 -3255 -5127 END
START -10120 -8536 16356 32426 -2797 -4442 END
START -10620 -8280 13880 32151 -2691 -3237 END
START -10412 -7716 11208 31632 -2922 -1710 END
START -10220 -7120 9076 30881 -2847 -124 END
START -9632 -6252 6736 29582 -2289 1600 END
START -9276 -5584 4664 27998 -1561 3331 END
START -8508 -4640 2600 26218 -825 5152 END
START -7632 -3832 224 24165 -598 6921 END
START -6828 -2908 -1592 21661 -721 8508 END
START -5788 -2100 -3532 18479 -672 10132 END
START -4764 -1232 -5360 14949 -366 11907 END
START -3184 -728 -7272 11198 -354 13228 END
START -1764 172 -8860 7785 -266 13480 END
START -856 632 -10652 4746 -877 13498 END
START -20 832 -12364 1737 -2611 13272 END
START 928 1048 -13272 -1464 -4907 13276 END
START 2164 1004 -13984 -4913 -6680 13154 END
START 3544 960 -14192 -8553 -7457 12698 END
START 4852 800 -14044 -12301 -7539 11876 END
START 6068 556 -13364 -15903 -7581 10875 END
START 7248 -184 -12548 -18948 -8068 9857 END
START 8748 -1196 -11624 -22087 -8561 8645 END
START 10356 -2348 -9884 -25244 -8306 7200 END
START 11748 -3976 -7976 -28288 -7079 5235 END
START 13032 -5812 -6068 -31548 -5891 3065 END
START 13492 -7300 -2648 -32768 -4886 705 END
START 13580 -8688 2192 -32768 -3639 -1255 END
START 13380 -9384 6248 -32768 -2048 -2735 END
START 12580 -9140 10232 -32768 -636 -3504 END
START 11628 -9488 14792 -32768 1705 -4120 END