START 1780 -372 20456 -2007 -1148 5641 END
START -92 272 23440 -2399 -2420 5370 END
START 2120 620 19860 -3129 -2379 4547 END
START 4224 296 21760 -3010 -3242 2841 END
START 5308 1076 22888 -3101 -2747 52 END
START 5696 900 24420 -3141 -2477 -2984 END
START 5272 580 26176 -2448 -2868 -5742 END
START 4712 148 28068 -919 -3692 -7625 END
START 4616 -324 29280 906 -4570 -8806 END
START 4248 -680 31264 2904 -5236 -9849 END
START 3764 -936 32767 5172 -5060 -11300 END
START 2380 -1656 32767 7800 -4535 -13225 END
START 152 -2748 32767 11265 -4376 -14955 END
START -2636 -3768 32767 15706 -5088 -15927 END
START -5516 -5476 32767 20196 -6548 -16282 END
START -7716 -6880 32767 23868 -7427 -15791 END
START -9420 -8480 32767 26262 -6697 -15059 END
START -11536 -9620 31876 27710 -5014 -14496 END
START -13652 -10452 29884 29476 -4364 -12804 END
START -14944 -11440 26696 31410 -4017 -9965 END
START -15476 -11380 23584 32267 -3547 -7130 END
START -15248 -10956 20392 32577 -3220 -4366 END
START -14992 -10068 17136 32531 -3499 -1779 END
START -14184 -9072 13860 32242 -4050 809 END
START -13208 -7844 10952 31126 -4051 3156 END
START -11448 -6708 8032 29201 -3525 5463 END
START -9940 -5680 5924 26579 -2851 7328 END
START -8436 -4896 4376 23960 -2070 8774 END
START -6864 -3876 2960 21631 -1157 9851 END
START -5516 -3008 1688 19516 -498 10816 END
START -4264 -2196 196 17086 -161 11476 END
START -2988 -1508 -828 14751 238 11852 END
START -1544 -668 -1880 12463 621 11684 END
START -480 36 -3076 10276 669 11165 END
START 228 472 -4108 8351 330 10613 END
START 992 824 -5352 6276 -230 10096 END
START 1964 1216 -6528 3959 -876 9719 END
START 2788 1616 -7400 1256 -1045 9644 END
START 3788 1944 -8052 -1930 -641 9684 END
START 4936 2260 -8212 -5345 38 9305 END
START 6104 2160 -7932 -8418 380 8567 END
START 6704 2204 -7532 -11098 343 7266 END
START 7244 1792 -6892 -13496 177 5718 END
START 7624 1092 -6080 -15657 -358 4273 END
START 8320 216 -5328 -17969 -786 2846 END
START 8832 -580 -3988 -20533 -999 1735 END
START 9532 -1184 -1792 -23208 -738 760 END
START 10412 -1848 680 -25850 74 -343 END
START 11060 -2024 3172 -28059 1175 -1656 END
START 11864 -2264 6308 -30315 2322 -3506 END
START 12420 -2712 10056 -32119 3529 -6062 END
START 11920 -3148 13928 -32768 4771 -9291 END
START 10016 -4028 17932 -32768 5561 -12810 END
START 6536 -5260 22656 -32768 5403 -15846 END
START 3292 -6120 26728 -31353 4735 -17499 END
START 16 -6828 30336 -28515 4511 -17833 END
START -2432 -7128 32272 -26207 5022 -17642 END
START -4660 -7816 32767 -23847 6190 -17492 END
START -7192 -8520 32767 -21375 7393 -16809 END
START -8992 -9384 32767 -18837 8635 -15356 END
START -10284 -10412 32767 -16379 9702 -13333 END
START -11236 -10704 32767 -13871 9760 -11050 END