START -3648 -2292 18040 -231 -3478 884 END
START -3252 -1848 17572 -440 -4833 898 END
START -2440 -500 16040 -1135 -4924 211 END
START -264 -1168 17576 -1749 -4311 -1545 END
START 1080 260 17804 -2907 -1775 -5021 END
START 1352 432 18576 -4631 -506 -8380 END
START 212 -356 20880 -5148 -318 -9880 END
START -1068 -132 23600 -4580 -1519 -9799 END
START -1836 -488 26836 -3409 -2844 -9383 END
START -2036 -1120 30460 -2017 -3549 -9380 END
START -2248 -2496 32767 72 -3382 -9716 END
START -3016 -3924 32767 3574 -3715 -10136 END
START -3816 -5240 32767 8982 -4635 -10709 END
START -4940 -6600 32767 14762 -5898 -11221 END
START -6224 -7220 32767 20083 -6924 -11147 END
START -7748 -7488 32767 24198 -7244 -10610 END
START -8508 -7812 32767 27509 -6791 -10187 END
START -9392 -8476 32767 29759 -5823 -10498 END
START -10564 -9480 30396 31516 -5503 -10657 END
START -11424 -10312 26864 32767 -5869 -9913 END
START -11676 -11300 23284 32767 -5405 -8904 END
START -12404 -11480 20012 32767 -4618 -7558 END
START -12620 -11308 16356 32767 -4295 -5585 END
START -12600 -10928 12928 32767 -4466 -3463 END
START -12088 -10060 9924 32767 -4994 -1424 END
START -11124 -8964 7296 32767 -5828 552 END
START -9908 -7452 4872 30932 -6764 2346 END
START -8400 -6084 3216 28744 -7532 4077 END
START -7200 -4536 1680 26317 -7362 5741 END
START -5880 -3260 360 23838 -6300 7076 END
START -4944 -2128 -652 21481 -5156 7847 END
START -4176 -1148 -1784 19086 -4549 8514 END
START -3424 -272 -2416 16883 -4618 9048 END
START -2276 664 -3292 14898 -4934 9519 END
START -1196 1352 -3804 12702 -5105 9752 END
START -128 1740 -4400 10256 -4737 9751 END
START 808 2260 -5376 7465 -3804 9706 END
START 1152 2368 -6000 4350 -2588 9710 END
START 1384 2548 -6696 1126 -1421 9901 END
START 1904 2528 -7444 -2270 -600 10133 END
START 2452 2348 -7536 -5896 -231 10208 END
START 2956 2272 -8196 -9444 -393 10013 END
START 3272 1668 -7980 -13043 -908 9395 END
START 3332 1012 -7316 -16317 -1104 8464 END
START 3488 704 -6732 -19423 -1169 7524 END