START 4460 748 15240 -7303 1847 3662 END
START 4188 912 15856 -7838 1809 2792 END
START 5488 732 14536 -9138 1190 1184 END
START 5076 -368 18736 -10373 -5 -1224 END
START 4580 -736 21140 -10883 -684 -3032 END
START 4072 -472 23736 -11016 -1977 -4237 END
START 4112 -560 26156 -9962 -2723 -4743 END
START 4368 -716 28240 -8491 -3403 -5834 END
START 4504 -1136 31036 -6849 -3823 -7958 END
START 3900 -1632 32767 -3898 -4727 -10314 END
START 3324 -2544 32767 -353 -6570 -12341 END
START 2428 -3456 32767 3623 -8692 -13737 END
START 1496 -4248 32767 8198 -10319 -14371 END
START 852 -5052 32767 12696 -9546 -14491 END
START -92 -5400 32767 15836 -6963 -14620 END
START -1692 -5648 32767 17745 -4504 -14880 END
START -3592 -5612 32767 19793 -2525 -15502 END
START -5776 -6212 32767 21923 -1382 -16775 END
START -8760 -7288 31236 24390 -2405 -17320 END
START -11568 -8408 29992 26779 -4407 -16896 END
START -13968 -9212 28712 29043 -5800 -15659 END
START -15748 -10132 26720 30430 -5352 -13723 END
START -17276 -11244 25112 30555 -2870 -10797 END
START -18576 -12076 23336 30259 411 -6858 END
START -19108 -12364 20792 29721 1955 -2706 END
START -18976 -11672 18784 29728 1398 1187 END
START -17972 -10836 16072 30147 -208 4498 END
START -16524 -9700 13424 30450 -1727 7249 END
START -14692 -8360 10384 29937 -2833 9780 END
START -12396 -6848 7720 28731 -2995 11999 END
START -9824 -5304 5296 26880 -2216 13691 END
START -6948 -3836 3168 24600 -1334 14479 END
START -4648 -2432 1244 22354 -583 14733 END
START -2612 -1496 -488 20390 -413 14577 END
START -796 -564 -2456 18459 -405 14290 END
START 1120 132 -4724 16119 -288 13975 END
START 3136 1024 -7100 13324 437 13496 END
START 4880 1472 -9228 10124 1570 12498 END
START 6204 1360 -11392 6469 1927 11318 END
START 7220 1652 -12420 2465 1086 9735 END
START 8256 1664 -12668 -578 -338 8016 END
START 8344 1808 -12144 -2938 -2180 6343 END
START 8636 1652 -11928 -5031 -3816 5076 END
START 8764 1180 -11784 -7394 -4440 4537 END
START 9160 444 -11500 -10683 -3853 4422 END
START 9148 -824 -10348 -14503 -2658 4203 END
START 8960 -2524 -8912 -18021 -1602 3748 END
START 8616 -4580 -6708 -21105 -1071 3147 END
START 7904 -6292 -4432 -23723 -1460 2443 END
START 8020 -7360 -1988 -25883 -1977 1753 END
START 7952 -7816 264 -28101 -1368 1055 END
START 8464 -7576 2800 -30573 641 187 END
START 8496 -7600 5812 -32768 3823 -1061 END
START 7988 -8088 9272 -32768 7745 -2532 END
START 6996 -7908 12572 -32768 11335 -4146 END
START 6068 -7584 15812 -32768 13781 -6006 END
START 4960 -6116 20064 -32768 14884 -8045 END
START 4168 -4792 23240 -32768 15024 -10623 END
START 2344 -4060 26256 -32768 14824 -14307 END
START 392 -6108 29240 -31920 14216 -18572 END
START -3956 -9276 32760 -29859 13357 -22627 END
START -8376 -11092 32767 -26505 10708 -24231 END