START 3052 2540 27244 -972 -6842 -534 END
START 3464 2460 26224 -928 -7064 -1283 END
START 4128 2716 25792 -860 -8583 -2778 END
START 3572 2756 30064 785 -9654 -5029 END
START 3356 2540 30500 2628 -9627 -6730 END
START 2800 2396 31876 5051 -9473 -7661 END
START 2216 2244 32767 8018 -7399 -8062 END
START 1016 1896 32767 10955 -5146 -8364 END
START 4 728 31924 12783 -4104 -8906 END
START -1204 -192 31652 13779 -4191 -9792 END
START -2804 -1644 32120 14872 -4520 -11341 END
START -5480 -3144 32600 17549 -4639 -12546 END
START -8644 -5516 32256 21529 -5712 -12669 END
START -11048 -8084 30588 24808 -7189 -11717 END
START -12280 -9584 29240 26835 -7944 -10282 END
START -13392 -10592 27556 27462 -6753 -8069 END
START -13872 -11020 26208 27815 -4829 -4826 END
START -13328 -12288 24212 27896 -2764 -1433 END
START -12332 -11712 22012 28666 -2021 1697 END
START -10620 -11112 19456 29801 -1766 3108 END
START -9340 -9888 16444 31149 -2502 3499 END
START -7812 -8632 13412 32397 -4534 3556 END
START -6312 -7396 10192 32767 -6479 3138 END
START -4976 -6124 6920 32767 -7526 2636 END
START -4108 -4616 3884 31300 -7137 2665 END
START -3292 -3224 804 28495 -5034 3516 END
START -2816 -2024 -2420 24185 -1481 5237 END
START -2180 -1164 -4872 18698 2353 7467 END
START -1632 -64 -6384 13389 4769 9409 END
START -1016 388 -7328 9703 5300 10566 END
START -232 1096 -7524 7359 3984 10760 END
START 640 1436 -8276 5816 1890 9980 END
START 1336 1780 -9136 4373 -64 8407 END
START 1256 1992 -9904 2490 -1744 6884 END
START 1028 2160 -10276 288 -3248 6348 END
START 968 1984 -10428 -2537 -3952 6794 END
START 1152 1812 -10276 -5765 -3771 8028 END
START 1972 1160 -9980 -9440 -3070 9198 END
START 2948 544 -8956 -12863 -2299 9774 END
START 4000 -76 -7596 -16030 -1726 9532 END
START 5248 -608 -5696 -18568 -1634 8611 END
START 6364 -1024 -3964 -20650 -2172 7601 END
START 8176 -1468 -1748 -22667 -2145 6297 END
START 9556 -1892 436 -24613 -563 4142 END
START 9992 -2844 2572 -26566 1753 2208 END
START 10116 -4076 4628 -29138 4537 383 END
START 9792 -5516 7532 -32000 7887 -1149 END
START 8980 -6868 11200 -32768 12627 -2630 END
START 7664 -6964 14428 -32768 17309 -3587 END
START 6292 -7040 17420 -32768 21077 -4707 END
START 4792 -6368 20436 -32768 23656 -6698 END
START 2712 -5108 23296 -32768 24078 -9348 END
START 676 -3640 25648 -32768 21997 -12822 END
START -1584 -2760 27300 -30201 18877 -16934 END
START -4080 -3056 28580 -26967 15831 -20839 END
START -6644 -5152 30152 -23997 13717 -24076 END
START -9948 -8220 32100 -20952 11438 -26211 END