START -4056 -804 12560 -2648 -5362 5575 END
START -4936 -464 12544 -2991 -5661 5566 END
START -4036 -344 13272 -4228 -6474 5499 END
START -2452 -1240 14300 -5677 -5951 5569 END
START -1704 -588 16024 -7476 -3924 4790 END
START -848 -124 17716 -9062 -2553 3520 END
START -320 352 19340 -9581 -2254 2274 END
START 608 512 21024 -9810 -2228 1180 END
START 1340 1156 23508 -9584 -1867 -159 END
START 2020 1236 25556 -8646 -466 -2013 END
START 2016 804 28172 -7123 629 -4160 END
START 1940 256 30120 -5374 919 -6178 END
START 1784 -792 32324 -3425 284 -8169 END
START 1220 -2160 32767 -813 -817 -10067 END
START 48 -4092 32767 2951 -2174 -11758 END
START -1964 -5820 32767 7323 -3751 -12938 END
START -3972 -7216 32767 12313 -5554 -13588 END
START -6388 -8084 32767 16804 -6783 -13772 END
START -8476 -8548 32767 20323 -6643 -13431 END
START -10952 -8872 32767 23350 -5863 -12564 END
START -13092 -8912 32767 25984 -5182 -11260 END
START -14888 -9316 30824 27963 -4954 -9636 END
START -16096 -9796 28840 29261 -4511 -7755 END
START -16552 -10264 26608 30601 -4136 -5666 END
START -16596 -10488 24332 32058 -4289 -3822 END
START -16136 -10616 22384 32767 -4973 -2040 END
START -15388 -10212 19592 32767 -6211 -169 END
START -13944 -9748 16644 32767 -7494 1281 END
START -12556 -8992 14024 32767 -8074 2337 END
START -11332 -8036 11224 32767 -8548 3191 END
START -10260 -7060 8744 32767 -9031 4339 END
START -8960 -5880 6388 32767 -9238 5679 END
START -7432 -4572 4016 31332 -8493 6705 END
START -6224 -3592 1776 28869 -6726 7695 END
START -5620 -2700 -104 25696 -4709 8847 END
START -5500 -1740 -1664 22301 -3167 10413 END
START -4772 -916 -3352 18579 -1979 12647 END
START -3608 -188 -4228 15029 -840 14699 END
START -1832 120 -4944 11640 286 15821 END
START -320 1052 -5376 8695 1077 15753 END
START 712 1452 -5732 6181 1090 14718 END
START 1680 1916 -6200 4028 482 13402 END
START 2396 1816 -6852 1893 -599 11837 END
START 2768 2244 -7024 -328 -1652 10506 END
START 3048 1984 -7272 -2758 -2220 9684 END
START 4200 2156 -7916 -5656 -1811 8947 END
START 4856 2200 -8308 -8945 -703 8401 END
START 5652 2052 -8288 -12358 564 7687 END
START 6276 1864 -7728 -15633 1387 6419 END
START 6996 1736 -7256 -18517 1645 4619 END
START 7780 1140 -6180 -20964 1248 2629 END
START 8388 1044 -5016 -22861 685 752 END
START 9576 696 -4116 -24576 498 -1030 END
START 10752 72 -3124 -26831 1216 -3093 END
START 11524 -932 -1724 -29504 2467 -5493 END
START 11812 -2232 216 -32152 3796 -8074 END
START 11568 -3552 3016 -32768 4640 -10597 END
START 10580 -4932 7096 -32768 4928 -13224 END
START 8672 -5680 11608 -32768 5200 -15799 END
START 6032 -6908 16768 -32768 5253 -17780 END
START 2748 -8316 22592 -32768 4539 -18569 END
START 208 -9608 27800 -32768 4143 -18080 END
START -2324 -11376 32052 -32768 4840 -16987 END
START -5424 -12936 32767 -31171 5694 -15554 END