START 2000 -1528 22208 -7229 1895 -3353 END
START 2048 -1708 22200 -7281 1106 -3995 END
START 2264 -1440 23708 -7281 437 -5543 END
START 2472 -2500 25916 -6449 -1220 -7719 END
START 2040 -3192 28208 -5752 -2037 -9954 END
START 1044 -4084 30696 -3896 -2851 -11329 END
START -596 -5076 32767 -291 -2911 -11544 END
START -2476 -6188 32767 4580 -2650 -11285 END
START -3936 -6548 32767 10072 -2548 -10822 END
START -5184 -6944 32767 13917 -2814 -10659 END
START -6608 -6992 32767 16720 -4003 -10733 END
START -8484 -6648 32132 18849 -5102 -10591 END
START -9976 -6740 31412 21104 -5709 -9965 END
START -11092 -6716 30436 23257 -5576 -9046 END
START -12164 -7340 29204 25014 -4881 -7765 END
START -12720 -7904 27820 26637 -3924 -6407 END
START -13320 -8532 25972 28138 -3112 -5084 END
START -13612 -8696 24120 29309 -2688 -3719 END
START -13764 -8652 22216 30394 -2797 -2425 END
START -13640 -8368 19924 31243 -3037 -1423 END
START -13716 -8180 17800 31871 -3693 -589 END
START -13596 -7876 15656 32263 -4245 295 END
START -13216 -7780 13268 32078 -4804 1316 END
START -12600 -7084 10848 31164 -4699 2526 END
START -11964 -6508 8996 29617 -4183 4178 END
START -11064 -5540 7520 27877 -3201 6137 END
START -10012 -4632 6048 26024 -2028 7991 END
START -8904 -3696 4536 24155 -1291 9602 END
START -7780 -2800 2952 22039 -1005 10999 END
START -6372 -1848 1884 19805 -1157 12034 END
START -4764 -704 596 17678 -1050 12529 END
START -3504 192 -412 15258 -548 12590 END
START -2576 920 -1088 12699 16 12642 END
START -1556 1484 -1996 10162 564 12711 END
START -520 2104 -2804 7425 1074 12493 END
START 312 2704 -3260 4711 1501 11993 END
START 972 2856 -3420 2265 1510 11517 END
START 1736 3264 -3360 132 1233 11108 END
START 2900 3524 -3464 -2058 875 10566 END
START 4216 3652 -3216 -4350 1021 9531 END
START 5284 3804 -2988 -6600 1474 8201 END
START 6028 3496 -2800 -8936 1935 6748 END
START 6548 3112 -2304 -11503 2163 5194 END
START 6800 2540 -1356 -13946 2465 3515 END
START 6828 1976 -452 -15940 2667 1918 END
START 6680 972 592 -17776 2910 455 END
START 6568 352 1364 -19425 3123 -752 END
START 6592 -564 2224 -21345 3861 -2203 END
START 6200 -1768 3580 -23384 5046 -4181 END
START 5296 -2440 4980 -25089 5577 -5786 END
START 4788 -3244 5956 -26499 5437 -6898 END
START 4820 -3640 6932 -28128 5055 -7933 END
START 5160 -4284 8020 -29949 5027 -9388 END
START 5068 -5252 9728 -31527 5130 -11226 END
START 4732 -6212 11620 -32413 4881 -13087 END
START 3888 -6596 13476 -32768 3973 -15008 END
START 2612 -6308 15952 -32768 2456 -16636 END
START 1540 -5916 18744 -32485 299 -17686 END
START 632 -5560 21900 -31366 -2016 -18570 END
START -960 -5548 25352 -30340 -3426 -19229 END
START -2948 -6292 29380 -28419 -4041 -19344 END
START -5256 -7980 32767 -25103 -4471 -18829 END
START -6600 -10612 32767 -21337 -4038 -17755 END
START -7768 -13200 32767 -18068 -1471 -16389 END
START -9196 -14616 32767 -14983 1660 -14215 END
START -9816 -15724 32767 -12305 3758 -11892 END
START -10904 -15128 32767 -9112 5687 -9279 END