START 2236 -1584 17908 -5263 1679 5912 END
START 2764 -1676 18504 -5556 466 5391 END
START 2240 -1184 19484 -6122 56 3868 END
START 4080 -1728 21272 -6281 -1267 1282 END
START 5296 -1224 23184 -6895 -1670 -2224 END
START 5212 -1692 25760 -6538 -2667 -5709 END
START 4348 -1516 28196 -4147 -4048 -8171 END
START 3588 -2040 29924 -545 -4686 -9662 END
START 2044 -2308 31312 3261 -4697 -10497 END
START 968 -2688 32072 6720 -4702 -11054 END
START -256 -2988 32396 9066 -4991 -11802 END
START -1796 -3372 32767 10888 -5671 -12823 END
START -3844 -4028 32767 13289 -7148 -13782 END
START -5996 -4972 32767 16483 -8921 -14275 END
START -8328 -5796 32767 20427 -10560 -13896 END
START -9356 -6692 32767 23904 -11050 -12940 END
START -10588 -7456 31504 26068 -9866 -11844 END
START -11904 -8336 29440 27245 -7899 -10517 END
START -13324 -8984 27088 27940 -6396 -9132 END
START -14456 -9264 25020 28592 -5661 -7627 END
START -15132 -9380 22532 29465 -5403 -6322 END
START -15684 -9260 20132 30209 -5541 -5303 END
START -16112 -8992 17828 30841 -5950 -3908 END
START -15876 -8612 15240 30969 -6016 -2153 END
START -15556 -8044 12644 30453 -5480 -123 END
START -15096 -7360 10384 29182 -4853 2262 END
START -14080 -6220 8764 27602 -3857 5035 END
START -12728 -5296 7040 25867 -2725 7829 END
START -11100 -4444 5340 23791 -1740 10158 END
START -8888 -3460 3808 21399 -794 11760 END
START -6780 -2320 2684 18987 -199 12618 END
START -5076 -1484 2084 16959 -232 13069 END
START -2916 -404 1200 15103 -126 12826 END
START -1292 176 316 13395 23 12213 END
START -244 736 -324 11168 251 11438 END
START 764 1008 -1160 8975 709 10882 END
START 1748 1244 -1840 6720 1104 10397 END
START 2592 1248 -2264 4487 1218 9909 END
START 3748 1292 -2812 2362 1317 9342 END
START 4800 1260 -3480 -133 1763 8636 END
START 5628 1372 -3676 -2754 2303 7631 END
START 6360 1336 -3572 -5560 2835 6426 END
START 6788 1228 -2988 -7939 3066 5106 END
START 7440 1128 -2384 -10075 3045 3781 END
START 8184 1100 -1448 -12069 2714 2511 END
START 8792 932 -236 -13987 2508 1141 END
START 9032 504 712 -15616 2652 -267 END
START 8540 -464 1476 -17470 3241 -1683 END
START 7736 -1796 2656 -19577 4097 -2948 END
START 6480 -2868 3696 -21886 4790 -3959 END
START 5324 -3688 4984 -23940 5117 -4731 END
START 4860 -4072 6540 -25731 4531 -5261 END
START 5196 -3868 8408 -27048 3384 -5628 END
START 5996 -3472 9992 -28191 2928 -6668 END
START 6740 -3112 11736 -29545 2583 -8393 END
START 7096 -3084 14704 -30904 2181 -10788 END
START 6000 -3580 18644 -31722 1789 -13734 END
START 3824 -4476 22632 -31269 1353 -16374 END
START 616 -5108 26860 -29433 293 -18051 END
START -1896 -5636 29192 -26790 -1351 -18548 END
START -4316 -6208 30948 -23642 -3134 -18385 END
START -6024 -6668 31488 -21220 -3950 -17448 END
START -7580 -7256 32368 -19717 -3363 -15647 END
START -8496 -7684 32292 -18321 -1157 -12832 END
START -8692 -8892 32228 -17756 2555 -9706 END