START 2824 3656 -3320 -6843 -438 5490 END
START 4984 4672 -8960 -7220 -1185 5818 END
START 5260 3576 -724 -8114 -1801 6443 END
START 4784 4428 -8 -9812 -2425 7248 END
START 4404 4780 704 -11544 -2557 7459 END
START 4496 4812 1288 -13361 -2515 7251 END
START 4384 4288 2564 -15367 -3290 6993 END
START 4624 3160 3600 -16913 -4920 7040 END
START 5032 2924 4928 -17890 -6489 7375 END
START 5392 2924 5976 -18267 -6399 7379 END
START 5140 2908 6472 -18648 -5384 7117 END
START 4644 2160 6588 -19617 -4516 6845 END
START 4608 776 7692 -20988 -4726 7150 END
START 5088 -708 8788 -22315 -5406 8004 END
START 5608 -1396 10492 -23509 -5284 8967 END
START 5612 -1212 11596 -24069 -3734 8967 END
START 4576 -1420 12260 -24101 -2951 7917 END
START 3284 -2300 12636 -23916 -4130 6505 END
START 3268 -3852 14284 -24272 -7151 6061 END
START 4232 -5108 17328 -24705 -9629 7133 END
START 6684 -4512 20116 -25101 -8351 8292 END
START 7800 -4168 22608 -25688 -3448 8280 END
START 7264 -5200 25824 -25816 510 7688 END
START 7168 -6708 28868 -24458 1753 7329 END
START 7228 -8320 32524 -21661 1744 7277 END
START 8048 -9204 32767 -18253 1850 7441 END
START 8948 -9800 32767 -15069 3013 7242 END
START 9124 -10116 32767 -11594 4346 6498 END
START 8984 -10440 32767 -7228 4966 5370 END
START 8520 -10484 32767 -2607 4852 4213 END
START 8336 -10296 32767 1529 4772 3257 END
START 7744 -9840 32767 5203 5032 2507 END
START 7200 -9428 32767 8530 5476 1920 END
START 6500 -9108 32767 11386 5354 1328 END
START 6300 -8848 32767 14170 4517 566 END
START 5896 -8332 32767 16781 3280 -463 END
START 5772 -8064 32064 18985 1835 -1514 END
START 5548 -7384 29552 20512 299 -2397 END
START 5408 -6828 27680 21765 -70 -3248 END
START 5204 -6656 25788 23149 896 -3981 END
START 4852 -6748 23732 24172 1973 -4161 END
START 4552 -6304 21992 25025 2748 -4078 END
START 4492 -5660 20336 26000 3399 -4215 END
START 4124 -4640 18484 27064 3698 -4672 END
START 4160 -3980 16092 27672 3044 -5347 END
START 3976 -3024 13768 27247 1842 -6197 END
START 3888 -1896 12516 26598 857 -6765 END
START 4004 -872 11508 25918 588 -7204 END
START 4064 -24 10624 25495 610 -7424 END
START 4276 560 9216 25204 1212 -7570 END
START 4432 1016 7552 24215 1608 -7818 END
START 4516 1672 6536 22103 498 -7969 END
START 4908 2696 6924 19581 -1564 -7675 END
START 5180 3896 7656 18256 -2089 -7522 END
START 5644 4204 7236 17685 -1120 -7791 END
START 5516 4104 5452 16396 206 -8525 END
START 4688 3920 3360 14026 193 -9185 END
START 3420 4264 2060 11562 -351 -9458 END
START 2608 4384 1284 9494 -1202 -9062 END
START 1988 4816 380 7663 -1996 -8243 END
START 2100 5064 -28 5461 -2549 -7542 END
START 2188 5784 384 2793 -1809 -6950 END
START 2148 5652 460 406 -82 -6518 END
START 1996 5428 404 -1513 689 -6229 END
START 1468 5016 -40 -3449 -206 -5984 END
START 1096 5040 320 -4912 -1715 -5864 END
START 880 5024 620 -5588 -3345 -5568 END
START 1112 5052 780 -6587 -4561 -5362 END
START 1244 4920 1312 -8231 -5458 -5235 END
START 1332 4684 1988 -9964 -5677 -4887 END
START 1360 4584 2784 -11773 -5123 -3973 END
START 1360 4252 3360 -13744 -4442 -3131 END
START 1424 3996 3464 -15380 -4303 -2673 END
START 1524 3752 4276 -16921 -5163 -2896 END
START 1380 3412 5948 -17642 -5135 -3509 END
START 1244 2764 7248 -18010 -4208 -3439 END
START 964 2144 7812 -19028 -3490 -2872 END
START 116 1608 8312 -20406 -3221 -2646 END
START -696 1260 9176 -20895 -4031 -2264 END
START -640 1068 10684 -21799 -5224 -1373 END
START 800 24 12180 -22892 -4528 -455 END
START 1820 -576 15048 -24224 -2744 764 END
START 2208 -1088 18132 -25151 -14 1715 END
START 1768 -1476 21132 -24860 2701 1815 END
START 636 -1916 22820 -23533 3950 1355 END
START -292 -1804 25056 -21961 3257 1078 END
START -392 -2188 27712 -20331 2502 1113 END
START 184 -3264 31032 -19055 2905 1487 END
START 136 -4368 32767 -17407 4688 1776 END
START -292 -5332 32767 -15398 6154 1837 END
START -1720 -5568 32767 -13214 5738 1697 END
START -2800 -5684 32767 -9453 3029 1736 END
START -2768 -6196 32767 -5432 -316 1765 END
START -1540 -6336 32767 -2289 -2963 2039 END
START 204 -6080 32767 820 -3484 2625 END
START 1420 -5500 32767 3862 -2732 3032 END
START 2504 -5060 32767 6569 -1777 3143 END
START 2772 -4748 32767 8814 -956 2825 END
START 3128 -4884 32767 10987 -1058 2456 END
START 3684 -4928 32767 13206 -1472 2136 END
START 4364 -4568 31784 15170 -1517 1739 END
START 4364 -4260 29676 16783 -1364 1036 END
START 3828 -3764 27564 18364 -1159 265 END
START 3340 -3500 25552 19633 -1407 -513 END
START 2832 -3184 23520 20484 -2424 -1305 END
START 2880 -3460 21732 21073 -4371 -1785 END
START 3712 -3480 20580 21245 -5620 -1683 END
START 4652 -2640 19392 21199 -5026 -1431 END
START 5132 -1512 18296 20605 -4135 -1342 END
START 5816 -620 17280 20719 -3057 -1905 END
START 6120 40 15608 21157 -1970 -3164 END
START 6400 384 13968 21164 -1344 -4622 END
START 6408 816 12124 20742 -1765 -5631 END
START 6152 1788 10900 19954 -2350 -6410 END
START 6432 2460 9456 19267 -2564 -7124 END
START 6152 2936 8296 18411 -2174 -7821 END
START 5524 3228 6968 17198 -824 -8205 END
START 5180 3592 5856 15846 757 -8062 END
START 5096 3768 4808 14252 1995 -7848 END
START 5020 3848 4192 12283 2420 -7858 END
START 4496 4188 3896 10806 1925 -8024 END
START 4028 4428 3184 9801 1018 -8237 END
START 3540 4704 2472 8624 162 -8415 END
START 3268 4672 1904 7285 -480 -8496 END
START 3436 4656 1752 5604 -863 -8322 END
START 3388 4748 1584 3893 -774 -8230 END
START 3360 4760 1692 2432 -368 -8154 END
START 3148 4972 1520 863 37 -8213 END
START 2624 5204 1512 -610 60 -8301 END
START 2460 5124 1380 -1775 -363 -7996 END
START 2560 4824 1644 -3501 -1245 -7470 END
START 2816 4700 2236 -5203 -1587 -7082 END
START 2784 4988 2884 -6337 -576 -7384 END
START 2316 5440 2956 -7071 756 -8037 END
START 1496 6088 2696 -7820 1001 -8380 END
START 760 6056 2920 -8696 220 -8346 END
START 916 5744 2888 -10108 -512 -8090 END
START 1180 5684 3316 -11874 -501 -7861 END
START 1188 5348 4436 -13884 920 -8135 END
START 532 4888 5380 -14918 2318 -8654 END
START -72 3808 6192 -15485 2101 -9115 END
START -840 2832 6768 -15797 72 -9210 END
START -1424 2192 7396 -16421 -1892 -9156 END
START -1148 1060 8308 -17312 -3165 -8721 END
START -1160 416 9548 -18809 -2748 -7960 END
START -1716 284 11648 -20188 -2234 -7197 END
START -1464 12 13548 -20394 -1622 -6808 END
START -1748 -348 15108 -20043 -800 -6788 END
START -2044 -1220 16692 -19594 -443 -6430 END
START -1828 -2024 18300 -19797 -445 -5939 END
START -2108 -2084 22356 -20605 -984 -6003 END
START -2428 -2308 26136 -19497 -575 -6168 END
START -3556 -2680 29448 -18235 1251 -6235 END
START -5628 -3484 32460 -16985 3061 -5529 END