START 1452 4756 13216 -63 -2143 608 END
START 3020 5916 5964 -223 -1670 426 END
START -948 6036 14080 -657 -1957 382 END
START 1080 5344 11324 -1268 -2572 114 END
START 2240 4928 9316 -1421 -2824 25 END
START 1944 5236 9416 -1538 -2908 -169 END
START 2124 4444 8428 -1353 -2635 -484 END
START 2148 4060 6944 -1357 -2434 -668 END
START 2060 3320 5376 -2658 -2186 -782 END
START 1324 3236 4316 -3809 -2381 -625 END
START 904 3556 3800 -4645 -2795 -135 END
START 920 3504 2980 -5905 -2996 238 END
START 752 3780 2992 -7326 -3403 838 END
START 936 3976 3096 -8583 -3548 1842 END
START 1384 3844 3796 -10063 -3296 2825 END
START 1816 3444 4648 -11301 -2398 3449 END
START 2012 3200 5452 -12166 -1601 3691 END
START 2132 2744 6200 -13193 -1546 3679 END
START 1976 1948 7332 -14335 -2281 3500 END
START 2092 1008 8652 -15196 -2969 3716 END
START 2104 176 9904 -15956 -2683 4208 END
START 1944 -192 11236 -17111 -2193 4769 END
START 1896 -1008 12760 -17993 -1791 5454 END
START 2300 -1380 14576 -18516 -2182 5746 END
START 3500 -1692 16108 -18615 -2692 5418 END
START 3800 -1796 18224 -18732 -2693 4679 END
START 3908 -2620 20132 -18483 -2582 4318 END
START 3852 -3500 21556 -17829 -2797 4389 END
START 4268 -4044 23088 -17285 -2595 4823 END
START 4936 -4476 24696 -16745 -1571 5161 END
START 5060 -4884 26432 -15935 -582 5009 END
START 5216 -5288 27612 -14796 -185 4448 END
START 5284 -5248 28780 -13347 -95 3577 END
START 4928 -5164 30016 -11716 -456 2682 END
START 5308 -5288 30904 -9935 -1071 2185 END
START 5488 -5160 31716 -8266 -1154 1690 END
START 5896 -4844 32308 -6797 284 1561 END
START 5836 -4664 32656 -5422 2234 1500 END
START 5244 -4404 32767 -3921 3605 1323 END
START 4508 -4372 32767 -2166 3505 1109 END
START 4552 -4460 32767 -231 2651 1011 END
START 4776 -4492 32767 1955 2302 680 END
START 5032 -4748 32767 4104 2635 -5 END
START 4748 -5016 32767 6403 3184 -734 END
START 4096 -5440 32767 8916 3540 -1390 END
START 2732 -5432 32428 11367 3263 -1839 END
START 1816 -5604 30128 13210 2400 -1657 END
START 1136 -5556 28300 13720 1374 -1048 END
START 808 -5492 27196 14097 611 -359 END
START 680 -5108 26004 14568 -134 170 END
START 812 -4768 25152 15272 -987 361 END
START 1224 -4276 24252 16009 -1734 350 END
START 1832 -3840 23444 16874 -2341 370 END
START 2372 -2932 22560 17807 -2555 310 END
START 2672 -2372 21432 18307 -2519 220 END
START 3044 -2016 20084 18392 -2695 116 END
START 3608 -1656 18972 18508 -2658 159 END
START 4052 -1264 17796 18323 -2764 83 END
START 4400 -816 17092 18063 -2608 -461 END
START 4584 -108 16792 18113 -2264 -1177 END
START 4908 192 16396 18556 -2010 -1955 END
START 5296 432 15844 19149 -1476 -2495 END
START 5468 868 14544 19703 -438 -3095 END
START 5336 1260 13500 19842 579 -3592 END
START 5164 1700 12332 19746 1140 -3928 END
START 5284 2000 11428 19290 1337 -4096 END
START 5632 2504 10864 18467 1779 -4406 END
START 6212 2728 10472 17476 2334 -4822 END
START 6588 3320 9348 16370 2874 -5372 END
START 6580 4004 8528 15332 3530 -6166 END
START 6004 4224 7440 14607 3620 -7023 END
START 5236 4308 6072 13958 2795 -7572 END
START 5408 4272 5540 12961 1442 -7931 END
START 5716 4552 4956 11703 928 -8240 END
START 6224 4260 5060 9859 1094 -8298 END
START 6612 4868 4812 7962 2716 -7685 END
START 5900 5368 4248 6076 4737 -7029 END
START 5336 5524 3396 4367 5818 -6508 END
START 4516 5552 2684 3053 5458 -6287 END
START 3776 5760 2012 1971 4212 -6288 END
START 2940 6096 1272 702 2691 -6629 END
START 2148 6076 904 -960 1074 -7159 END
START 1524 6124 840 -2708 -349 -7491 END
START 500 5672 956 -4372 -1473 -7371 END
START -300 5448 1080 -6158 -2326 -6544 END
START -940 5128 1468 -8339 -3164 -5250 END
START -1432 4592 1788 -10402 -4225 -3987 END
START -1540 4160 2716 -12105 -5637 -2605 END
START -1000 3644 3504 -13819 -6725 -1448 END
START -612 3184 4492 -15371 -7692 -437 END
START -36 2956 5636 -16744 -8125 294 END
START -32 2468 6504 -17568 -8211 1012 END
START -276 2096 7556 -18073 -8333 1916 END
START -252 1780 8560 -18293 -8072 2829 END
START 248 1376 9460 -18453 -7097 3128 END
START 616 572 10392 -18881 -5904 2943 END
START 704 -184 11420 -19649 -5827 2784 END
START 836 -876 12752 -20450 -6070 2757 END
START 1024 -1052 13960 -21036 -6198 2894 END
START 528 -1360 15464 -21409 -5887 3036 END
START 848 -1748 16480 -21826 -5595 3192 END
START 1376 -2440 18608 -22291 -5873 3640 END
START 2560 -2920 20860 -22449 -6002 4159 END
START 3524 -3140 23176 -22106 -5369 4271 END
START 4032 -3276 25640 -21298 -4176 3869 END
START 4304 -3248 27968 -19888 -2875 3205 END
START 4432 -3820 29912 -18004 -1866 2619 END
START 4336 -4044 31692 -15838 -937 2326 END
START 3616 -4468 32767 -13641 -135 2346 END
START 3400 -4904 32767 -11618 333 2573 END
START 3460 -5240 32767 -9551 543 2706 END
START 3800 -5712 32767 -7130 511 2559 END
START 4072 -6120 32767 -4438 449 2130 END
START 4028 -6104 32767 -1621 777 1478 END
START 3996 -6180 32767 1030 1175 907 END
START 3904 -6080 32767 3724 1227 822 END
START 3948 -6088 32767 6327 1082 850 END
START 4160 -5892 32767 8544 1260 792 END
START 4108 -5616 32767 10408 1208 428 END
START 4188 -5388 31564 12326 960 31 END
START 4084 -5188 29776 13928 643 -406 END
START 3832 -4888 28356 15353 561 -881 END
START 3864 -4916 26708 16609 762 -1393 END
START 3612 -4704 25228 17704 509 -1404 END
START 3636 -4416 23656 18510 79 -994 END
START 3768 -4120 22752 19096 -33 -895 END
START 3976 -3668 21624 19602 -158 -959 END
START 4152 -3112 20736 20065 -531 -1046 END
START 4748 -2628 19780 20292 -928 -1202 END
START 5424 -2400 18640 20402 -1187 -1641 END
START 6016 -1680 17812 20393 -1126 -2181 END
START 6356 -1152 17216 20593 -724 -2902 END
START 6304 -556 16104 20816 -475 -3286 END
START 6280 112 14684 20931 -536 -3290 END
START 6396 624 13328 20661 93 -3291 END
START 6476 1160 12224 19802 695 -3345 END
START 6732 1796 11316 18760 874 -3631 END
START 6660 2284 10380 17807 445 -4200 END
START 6548 2888 9396 16976 72 -4747 END
START 6428 3312 8512 16266 149 -5330 END
START 6148 3764 7912 15299 161 -5634 END
START 6108 4120 7424 14085 82 -5826 END
START 5932 4388 6920 13018 228 -5854 END
START 5628 4680 6692 11721 551 -6112 END
START 5264 4364 6160 10565 1175 -6348 END
START 5640 4784 5976 9481 1725 -6659 END
START 5728 4948 5800 8581 1674 -6938 END
START 5748 5104 5628 7528 1547 -7404 END
START 5572 5352 5400 6378 1381 -7819 END
START 5108 5388 5176 5198 1048 -8159 END
START 4764 5728 4796 3970 927 -8324 END
START 4072 5728 4444 2801 1298 -8482 END
START 3572 5792 3888 1607 1886 -8263 END
START 2916 5992 3392 206 2191 -7839 END
START 2540 6220 2880 -1318 1543 -7529 END
START 2336 6532 2528 -3591 -119 -7605 END
START 2160 6760 2796 -5687 -1419 -7990 END
START 1800 6896 3352 -6836 -1790 -8014 END
START 1040 6604 3540 -7477 -1915 -7682 END
START 512 6340 3596 -8494 -2258 -7075 END
START 268 6060 3708 -9965 -2347 -6405 END
START 232 5576 3452 -11681 -2325 -5777 END
START -200 5440 3752 -13239 -2455 -5455 END
START 8 4692 3144 -14876 -2907 -5548 END
START -524 4036 3212 -17137 -3877 -6124 END
START -1956 3540 3980 -17939 -5268 -6412 END
START -2808 2624 4412 -17675 -7013 -5371 END
START -2928 2000 4664 -18299 -8316 -3025 END
START -1900 1064 5256 -20351 -8526 -335 END
START -260 380 6852 -22726 -7691 1720 END
START 1020 -100 9076 -24144 -5868 2817 END
START 1316 -556 11284 -24513 -3746 2774 END
START 840 -1512 12684 -24357 -2816 2132 END
START 1060 -2492 14604 -24101 -3147 1949 END
START 2064 -3764 16884 -23945 -3299 2451 END
START 2640 -4608 20184 -24177 -2204 3015 END
START 3084 -5380 23748 -23926 241 3780 END
START 2776 -5780 27824 -22693 3000 5077 END
START 2564 -6080 31104 -21255 5091 6661 END
START 2488 -6048 32767 -19148 6937 7431 END