START -1580 3664 9200 -5898 -5171 4260 END
START 2400 2316 4340 -6502 -5908 4587 END
START 4488 1680 676 -7848 -6610 4970 END
START 4268 1560 2840 -9055 -6581 5365 END
START 3412 1496 4320 -9333 -6332 5531 END
START 3404 1600 4480 -9535 -6256 5389 END
START 3396 992 4412 -10195 -6408 5357 END
START 3300 1040 4592 -11135 -6860 5729 END
START 3048 1060 5132 -12090 -6995 6399 END
START 3436 1148 5572 -13222 -7082 7094 END
START 3460 1196 6220 -14529 -7317 7680 END
START 4432 1004 7200 -15637 -7005 8142 END
START 4812 668 8588 -16889 -5945 8216 END
START 5264 -56 10040 -17804 -4905 8010 END
START 5132 -248 11148 -18430 -4369 8028 END
START 4876 -412 11572 -19212 -4092 7879 END
START 4548 -696 12540 -20139 -4457 7561 END
START 4812 -1576 14744 -21045 -5196 7628 END
START 5716 -2428 17428 -21249 -5067 8119 END
START 6088 -2712 19668 -21093 -3483 8541 END
START 5912 -3068 21120 -20835 -1496 8311 END
START 5372 -3732 22612 -20442 -614 8064 END
START 5220 -4464 24844 -19666 -1273 8096 END
START 5932 -4936 27104 -18191 -2216 8241 END
START 7016 -5080 29300 -16576 -2405 8125 END
START 7656 -4608 31216 -15142 -1668 7424 END
START 7836 -4276 32767 -13429 -576 6322 END
START 7576 -4580 32767 -10793 -13 5010 END
START 7748 -5356 32767 -7815 -641 4180 END
START 8512 -5856 32767 -4912 -1022 3799 END
START 9300 -6192 32767 -1859 -148 3429 END
START 9524 -6012 32767 1058 1190 2813 END
START 9432 -6032 32767 3789 1823 2043 END
START 9376 -5676 32767 6343 2003 1316 END
START 9360 -5272 32767 8706 2127 382 END
START 8880 -4964 32272 10892 2276 -633 END
START 8364 -4920 30512 12916 1834 -1424 END
START 7920 -4600 28848 14558 1007 -1927 END
START 7952 -4272 27364 15862 803 -2419 END
START 7896 -4288 25896 16767 925 -2995 END
START 8292 -4304 24492 17608 1076 -3356 END
START 8104 -4028 23024 18531 1532 -3951 END
START 7804 -3596 21172 19244 2321 -4601 END
START 7164 -3344 19324 19605 3054 -5096 END
START 6320 -3124 17516 19628 3260 -5249 END
START 6472 -3004 16144 19306 2857 -5420 END
START 6604 -2464 14976 18966 2501 -5691 END
START 6692 -2040 14008 18472 2834 -6190 END
START 6240 -1664 13008 17870 3282 -6408 END
START 5828 -1048 11844 17312 3509 -6266 END
START 5420 -604 10412 16868 3393 -6085 END
START 5196 36 9500 16250 2853 -6072 END
START 5416 188 9016 15231 2653 -6082 END
START 5428 652 8940 13944 2731 -6000 END
START 5932 1296 9072 12687 3140 -6008 END
START 5864 1640 8748 11883 3860 -6345 END
START 4968 2180 7652 11014 4305 -6770 END
START 4372 2192 6892 10119 3843 -7064 END
START 3684 2468 6188 9146 2996 -6927 END
START 3616 2360 6096 8054 2113 -6643 END
START 3536 2600 5976 6997 1347 -6550 END
START 3468 2872 5632 6034 898 -6487 END
START 3192 3248 5500 4974 647 -6289 END
START 2852 3832 5056 3829 394 -5922 END
START 2624 4320 4764 2481 222 -5592 END
START 2448 4660 4392 864 145 -5479 END
START 2148 4876 4300 -806 129 -5448 END
START 1908 5112 4508 -2407 48 -5245 END
START 1488 4956 4428 -3713 -693 -4859 END
START 1168 4844 4644 -4939 -1892 -4449 END
START 1052 4760 4828 -6144 -2551 -4176 END
START 1004 4664 5044 -7470 -2902 -3781 END
START 1016 4388 5748 -8985 -3433 -3371 END
START 1016 3888 6580 -10239 -3613 -2880 END
START 1052 3324 6980 -11300 -4157 -2255 END
START 1308 2704 7312 -12393 -4958 -1627 END
START 1664 2480 7920 -13410 -5334 -1259 END
START 1628 2100 8356 -14390 -5173 -1201 END
START 1720 1480 9220 -15559 -5307 -989 END
START 2400 712 10656 -16647 -5330 -460 END
START 2676 312 12572 -17318 -4748 23 END
START 2472 -160 13492 -17461 -3947 269 END
START 1844 -232 13744 -17578 -3299 376 END
START 1320 -912 14732 -17938 -3427 559 END
START 1532 -1848 16828 -18389 -3770 1519 END
START 2156 -2408 18728 -18722 -3073 2825 END
START 2380 -2628 20312 -18935 -2004 3589 END
START 2168 -2592 22164 -18727 -1173 3590 END
START 1824 -2524 24692 -17843 -1191 3420 END
START 1724 -2968 27024 -16418 -1577 3647 END
START 2100 -3472 29672 -14788 -1846 4213 END
START 3372 -4092 32500 -13331 -1653 4826 END
START 4412 -4164 32767 -11633 -788 5121 END
START 5356 -3976 32767 -9111 527 4829 END
START 5864 -4168 32767 -6093 1211 4074 END
START 6140 -4188 32767 -2592 1103 2895 END
START 6648 -4376 32767 992 626 1691 END
START 6696 -4308 32767 4121 590 813 END
START 6656 -4344 32767 6715 1336 278 END
START 6304 -4608 32767 9096 2124 -113 END
START 5808 -4540 32767 11374 2525 -424 END
START 5528 -4420 32296 13432 2831 -904 END
START 4992 -4300 30140 15208 3130 -1476 END
START 4692 -4544 27948 16464 3016 -2008 END
START 4284 -4264 26204 17626 2862 -2157 END
START 4104 -4184 24308 18653 2686 -2168 END
START 4264 -3836 22500 19502 2554 -2112 END
START 4508 -3544 21300 19983 2524 -2133 END
START 5236 -2980 20284 20281 2686 -2003 END
START 5708 -2532 18784 20570 3502 -2199 END
START 6204 -2196 17460 20598 3968 -2644 END
START 6172 -1592 15900 20606 4036 -3243 END
START 6656 -832 14456 20324 3769 -3752 END
START 7052 -212 13304 19892 3858 -4522 END
START 7072 564 12260 19652 3994 -5342 END
START 6684 1216 10552 19240 4045 -6169 END
START 6040 1824 8868 18317 3824 -6822 END
START 6012 2076 7584 16969 3514 -7235 END
START 5552 2452 6704 15546 3389 -7395 END
START 5156 2756 5724 14219 3141 -7653 END
START 4840 3048 4688 12950 2709 -8001 END
START 4388 3316 3872 11409 1726 -8526 END
START 4168 3576 3292 9988 1027 -8874 END
START 3956 3836 2484 8485 496 -9081 END
START 3804 4156 1832 6751 -39 -9090 END
START 3460 4328 1188 4674 -412 -8892 END
START 3028 4436 984 2547 -668 -8734 END
START 2772 4584 480 837 -1216 -8517 END
START 2456 4748 204 -802 -2020 -8578 END
START 2136 5136 212 -2392 -2475 -9055 END
START 1548 5004 -176 -3843 -3122 -9471 END
START 876 4596 -232 -5620 -4468 -9501 END
START 428 4112 -232 -7618 -5784 -8855 END
START 360 3684 68 -9819 -6577 -7773 END
START 268 3188 336 -12052 -6740 -6691 END
START 216 2488 1140 -14363 -6394 -5636 END
START 88 1932 1800 -16372 -5944 -4737 END
START 76 1396 2856 -17855 -6132 -4004 END
START 100 996 4000 -18962 -6728 -3258 END
START 580 392 5324 -20012 -6698 -2616 END
START 752 32 6480 -21374 -6237 -1852 END
START 816 -612 7944 -22877 -5661 -867 END
START 512 -1228 9772 -24476 -5223 532 END
START 760 -2108 11584 -25905 -4651 2326 END
START 740 -2660 14556 -27365 -3758 3995 END