START 5076 2696 684 -5074 -430 2532 END
START 2952 3228 3052 -5369 -99 2454 END
START 4000 2760 1956 -5820 -683 2568 END
START 3028 2992 3012 -6719 -2102 3130 END
START 2716 3064 3324 -7372 -2935 3770 END
START 2752 3556 3332 -8259 -2970 4079 END
START 2832 3944 3020 -9338 -3165 3917 END
START 3040 4124 3604 -10722 -4110 3501 END
START 3620 3908 4460 -11786 -4722 3174 END
START 4180 3992 4936 -12928 -4479 2761 END
START 4224 3736 5232 -13868 -4079 2304 END
START 3856 3232 5240 -15102 -3805 1572 END
START 3556 2692 5648 -16569 -3911 934 END
START 3808 2148 6652 -18207 -4672 654 END
START 3608 1476 8192 -19224 -4516 519 END
START 3052 136 8876 -19379 -3644 357 END
START 1980 -876 8196 -19504 -3589 -71 END
START 1088 -1996 8076 -20623 -5741 -1060 END
START 976 -2348 11204 -21954 -8714 -1063 END
START 3636 -2912 13616 -22114 -8365 847 END
START 3700 -2772 18484 -22949 -5109 2546 END
START 4580 -3176 20508 -24269 -1254 3323 END
START 3780 -3468 24060 -24340 701 3080 END
START 3228 -4084 27584 -22856 870 3334 END
START 3492 -4700 30396 -21118 1050 3694 END
START 3408 -5284 32767 -19404 1731 3789 END
START 3536 -6128 32767 -17055 2213 3615 END
START 3528 -6632 32767 -14160 2715 2779 END
START 2832 -7440 32767 -10627 3119 1847 END
START 2184 -8224 32767 -7510 3064 1451 END
START 1580 -8464 32767 -4632 2360 1909 END
START 1776 -8404 32767 -1809 1651 2727 END
START 2144 -8360 32767 1077 2141 3233 END
START 2356 -8228 32767 3943 2731 3321 END
START 2136 -8064 32767 6980 2540 3288 END
START 2628 -7960 32767 9833 1414 3025 END
START 3156 -7440 32767 11993 -12 2408 END
START 2996 -6892 32767 14033 -737 1605 END
START 2948 -6404 32660 16518 -1092 1123 END
START 3104 -6108 30260 18556 -1079 809 END
START 3480 -5648 28020 19778 -513 650 END
START 3776 -5148 26360 20600 191 391 END
START 3748 -4604 24412 21491 845 107 END
START 3600 -4436 21920 22286 904 -204 END
START 3308 -4000 20072 22620 330 -564 END
START 3512 -3772 18468 22997 -110 -985 END
START 3744 -3316 17056 23134 -71 -1157 END
START 3968 -2504 16004 23040 561 -1284 END
START 4032 -1980 14720 22821 1308 -1310 END
START 3984 -1252 13296 23068 1398 -1046 END
START 4336 -828 10880 22688 441 -982 END
START 4736 520 9428 21120 -773 -1266 END
START 4940 1412 8692 19264 -838 -1830 END
START 5088 2084 8184 17831 -175 -2633 END
START 4980 2064 7476 16905 402 -3435 END
START 4496 2816 6764 16327 740 -3974 END
START 4372 3320 5688 15424 1004 -4329 END
START 4492 3692 4588 13701 575 -4361 END
START 5124 4044 4604 11645 124 -4160 END
START 5788 4584 4752 10196 650 -3974 END
START 5844 4836 4588 9029 1634 -4324 END
START 5556 5172 3956 7923 2389 -5223 END
START 4700 5264 3284 6990 2343 -6026 END
START 3880 5276 2496 5721 1598 -6405 END
START 3220 5276 1752 4202 770 -6367 END
START 2960 5240 896 2401 43 -6272 END
START 2588 5428 264 250 -562 -6311 END
START 1952 5672 132 -1628 -763 -6605 END
START 1168 5844 144 -2970 -639 -6707 END
START 520 6008 -32 -4193 -500 -6479 END
START 176 5716 -484 -6007 -1077 -6008 END
START -44 5372 -428 -8402 -2156 -5358 END
START 8 5140 380 -10266 -3218 -4443 END
START 748 4792 1512 -11904 -3847 -3711 END
START 1700 4492 3124 -13291 -3687 -3614 END
START 2176 4116 4180 -14304 -3224 -3848 END
START 1876 3560 5420 -15110 -2875 -4184 END
START 1004 2632 6052 -15627 -2863 -4419 END
START 180 1836 6296 -16227 -2935 -4341 END
START -712 856 6580 -17519 -3252 -4112 END
START -636 292 7724 -19157 -4078 -3397 END
START -200 -8 10008 -20242 -4186 -2515 END
START 612 -548 11440 -21049 -3510 -1797 END
START 212 -952 13976 -21753 -2372 -1500 END
START 36 -1040 15152 -22221 -1130 -1458 END
START -788 -1776 17064 -22422 -267 -1554 END
START -1228 -2820 19408 -22517 -784 -960 END
START -656 -3760 22292 -22178 -1727 151 END
START -88 -3820 24988 -21782 -1469 564 END
START 208 -3408 28012 -21071 -1836 323 END
START 564 -2964 31428 -19042 -2157 -766 END
START 292 -3596 32767 -16421 -3179 -2106 END
START 372 -4792 32767 -13939 -5690 -2392 END
START 1652 -5292 32767 -11818 -6751 -1808 END
START 2600 -6324 32767 -9641 -4657 -1224 END
START 2216 -7280 32767 -7132 -1457 -506 END
START 1408 -8060 32767 -4022 473 590 END
START 1000 -8624 32767 -632 1680 1874 END
START 1124 -8676 32767 3089 2587 2893 END
START 1324 -8364 32767 6517 2886 3164 END
START 1608 -8220 32767 9480 1963 2534 END
START 1792 -7468 32767 12217 230 1302 END
START 1772 -6956 32767 14943 -883 445 END
START 2176 -6656 31236 17120 -1782 203 END
START 2932 -6132 29188 18735 -1755 360 END
START 3676 -5572 27484 19654 -745 895 END
START 4668 -4860 25588 20158 862 1350 END
START 5288 -4244 23652 20392 2053 1234 END
START 5656 -3560 22032 20568 2244 690 END
START 5832 -2800 20392 21257 1965 -285 END
START 5744 -2348 18512 21992 1521 -1550 END
START 5704 -2176 16476 22413 1002 -2713 END
START 5356 -1908 14832 22288 533 -3223 END
START 5412 -1520 12932 21799 219 -3569 END
START 5088 -1304 11224 21168 -179 -4185 END
START 4904 -752 9652 20704 -1450 -5120 END
START 4492 108 8648 20207 -2601 -5875 END
START 4412 952 6992 19238 -2727 -5969 END
START 4628 2020 5560 17406 -2520 -5694 END
START 4716 3104 4652 15382 -1714 -5523 END
START 5012 4000 3876 13556 -1331 -5583 END
START 4812 4728 3452 11821 -960 -6142 END
START 4376 5048 2912 10357 -954 -6601 END
START 4032 4972 2884 9148 -1634 -6962 END
START 3932 5324 2452 8206 -2060 -7372 END
START 3732 5484 2100 7017 -1993 -7626 END
START 3424 5504 1032 5229 -1648 -7646 END
START 2960 5540 524 3079 -1776 -7735 END
START 2712 5716 352 1421 -1892 -7873 END
START 2304 5840 364 -68 -1754 -8146 END
START 1584 5784 40 -1708 -1587 -8317 END
START 908 5724 124 -3280 -1844 -8011 END
START 404 5860 228 -4958 -2063 -7281 END
START 492 5916 216 -6969 -1734 -6408 END
START 636 5816 600 -9005 -910 -5891 END
START 592 5584 916 -10501 -399 -5692 END
START 404 5096 1004 -11786 -666 -5750 END
START 256 4584 1172 -12921 -935 -5707 END
START -120 3984 1560 -14426 -630 -5367 END
START -412 3528 1716 -16259 -858 -4907 END
START -484 3144 2664 -17950 -911 -4431 END
START -516 2476 3808 -19365 -947 -4234 END
START -356 1716 5392 -20500 -1212 -4161 END
START -160 832 6756 -21467 -1406 -4127 END
START -140 40 8384 -22755 -1241 -4122 END
START -536 -500 11088 -24108 -1070 -4200 END
START -692 -1528 14644 -24954 -815 -4168 END
START -900 -1976 19140 -25382 -493 -3910 END
START -1184 -2584 24100 -25145 86 -3650 END
START -1692 -3768 29428 -24206 1023 -3318 END
START -2992 -5332 32767 -22363 2363 -2953 END
START -4004 -7204 32767 -18858 2597 -3010 END