START 2392 5104 9376 -10069 -450 5483 END
START 2168 5052 8260 -10160 -1047 5754 END
START 5740 4476 704 -10551 -442 5750 END
START 5040 4832 1732 -11221 -816 5644 END
START 4496 4540 1540 -12328 -2542 5081 END
START 4912 4084 2400 -13976 -7364 4983 END
START 6052 3492 3852 -15121 -9962 4497 END
START 6056 3136 6044 -16119 -9461 4010 END
START 5260 2256 8120 -17155 -6555 3596 END
START 4560 728 8768 -18279 -3715 3963 END
START 3916 256 9848 -18947 -1578 5039 END
START 4288 136 11192 -19500 -34 6315 END
START 5116 204 12024 -20361 818 6883 END
START 5660 352 13448 -21654 677 6626 END
START 6192 -228 15264 -22336 837 5743 END
START 5648 -484 16740 -22337 1361 4189 END
START 4868 -1176 18320 -21834 1472 2307 END
START 3816 -2080 19640 -21056 674 1027 END
START 3568 -2948 21528 -20454 -677 1120 END
START 3832 -3188 23564 -20014 -641 1634 END
START 3416 -3272 25728 -19598 691 2098 END
START 2696 -3860 27052 -19302 2440 2411 END
START 2288 -4736 28908 -18541 3244 2531 END
START 1960 -5148 31180 -16969 2897 2839 END
START 2608 -5428 32767 -14803 2083 3270 END
START 3240 -5296 32767 -12479 1917 3588 END
START 3500 -4924 32767 -10263 2512 3469 END
START 3268 -4696 32767 -8013 3506 3347 END
START 3024 -5016 32767 -5434 4343 3145 END
START 2704 -5564 32767 -2664 4199 3140 END
START 3000 -5852 32767 50 2792 3289 END
START 3340 -5536 32767 2724 1196 3101 END
START 3656 -5452 32767 5591 43 2419 END
START 3652 -5596 32767 8149 -937 1532 END
START 3488 -5528 32767 10641 -2259 797 END
START 3920 -5440 31984 12794 -3162 198 END
START 4304 -5364 30524 14548 -3434 -214 END
START 4700 -5080 29116 16044 -3162 -535 END
START 5112 -5260 27504 17404 -2768 -925 END
START 5400 -4892 25992 18655 -2440 -1312 END
START 5604 -4552 24212 19863 -2168 -2019 END
START 5324 -4140 22684 20700 -1713 -2985 END
START 5252 -3568 20752 21521 -1417 -3875 END
START 5292 -3124 19180 22122 -1330 -4467 END
START 5204 -2660 17552 22565 -1374 -4826 END
START 5412 -1760 15884 22992 -1295 -4957 END
START 5360 -884 14208 23024 -1304 -5300 END
START 5144 8 12452 22341 -1452 -6025 END
START 4960 812 11116 21580 -1513 -6706 END
START 4716 1240 9960 20764 -1633 -7215 END
START 4672 1512 8516 19707 -1619 -7544 END
START 4460 1780 7588 18514 -1785 -7389 END
START 4488 2080 6716 17232 -1618 -6884 END
START 4624 2400 5768 15777 -729 -6255 END
START 4608 3076 4648 13801 74 -5642 END
START 4856 3996 3656 11827 248 -5128 END
START 4944 5340 3292 10100 237 -5191 END
START 5180 6100 2728 8748 259 -5784 END
START 5132 6656 2216 7455 -261 -6342 END
START 4872 6916 1760 5971 -876 -6710 END
START 4964 6776 1356 4246 -1207 -7055 END
START 4776 6600 1252 2250 -883 -7327 END
START 4460 6404 1140 160 18 -7683 END
START 3728 5912 1260 -1497 806 -7981 END
START 2784 5612 1256 -2904 1077 -8029 END
START 2164 5300 1120 -4106 888 -7910 END
START 1632 4896 1220 -5486 73 -7658 END
START 1332 4512 1360 -6877 -735 -7181 END
START 972 4308 2088 -8549 -799 -6781 END
START 732 3920 2696 -9969 -612 -6175 END
START 420 3480 3388 -11588 -326 -5609 END
START 144 3224 4276 -13089 -375 -5118 END
START -84 2692 5344 -13911 -901 -4619 END
START -80 2140 6328 -14624 -1983 -4083 END
START 124 1584 7036 -15451 -2792 -3614 END
START 284 1264 8248 -16313 -2885 -3155 END
START 492 1044 9496 -17370 -2396 -2608 END
START 668 196 11184 -18137 -1554 -1954 END
START 616 -320 12820 -18404 -908 -1413 END
START 504 -896 13760 -18416 -808 -1244 END
START 48 -656 14740 -18430 -1514 -1228 END
START 8 -396 16184 -18736 -2640 -1190 END
START 104 -288 18156 -18957 -3370 -842 END
START 240 -492 19956 -19298 -3279 -516 END
START 492 -1484 21676 -19541 -2486 -48 END
START 200 -2128 22820 -19383 -2203 557 END
START 52 -2756 24528 -19068 -2453 1059 END
START -228 -2948 26764 -18305 -3196 1471 END
START 60 -3348 28928 -16883 -3825 1936 END
START 604 -3688 31268 -15218 -3831 2377 END
START 1200 -4264 32767 -13313 -3094 3004 END
START 1816 -4948 32767 -11123 -1877 3578 END
START 2036 -5104 32767 -8536 -1067 4092 END
START 2420 -5040 32767 -5706 -999 4486 END
START 3100 -4868 32767 -2981 -567 4569 END
START 3712 -4612 32767 -367 387 4530 END
START 4280 -4480 32767 1989 1564 4327 END
START 4648 -4244 32767 4457 2384 4015 END
START 4900 -4012 32767 6993 2505 3510 END
START 4732 -3936 32767 9423 2200 2668 END
START 4296 -3968 32600 11777 1413 1811 END
START 4240 -3764 31084 13928 -31 1208 END
START 4556 -3288 29588 15697 -1115 743 END
START 4816 -2680 28256 17072 -1065 240 END
START 4988 -2528 26544 18133 -6 -476 END
START 4500 -2408 25032 19034 730 -1151 END
START 4384 -2600 23264 19627 755 -1449 END
START 4212 -2376 21188 20129 586 -1392 END
START 4344 -2264 19344 20369 695 -1466 END
START 4528 -1976 17480 20059 611 -1661 END
START 4660 -1172 16288 19742 411 -2090 END
START 4924 -456 14932 19712 294 -2614 END
START 5244 284 13464 19748 267 -3591 END
START 5712 796 11692 19654 15 -4927 END
START 5880 1300 10524 19301 -883 -6044 END
START 5776 1720 9008 18465 -1998 -6875 END
START 5688 2184 7892 17374 -2196 -7412 END
START 5216 2692 6536 15709 -1631 -7708 END
START 4756 3152 6124 13548 -681 -7532 END
START 4924 3640 6108 12007 426 -7142 END
START 5104 3828 5728 10673 1514 -7347 END
START 5376 4164 5296 9509 1915 -7785 END
START 5188 3984 4672 8371 1585 -8037 END
START 4640 4324 3920 7476 529 -8263 END
START 4116 4524 3364 6622 -421 -8377 END
START 3856 4596 2832 5342 -829 -8566 END
START 3912 4632 2648 4179 -281 -8866 END
START 3644 4720 2588 2676 858 -9195 END
START 3100 4620 1948 1229 1551 -9295 END
START 1948 4588 1528 -175 1517 -8837 END
START 1104 4728 1040 -1684 779 -7922 END
START 492 4872 576 -3399 -445 -6924 END
START 548 4920 752 -5122 -1235 -6191 END
START 816 5140 1212 -6787 -1478 -5718 END
START 1096 5156 1492 -8494 -1029 -5676 END
START 1252 4616 1848 -9957 -686 -5801 END
START 1316 4156 2508 -11164 -827 -5729 END
START 1404 3556 2568 -12318 -798 -5523 END
START 1260 2640 2784 -13602 -708 -5506 END
START 1200 2404 3236 -14919 -1369 -5441 END
START 1392 1876 4736 -15858 -2646 -5679 END
START 1916 2140 6704 -16335 -3104 -6923 END
START 1764 1656 7728 -16444 -3314 -8476 END
START 752 984 8616 -16904 -3380 -9196 END
START -300 -252 9728 -18028 -3306 -8804 END
START -952 -1952 12072 -19708 -3125 -7290 END
START -1400 -3116 16308 -20889 -2770 -4789 END
START -1988 -4604 21308 -20994 -2281 -2488 END
START -2424 -5200 25820 -20226 -1901 -1138 END
START -2760 -4988 31336 -19168 -760 -882 END
START -2948 -4144 32767 -17203 744 -695 END