START 1964 6540 4604 -13930 -1943 5876 END
START 5936 5232 3348 -13993 -2864 6132 END
START 3888 5772 4908 -14339 -3631 6196 END
START 3848 5508 6304 -14839 -5235 6526 END
START 4332 5084 6944 -15265 -5400 6603 END
START 4396 4772 7624 -15571 -4250 6061 END
START 4008 3580 7936 -15422 -2399 4983 END
START 3096 2320 7784 -15744 -1022 4277 END
START 2436 1084 8884 -16739 -858 4563 END
START 2888 268 9848 -18069 -1401 5825 END
START 3632 -324 11280 -19616 -1307 6889 END
START 3588 -440 12744 -20370 -295 7061 END
START 3140 -788 13188 -20656 766 6695 END
START 2336 -1000 13760 -20837 1176 6124 END
START 1676 -1956 14756 -20632 -59 6036 END
START 1648 -2392 15544 -19904 -1875 6477 END
START 2236 -3164 17076 -19686 -3796 6814 END
START 3564 -3232 17984 -19568 -4295 7216 END
START 3824 -2924 19500 -19661 -3534 7444 END
START 4304 -3044 20792 -19983 -2006 7577 END
START 4632 -3248 22300 -20264 -795 8059 END
START 4976 -3404 24000 -19866 -204 8621 END
START 5844 -3376 25792 -18845 -209 8821 END
START 6864 -2952 27388 -17433 -461 8095 END
START 7668 -2776 29332 -15692 -247 6394 END
START 7700 -2472 30952 -13834 213 4687 END
START 7368 -2496 32220 -11923 514 3348 END
START 7256 -2672 32767 -10137 627 2672 END
START 6876 -3052 32767 -8302 667 2513 END
START 6852 -3292 32767 -6131 542 2541 END
START 7088 -3620 32767 -3661 786 2348 END
START 7424 -3804 32767 -815 1200 1618 END
START 7124 -3992 32767 2180 1749 746 END
START 6748 -4480 32767 4966 1875 -89 END
START 5852 -5116 32767 7608 738 -955 END
START 5176 -6068 32767 10639 -1819 -1909 END
START 4844 -5944 32767 14451 -4882 -2205 END
START 5120 -5392 32767 17657 -5777 -1882 END
START 5608 -4364 30964 19196 -3817 -1219 END
START 6048 -3756 28640 19455 -639 -682 END
START 6056 -3360 26564 19306 2012 -586 END
START 6204 -3172 24492 19282 3197 -1014 END
START 6552 -2348 23156 19749 2468 -1939 END
START 6868 -1932 21812 20923 1577 -3419 END
START 6964 -1536 19792 21952 948 -5158 END
START 6700 -764 18260 22298 275 -6393 END
START 6612 -448 16788 22043 613 -6879 END
START 6732 144 15736 21380 2198 -7025 END
START 6664 496 14360 20502 4130 -7094 END
START 6284 1168 13216 19472 4801 -7082 END
START 6192 1776 12428 18577 4512 -6918 END
START 6272 1672 12008 17764 3778 -6890 END
START 5816 1724 11544 17210 3552 -7006 END
START 6192 2064 10100 16109 2988 -7101 END
START 6108 2556 9416 15196 2801 -7289 END
START 5836 2820 8556 14169 3404 -7741 END
START 5228 2596 7912 12863 3744 -8077 END
START 4712 2892 7168 11354 3126 -8294 END
START 3960 2944 6396 10269 2108 -8189 END
START 3348 3092 5872 9124 1219 -8140 END
START 3124 3372 5448 7993 595 -7843 END
START 3128 3200 5172 6952 301 -7566 END
START 3248 3364 5352 5789 -92 -7454 END
START 3300 3704 5232 5145 -613 -7479 END
START 3252 4036 4816 4274 -1225 -7677 END
START 3368 4312 4748 3023 -2252 -7739 END
START 3340 4196 4868 1632 -2537 -7711 END
START 3264 4828 4744 -120 -1930 -7597 END
START 2688 4552 4320 -1467 -1246 -7461 END
START 2008 4616 4140 -2718 -733 -7448 END
START 1132 4436 3916 -3909 -860 -7465 END
START 408 4188 3444 -5089 -1574 -7444 END
START -512 4188 3416 -6642 -3396 -7837 END
START -904 4780 3780 -8153 -6738 -8534 END
START -2016 3540 4860 -8952 -9680 -9138 END
START -1928 3308 5668 -8105 -11923 -8697 END
START -1776 2936 6112 -7593 -13521 -7441 END
START -932 2832 6028 -9005 -14172 -5540 END
START -672 2460 7080 -11158 -13792 -3489 END
START -348 2060 7676 -12604 -12440 -1344 END
START -128 1652 7904 -14336 -10414 415 END
START -132 1264 8584 -16130 -9672 1566 END
START 324 976 9708 -17422 -9481 2588 END
START 1168 416 10824 -17989 -9526 3548 END
START 2256 -276 12592 -18570 -9963 4522 END
START 3400 -92 14216 -18621 -9319 5245 END
START 3904 -492 15076 -18592 -7672 5247 END
START 3964 -552 15396 -18663 -6574 4946 END
START 3948 -1152 16828 -19190 -6738 5089 END
START 5000 -1220 19060 -19346 -6398 6166 END
START 6452 -1324 21064 -19300 -4629 7226 END
START 7164 -1184 22544 -19163 -2109 7140 END
START 7192 -1428 24324 -18864 329 5992 END
START 6492 -2068 26204 -17957 2044 5052 END
START 6288 -2788 28596 -16553 3523 4976 END
START 6540 -3516 29984 -15260 5248 5913 END
START 6768 -3916 32012 -15144 5946 6526 END
START 7388 -3516 32767 -13571 6788 6376 END
START 7488 -3556 32767 -10688 6899 5509 END
START 7340 -3492 32767 -6757 5629 3924 END
START 7332 -3892 32767 -2447 3572 2383 END
START 7800 -3788 32767 1890 2026 1080 END
START 8280 -3872 32767 4959 1756 103 END
START 8192 -3484 32767 6236 2413 -559 END
START 7524 -3088 32767 7539 3822 -645 END
START 6888 -3396 32564 9181 5157 -572 END
START 5920 -3588 30872 10798 5732 -639 END
START 5480 -3616 28616 12496 5406 -857 END
START 4812 -3516 27144 13998 5031 -1315 END
START 4304 -3596 25280 15266 4638 -1699 END
START 4076 -3584 23660 15762 4047 -1687 END
START 4048 -3248 22704 16121 3596 -1325 END
START 4184 -2912 21776 16227 3328 -927 END
START 4316 -2512 20948 16216 3758 -771 END
START 4304 -2028 20244 16545 4276 -797 END
START 4552 -1712 19756 17356 4147 -1179 END
START 4812 -1376 18968 18615 3634 -1969 END
START 4772 -600 17988 19690 2777 -2945 END
START 4776 -148 16484 20403 1673 -4075 END
START 4184 -184 15624 20407 375 -4895 END
START 4740 700 14076 19929 -312 -5097 END
START 5104 1320 13712 19180 179 -4709 END
START 5844 1884 13136 18039 1822 -4606 END
START 6512 2188 12608 16821 3506 -4935 END
START 6636 2400 12112 16050 4115 -5386 END
START 6276 2524 11044 15678 3618 -6152 END
START 5612 2472 10224 15558 2876 -7009 END
START 5320 3148 9012 15510 1985 -7771 END
START 4700 3472 8072 14973 1066 -8238 END
START 5148 3908 6948 13903 1222 -8675 END
START 4440 4044 5840 12037 2102 -9082 END
START 3628 4200 5324 10113 2546 -9132 END
START 2744 4252 4692 8623 2789 -8762 END
START 2520 4256 3864 7113 2568 -8211 END
START 2516 4556 3304 5551 2423 -7839 END
START 2396 4580 2944 4153 2182 -7997 END
START 1768 4656 2480 2922 1327 -8345 END
START 1356 4660 1844 1652 50 -8625 END
START 732 4896 1864 440 -998 -8749 END
START 148 5040 1524 -643 -1772 -8617 END
START -212 5036 1064 -2154 -2704 -8062 END
START -196 4852 900 -4417 -3606 -7338 END
START 188 4624 1820 -6682 -3643 -6566 END
START 772 4364 2260 -8515 -3293 -5864 END
START 832 4692 3332 -10460 -2551 -5427 END
START 268 4440 4628 -11792 -2024 -5276 END
START -248 4532 5320 -12206 -2428 -5196 END
START -492 4136 5332 -12746 -3613 -4924 END
START -244 3664 6096 -14063 -4984 -4768 END
START 740 2608 7020 -15108 -5440 -4717 END
START 1240 2000 8192 -16011 -5553 -4795 END
START 1192 1672 9588 -17000 -5065 -4817 END
START 864 1212 10708 -17933 -3881 -4533 END
START 364 720 11380 -18452 -2977 -4187 END
START 116 -324 11572 -18874 -3060 -3846 END
START 184 -1352 12328 -19371 -4250 -3603 END
START 924 -2348 13180 -19370 -5990 -2681 END
START 1576 -2604 14176 -19292 -7746 -1087 END
START 1836 -2180 15144 -19774 -8412 605 END
START 1168 -2268 17032 -20980 -5641 1580 END
START -28 -3380 19284 -22391 -1158 1807 END
START -1540 -4908 22740 -22123 2086 1788 END