START -1100 3604 4240 -2559 383 347 END
START 3264 4052 -4820 -2609 -1646 635 END
START -2912 5156 10656 -2721 -3144 790 END
START 940 3728 6128 -3602 -5757 1512 END
START 1536 4164 6920 -4734 -7132 1975 END
START 2948 4088 7360 -5848 -5330 1422 END
START 3028 3836 7828 -6197 -3097 435 END
START 2872 3164 7296 -6081 -3228 96 END
START 2868 3060 6560 -6009 -3167 373 END
START 2356 3028 5800 -6746 -2767 998 END
START 1844 2992 5556 -7854 -2448 1769 END
START 2020 2944 5944 -8696 -2476 2784 END
START 2896 3064 6536 -9214 -1884 3591 END
START 3632 2768 6492 -10239 -757 3984 END
START 3220 2524 6828 -11836 -307 3910 END
START 2160 2120 7592 -12724 -1236 3543 END
START 1716 1840 8744 -12822 -3398 3134 END
START 2116 1400 10336 -12885 -5434 2735 END
START 3764 792 11048 -13435 -5262 2663 END
START 3096 -12 13600 -14091 -3184 2908 END
START 2944 -724 14596 -15291 -1607 3345 END
START 2688 -1044 16652 -15922 -328 3367 END
START 2100 -1432 18860 -16067 -416 3085 END
START 2504 -1892 20828 -15277 -1290 2912 END
START 3144 -2080 22600 -14453 -1327 2763 END
START 3036 -1892 23724 -14161 159 2755 END
START 2332 -1760 25184 -14035 1288 3096 END
START 2296 -1840 26996 -13361 1634 3669 END
START 2912 -2036 28944 -12559 1924 4145 END
START 3416 -2228 30492 -11437 2763 4074 END
START 3368 -2400 31992 -10470 3549 3581 END
START 2764 -2624 32767 -8967 3441 2891 END
START 2128 -3192 32767 -7165 2766 2198 END
START 1512 -3508 32767 -5238 1779 1753 END
START 1360 -3648 32767 -3179 602 1467 END
START 1272 -4168 32767 -1199 -127 1592 END
START 1596 -4352 32767 586 -119 1844 END
START 1256 -4384 32767 2169 -296 1970 END
START 1476 -4156 32767 4112 -449 1859 END
START 1396 -3940 32180 6087 -677 1153 END
START 1248 -4008 30852 8004 -1249 544 END
START 892 -3976 29604 9562 -1563 453 END
START 1160 -3940 28612 10844 -1560 708 END
START 1548 -3700 27572 11777 -2164 951 END
START 2352 -3328 26532 12748 -2258 878 END
START 2420 -2900 25824 13640 -1853 441 END
START 2296 -2884 24896 14836 -1836 228 END
START 2580 -2436 23764 15790 -2129 149 END
START 3040 -2288 22932 16328 -2338 -59 END
START 3328 -1904 22388 16865 -1657 -107 END
START 3584 -1952 21156 17362 -765 26 END
START 3568 -1588 20180 17496 -262 193 END
START 3180 -1172 19168 17788 106 307 END
START 2556 -576 17892 18331 128 109 END
START 3036 -460 16020 18726 205 -261 END
START 3696 -932 14908 17268 -1379 -857 END
START 5044 -508 14452 15775 -2647 -2026 END
START 5772 376 14444 14805 -2808 -3661 END
START 4908 1168 14176 14474 -3208 -5179 END
START 4004 2064 13564 15525 -4040 -5750 END
START 4396 2312 11824 15931 -3553 -5837 END
START 5228 2656 10692 14676 -1741 -5518 END
START 5480 3048 10004 13320 572 -5202 END
START 4876 3604 9808 12895 1978 -4900 END
START 4888 3784 8952 12711 1920 -4495 END
START 4992 4064 7996 11300 1362 -4712 END
START 4932 4212 7824 10202 738 -4961 END
START 5088 4508 7168 9299 46 -4948 END
START 5408 4764 6676 8068 -153 -5130 END
START 5612 5124 6188 7003 -92 -5201 END
START 5980 5252 5912 6056 136 -5286 END
START 6244 5080 5464 5285 591 -5636 END
START 5636 5216 4860 4788 437 -6111 END
START 4916 5532 4016 4346 -45 -6430 END
START 3744 5836 3252 3603 -1017 -6580 END
START 3300 6192 2636 2011 -1758 -5747 END
START 3796 6272 2552 -269 -1405 -4571 END
START 4092 6024 2672 -2302 -828 -3861 END
START 4504 5672 2308 -4089 -380 -4053 END
START 3544 5104 1208 -5869 -1584 -5706 END
START 1916 4744 1856 -6198 -4514 -7356 END
START 1032 3840 2232 -5659 -7315 -7222 END
START 1172 3420 2200 -6778 -8525 -6042 END
START 1688 3400 3696 -9162 -6864 -4201 END
START 1908 3224 5464 -11154 -4164 -2266 END
START 2232 2952 6444 -12257 -2661 -695 END
START 1948 3056 7108 -12672 -2047 -136 END
START 1252 2836 7328 -12732 -1842 -309 END
START -60 2344 7188 -13086 -2392 -570 END
START -764 1672 8156 -13830 -4206 -205 END
START -376 828 10272 -14710 -4951 1373 END
START 556 540 11268 -15666 -3684 3254 END
START 92 624 12352 -16871 -1508 4270 END
START -380 476 11872 -17687 -806 4512 END
START -728 664 12016 -17985 -2051 4061 END
START -120 108 13700 -18252 -3821 3418 END
START 716 -72 16096 -18423 -5137 3646 END
START 2672 -612 18096 -19136 -4552 4346 END
START 3264 -668 19804 -19589 -2019 4631 END
START 3340 -828 21364 -19400 852 4079 END
START 2608 -1236 22608 -18555 1902 2995 END
START 2164 -1996 24492 -17307 1075 2238 END
START 2732 -2768 26080 -16037 634 2270 END
START 3248 -3396 27620 -15237 1679 2576 END
START 3316 -3644 28984 -14410 3658 2408 END
START 2648 -4136 30576 -13124 4253 2072 END
START 2144 -4324 31840 -11053 3729 2035 END
START 2248 -4500 32688 -9012 3282 2096 END
START 2480 -4508 32767 -7347 3138 2048 END
START 2700 -4728 32767 -5522 3102 2214 END
START 2820 -4876 32767 -3394 3376 2557 END
START 2920 -5000 32767 -1405 3743 2598 END
START 2592 -4952 32767 671 3589 2296 END
START 2336 -5192 32767 2916 2863 1921 END
START 2284 -5196 32767 5356 2425 1552 END
START 1780 -5476 32767 7513 2298 1419 END
START 1556 -5700 32364 9361 1960 1591 END
START 1468 -5500 30956 10886 1363 1757 END
START 1652 -5220 29668 12172 622 1706 END
START 1980 -4980 28264 13331 -153 1405 END
START 2164 -4708 27160 14308 -840 883 END
START 2300 -4192 26020 15340 -1314 563 END
START 2736 -3772 24772 16420 -1848 590 END
START 3336 -2948 23620 17318 -1844 542 END
START 3528 -2240 22204 17832 -1245 63 END
START 3416 -1924 21016 18296 -995 -569 END
START 3576 -1672 19816 18699 -1391 -908 END
START 3924 -1016 18952 18964 -1777 -1005 END
START 4984 -428 18156 19092 -1708 -985 END
START 5484 728 17064 18780 -1128 -1396 END
START 5548 1708 15872 18611 -431 -2363 END
START 5284 1912 14484 18476 -12 -3319 END
START 4996 2064 13024 18109 -419 -3980 END
START 5132 1964 12300 17244 -639 -4452 END
START 4728 2272 12012 16558 -82 -4358 END
START 4188 2200 11032 16200 726 -4066 END
START 4116 2544 9628 15635 1135 -4053 END
START 4100 3324 8188 14601 589 -4330 END
START 4328 3736 7960 13519 426 -4865 END
START 4412 3764 7416 12581 546 -4979 END
START 4476 3876 6772 11593 676 -4888 END
START 4660 4224 6372 10539 790 -4760 END
START 4836 4768 6180 9597 1138 -4898 END
START 4904 4896 5616 8871 1433 -5198 END
START 5012 5360 4892 7999 1602 -5672 END
START 4908 5576 4256 6930 1202 -5927 END
START 5124 5696 3884 5703 996 -6425 END
START 4536 5400 3520 4501 1169 -6795 END
START 4284 5196 2756 3072 1447 -7009 END
START 3708 4852 1968 1483 1719 -7265 END
START 2948 4596 1372 -22 1573 -7420 END
START 2100 4304 968 -1393 1598 -7316 END
START 1264 3804 204 -2895 1156 -6774 END
START 1044 3520 -164 -4717 51 -6090 END
START 1476 2988 -404 -6794 -1195 -5671 END
START 1972 2456 -464 -9070 -2562 -5657 END
START 2408 2036 448 -10756 -3131 -6007 END
START 2184 2072 908 -11333 -3224 -6564 END
START 1704 2172 1340 -11904 -3624 -7214 END
START 1080 1688 1048 -13500 -5465 -7556 END
START 744 1168 1824 -15270 -7506 -7775 END
START 508 264 3204 -15860 -8158 -7650 END
START 304 -876 4300 -16731 -8089 -7234 END
START -484 -1564 5832 -18630 -5874 -5981 END
START -1520 -2924 8492 -20946 -4233 -3652 END
START -1536 -3616 11492 -22533 -3548 -589 END
START -572 -3788 14600 -23619 -2790 1762 END