START 1856 2700 2752 -3881 1617 3435 END
START 9588 2936 -13052 -4631 -8 3997 END
START 3128 3528 1772 -6174 -288 4084 END
START 3584 2696 1968 -8649 -963 4009 END
START 3616 3188 2608 -9973 -1356 4507 END
START 3416 2712 3516 -10830 -1313 5198 END
START 3748 2756 4104 -11459 -776 5876 END
START 3924 2744 4564 -12015 154 6250 END
START 3676 3340 4744 -12663 -84 6176 END
START 3724 3112 4840 -13352 -726 5989 END
START 4044 2796 5132 -14107 -2042 5890 END
START 4388 2376 6368 -15345 -3337 6009 END
START 4464 2268 7832 -16046 -3713 5953 END
START 4664 2328 8704 -16370 -3197 6300 END
START 4360 2120 9600 -16707 -1595 6626 END
START 3664 1884 9404 -17207 100 6947 END
START 3012 1728 9252 -17847 821 7195 END
START 2708 1008 9720 -18821 -98 7132 END
START 3296 120 10608 -19938 -1988 6990 END
START 3404 60 12792 -20939 -3936 7171 END
START 3848 -4 14696 -21012 -3878 7530 END
START 3892 -148 15204 -20946 -1551 7438 END
START 3276 -532 15524 -21208 501 6629 END
START 2824 -1556 16892 -21887 -480 6206 END
START 3492 -2624 19332 -21996 -2854 6086 END
START 5108 -3172 22536 -21514 -3919 6239 END
START 5836 -2728 25556 -20434 -2475 5952 END
START 5784 -2240 28032 -18888 544 5140 END
START 5264 -2468 29928 -17513 3391 4315 END
START 4636 -2924 31472 -15633 4872 3804 END
START 3832 -3256 32767 -13113 5119 3510 END
START 3572 -3176 32767 -10407 4279 3355 END
START 3648 -3304 32767 -8282 3137 3076 END
START 3568 -3240 32767 -6411 2320 2600 END
START 3232 -3696 32767 -4214 1716 2225 END
START 3196 -4040 32767 -1702 1242 2067 END
START 3332 -4564 32767 779 610 1885 END
START 3184 -4748 32767 3062 -515 1859 END
START 3508 -4840 32767 5587 -1597 1853 END
START 3912 -4524 32767 8180 -2411 1544 END
START 4372 -4652 32767 10360 -2828 909 END
START 4528 -4348 31680 12132 -2617 164 END
START 4684 -4028 29932 13878 -1987 -568 END
START 4888 -3732 27868 15641 -1596 -1372 END
START 4712 -3720 25484 17119 -1460 -2007 END
START 4264 -3560 23340 17884 -1832 -2297 END
START 4644 -3264 22108 18115 -2349 -2308 END
START 5116 -2708 20868 18402 -2266 -2542 END
START 5676 -2088 19820 18733 -1368 -3326 END
START 5508 -1820 19060 19195 -785 -4310 END
START 5644 -1576 17752 19912 -829 -4954 END
START 5300 -900 16800 20342 -878 -5382 END
START 5060 -84 15692 20344 -839 -5564 END
START 5136 240 14552 20123 -640 -5472 END
START 5012 720 13320 19643 -215 -5293 END
START 5388 976 12204 18864 225 -5238 END
START 5984 1204 11176 17908 -1 -5403 END
START 6396 1496 10532 16913 -415 -5972 END
START 6528 1864 9688 16023 -342 -6653 END
START 6384 2360 8596 15358 -673 -7065 END
START 6124 2896 7476 14317 -850 -7308 END
START 5940 3284 6524 13007 -599 -7530 END
START 5824 3604 5960 11360 -237 -7790 END
START 6128 3768 5700 9514 170 -7925 END
START 6028 3788 5208 7844 406 -8033 END
START 5816 3744 4504 6443 496 -8097 END
START 5420 3768 3840 5063 337 -8051 END
START 4800 4012 3416 3637 307 -8007 END
START 4124 4076 2860 2156 83 -8046 END
START 3336 4168 2408 853 -12 -8135 END
START 2776 4056 2108 -506 -113 -8004 END
START 2236 3968 1712 -2291 -244 -7585 END
START 1368 3784 1836 -4352 -538 -7085 END
START 656 3616 2092 -6032 -976 -6509 END
START -192 3392 2360 -7223 -1649 -5688 END
START -932 3552 2840 -8353 -2612 -4440 END
START -928 3476 3244 -9845 -3522 -3519 END
START -668 3148 3684 -11492 -3982 -3121 END
START -884 3032 4396 -12698 -4648 -2794 END
START -1176 2588 4880 -13387 -6006 -2341 END
START -1044 2272 5088 -13613 -8016 -1631 END
START 128 2500 5632 -13869 -9479 -2032 END
START 764 2516 6624 -13680 -10288 -4702 END
START 440 1836 7756 -13007 -12117 -6790 END
START 352 12 8384 -13102 -14972 -6347 END
START 576 -788 9180 -14661 -15969 -3416 END
START 2020 -996 9732 -17860 -13318 924 END
START 1800 -1472 13232 -21393 -9507 4306 END
START 3216 -1884 16556 -22968 -7739 6239 END
START 4456 -2152 19368 -22134 -7186 6551 END
START 5164 -2476 21500 -20795 -7624 6304 END
START 6108 -2852 24128 -20251 -8052 6765 END
START 6904 -3160 27116 -20049 -7642 8114 END
START 8284 -3184 29732 -19703 -5960 9570 END
START 9928 -3272 32767 -18758 -3206 9695 END
START 11144 -3256 32767 -16450 -868 8602 END
START 11516 -3220 32767 -12899 332 7211 END
START 11724 -3020 32767 -9024 622 5816 END
START 11748 -2976 32767 -5377 1057 4492 END
START 11688 -3104 32767 -1887 1886 3552 END
START 11436 -3220 32767 1354 3144 2907 END
START 11444 -3420 32767 4210 4651 2114 END
START 10964 -3580 32767 6850 5923 1016 END
START 9828 -3804 32767 9338 5996 -92 END
START 8564 -4096 32767 11702 5282 -830 END
START 7776 -4488 31284 13604 4328 -1028 END
START 7772 -4308 29340 15151 4110 -1138 END
START 7772 -4256 27260 16223 4785 -1733 END
START 7444 -4528 25548 17250 5519 -2197 END
START 7184 -4292 23880 18299 5950 -2202 END
START 7060 -4096 22476 19083 6282 -2074 END
START 7516 -3784 20828 19680 6545 -1940 END
START 7820 -3404 19364 19862 6519 -2635 END
START 7816 -2660 18012 20387 6368 -3727 END
START 7692 -1748 16032 21198 6194 -4603 END
START 7660 -864 13588 21409 5586 -5371 END
START 7600 -228 11580 20538 5035 -6226 END
START 7348 148 9952 19099 4680 -6894 END
START 7172 432 8944 17572 4489 -7014 END
START 6928 740 8040 16141 4329 -6949 END
START 6708 1472 6768 14890 4691 -7184 END
START 5980 2284 5552 13907 5051 -7657 END
START 5316 2588 4104 13099 4574 -8244 END
START 4532 2948 3344 11951 3425 -8659 END
START 4276 3356 2608 10644 2749 -8767 END
START 4208 3804 2308 8604 2517 -8658 END
START 3900 3924 2244 6763 3136 -8417 END
START 3272 3656 1720 5136 2934 -7870 END
START 2948 3600 1124 3350 2157 -7542 END
START 2460 3944 1032 1525 1515 -7677 END
START 1852 3820 852 76 1564 -8012 END
START 884 3684 136 -1254 926 -8027 END
START -92 3544 -120 -2796 -586 -7731 END
START -756 3720 -684 -4634 -2481 -6914 END
START -1436 3816 -664 -6993 -4016 -5991 END
START -1640 3676 -532 -9508 -4635 -4886 END
START -1852 3068 0 -11863 -5471 -3945 END
START -1860 2828 472 -13384 -6645 -3474 END
START -2132 2100 124 -14848 -9061 -3113 END
START -2112 1552 456 -16685 -11956 -2588 END
START -1724 772 328 -18400 -14144 -1787 END
START -992 -36 1064 -20378 -15672 -1751 END
START 124 -1216 3008 -21828 -16677 -1602 END
START 1548 -2260 5464 -22839 -16922 -1274 END
START 2516 -3312 7732 -23978 -15452 -361 END
START 3096 -4180 9688 -25573 -13564 1325 END
START 4232 -4740 13520 -27482 -11991 3351 END
START 5636 -5400 19224 -28483 -9782 5534 END
START 7508 -6184 25524 -28524 -6930 7203 END
START 9132 -6440 31504 -26980 -3394 7973 END
START 10180 -6788 32767 -23853 336 6826 END