START 5400 3440 4924 -10411 779 2883 END
START -1744 6276 15932 -10584 986 2845 END
START 3756 3816 2244 -11252 552 2904 END
START 2912 3336 3052 -12208 -208 2895 END
START 2616 4072 2880 -13146 -1486 3696 END
START 2108 2724 4300 -14797 -1861 4411 END
START 2216 2124 5244 -16091 957 4814 END
START 1256 1100 5784 -17357 4016 3881 END
START -188 56 5404 -17833 3480 2764 END
START -1384 -240 6296 -17659 -2241 2930 END
START -988 448 8104 -16694 -9390 4325 END
START 2368 1060 9840 -16201 -13016 5564 END
START 3852 2288 12800 -16658 -13158 5817 END
START 5744 2196 12276 -18098 -10012 5574 END
START 6200 1912 12436 -19391 -5721 5628 END
START 6512 852 13132 -20816 -2616 5943 END
START 6252 284 14568 -22012 -1733 6914 END
START 6280 -68 16288 -22602 -1277 8168 END
START 6528 -536 17360 -22885 -555 8850 END
START 6808 -1188 18200 -22770 493 8133 END
START 6200 -1956 18612 -22047 1471 5752 END
START 4212 -3292 19224 -20647 1219 2852 END
START 2776 -5128 20384 -19260 -1324 1686 END
START 2576 -6308 21984 -18156 -4080 3131 END
START 3788 -6612 23780 -17768 -3607 5553 END
START 4672 -6384 25072 -18361 309 7145 END
START 4656 -6488 26700 -17987 3551 7225 END
START 4220 -6556 28040 -16281 4294 6606 END
START 4300 -6720 29508 -13974 3523 5710 END
START 4520 -6788 30260 -11707 2307 4955 END
START 4888 -6760 31268 -10064 1397 4282 END
START 5080 -6440 32708 -8197 1632 3949 END
START 5076 -6688 32767 -6304 2360 3739 END
START 5040 -6568 32767 -4381 2789 3557 END
START 5148 -6608 32767 -2234 2913 3176 END
START 5428 -6720 32767 127 2952 2673 END
START 5176 -6556 32767 2616 2983 2419 END
START 4760 -6556 32767 5289 2661 2143 END
START 4652 -6116 32767 7989 2079 1886 END
START 5040 -5896 32767 10217 1520 1546 END
START 5108 -5748 32664 12317 810 752 END
START 5052 -5764 31436 14264 469 -446 END
START 4568 -5924 29616 15572 481 -1763 END
START 3288 -6056 28136 16266 703 -2478 END
START 2268 -5920 27156 16765 909 -2342 END
START 1640 -5956 25760 17659 612 -1895 END
START 1936 -5752 24636 18295 -184 -1352 END
START 2528 -5276 23892 18854 -495 -1182 END
START 2872 -4416 23176 19642 -581 -1463 END
START 3324 -4000 22216 20692 -642 -2114 END
START 3480 -3608 20804 21590 -347 -2765 END
START 3220 -3220 19612 21751 -286 -2568 END
START 3304 -2748 18948 21284 -314 -1660 END
START 3704 -2092 18268 20833 197 -1205 END
START 4056 -1160 17872 20799 1121 -1277 END
START 4424 -488 16964 21081 1865 -1884 END
START 4472 -284 15760 21440 1775 -2836 END
START 4372 176 14516 21667 658 -3701 END
START 4596 456 12960 21498 -851 -4320 END
START 5012 816 12092 20745 -1857 -5036 END
START 5052 1508 11000 19963 -2002 -5627 END
START 5148 1916 9908 19434 -2103 -6262 END
START 5148 2188 8872 18876 -1875 -6815 END
START 5464 2796 7836 17716 -1452 -7498 END
START 5504 3520 6616 16418 -1031 -7982 END
START 5420 3788 5204 15210 -1090 -8592 END
START 5316 3980 3664 13443 -2270 -9327 END
START 4684 4232 2936 11727 -3980 -10066 END
START 4672 4392 2360 10166 -5195 -10622 END
START 4584 4580 2060 8196 -5148 -10806 END
START 4400 4740 1772 5943 -3792 -10659 END
START 3872 4712 1836 3653 -2452 -10045 END
START 3340 4748 1480 1563 -1708 -9300 END
START 2784 5096 1660 -190 -1822 -8614 END
START 2304 5160 1628 -1792 -2833 -8261 END
START 2088 5556 1844 -3125 -4271 -8082 END
START 1920 5656 2168 -4224 -5021 -8238 END
START 1432 5576 2296 -5764 -5197 -8501 END
START 748 5348 2460 -7712 -5011 -8077 END
START -160 4932 3132 -9484 -4604 -6688 END
START -892 4628 3856 -10895 -4611 -4787 END
START -1092 4380 4520 -12122 -4781 -2983 END
START -336 4120 5568 -13339 -4923 -1811 END
START 324 3620 6528 -14531 -5453 -1599 END
START 440 3244 8072 -15102 -6132 -1600 END
START 712 2900 9236 -15174 -6604 -1380 END
START 668 2696 10164 -15118 -6043 -837 END
START 572 2440 10868 -15598 -5034 -109 END
START 652 1920 11620 -16393 -4384 898 END
START 1064 1340 12284 -16950 -3906 1748 END
START 1384 1300 12932 -17632 -3170 2192 END
START 1860 540 14012 -18599 -2549 2162 END
START 1728 488 15756 -19195 -1802 2114 END
START 1696 272 17100 -19414 -611 2058 END
START 1500 -140 18556 -19436 313 1983 END
START 1168 -632 18688 -19373 445 1745 END
START 860 -1652 19280 -19229 -348 1613 END
START 812 -1876 20496 -18769 -1693 1898 END
START 1316 -2224 22376 -18149 -2363 2513 END
START 2152 -2576 24480 -17623 -2215 3285 END
START 2864 -2908 26184 -16640 -1460 3922 END
START 3084 -2776 27596 -15358 -260 4241 END
START 2932 -2688 28484 -13901 1124 4124 END
START 2980 -2680 29092 -12621 1811 3579 END
START 2920 -2784 29928 -11474 1877 3004 END
START 2996 -3116 30652 -9904 1749 2660 END
START 2640 -3416 31384 -8060 1350 2452 END
START 2400 -3620 31780 -5901 502 2397 END
START 2588 -3664 31996 -3697 -145 2367 END
START 2952 -3872 32176 -1629 168 2090 END
START 2888 -4140 32128 188 1067 1846 END
START 2816 -4208 31592 2056 2000 1542 END
START 2512 -4304 30652 3610 2235 1298 END
START 2268 -4396 29984 5327 1346 1406 END
START 2644 -4400 29264 7239 271 1574 END
START 3036 -4360 28628 8781 62 1336 END
START 3048 -4228 28160 9910 336 1056 END
START 2804 -4280 27564 11121 417 1055 END
START 2708 -4256 26648 12323 327 1042 END
START 2728 -4156 25944 13619 -217 1230 END
START 3308 -3900 25084 14661 -857 1561 END
START 3968 -3640 24432 15452 -651 1557 END
START 4536 -3468 24000 15924 -322 1193 END
START 4788 -3556 23100 16689 188 501 END
START 4440 -3364 22296 17487 315 -125 END
START 4304 -3172 21268 18394 125 -720 END
START 4292 -2984 20316 18930 -523 -1059 END
START 4428 -2380 19568 19379 -886 -1246 END
START 4692 -1936 18756 19875 -626 -1513 END
START 5360 -1560 17836 20177 -72 -1661 END
START 5808 -600 17260 20442 649 -2036 END
START 5980 -24 15820 20707 1284 -2987 END
START 5856 740 14592 20727 1691 -4121 END
START 5448 1400 13432 20405 1828 -5138 END
START 5324 1620 12588 19903 1183 -5529 END
START 5480 2120 11904 19719 906 -5529 END
START 5468 3000 10856 19501 1378 -5859 END
START 4932 3348 9420 18827 2085 -6314 END
START 4424 3880 7424 17568 2245 -6634 END
START 4172 4248 6268 15946 2295 -6935 END
START 3868 4388 5436 14460 1974 -7146 END
START 3492 4672 4688 13251 1445 -7202 END
START 3484 5004 4056 11889 405 -6960 END
START 3168 5616 3556 10434 -662 -6680 END
START 3604 6108 2248 8512 -1283 -6531 END
START 3476 6452 1624 5642 -1849 -6532 END
START 3620 6512 1348 3398 -2179 -6617 END
START 3468 6672 1320 1837 -2335 -6877 END
START 3880 7112 1448 573 -2160 -7104 END
START 3548 7224 1144 -985 -1527 -7385 END
START 2816 7256 804 -3069 -1087 -7349 END
START 2220 7200 652 -4858 -1108 -6767 END
START 1664 7352 712 -6484 -1251 -6044 END
START 1312 7096 864 -8153 -1619 -5817 END
START 1176 6848 1236 -9732 -2217 -5796 END
START 908 6032 1592 -11236 -2829 -5716 END
START 692 4952 1896 -12566 -3214 -5258 END
START 512 4280 2248 -13985 -3751 -4641 END
START 296 3412 2464 -15535 -4144 -3955 END
START 236 2584 2860 -17179 -4349 -3571 END
START -156 1804 3572 -18680 -4667 -3497 END
START -416 1000 4148 -19777 -5366 -3210 END
START -920 -192 4720 -20790 -6178 -2776 END
START -1320 -1468 5752 -21902 -6816 -1661 END
START -1060 -2888 7712 -23230 -7331 297 END
START -588 -3552 9556 -24190 -7111 2353 END
START 172 -3964 11632 -24731 -5654 4029 END
START 764 -4228 13504 -25159 -3782 5175 END
START 660 -4748 16556 -25441 -2984 6562 END
START 1016 -5580 19380 -25299 -3274 8723 END
START 1228 -6092 22844 -24616 -3221 10898 END
START 2036 -6024 26140 -24136 -1549 12180 END
START 2264 -5788 30324 -23501 1585 12345 END