START 3444 2888 -1052 -3860 -3402 4262 END
START 56 3592 4352 -4345 -3044 4499 END
START 3308 2492 592 -5217 -2805 5001 END
START 3748 2236 1100 -6453 -1852 5664 END
START 3556 2116 1556 -7191 -1460 6365 END
START 3532 1468 1488 -7626 -2411 7067 END
START 3664 1716 1244 -8317 -4423 8048 END
START 3824 2236 1372 -9509 -6248 9032 END
START 4640 2784 1412 -10855 -7265 9823 END
START 5196 3120 1800 -12904 -7009 9914 END
START 5136 3228 2576 -14898 -5556 9072 END
START 5544 2404 3036 -16265 -4043 8093 END
START 5520 1512 3888 -17443 -2964 7632 END
START 5148 692 4860 -18707 -2828 7864 END
START 5092 564 6360 -20169 -3291 8729 END
START 5272 8 7824 -21557 -3252 9542 END
START 5164 -32 9192 -23161 -2642 10201 END
START 5388 -480 10476 -24858 -1348 10629 END
START 4892 -1084 12912 -26400 174 10788 END
START 4944 -2176 15340 -27482 1385 10565 END
START 4128 -3060 18264 -27854 2445 10065 END
START 3032 -3604 21052 -27245 2409 9540 END
START 2432 -3888 23368 -26138 1875 9153 END
START 2544 -4816 25532 -24769 1026 8591 END
START 3160 -5484 28268 -23636 143 7772 END
START 3752 -6216 30720 -22317 285 6982 END
START 3968 -6344 32767 -20302 737 6438 END
START 4220 -6292 32767 -17534 1116 6142 END
START 4696 -6032 32767 -14569 1085 5826 END
START 5312 -5964 32767 -11847 779 5299 END
START 6148 -5896 32767 -9098 674 4744 END
START 6736 -5944 32767 -6054 1236 3888 END
START 6892 -5924 32767 -2942 1689 2745 END
START 6732 -5872 32767 -178 1548 1549 END
START 6272 -6096 32767 2342 1125 391 END
START 5716 -6332 32767 4640 769 -455 END
START 5396 -6948 32767 6990 465 -921 END
START 4828 -6656 32767 9321 141 -929 END
START 4552 -6392 32767 11398 65 -858 END
START 4632 -6172 31512 13321 398 -1042 END
START 4496 -6148 29736 14974 686 -1416 END
START 4392 -5996 28252 16489 728 -1964 END
START 4552 -5724 26592 17817 165 -2398 END
START 4944 -5576 25268 18823 -871 -2574 END
START 5620 -4952 24164 19536 -876 -2887 END
START 5824 -4632 23156 20209 60 -3325 END
START 5892 -4140 21624 21077 1882 -3582 END
START 5612 -3884 19844 21830 3769 -3750 END
START 5456 -3220 18108 22164 6385 -3578 END
START 5064 -3072 16460 21736 9113 -3046 END
START 5112 -2700 14952 20930 10874 -1970 END
START 4856 -2264 14020 20523 11325 -1169 END
START 4920 -1780 12716 20722 12082 -975 END
START 4592 -1348 11324 20763 12448 -1449 END
START 4564 -844 9572 20129 10947 -2575 END
START 4440 72 8872 18706 7617 -4283 END
START 4644 540 8132 17526 4364 -5918 END
START 4632 1172 7920 16849 2397 -6854 END
START 4472 1768 7724 15944 1963 -6992 END
START 4236 2320 6528 14579 2258 -6831 END
START 3972 2632 5780 13137 2268 -6907 END
START 4128 3080 4880 11912 2014 -7421 END
START 3864 3364 4076 11014 992 -8242 END
START 3564 3884 3448 10091 -83 -9063 END
START 2988 4020 3040 8762 -1426 -9850 END
START 2784 4288 2788 7131 -2299 -10184 END
START 2424 4496 2364 5634 -3131 -10281 END
START 2084 4376 1996 4316 -4306 -10292 END
START 1760 4728 1736 2826 -5789 -10300 END
START 1736 4976 1776 984 -6341 -10474 END
START 1404 5256 1512 -1003 -5658 -10649 END
START 364 5104 1440 -3264 -5561 -10538 END
START -276 4856 1288 -5188 -7004 -10156 END
START -900 4552 1560 -6857 -9400 -9366 END
START -1372 4532 2392 -8645 -10499 -8257 END
START -1392 3720 2372 -10503 -10306 -7087 END
START -1156 3184 3000 -12249 -10379 -6317 END
START -1404 2884 3640 -13879 -10592 -5858 END
START -1756 2380 4696 -15288 -11368 -5068 END
START -1716 1472 5828 -16926 -12301 -3543 END
START -1004 696 7220 -18825 -12844 -1680 END
START -176 84 9384 -20599 -12452 -20 END
START 492 -240 11776 -22012 -11122 1197 END
START 1096 -336 14176 -22829 -8820 2383 END
START 1468 -880 16684 -23198 -7488 3436 END
START 2324 -840 19592 -23078 -7400 4223 END
START 3476 -896 22640 -22180 -6902 3984 END
START 3908 -892 25148 -20430 -5915 3087 END
START 3624 -640 27216 -18751 -5041 2064 END
START 3444 -832 29464 -17120 -4274 1388 END
START 3464 -1272 31740 -15796 -2827 1598 END
START 3320 -1760 32767 -14485 -635 2631 END
START 2868 -1936 32767 -12582 1806 3374 END
START 2640 -2852 32767 -10568 2637 3458 END
START 2596 -3804 32767 -8044 1751 3377 END
START 2864 -4536 32767 -4851 976 3159 END
START 2896 -5052 32767 -1792 962 3156 END
START 3024 -5388 32767 1049 894 3426 END
START 2880 -5436 32767 3540 787 3701 END
START 3016 -5232 32767 6092 1170 3544 END
START 2796 -5088 32767 8634 1176 3092 END
START 2904 -4884 32767 10825 670 2395 END
START 3284 -4760 31436 12527 -147 1833 END
START 3544 -4360 29496 13860 -238 1395 END
START 3712 -4028 27772 15182 334 957 END
START 3676 -3712 25892 16403 1106 451 END
START 4388 -3480 23816 17096 2262 -262 END
START 4980 -3756 22648 16858 3963 -1469 END
START 5220 -3684 21256 16998 4198 -2016 END
START 5008 -3540 20336 17537 3008 -2256 END
START 4748 -3048 18828 18424 1259 -2603 END
START 4184 -2400 17488 19460 -431 -2536 END
START 4372 -1696 16052 20415 -1333 -1545 END
START 5440 -780 14556 19792 -712 -392 END
START 6568 180 13912 18025 918 79 END
START 7200 1012 13792 16831 2846 -209 END
START 7552 1744 13140 16627 4245 -1325 END
START 7336 2432 12228 17055 3818 -2856 END
START 7208 3184 11296 17250 2676 -4296 END
START 7128 3820 10064 16879 2004 -5422 END
START 7024 4428 8556 15932 1561 -5947 END
START 6652 4568 7324 14532 1281 -6339 END
START 6228 4640 6656 12849 1050 -6831 END
START 5628 4868 6448 11283 1823 -7463 END
START 5168 4760 5920 10021 2479 -7966 END
START 4784 4728 5232 8871 2012 -8230 END
START 4452 5000 4648 7945 782 -8315 END
START 4472 5340 4144 6971 -381 -8487 END
START 4688 5772 3720 5568 -1341 -8617 END
START 4168 6276 3692 4112 -1950 -8776 END
START 4476 6528 3452 2502 -1730 -8717 END
START 4576 6540 3088 732 -1249 -8771 END
START 4284 6384 2736 -1132 -1043 -9290 END
START 3544 6304 2484 -2708 -1329 -9788 END
START 3004 5600 2288 -3919 -2542 -9841 END
START 2048 5348 2092 -5340 -3775 -9413 END
START 1828 4836 1956 -7049 -4037 -8902 END
START 1316 4344 1760 -9121 -4381 -8215 END
START 364 3964 2264 -11005 -4880 -7574 END
START 20 3820 2896 -12234 -5520 -6690 END
START -172 3048 3236 -13408 -6230 -5730 END
START -180 2572 3656 -14668 -7080 -4730 END
START 20 2484 4372 -15790 -7310 -3876 END
START 180 1916 4780 -16737 -6786 -3351 END
START 44 1624 4972 -17980 -6783 -3028 END
START 40 784 5656 -19519 -7233 -2728 END
START 120 160 7084 -20731 -7763 -2355 END
START 400 -508 8672 -21506 -8045 -1710 END
START 452 -1144 11020 -22202 -8002 -1065 END
START 164 -1628 13564 -22474 -7957 -334 END
START 484 -2048 15512 -22577 -7600 899 END
START 420 -2180 18612 -22907 -6593 2296 END
START 112 -2584 21688 -23172 -4856 4051 END