START 3424 3648 -6416 -4742 -1859 -3064 END
START 3788 2840 -1672 -5053 -1816 -2980 END
START 2408 2444 -1120 -5860 -3135 -2464 END
START 1332 2756 480 -7593 -4613 -1255 END
START 1704 3024 1252 -9466 -4279 -137 END
START 2324 3284 1780 -11007 -3074 590 END
START 2292 3192 2452 -12554 -1953 565 END
START 2340 2644 3072 -14029 -1880 307 END
START 2308 2600 4444 -14905 -2419 144 END
START 2800 1740 5612 -15404 -2634 118 END
START 3060 1332 6828 -16090 -2594 281 END
START 3280 924 7996 -16678 -1777 113 END
START 2748 620 9072 -17222 -519 -508 END
START 2032 -252 9908 -17834 404 -1138 END
START 1292 -1208 11020 -18212 684 -1619 END
START 1112 -2296 12920 -18334 -207 -1475 END
START 1788 -3124 14672 -18708 -1295 -969 END
START 1632 -3364 17080 -18886 -497 -740 END
START 820 -3852 18008 -18989 1390 -481 END
START -468 -4288 19408 -18736 2529 -96 END
START -1112 -4848 21268 -18183 2725 292 END
START -720 -5392 23380 -17430 2182 948 END
START -596 -5360 25180 -16407 2022 1575 END
START -612 -4708 27172 -15781 2234 1552 END
START -1076 -4688 29380 -14710 2633 1404 END
START -1600 -5196 31200 -13416 3355 1718 END
START -1596 -5740 32767 -12139 3797 2548 END
START -1520 -5804 32767 -10554 3808 3221 END
START -1440 -5780 32767 -8735 3367 3082 END
START -1680 -5784 32767 -6119 1747 2318 END
START -1436 -5948 32767 -2940 -477 1458 END
START -1604 -6068 32767 -152 -1869 818 END
START -1732 -6424 32767 2279 -2750 856 END
START -1720 -6792 32767 4516 -2855 1547 END
START -1520 -6944 32767 6712 -2472 2591 END
START -1400 -6972 32767 8837 -2135 3170 END
START -1092 -6404 32767 10898 -2781 3030 END
START -864 -5876 31464 12677 -4555 2320 END
START -408 -5432 30144 14891 -6387 1673 END
START 256 -5376 28316 16775 -7657 1324 END
START 1060 -5040 26696 17864 -7602 1286 END
START 1700 -4580 25228 18204 -6115 1591 END
START 2068 -4160 24016 18552 -3950 2017 END
START 2492 -4024 22688 19441 -2155 2081 END
START 3064 -3952 20956 20407 -763 1821 END
START 3184 -3412 18688 20854 -520 1176 END
START 3352 -2704 17420 21159 -1305 233 END
START 3760 -2136 15984 21957 -2104 -884 END
START 4112 -1284 14064 22211 -2439 -2118 END
START 4732 -488 12268 21092 -2541 -3470 END
START 4788 544 10904 19955 -2403 -4609 END
START 4612 932 10088 19257 -2672 -4939 END
START 4892 1444 8424 18051 -2595 -4455 END
START 5524 2076 7448 16044 -1260 -4109 END
START 6008 2588 6536 14112 942 -4200 END
START 6152 2548 5760 12566 2066 -4649 END
START 5816 2924 5012 11293 1847 -5288 END
START 5292 3408 4452 10484 1317 -5909 END
START 4828 3604 3404 9507 801 -6521 END
START 4488 3600 2452 8074 624 -7018 END
START 4388 3444 2176 6339 355 -7331 END
START 4652 3680 2420 4879 634 -7606 END
START 4884 3664 2456 3271 1334 -7939 END
START 4596 3892 2272 1332 1902 -8423 END
START 3984 4016 2492 -347 1567 -8775 END
START 2924 4284 2560 -1328 697 -8850 END
START 2148 4284 2204 -2326 -242 -8761 END
START 1044 4404 1952 -3696 -1051 -8577 END
START 604 4076 1996 -5099 -2171 -8081 END
START 196 4036 2476 -6573 -3130 -7423 END
START -216 3932 2892 -7981 -3696 -6415 END
START 36 3580 3508 -9787 -3415 -5271 END
START 224 2980 4128 -11846 -2948 -4129 END
START 512 2732 5088 -13741 -2589 -3491 END
START 532 2232 6508 -14824 -2438 -3656 END
START 548 1700 7640 -15018 -3376 -4287 END
START 336 1228 8420 -14721 -4391 -5036 END
START 104 520 9032 -14667 -5177 -5285 END
START -236 56 9944 -15647 -5497 -5065 END
START -188 -876 11480 -17265 -5251 -4400 END
START -108 -1456 14272 -18089 -4629 -3150 END
START 192 -1704 16312 -18280 -3793 -1923 END
START 524 -1804 17836 -18572 -2410 -1714 END
START -300 -2196 19832 -18492 -1085 -2012 END
START -796 -2788 21912 -17736 -667 -1639 END
START -900 -2888 24004 -16740 -412 -672 END
START -1472 -2460 26340 -16049 -142 -94 END
START -3012 -1264 29140 -14967 -1295 -84 END
START -3388 -1716 31340 -12796 -3220 -66 END
START -2132 -3096 32767 -11586 -3389 962 END
START -420 -4272 32767 -11258 -430 2575 END
START -484 -5080 32767 -10042 2908 4265 END
START -588 -5656 32767 -8203 3848 6039 END
START 12 -5684 32767 -5908 2776 6664 END
START 824 -5600 32767 -2697 633 5638 END
START 1728 -5512 32767 1487 -1718 3484 END
START 2332 -5596 32767 5656 -3247 1391 END
START 2192 -5856 32767 8504 -3536 471 END
START 2256 -5860 32767 10729 -3329 702 END
START 2668 -5736 31884 12304 -2480 1335 END
START 2740 -5180 29892 13395 -1350 1750 END
START 2820 -5076 27624 14633 -856 1707 END
START 3100 -4872 26068 15795 -1269 1443 END
START 3684 -4504 25112 17004 -1351 1044 END
START 4236 -4272 24028 18236 -427 819 END
START 4600 -3936 22468 19208 947 841 END
START 5156 -3576 20804 19790 2267 931 END
START 4924 -2924 18748 19848 2969 804 END
START 4672 -2208 16532 19476 2740 98 END
START 4520 -1512 15024 19045 2084 -743 END
START 4632 -904 13984 18659 1366 -1608 END
START 4796 -152 13612 18476 788 -2230 END
START 4764 1000 12860 18466 1068 -3009 END
START 4324 1932 11388 18214 1604 -3699 END
START 4172 2552 9496 17176 1197 -4106 END
START 4292 3388 7892 15468 142 -4507 END
START 5004 4004 7564 13826 -1249 -5029 END
START 5276 4548 7960 12546 -1872 -5747 END
START 5320 5332 8188 11965 -834 -6790 END
START 4796 5444 7356 11359 539 -7640 END
START 4164 4996 6012 10359 1293 -7915 END
START 3228 5124 5276 9068 1809 -7799 END
START 2760 4776 4588 8174 2105 -7449 END
START 2576 4256 3824 6517 1874 -6922 END
START 2656 4396 3700 4430 1737 -6479 END
START 2456 4412 3948 2814 2068 -6360 END
START 2176 4484 3612 1593 2326 -6367 END
START 1508 4576 3664 376 2562 -6571 END
START 712 4516 3016 -552 2294 -6601 END
START 168 4312 2628 -1703 1418 -6563 END
START -228 4592 2300 -3022 179 -6274 END
START -420 4960 2436 -4376 -1280 -5920 END
START -112 4756 2632 -5753 -2542 -5620 END
START 460 4952 2980 -7289 -3315 -5280 END
START 1148 4572 3540 -8899 -3268 -5106 END
START 1696 4056 3896 -10299 -2738 -5358 END
START 2128 3332 4392 -11460 -2954 -5817 END
START 2080 2908 4808 -12287 -3235 -6216 END
START 2136 2416 5048 -13756 -3150 -6697 END
START 1592 1676 6048 -15137 -2821 -7287 END
START 1056 816 7068 -15960 -2238 -7402 END
START 904 -264 7708 -16619 -2325 -7153 END
START 1552 -752 8556 -17215 -3322 -7396 END
START 1916 -1404 9704 -17351 -5167 -8441 END
START 1928 -1756 11368 -17079 -6836 -9906 END
START 1536 -2456 13376 -17653 -5938 -10770 END
START -128 -2800 17824 -19020 -2661 -10119 END
START -1832 -3312 22016 -19343 786 -7811 END
START -3044 -4416 26076 -19570 2331 -5746 END