START 2988 3604 3724 -11678 -59 -504 END
START 5932 4144 -6372 -11788 -95 1 END
START 1000 4432 6092 -12043 -1696 1344 END
START 4384 3240 1880 -12187 -4836 3744 END
START 4904 3512 3100 -12669 -5397 5213 END
START 5592 3812 4468 -13473 -3936 4701 END
START 5564 3600 4736 -13892 -2417 3572 END
START 4616 2936 4824 -14319 -2687 3004 END
START 4076 2848 4992 -14892 -3398 3248 END
START 4300 2468 5296 -15997 -3118 3750 END
START 4304 1880 5952 -17787 -2231 4343 END
START 4132 1256 7168 -19404 -1523 4547 END
START 3944 180 8376 -20302 -864 4297 END
START 3404 -224 9852 -20868 -713 3959 END
START 2804 -1320 10872 -21081 -639 3840 END
START 2420 -2468 11696 -21132 -743 4281 END
START 2476 -3612 13060 -21814 -1405 4986 END
START 3424 -4312 14824 -22421 -1574 5682 END
START 3564 -4212 17848 -22868 -710 5857 END
START 3792 -4392 19304 -22534 437 5641 END
START 3376 -4588 20664 -21763 1091 4997 END
START 2556 -4736 21880 -20818 424 4443 END
START 2464 -4452 24024 -19604 -1354 4630 END
START 3652 -3844 26268 -18152 -3255 5052 END
START 5044 -2924 28036 -17351 -3599 4867 END
START 5668 -2124 30328 -17265 -2072 4332 END
START 5676 -2704 32767 -16889 611 3911 END
START 5616 -4284 32767 -15466 2733 3773 END
START 5432 -5872 32767 -12684 3853 3377 END
START 5384 -6412 32767 -9216 3480 2764 END
START 5652 -6512 32767 -5697 2594 1826 END
START 5796 -6580 32767 -2180 1389 942 END
START 6204 -6544 32767 858 1507 457 END
START 5772 -6528 32767 3406 2418 141 END
START 5020 -6596 32767 6000 3033 11 END
START 4796 -6696 32767 8226 2706 -20 END
START 4444 -6284 32767 10489 1960 -217 END
START 4272 -6300 32756 12858 1069 -695 END
START 4152 -5788 30856 14986 -112 -902 END
START 4432 -5404 29044 16365 -974 -1002 END
START 4820 -4856 27980 17117 -775 -1061 END
START 4636 -4552 26640 18033 55 -1251 END
START 4520 -3932 25344 19219 894 -1613 END
START 4172 -3776 24008 20452 1386 -2242 END
START 3716 -3580 22292 21392 1176 -2749 END
START 3580 -3416 20840 21776 851 -2788 END
START 3724 -2960 19980 21804 717 -2508 END
START 3996 -2116 18996 21908 1057 -2339 END
START 3840 -1712 17456 21925 1213 -2954 END
START 3620 -824 16332 21727 781 -3680 END
START 3884 -588 15176 21695 633 -4316 END
START 3956 64 13936 21757 30 -4670 END
START 3972 568 12808 21805 -700 -4960 END
START 4572 1120 11252 21620 -1586 -5326 END
START 5228 1752 10400 20718 -2242 -5823 END
START 5988 2268 9828 19871 -1948 -6125 END
START 6620 2400 9620 18881 -1270 -6308 END
START 7336 2532 8768 17366 -323 -5847 END
START 7236 3040 7648 15926 921 -5858 END
START 6676 3740 6192 14482 1901 -6389 END
START 5932 3968 4692 13387 2072 -7310 END
START 4984 4080 3376 12206 1183 -8223 END
START 4072 4340 2116 10766 -667 -8626 END
START 3684 4508 1492 8842 -2262 -8568 END
START 3540 4444 1272 6934 -2842 -8320 END
START 3504 4664 744 4982 -2412 -7969 END
START 3312 4504 748 2531 -1698 -7886 END
START 2644 4328 408 271 -696 -7715 END
START 1692 4304 188 -1539 -399 -7357 END
START 820 4276 104 -3017 -808 -6873 END
START 124 4232 -28 -4372 -1537 -6228 END
START -552 4188 124 -5851 -2261 -5347 END
START -784 4344 452 -7744 -3211 -4414 END
START -600 4044 916 -9601 -3555 -3813 END
START -396 3748 1584 -11454 -3215 -3659 END
START -572 3280 2832 -13199 -3140 -3479 END
START -836 2788 3980 -14127 -3503 -2874 END
START -996 2808 4672 -14787 -4371 -1770 END
START -576 2452 5548 -15723 -4671 -772 END
START -388 2144 6404 -16980 -4203 -132 END
START -400 1484 7848 -18120 -3727 387 END
START -160 824 9292 -18818 -3676 1109 END
START 592 364 10992 -19321 -3372 1705 END
START 872 -220 11628 -19924 -2542 1983 END
START 136 -600 12240 -20756 -2243 1979 END
START -584 -1224 12664 -21823 -2655 2115 END
START -880 -1732 13988 -23059 -3660 2563 END
START -764 -2152 16172 -23693 -4240 3594 END
START -216 -2844 18568 -23849 -4095 4439 END
START 1248 -3372 21300 -24107 -3610 5325 END
START 2400 -3096 24708 -23700 -2447 5769 END
START 3192 -2868 28028 -22386 -1004 5548 END
START 3932 -2956 30992 -20706 517 5065 END
START 4276 -3256 32767 -18785 1869 4465 END
START 4176 -3548 32767 -16780 2422 3803 END
START 3748 -3768 32767 -14054 2334 3048 END
START 3464 -4072 32767 -10619 2101 2148 END
START 2984 -4640 32767 -7491 1826 1369 END
START 2804 -4956 32767 -4705 1581 1203 END
START 2872 -5084 32767 -1718 1489 1483 END
START 3228 -5140 32767 1423 1928 1849 END
START 3400 -4896 32767 4437 2270 1862 END
START 3268 -4572 32767 7117 1943 1530 END
START 2844 -4704 32767 9786 1122 972 END
START 2688 -4384 32767 12056 102 505 END
START 2796 -4380 32168 13711 -891 42 END
START 2968 -4260 30220 15356 -1358 -156 END
START 3052 -4056 27900 16778 -1240 -248 END
START 3164 -3696 25920 17715 -1100 -343 END
START 3312 -3564 24052 18507 -930 -525 END
START 3388 -3264 22264 19098 -949 -734 END
START 3732 -3184 20660 19543 -1303 -1069 END
START 4016 -2876 19172 19776 -1558 -1735 END
START 4248 -2484 17932 20068 -1594 -2295 END
START 4448 -2120 16804 20151 -1645 -2466 END
START 4540 -1788 15688 19793 -1490 -2674 END
START 5004 -1212 15032 19400 -783 -2765 END
START 5544 -1088 14120 18804 413 -2756 END
START 5516 -776 13384 18366 1416 -2890 END
START 5688 -156 12180 18068 1477 -3435 END
START 5924 316 10892 17394 834 -4027 END
START 6344 1328 10112 16568 9 -4700 END
START 6604 1824 9396 16169 -344 -5574 END
START 6664 2220 8460 15686 -527 -6625 END
START 6724 2692 7400 14863 -265 -7482 END
START 6208 3332 6712 13524 541 -8238 END
START 5840 3528 5920 12298 1122 -8787 END
START 5476 3832 5052 11101 1257 -8953 END
START 5388 4108 4076 9685 1036 -8958 END
START 5272 4088 3628 8106 829 -8942 END
START 5420 4336 3352 6628 1180 -9015 END
START 5240 4504 3084 5268 1887 -9385 END
START 4712 4544 2956 4027 2153 -9792 END
START 3972 4588 2544 2847 2023 -10026 END
START 3360 4744 1912 1451 1474 -10380 END
START 2696 5136 1536 53 1140 -10427 END
START 1940 4936 1240 -1325 613 -10318 END
START 1284 4924 992 -2836 -209 -9970 END
START 860 4712 816 -4343 -809 -9838 END
START 696 4384 840 -5981 -960 -9827 END
START 372 3640 920 -7829 -946 -9836 END
START 88 2920 1232 -9331 -922 -9820 END
START -384 2052 1672 -10478 -1527 -9389 END
START -584 1128 1704 -12019 -2803 -8760 END
START -880 976 2832 -13756 -3779 -7959 END
START -736 616 4004 -15066 -4091 -7367 END
START -1260 352 5356 -16023 -4298 -7094 END
START -1604 148 6332 -16868 -4851 -6811 END
START -2164 -60 7760 -17802 -6195 -6294 END
START -2420 -352 9764 -18421 -7958 -5576 END
START -2316 -600 12252 -18660 -10414 -4073 END
START -2068 -572 16176 -18172 -12336 -2550 END
START -2300 448 19116 -16613 -13808 -2408 END
START -4128 1224 23924 -14363 -15507 -4345 END
START -4772 488 27972 -11171 -18268 -5502 END