START 4836 2508 1660 -9709 -157 3066 END
START 5532 2196 940 -10521 192 3017 END
START 5240 2284 2324 -11426 -24 3374 END
START 4256 2292 3928 -11893 -102 4123 END
START 3880 2488 4588 -12192 59 4909 END
START 3940 1884 3980 -12766 125 5508 END
START 3572 2256 3180 -14644 -278 5683 END
START 3184 1764 2096 -18666 -2672 5244 END
START 2008 1460 3308 -23543 -5819 4365 END
START 1188 168 5376 -26113 -8987 4103 END
START 556 -408 9164 -24711 -10194 4697 END
START 1284 -764 10680 -21668 -8674 5818 END
START 1664 -1780 11208 -21280 -5393 6796 END
START 1332 -2204 11632 -23346 -1177 8031 END
START 544 -2648 12812 -25633 112 9447 END
START 536 -2912 14768 -26816 -1297 10230 END
START 2092 -3380 17568 -26701 -4539 10852 END
START 4556 -3480 20568 -25591 -7131 10677 END
START 7204 -3408 23620 -24217 -6731 9433 END
START 8068 -3376 25892 -22613 -4277 7672 END
START 7796 -3724 27548 -21030 -2197 6333 END
START 7508 -4696 29112 -19376 -2086 5750 END
START 7584 -4820 31056 -17510 -2822 5867 END
START 8080 -5424 32767 -15451 -2199 6046 END
START 8404 -5844 32767 -13249 -522 5945 END
START 8508 -6312 32767 -10756 1586 5701 END
START 8332 -6676 32767 -7608 3820 5203 END
START 7636 -7332 32767 -4314 4885 4714 END
START 6912 -7888 32767 -1005 4468 4095 END
START 6752 -8756 32767 2280 3404 3500 END
START 6692 -8820 32767 5052 2331 2792 END
START 6576 -8664 32767 8084 1632 1763 END
START 6364 -8296 32767 11591 1048 761 END
START 6212 -8124 32767 15075 1308 -75 END
START 5884 -8140 32767 17622 2004 -891 END
START 5244 -7764 30820 19478 2396 -1434 END
START 4588 -7380 28448 21233 2090 -1585 END
START 4308 -7032 26124 22772 1321 -1632 END
START 4552 -6688 24028 23564 513 -1973 END
START 4752 -6296 22360 24083 557 -2478 END
START 4800 -5936 20776 24764 1168 -2948 END
START 4624 -5600 18984 25606 1593 -3382 END
START 4788 -5128 17428 26298 1359 -3483 END
START 5004 -4196 16144 26981 1495 -3325 END
START 5276 -3216 14480 27443 2215 -2784 END
START 5352 -2540 12036 27237 3084 -2551 END
START 5392 -2072 9848 25469 2949 -2469 END
START 5696 -1236 7816 22474 999 -2094 END
START 6300 -128 7348 19198 -824 -1946 END
START 6600 1056 7760 17572 -817 -2301 END
START 6600 2320 7464 17263 373 -3417 END
START 6176 2864 6060 16515 1006 -4691 END
START 5396 3532 4992 15645 576 -5565 END
START 4944 3980 3880 14459 -169 -5857 END
START 4808 4380 3284 12567 -410 -5746 END
START 4924 4876 3152 10151 315 -5762 END
START 5000 5408 3128 7631 950 -5981 END
START 4812 5728 3520 6009 1173 -6293 END
START 4512 6048 3480 4984 723 -6616 END
START 4128 6444 3092 3911 3 -6991 END
START 3828 6648 2632 2507 -212 -7375 END
START 3348 6744 2332 858 -167 -7745 END
START 2908 6860 2164 -735 -133 -8054 END
START 2332 6484 1752 -2079 -731 -8311 END
START 1520 6320 1308 -3319 -1407 -8238 END
START 548 6108 944 -4953 -2150 -7753 END
START -172 5648 960 -6715 -3023 -6975 END
START -492 5172 1276 -8552 -3738 -5872 END
START -424 4800 1476 -10534 -3989 -4806 END
START -416 4360 2208 -12857 -4198 -4150 END
START -520 4104 3204 -14691 -4504 -3550 END
START -460 3328 4356 -15975 -4604 -2898 END
START -380 2760 5272 -17177 -4873 -2261 END
START -416 1816 6360 -18587 -5304 -1613 END
START -276 960 7816 -19783 -5795 -792 END
START -132 624 9704 -20735 -5688 -97 END
START 100 232 11152 -21439 -5129 462 END
START 196 112 12760 -22225 -4455 982 END
START 172 -188 14120 -23015 -3736 1223 END
START -832 -304 15724 -23365 -3691 1712 END
START -1280 -548 17392 -23666 -5011 2388 END
START -1456 -688 19616 -23936 -7079 3045 END
START -648 -1120 22852 -23602 -9360 3790 END
START 1072 -2116 25884 -22722 -11013 4555 END
START 3016 -3648 28760 -21567 -11655 5156 END
START 5504 -5136 31996 -20099 -11718 5857 END
START 8124 -5628 32767 -18058 -10157 6378 END
START 9928 -5928 32767 -15246 -6648 6435 END
START 10484 -5984 32767 -11720 -3248 6073 END
START 10692 -5908 32767 -7584 -640 5419 END
START 11000 -5892 32767 -4026 966 4424 END
START 10908 -5940 32767 -818 2145 2982 END
START 10568 -6160 32767 2657 2491 1499 END
START 10188 -6108 32767 6065 2446 -58 END
START 9420 -5864 32767 9011 2933 -1791 END
START 8088 -5856 31924 11378 3431 -3156 END
START 6820 -5828 29744 13360 3431 -3780 END
START 5976 -5928 28008 14996 3183 -3737 END
START 6144 -5892 26652 16057 3136 -3329 END
START 6376 -5768 25688 16981 3753 -3053 END
START 6724 -5396 24628 17755 4515 -3162 END
START 6756 -4940 23416 18566 4948 -3872 END
START 6672 -4260 22300 19912 5012 -4307 END
START 6652 -3628 20464 20949 5377 -4551 END
START 6448 -2916 18472 21365 5947 -4789 END
START 5640 -2136 16624 21151 6511 -4810 END
START 4880 -1528 15064 20783 6107 -4726 END
START 4412 -1156 13892 20321 4991 -4557 END
START 4248 -504 12664 19763 4085 -4588 END
START 4740 -12 11856 18850 3555 -4459 END
START 5148 840 11496 17933 3666 -4546 END
START 4760 1672 10824 17246 3767 -5109 END
START 4016 2048 9472 16734 2995 -5818 END
START 3220 2320 8576 15923 1138 -6248 END
START 3008 2544 7740 14741 -951 -6248 END
START 3316 2992 7792 12941 -2171 -6073 END
START 3772 3312 8068 11555 -1467 -5781 END
START 4140 3568 7948 10185 -209 -5244 END
START 4348 3960 7344 8781 558 -4895 END
START 4524 4276 6672 7670 761 -5033 END
START 4636 4696 6660 6788 557 -5410 END
START 4448 4788 6312 6129 271 -5972 END
START 4412 4864 5464 5369 -374 -6800 END
START 4328 4816 4536 4248 -1487 -7619 END
START 4100 5324 4624 2967 -1727 -8406 END
START 3364 5164 4176 2031 -1038 -8588 END
START 2640 5240 3132 528 -943 -8064 END
START 2324 5416 2888 -1457 -1580 -7516 END
START 2468 5688 2400 -3583 -2376 -7208 END
START 2496 5920 2192 -6019 -3689 -7521 END
START 2428 5812 2272 -8126 -5104 -8251 END
START 1952 5240 3120 -9272 -6592 -8733 END
START 1912 4476 3156 -9648 -7733 -8290 END
START 1804 3968 3204 -11131 -7654 -7461 END
START 1252 3676 3764 -12898 -6228 -6342 END
START 1276 3448 3800 -14490 -4518 -5462 END
START 656 3424 4304 -16280 -3722 -5209 END
START 220 2892 5124 -16795 -3879 -4883 END
START 120 2020 5444 -17778 -4540 -4636 END
START -516 1200 6056 -19249 -5400 -4058 END
START -1000 808 7648 -20243 -6201 -3021 END
START -1860 248 9156 -20831 -6930 -1237 END
START -1956 264 9972 -21921 -8110 843 END
START -2040 16 11012 -23104 -9390 2714 END
START -1168 -680 12476 -24241 -10950 4466 END
START -68 -1328 16044 -25969 -12049 6400 END