START 2316 4272 6532 -940 -4612 -312 END
START -4328 6696 13504 -1573 -3351 -529 END
START -784 4848 6448 -2854 -3398 -162 END
START 1964 3848 3448 -4545 -3313 489 END
START 1344 3564 4168 -5552 -3865 1237 END
START 888 3880 4520 -6235 -4039 2145 END
START 860 3916 4124 -7077 -3736 2826 END
START 972 3708 4044 -8411 -3201 3118 END
START 1180 3568 4416 -9926 -2903 3116 END
START 1324 3676 4712 -11291 -2772 3163 END
START 1160 3584 5948 -12146 -3372 3496 END
START 1432 3220 6984 -12818 -3805 3995 END
START 2096 3096 7524 -13562 -3243 4260 END
START 2412 2452 7952 -14442 -1851 3866 END
START 1696 2128 8544 -15463 -1414 3412 END
START 1588 1436 10336 -16399 -2753 3635 END
START 2416 1064 12700 -16685 -3436 4131 END
START 2572 796 14628 -16824 -2193 4282 END
START 2428 440 15388 -17142 -73 4278 END
START 1900 124 15884 -17516 1091 4221 END
START 1324 -412 16700 -17952 1282 3833 END
START 900 -1204 18200 -18012 -41 3585 END
START 968 -1640 19884 -17544 -1831 3722 END
START 1516 -1708 21448 -17089 -2263 3601 END
START 1732 -1964 22868 -16872 -2299 3270 END
START 1864 -2192 24568 -16565 -2487 3148 END
START 2116 -2600 26884 -16040 -2577 3513 END
START 2852 -2788 28792 -15085 -2507 4198 END
START 3584 -2892 30700 -13922 -1555 4326 END
START 4036 -2928 32464 -12139 -581 3715 END
START 4232 -3132 32767 -9823 -39 2554 END
START 4260 -3200 32767 -7295 197 1431 END
START 3856 -3484 32767 -5075 132 748 END
START 3492 -3916 32767 -2984 44 485 END
START 3132 -4308 32767 -932 -126 666 END
START 3128 -4504 32767 1170 -75 855 END
START 2816 -4692 32767 3473 45 749 END
START 2504 -4772 32767 5658 377 506 END
START 1892 -4864 32767 7548 767 219 END
START 1212 -5384 32767 9559 887 112 END
START 628 -5800 31872 11431 523 208 END
START 456 -6052 30740 13092 -148 460 END
START 596 -5880 29640 14887 -499 828 END
START 528 -5564 28400 16431 -589 995 END
START 788 -5140 26984 17781 -569 1073 END
START 1252 -4684 26120 19126 -570 1122 END
START 1980 -4188 24712 20353 -452 1095 END
START 2516 -3672 23196 21561 -131 753 END
START 3232 -2940 21568 22503 -118 303 END
START 3692 -2328 20300 23021 -303 -318 END
START 3924 -1340 18936 23537 -677 -960 END
START 4772 -1080 16892 24217 -817 -1441 END
START 5128 -224 15616 24548 -847 -1753 END
START 5636 400 14452 24530 -678 -2371 END
START 6232 1260 13136 23867 -351 -3323 END
START 6108 2100 11636 23173 -57 -4180 END
START 6076 2524 10148 22248 -72 -4659 END
START 5800 3116 9016 21304 -78 -5028 END
START 6084 3632 8356 20223 255 -5716 END
START 6136 4024 7632 18796 667 -6504 END
START 5652 4184 6896 17710 658 -7274 END
START 4928 4136 6092 16954 103 -7776 END
START 4228 4520 4896 16016 -796 -8233 END
START 3576 4832 3544 14475 -1816 -8212 END
START 3224 5204 2900 11754 -2816 -7928 END
START 3492 5380 2672 8650 -3115 -7071 END
START 3796 5676 2664 6178 -1635 -6293 END
START 3816 5600 2436 3674 -166 -6134 END
START 3112 5584 2300 1718 -217 -6156 END
START 2716 5364 2036 492 -1686 -6093 END
START 2360 5624 1716 -628 -2604 -5848 END
START 2152 5496 1128 -1937 -2542 -5415 END
START 1748 5620 1144 -4084 -2257 -4918 END
START 1536 5180 1480 -6287 -2065 -4563 END
START 1268 5032 2136 -7819 -2081 -4238 END
START 1300 4832 2952 -9017 -2200 -4071 END
START 1012 4376 3748 -10042 -2627 -3925 END
START 868 4264 4504 -10974 -3220 -3538 END
START 532 4056 4876 -11646 -3810 -2905 END
START 412 4180 5624 -12158 -4444 -2237 END
START 500 4068 5940 -12956 -5320 -1687 END
START 988 3768 6436 -14116 -5750 -1371 END
START 1216 3320 6832 -15283 -5642 -1147 END
START 1136 2856 7344 -16262 -5333 -1130 END
START 1204 2372 8028 -17274 -5616 -918 END
START 1064 1772 9664 -18200 -6168 -634 END
START 956 1100 11368 -18669 -6334 226 END
START 1044 588 12512 -18788 -5634 1439 END
START 992 -132 12716 -18921 -4468 2457 END
START 436 -620 12784 -19456 -3696 2946 END
START -40 -996 13520 -20197 -4277 3264 END
START 96 -1640 15176 -20954 -5595 3630 END
START 776 -2272 17188 -21552 -6520 4357 END
START 1736 -2716 19180 -21363 -6239 5026 END
START 2428 -2868 21072 -21131 -5437 5127 END
START 2792 -2832 23220 -20576 -4791 5024 END
START 3444 -3052 26008 -19667 -4539 5056 END
START 4344 -3088 29060 -18116 -3877 5036 END
START 5360 -3152 32016 -16369 -2738 4835 END
START 5896 -3452 32767 -14065 -1411 4608 END
START 5884 -3616 32767 -11682 -275 4382 END
START 5636 -3692 32767 -9060 519 4271 END
START 5348 -3684 32767 -6338 1042 4015 END
START 5212 -4044 32767 -3037 973 3508 END
START 5276 -4188 32767 354 481 2805 END
START 5220 -4456 32767 3560 475 2026 END
START 5072 -4652 32767 6380 776 1480 END
START 5076 -5004 32767 8746 1303 1301 END
START 4856 -5136 32767 10910 1745 1038 END
START 4512 -5144 32767 12853 1962 551 END
START 4124 -5224 31580 14806 1684 339 END
START 4072 -5004 29716 16652 1257 613 END
START 4536 -4372 27440 18173 1103 679 END
START 5072 -3972 25660 19256 1425 261 END
START 5592 -3784 24212 20161 1686 -364 END
START 5832 -3404 22680 21075 2078 -1106 END
START 6212 -3124 20932 21801 2102 -1658 END
START 6612 -2356 19240 21818 1991 -2203 END
START 6824 -1812 17896 21632 2252 -2806 END
START 6776 -916 16536 21658 2444 -3209 END
START 7180 -372 14868 21543 2810 -3712 END
START 7264 212 13788 20850 3728 -4385 END
START 6948 852 12436 20126 4014 -4725 END
START 6956 1404 11284 18821 3364 -5068 END
START 7156 2252 11292 17518 2805 -5273 END
START 7304 2804 11020 16927 3076 -5557 END
START 7792 3536 10532 16470 4311 -6221 END
START 7676 3940 9328 15956 6316 -7740 END
START 6164 3892 7200 15114 7297 -9308 END
START 4856 4372 4996 14160 6835 -10283 END
START 3428 4344 3160 12895 4731 -10819 END
START 2232 4220 2224 11679 1727 -10796 END
START 1852 4664 1348 10397 -345 -10186 END
START 2192 4876 864 7714 -452 -9633 END
START 1924 5076 588 5160 -135 -9081 END
START 1884 5432 324 2621 -105 -8620 END
START 1708 5544 328 797 -607 -8299 END
START 1712 5712 36 -880 -1702 -8126 END
START 1568 5496 -336 -2976 -2597 -8040 END
START 1100 5268 -112 -4956 -2943 -7449 END
START 780 5128 40 -6851 -3308 -6582 END
START 500 4992 612 -8601 -3348 -6030 END
START 60 4520 1268 -9929 -3261 -5501 END
START -244 3984 1748 -11007 -3966 -4700 END
START -768 3160 2100 -12184 -5642 -3746 END
START -720 2416 2812 -13126 -6711 -2920 END
START -800 1708 3384 -14190 -7713 -2228 END
START -420 1296 3576 -15793 -8511 -1868 END
START -476 332 3720 -17440 -8668 -1201 END
START -1000 -452 4080 -19180 -8872 -325 END
START -1760 -1084 4040 -20740 -9158 585 END
START -1820 -2032 4780 -22286 -10348 1713 END
START -984 -3244 6692 -24023 -12208 3201 END
START 680 -3820 9472 -25540 -12058 4995 END
START 2968 -3936 11460 -26819 -9816 5863 END
START 2780 -3980 14828 -27789 -6903 5755 END
START 3408 -4908 17628 -27842 -6171 5893 END
START 4596 -5776 22564 -27648 -6482 6771 END
START 6536 -6624 29108 -27388 -6660 8731 END