START 4952 4116 -2696 -5841 4385 2939 END
START 820 6440 4584 -6193 4540 3047 END
START 288 6072 8608 -6764 4440 3074 END
START 1728 5412 5356 -7859 3988 3119 END
START 2032 5660 4604 -8876 3275 3836 END
START 1744 5584 4048 -9793 2895 4366 END
START 1828 6668 3432 -10745 1810 4387 END
START 620 5764 4048 -12709 1900 3595 END
START 104 5080 4824 -14245 1700 2752 END
START -88 3784 6040 -15137 2270 2784 END
START -952 3168 6880 -15261 3220 3621 END
START -1056 3228 6408 -15253 3610 4879 END
START -2028 3000 6700 -16629 5067 6404 END
START -2476 2972 5864 -18626 5983 7509 END
START -1888 2284 6572 -20908 4352 7687 END
START -1092 1576 8676 -22604 81 7050 END
START 448 1368 11484 -22801 -3317 5842 END
START 2232 852 12596 -21462 -4106 4487 END
START 1472 1588 14240 -20162 -3697 3721 END
START 1092 1840 13620 -19858 -3142 3553 END
START 1176 1216 13948 -20729 -3923 3292 END
START 1944 152 15956 -21933 -6210 3545 END
START 3448 -600 18548 -22277 -7073 3409 END
START 4448 -912 20512 -21911 -6131 3130 END
START 4488 -1092 21600 -21119 -4410 2465 END
START 4260 -1564 22676 -20563 -2701 1693 END
START 3776 -2748 24248 -20164 -2021 1246 END
START 3560 -3972 26192 -19299 -1963 1251 END
START 3616 -4984 28052 -17709 -2095 1287 END
START 3352 -5576 29036 -15601 -1273 1101 END
START 3028 -6300 29996 -13823 -378 793 END
START 2868 -6520 31256 -12066 117 546 END
START 2656 -6708 32112 -10146 516 358 END
START 2340 -6856 32767 -8138 680 225 END
START 2032 -6992 32767 -6266 1266 400 END
START 1724 -6920 32767 -4383 1896 656 END
START 1724 -6928 32767 -2474 2060 913 END
START 1904 -6600 32767 -435 1592 773 END
START 1828 -6396 32767 1678 1171 227 END
START 1684 -6052 32767 3857 697 -515 END
START 1540 -5800 32580 5950 -80 -1146 END
START 1376 -5772 31604 8014 -668 -1387 END
START 1272 -5224 30656 9687 -395 -1065 END
START 1420 -4936 29592 10618 957 -218 END
START 1380 -4516 28592 11294 1803 591 END
START 1004 -4156 27972 12261 1898 869 END
START 876 -3732 27176 13521 1090 587 END
START 776 -3588 26656 15228 -238 55 END
START 1032 -3428 25732 16797 -1978 -411 END
START 1444 -3032 24816 18262 -3377 -868 END
START 2232 -3136 23584 19248 -3845 -1269 END
START 2728 -2832 22436 19546 -3731 -1481 END
START 2852 -3168 21440 19711 -3363 -1769 END
START 2856 -2424 20348 20232 -2704 -1630 END
START 3184 -2388 19036 20847 -2183 -1797 END
START 3792 -1712 18044 21136 -1414 -2353 END
START 3776 -1060 16984 21003 -641 -3182 END
START 3472 -728 15620 20844 -844 -3844 END
START 3328 -296 14284 20704 -1751 -4245 END
START 3280 340 12988 20651 -2781 -4594 END
START 3748 1072 12032 20126 -2872 -4784 END
START 4056 964 11036 19242 -2257 -4803 END
START 4540 1412 10192 18261 -1826 -4593 END
START 4824 1912 9300 17317 -1805 -4709 END
START 5536 2700 8576 16254 -1963 -5288 END
START 5656 3172 7440 15373 -2163 -6031 END
START 5844 3812 6604 14406 -2277 -6790 END
START 6096 4060 5656 13281 -2110 -7379 END
START 5964 4388 5116 11741 -1428 -7886 END
START 5812 4620 4432 9982 -1058 -8175 END
START 5712 4984 4416 8181 -1296 -8297 END
START 5660 5144 3932 6707 -866 -8692 END
START 5108 5532 3424 5159 -401 -8990 END
START 4072 5652 2564 3434 -524 -8837 END
START 3116 5944 2236 1927 -974 -8360 END
START 2388 6056 1828 554 -1525 -8012 END
START 1992 6280 1816 -1035 -2222 -7704 END
START 1628 6408 1728 -2831 -2237 -7371 END
START 900 6364 2032 -4737 -2133 -6957 END
START 372 5800 2216 -6380 -2345 -6255 END
START -416 5352 2688 -7645 -3198 -5475 END
START -688 4744 3212 -8497 -4033 -4331 END
START -716 4260 3424 -9577 -4584 -3098 END
START -676 3552 4108 -11073 -4657 -2145 END
START -940 3420 4664 -12349 -4758 -1312 END
START -828 2920 5528 -13625 -5120 -910 END
START -856 2316 6552 -14613 -5223 -719 END
START -1044 1992 7296 -15231 -5212 -81 END
START -844 1424 7580 -16185 -5253 1008 END
START -652 1152 8792 -17632 -5429 2092 END
START 56 836 10276 -18749 -4924 2996 END
START 184 728 11536 -19146 -3805 3334 END
START 704 256 12380 -19639 -3420 3368 END
START 660 92 13156 -20240 -3421 3184 END
START 668 -312 14476 -20789 -3714 2919 END
START 1272 -960 16212 -20909 -3983 3154 END
START 2064 -1504 17540 -20985 -3984 3850 END
START 3008 -2032 18836 -21410 -4046 4537 END
START 4008 -2224 21000 -21371 -2958 4780 END
START 4696 -2160 23064 -20237 -755 3660 END
START 4440 -2516 24904 -18637 818 1811 END
START 4424 -3400 26688 -17026 621 1104 END
START 4300 -3884 28476 -15089 -94 1850 END
START 4560 -3980 29936 -13835 672 3077 END
START 4780 -3848 31760 -13362 2678 4174 END
START 4588 -3900 32767 -12461 5129 5211 END
START 4456 -3928 32767 -10622 7343 5611 END
START 4292 -4060 32767 -7971 8709 5083 END
START 3448 -4036 32767 -4766 8841 3984 END
START 2768 -4384 32767 -1321 7685 2874 END
START 1768 -4804 32767 2017 5425 2020 END
START 948 -4852 32767 4593 2677 1454 END
START 1004 -4700 32767 6931 593 1210 END
START 988 -4648 32767 9064 184 946 END
START 1048 -4856 32767 10808 1044 800 END
START 776 -4912 32767 12353 1735 934 END
START 860 -4856 31100 13627 1311 1138 END
START 916 -4516 29312 15060 -273 1348 END
START 1616 -4276 27804 16699 -1891 1268 END
START 2504 -3860 26540 18243 -2947 840 END
START 3120 -3212 25180 19335 -2971 178 END
START 3628 -2852 23772 20367 -2637 -582 END
START 3680 -2304 22264 21459 -1945 -1290 END
START 3896 -2164 20236 21979 -1194 -1591 END
START 4248 -1828 18904 21805 -649 -1546 END
START 4676 -1368 17644 21408 -96 -1423 END
START 4972 -900 16652 21209 657 -2037 END
START 5000 -532 15316 21246 990 -3008 END
START 5128 -32 13968 21428 860 -3991 END
START 5108 84 12512 21244 157 -4857 END
START 5148 724 11336 20714 -484 -5299 END
START 5532 1040 10152 20022 -237 -5516 END
START 5528 1640 9152 18813 674 -5910 END
START 5648 2032 8232 17582 1583 -6314 END
START 6100 2756 7492 16078 2493 -6877 END
START 6000 3360 6864 14550 3041 -7872 END
START 5172 3880 6340 13774 2567 -8801 END
START 4592 4464 5624 13319 1235 -9525 END
START 4040 4828 4684 12623 -340 -10164 END
START 3676 5192 3860 11178 -1636 -10300 END
START 3416 5596 3320 8950 -2030 -9473 END
START 3764 5704 3280 6730 -1203 -8333 END
START 3628 5776 3312 4651 173 -7670 END
START 3348 5980 3020 2714 1016 -7601 END
START 2948 6008 3072 1115 1090 -7864 END
START 2024 5820 2844 142 280 -8059 END
START 1420 5912 2712 -919 -1303 -8043 END
START 1208 5928 2480 -2100 -2742 -7936 END
START 1264 6232 2708 -3988 -3648 -7712 END
START 760 6404 2836 -6158 -3549 -7419 END
START 296 6080 3352 -7966 -3147 -6731 END
START -320 5548 3572 -8986 -3209 -5659 END
START -340 5184 4152 -9739 -3950 -4730 END
START -28 4604 4212 -10701 -4586 -4445 END
START -28 4308 4496 -11785 -5146 -4056 END
START -44 3644 4900 -12943 -5687 -3705 END
START 48 2816 5244 -13844 -6177 -3352 END
START 452 2056 5248 -14280 -6224 -3168 END
START 548 1052 5052 -15273 -5874 -3729 END
START 284 456 4804 -16949 -5674 -4280 END
START -1152 -200 5592 -18571 -6333 -3905 END
START -1032 -748 6888 -19694 -7751 -1926 END
START -28 -1356 8544 -20921 -8514 130 END
START 1076 -1748 10168 -22323 -8407 1471 END
START 2076 -2476 12048 -23172 -7484 2371 END
START 2400 -2752 14376 -23686 -6143 2497 END
START 2348 -3212 17324 -23911 -4771 2056 END
START 2268 -3768 21300 -23451 -3507 1695 END
START 2496 -4208 24972 -22478 -1564 1862 END
START 2152 -4356 28192 -20992 1162 2505 END