START 2500 4276 4864 -7902 345 4607 END
START 3240 3984 4304 -8090 -76 4812 END
START 4040 3908 2812 -8360 22 5036 END
START 3904 4364 2372 -9293 -421 5562 END
START 3692 4080 1552 -10772 -1174 5696 END
START 3668 3764 1392 -12583 -1992 5702 END
START 3952 3292 2064 -14235 -2081 5670 END
START 3952 2632 3120 -15639 -1927 5952 END
START 4480 1528 3952 -16829 -1169 6156 END
START 4312 1224 5172 -18138 -32 6165 END
START 3156 1380 4948 -19404 1557 6334 END
START 2984 764 7080 -20423 1337 5419 END
START 2224 928 6284 -21112 -175 5077 END
START 2216 -600 7424 -21856 -3372 4892 END
START 3036 -2256 8672 -23120 -7573 5333 END
START 4292 -3720 10908 -25370 -12078 5644 END
START 5752 -3004 14596 -26891 -10265 5964 END
START 5420 -3064 19364 -27266 -3031 6055 END
START 3932 -3660 22188 -26617 2363 6082 END
START 3656 -5204 24448 -25826 3266 6056 END
START 4120 -6532 27492 -24517 1798 6051 END
START 5192 -7388 31528 -22443 543 6079 END
START 6076 -7936 32767 -20111 1013 5864 END
START 6556 -8552 32767 -17359 2273 5243 END
START 6264 -9424 32767 -14392 3129 4554 END
START 6292 -9916 32767 -10819 3209 4144 END
START 6332 -9920 32767 -6934 3410 3618 END
START 5960 -9784 32767 -3618 3426 2975 END
START 4892 -9532 32767 -473 2351 2425 END
START 4468 -9080 32767 2689 889 2084 END
START 4288 -8776 32767 5627 6 1884 END
START 4168 -8476 32767 8164 -782 1599 END
START 4480 -8312 32767 10348 -1215 1257 END
START 4484 -7960 32767 12279 -1883 763 END
START 4712 -7752 31528 13862 -2972 260 END
START 4828 -7236 29708 15508 -3724 -262 END
START 5028 -6504 28228 17228 -3833 -802 END
START 5192 -5656 26796 18685 -3491 -1271 END
START 5444 -5244 24960 20065 -2685 -1854 END
START 5624 -4956 22696 21255 -1876 -2432 END
START 5532 -4424 20920 21946 -1175 -3060 END
START 5228 -3740 19304 22447 -975 -3516 END
START 4960 -3144 17700 22631 -1319 -3827 END
START 5320 -2736 16780 22817 -1205 -4160 END
START 6000 -2476 15580 23069 -438 -4345 END
START 6156 -1644 14332 23105 934 -4618 END
START 6288 -948 12920 22899 1839 -5107 END
START 6344 -380 11504 22626 1510 -5526 END
START 6512 436 9580 21942 621 -6105 END
START 6732 1012 8104 20608 -50 -6622 END
START 6712 2060 7056 18797 -14 -6949 END
START 6772 2552 6344 17128 448 -7106 END
START 6728 3240 5856 15696 1079 -7289 END
START 6648 3460 5388 14446 1624 -7606 END
START 6480 3876 4584 13269 1776 -8058 END
START 6176 4352 3904 11878 1487 -8695 END
START 5876 4452 3280 10690 854 -9384 END
START 5516 4544 2760 9494 169 -9978 END
START 5148 4644 2096 8151 -451 -10234 END
START 4688 4648 1440 6329 -469 -10207 END
START 3920 4744 996 4119 -15 -9748 END
START 3208 4684 732 2142 802 -9045 END
START 2568 4716 300 187 2016 -8301 END
START 1536 4764 -208 -1743 2364 -7459 END
START 848 4856 -368 -3671 1860 -6801 END
START 228 4928 -548 -5510 529 -6396 END
START -732 4852 -312 -7380 -1178 -5950 END
START -784 4632 336 -9134 -2705 -5255 END
START -1028 4104 1164 -10575 -3486 -4421 END
START -1004 3712 1904 -12157 -3730 -3388 END
START -980 3344 2552 -13931 -3374 -2543 END
START -1264 2792 3380 -15724 -3651 -1867 END
START -912 2404 4256 -17463 -4900 -996 END
START -184 1760 5800 -19209 -5973 -407 END
START 312 1260 7288 -20346 -6256 22 END
START 432 684 8460 -20946 -5990 168 END
START 580 96 9256 -21404 -5858 300 END
START 540 -612 10464 -22125 -5401 595 END
START 560 -1460 12224 -23241 -4648 1351 END
START 896 -2468 14488 -24057 -3989 2585 END
START 1436 -2972 16684 -24295 -3244 3703 END
START 1616 -3128 18676 -24079 -1843 4093 END
START 1380 -3076 20636 -23363 -1249 4035 END
START 1644 -3664 23220 -22369 -1474 3871 END
START 2032 -4452 26076 -21286 -1285 4080 END
START 2436 -4724 29172 -20346 -104 4462 END
START 2920 -4972 32288 -19241 1073 5008 END
START 3636 -5644 32767 -17677 2577 5684 END
START 4084 -6276 32767 -15391 4526 5905 END
START 4164 -6772 32767 -12071 5648 5465 END
START 3872 -7440 32767 -7874 5465 4355 END
START 3268 -7848 32767 -3218 3606 3031 END
START 3240 -8092 32767 1054 1180 2042 END
START 3424 -8092 32767 4764 -261 1559 END
START 3560 -7604 32767 7571 -141 1616 END
START 3456 -7532 32767 9975 600 1674 END
START 3224 -7588 32767 12368 1150 1642 END
START 3200 -7564 32767 14895 923 1359 END
START 3232 -7204 32524 17036 255 1001 END
START 3580 -7116 30176 18698 -359 758 END
START 4136 -6512 28136 19882 -544 571 END
START 4160 -5988 26132 20769 -441 261 END
START 4588 -5440 24036 21599 -4 -99 END
START 4700 -4964 22112 22361 178 -429 END
START 4976 -4312 19912 22782 638 -896 END
START 5312 -3860 18396 22984 1031 -1383 END
START 5908 -3156 16604 22953 1158 -1942 END
START 6256 -2252 14864 22549 792 -2515 END
START 6408 -1428 13432 22224 701 -3175 END
START 6412 -500 11432 21898 659 -4017 END
START 6428 -524 9700 21094 -50 -4843 END
START 6276 -156 8724 20415 -843 -5408 END
START 6236 224 8204 19633 -1197 -5694 END
START 6580 712 7352 18735 -680 -5591 END
START 6752 1228 6488 17660 546 -5723 END
START 6896 1540 4948 16338 1207 -6192 END
START 6552 2420 3564 14680 1472 -6710 END
START 6416 3572 2192 12921 1463 -7311 END
START 5700 4660 1572 11236 1074 -8098 END
START 5232 5272 936 9893 563 -8993 END
START 4892 5360 564 8678 -99 -9770 END
START 4304 5376 76 7351 -371 -10357 END
START 3608 5360 -56 5652 -608 -10556 END
START 3192 5348 148 3878 -244 -10307 END
START 2532 5420 -304 2127 418 -9930 END
START 1752 5312 -488 129 598 -9687 END
START 1016 5444 -512 -1816 769 -9261 END
START 256 5272 -412 -4299 976 -8460 END
START -516 5080 -64 -6820 708 -7435 END
START -548 4956 1196 -8559 122 -6295 END
START -208 5064 2148 -9297 -203 -5681 END
START 856 4684 2488 -9602 79 -6225 END
START 392 3876 2340 -9922 216 -7369 END
START -232 3492 1624 -10611 -899 -8074 END
START -772 2496 1116 -12473 -3702 -7997 END
START -700 2084 2680 -15425 -6277 -7149 END
START -288 1736 5208 -17630 -6696 -6059 END
START 232 640 6872 -19369 -5366 -5042 END
START 36 -100 7900 -21053 -3443 -4320 END
START -716 -980 8740 -22739 -2636 -4142 END
START -1244 -1964 11324 -24135 -3670 -3909 END
START -704 -3172 15060 -24853 -5109 -3135 END
START 44 -3668 18912 -25496 -5487 -2048 END
START 1228 -3556 22260 -25691 -3688 -1455 END
START 1088 -3328 25764 -25375 -551 -1464 END
START 444 -3664 28544 -24763 1348 -1398 END
START -316 -3904 31972 -23418 1883 -1050 END
START -636 -4292 32767 -20954 1840 -783 END
START -872 -4668 32767 -17605 1854 -1160 END