START -2056 4924 21736 -654 -3733 -703 END
START 2448 3556 13348 -822 -2703 -1080 END
START -444 4304 13024 -921 -3409 -1415 END
START 640 3304 11416 -873 -4541 -1799 END
START 920 2932 9924 -1051 -4817 -1767 END
START 924 2600 8748 -1593 -4487 -1019 END
START 952 2372 7328 -2746 -3511 38 END
START 1032 2568 6376 -4002 -2980 963 END
START 1416 3100 5532 -5255 -2577 1546 END
START 1484 3320 4876 -6354 -2223 1455 END
START 1004 3680 3888 -7514 -2126 1090 END
START 868 3220 3676 -8833 -2446 537 END
START 696 2748 2972 -9903 -3325 125 END
START 620 2108 3016 -11374 -4025 -30 END
START 572 1228 4096 -12942 -4824 206 END
START 724 560 5756 -14020 -5126 797 END
START 996 4 6924 -14947 -5055 1437 END
START 1420 -500 8612 -15991 -4786 1982 END
START 1632 -1180 11052 -16909 -4057 2163 END
START 2228 -2224 14308 -17061 -3786 2338 END
START 2716 -2844 16940 -16776 -3738 2524 END
START 3028 -3136 19104 -16405 -3027 2632 END
START 3096 -3660 21452 -16412 -2333 2823 END
START 2780 -4288 23860 -16019 -1403 3326 END
START 2344 -4356 26108 -15447 -729 4379 END
START 2012 -4496 28100 -14803 -115 5060 END
START 1992 -4308 29960 -13746 287 5111 END
START 1720 -4808 31828 -12121 -30 4821 END
START 2056 -4796 32767 -10311 -834 4449 END
START 2600 -4664 32767 -8430 -1081 3741 END
START 2736 -4584 32767 -6160 -1157 3173 END
START 2844 -4664 32767 -3987 -618 2789 END
START 2512 -5472 32767 -2064 -57 2749 END
START 2060 -5980 32767 -85 -335 3193 END
START 2148 -6160 32767 1914 -276 3330 END
START 2428 -6408 32767 4367 187 3088 END
START 2176 -6412 32767 6860 173 2387 END
START 1860 -6552 32767 9132 -917 1498 END
START 1740 -6576 32767 11282 -2251 1016 END
START 1892 -6256 31332 13380 -2898 798 END
START 1944 -5820 29276 14752 -2609 1003 END
START 2096 -5604 27860 15508 -2479 1551 END
START 2960 -4892 27128 16311 -2289 1829 END
START 3608 -4460 26280 17642 -2334 1524 END
START 4120 -3592 24916 19009 -2330 871 END
START 3612 -2720 23592 19940 -2915 -63 END
START 3276 -1884 22064 20875 -4265 -698 END
START 3764 -1368 20464 21510 -4456 -963 END
START 4276 -1180 18920 21433 -3401 -983 END
START 4624 -1292 17920 21050 -2514 -709 END
START 5128 -648 16752 20646 -1986 -424 END
START 5704 416 15656 20300 -1210 -529 END
START 5796 1380 13880 19966 -764 -1145 END
START 5664 2236 12228 19570 -996 -2368 END
START 5728 2544 10612 19238 -1867 -3537 END
START 6360 3076 9480 18251 -2318 -4331 END
START 6684 3660 8344 17084 -1527 -4712 END
START 6712 4128 7500 15585 -571 -5109 END
START 6952 4456 6528 14288 139 -5637 END
START 6984 4632 5692 13383 522 -6382 END
START 7080 4820 4552 12222 227 -7102 END
START 7080 4864 3844 10771 -141 -8010 END
START 5992 5240 3492 9680 -399 -8445 END
START 5632 5144 2888 8454 -426 -8277 END
START 5532 5120 2280 6870 -33 -8046 END
START 5316 4864 1804 5122 106 -7918 END
START 4876 4948 1684 3447 428 -7877 END
START 4472 4704 1740 2005 746 -7760 END
START 3676 4468 1316 683 627 -7569 END
START 3036 4336 1052 -605 312 -7218 END
START 2360 4332 728 -2074 -192 -6633 END
START 2040 4120 688 -3592 -510 -5911 END
START 1596 3908 1044 -5081 -328 -5334 END
START 964 3904 1168 -6469 -404 -4872 END
START 500 3880 1800 -7815 -1185 -4414 END
START 104 3724 2416 -8888 -1845 -3618 END
START 44 3488 3048 -9885 -2515 -2656 END
START 316 3340 3728 -10871 -2650 -1932 END
START 300 3488 3812 -12017 -3376 -1443 END
START 208 3560 4304 -13257 -4434 -1389 END
START -116 3120 5148 -14095 -5314 -1156 END
START 84 2312 5648 -14970 -5841 -906 END
START 224 1368 6444 -16001 -5469 -590 END
START -236 160 7028 -17202 -4424 85 END
START -896 -464 7492 -18615 -4256 1086 END
START -1340 -1412 9368 -19947 -5306 2328 END
START -616 -1840 11716 -20715 -6183 3803 END
START 1412 -2184 13536 -21395 -5386 4613 END
START 1804 -2628 15452 -21853 -3712 4555 END
START 1480 -2940 17512 -21920 -3525 4121 END
START 2008 -3416 20396 -21543 -4376 4129 END
START 3032 -3860 23100 -20605 -4653 4271 END
START 3884 -4320 24940 -19841 -4565 4282 END
START 4008 -4464 27144 -18984 -4169 4385 END
START 4484 -4624 29708 -17801 -4167 5061 END
START 5664 -4460 32228 -16268 -3281 5689 END
START 6512 -4524 32767 -14593 -1476 5582 END
START 6716 -4480 32767 -12460 -316 4652 END
START 6420 -4592 32767 -9653 -637 3540 END
START 6748 -4784 32767 -6849 -1157 2894 END
START 7160 -4852 32767 -4374 -792 2606 END
START 7376 -4724 32767 -2388 206 2239 END
START 7364 -4936 32767 -173 967 1846 END
START 7256 -5008 32767 2119 1481 1351 END
START 7004 -5208 32767 4442 1892 839 END
START 6240 -5328 32767 6669 2232 342 END
START 5588 -5764 32767 8749 1926 135 END
START 5080 -5828 31168 10546 1654 9 END
START 4644 -5968 29688 11838 1972 58 END
START 4140 -5804 28364 13244 2257 107 END
START 3732 -5712 26376 14483 2069 80 END
START 3532 -5184 25096 15154 1595 127 END
START 3848 -4860 24284 15824 1522 268 END
START 4116 -4560 23248 16742 1665 337 END
START 4552 -4024 21936 17517 1372 339 END
START 4868 -3276 20980 17921 960 -26 END
START 5400 -2484 20068 18297 539 -380 END
START 5920 -1716 19076 18619 698 -818 END
START 6356 -1220 17928 18582 1038 -1416 END
START 6688 -288 17128 18392 1567 -2047 END
START 6708 364 16148 18219 2565 -2521 END
START 6528 780 15248 18186 3254 -3224 END
START 5972 1124 14060 18221 2956 -4025 END
START 5680 1524 12468 18105 1880 -4681 END
START 5584 1752 11460 17640 1059 -5293 END
START 5340 2052 10684 16999 940 -5813 END
START 5332 2156 9684 16308 1095 -5908 END
START 5724 2592 8624 15276 1599 -5880 END
START 5476 2672 7744 14357 1638 -6211 END
START 5380 3052 6656 13656 795 -6648 END
START 4900 3388 5960 12745 -4 -6935 END
START 4944 3680 4848 11418 614 -7074 END
START 4968 3920 4292 9721 1360 -6812 END
START 4952 4252 4008 8070 1622 -6653 END
START 4876 4372 3700 6762 1680 -6788 END
START 4604 4596 3140 5503 1621 -7021 END
START 3968 4504 2416 4018 1546 -7349 END
START 3436 4516 1916 2539 1486 -7445 END
START 2512 4420 1152 990 1245 -7404 END
START 1740 4276 480 -850 929 -6957 END
START 812 4332 280 -2762 156 -6266 END
START 240 4240 212 -4554 -631 -5368 END
START 44 4228 208 -6336 -1629 -4653 END
START 120 3856 252 -8118 -2964 -4379 END
START -100 3896 632 -9588 -4011 -4237 END
START -504 3316 1292 -10775 -5379 -3795 END
START -52 2724 1540 -12331 -6114 -3132 END
START -12 2152 2496 -14229 -6458 -2162 END
START 136 1912 3376 -15998 -6641 -1047 END
START 124 1468 4172 -17424 -6615 -162 END
START -148 1020 4768 -18836 -6739 511 END
START -196 420 5700 -20502 -7523 920 END
START 300 -196 8184 -21719 -8158 1766 END
START 1156 -636 10312 -22445 -7900 3024 END
START 1752 -1308 12776 -23335 -6473 4252 END
START 1832 -2020 14556 -24575 -5124 5460 END
START 1256 -2608 18368 -25592 -5660 6870 END