START 4116 4632 1456 -10431 878 6616 END
START 3384 5452 7520 -11048 -224 7050 END
START -416 5836 5864 -12928 1189 6716 END
START 4428 4044 -1684 -16138 1308 6318 END
START 3152 3204 -556 -18372 832 5895 END
START 2168 2428 176 -19324 -410 5602 END
START 1556 1684 712 -19201 -2130 5697 END
START 996 772 1344 -18820 -4001 5770 END
START 1276 -264 1176 -19207 -5517 6360 END
START 1916 -1052 2056 -21169 -6519 6815 END
START 3356 -1772 4656 -24146 -6520 7401 END
START 5032 -2700 7900 -26699 -4706 8159 END
START 5780 -2700 12052 -28140 -1811 8726 END
START 5952 -3192 14980 -27686 2346 8545 END
START 4552 -3068 16916 -26427 5055 8034 END
START 3732 -2920 18404 -25347 5233 7649 END
START 3572 -2820 20560 -24726 3476 7253 END
START 3848 -2024 23076 -24015 1316 6469 END
START 4212 -1116 25764 -22852 101 5070 END
START 4344 -556 28248 -21557 -24 2872 END
START 3956 -532 30716 -19853 61 714 END
START 2896 -1032 32664 -18001 5 -252 END
START 2156 -1832 32767 -15785 -136 -212 END
START 1884 -2540 32767 -14048 -186 664 END
START 2060 -2692 32767 -12827 328 1882 END
START 2736 -2984 32767 -11329 1513 2688 END
START 3136 -3580 32767 -8938 3024 2784 END
START 3124 -4124 32767 -5668 4017 2063 END
START 2516 -4884 32767 -2182 3148 1073 END
START 1972 -5152 32767 1230 512 286 END
START 1684 -5204 32767 4453 -1940 -90 END
START 1752 -5212 32767 7434 -3388 31 END
START 2268 -5352 32767 10093 -4487 605 END
START 2844 -4812 32767 12436 -4556 1082 END
START 3376 -4236 32767 14304 -3709 951 END
START 3524 -3804 31364 15588 -3417 756 END
START 3816 -3856 29448 17111 -3569 346 END
START 3904 -3684 27124 18522 -4177 -178 END
START 4232 -3428 25028 19663 -4973 -822 END
START 4404 -3136 23280 20674 -5573 -1405 END
START 4696 -2480 21504 21716 -5315 -2188 END
START 4852 -2480 19500 22375 -4417 -3082 END
START 4952 -2756 18180 21954 -2385 -3642 END
START 4712 -3236 17016 21117 164 -3637 END
START 4272 -2580 15660 20884 1457 -2864 END
START 4400 -1844 14104 20626 1136 -2135 END
START 5412 -1088 12624 20030 -324 -1927 END
START 6404 -500 11872 19832 -742 -2888 END
START 6920 296 11552 20181 1013 -5117 END
START 7320 644 9812 20623 3376 -8057 END
START 7360 1644 7960 20261 4223 -10621 END
START 6064 2476 6596 19824 3215 -12174 END
START 4732 3248 4484 19347 803 -12205 END
START 4036 3056 2200 17374 -1222 -11757 END
START 4356 3272 1456 14162 -2547 -11570 END
START 4640 4276 2616 11080 -907 -12453 END
START 4108 3664 2924 9508 -246 -12550 END
START 3688 3748 2600 8122 -810 -11925 END
START 3656 3848 1968 6833 -1327 -10978 END
START 3004 4308 964 4522 -1305 -10176 END
START 2164 4528 104 1809 -526 -8656 END
START 1376 4500 -748 -1156 372 -6697 END
START 712 4788 -844 -3947 1562 -5165 END
START 444 5472 -1004 -6042 2495 -4556 END
START -232 5340 -1244 -7734 1753 -4474 END
START -548 5240 -856 -8830 -437 -4483 END
START -312 5304 120 -9833 -2995 -4105 END
START 468 5484 1224 -10783 -4029 -3974 END
START 1276 5684 2380 -11934 -3797 -4105 END
START 1628 5292 3040 -13314 -3594 -4145 END
START 1908 4680 3500 -14644 -3331 -3781 END
START 2012 3764 3844 -16482 -2815 -3599 END
START 1152 3132 4608 -18377 -1906 -3806 END
START 616 1980 5848 -20166 -2528 -3432 END
START 1156 1348 8252 -21689 -4151 -2677 END
START 2560 880 10612 -21832 -3168 -2364 END
START 2872 136 11168 -21693 -1613 -2808 END
START 1144 -412 12136 -21324 -983 -3717 END
START -596 -1672 12692 -21024 -1567 -3877 END
START -1364 -2296 15500 -21594 -2352 -1869 END
START -848 -1948 19632 -22717 1117 191 END
START 4 -2152 23116 -23215 6410 1325 END
START -784 -2712 26204 -23529 9629 1558 END
START -1908 -3308 29264 -22707 10186 1070 END
START -3076 -4148 32240 -20566 7887 399 END
START -3564 -4892 32767 -17434 4425 -654 END
START -3608 -5244 32767 -13295 1442 -1364 END
START -3192 -4896 32767 -9471 780 -1563 END
START -3768 -4388 32767 -6503 1667 -1324 END
START -4228 -4108 32767 -3459 2181 -629 END
START -4260 -4072 32767 -1108 1186 566 END
START -3732 -3876 32767 663 41 1688 END
START -3128 -3896 32767 2349 -296 2464 END
START -2576 -3856 32767 4500 -836 3102 END
START -1972 -3932 32767 6667 -1688 3321 END
START -1256 -3772 32767 9039 -2175 3426 END
START -476 -3944 31640 11226 -2339 3624 END
START 220 -3768 29680 12885 -2573 3930 END
START 956 -3560 28008 13798 -3115 3943 END
START 1524 -3204 26952 15071 -3347 4033 END
START 2016 -2752 25808 16387 -2912 3927 END
START 2356 -2640 24260 17452 -2379 3428 END
START 2816 -2388 22556 18545 -2117 2591 END
START 3004 -2024 21120 19274 -2274 1467 END
START 3020 -1336 19572 19250 -2517 400 END
START 2656 -708 18380 19186 -3216 -489 END
START 2668 -256 17160 19337 -4620 -817 END
START 3456 648 16164 19099 -5960 -883 END
START 4572 1492 15688 18463 -5806 -1012 END
START 5544 2072 15040 17658 -4636 -1267 END
START 5984 2772 14052 16852 -3675 -1766 END
START 5732 3112 13016 16355 -3890 -2571 END
START 5620 3556 11904 16290 -4969 -3580 END
START 5784 3916 10600 16137 -5828 -4848 END
START 5676 4420 9616 15589 -6527 -6161 END
START 5868 4564 8288 14873 -5942 -7457 END
START 5348 4540 6800 13593 -4598 -8521 END
START 4448 4156 5808 11766 -3633 -8873 END
START 3796 3976 4880 10024 -3186 -8551 END
START 3492 3884 4188 8496 -2721 -8159 END
START 3476 3764 3300 6945 -2617 -7882 END
START 3456 3736 2668 5504 -2627 -7937 END
START 3292 3536 2076 4079 -2693 -8289 END
START 3100 3368 1392 2710 -2690 -8580 END
START 2680 3220 836 1175 -2531 -8681 END
START 2428 3040 380 -501 -2155 -8630 END
START 2048 2688 -220 -2329 -1769 -8353 END
START 1644 2316 -280 -4116 -1473 -7928 END
START 1580 1904 -284 -5660 -803 -7150 END
START 1748 1476 -328 -7132 -348 -6415 END
START 2396 584 -472 -8658 -438 -5940 END
START 2768 464 -60 -10504 -377 -5871 END
START 2868 224 716 -11834 637 -6031 END
START 2196 424 552 -13092 1806 -6183 END
START 1344 508 588 -14896 1645 -6320 END
START 844 440 1580 -16605 873 -6414 END
START 260 324 2968 -17670 540 -6184 END
START -40 -248 3896 -18781 299 -5520 END
START -236 -212 6008 -20401 713 -4712 END
START -608 -448 8916 -22017 1821 -3816 END
START -948 -508 12220 -23077 2785 -3180 END
START -2084 -84 17116 -23659 4022 -2753 END
START -3172 116 21584 -23156 5760 -2532 END
START -4980 40 25944 -21757 7070 -2116 END
START -6080 -364 30096 -19883 7176 -1321 END
START -6864 -1568 32767 -16519 5986 -348 END