START -2900 6892 14548 -6992 -2275 5413 END
START 5828 4636 1148 -7895 -847 5912 END
START 2640 5496 3068 -9290 -403 6747 END
START 4724 5052 3624 -10437 494 6602 END
START 4840 5440 4524 -10644 1779 4949 END
START 4564 4756 4732 -10590 1927 2817 END
START 3364 4564 4372 -10593 162 1876 END
START 2872 4812 3984 -11257 -2420 2276 END
START 2748 4636 4320 -13025 -3221 3248 END
START 2848 4444 5544 -14957 -3368 4612 END
START 3248 3600 6968 -16362 -2841 6094 END
START 3576 2832 8028 -17096 -2232 6839 END
START 4012 1684 8564 -17366 -1188 6683 END
START 3496 1208 9316 -17411 -838 6024 END
START 3040 692 10084 -17756 -1545 5639 END
START 2984 296 11244 -18535 -2563 5793 END
START 3164 -168 12368 -19276 -2736 6395 END
START 3636 -792 13124 -19949 -1900 6956 END
START 3780 -1364 14332 -20727 -1423 6835 END
START 3176 -1608 15620 -20841 -1715 6215 END
START 2924 -2300 16840 -20389 -2287 5804 END
START 2700 -3096 17796 -20027 -3199 6025 END
START 2932 -3648 18984 -19843 -3742 6902 END
START 3968 -4156 20900 -20285 -2925 8042 END
START 4832 -4452 23032 -20474 -554 8688 END
START 5348 -4716 24952 -19770 1681 8483 END
START 5388 -4752 27068 -18492 2164 7547 END
START 5812 -4840 29916 -16318 1152 6616 END
START 6496 -5120 32220 -13623 241 5664 END
START 6788 -5504 32767 -11086 277 4349 END
START 6132 -5684 32767 -8849 514 3340 END
START 5868 -5892 32767 -6154 326 2895 END
START 6100 -5648 32767 -3368 267 2703 END
START 6612 -5176 32767 -1185 747 2600 END
START 6668 -4692 32767 452 1411 2844 END
START 7108 -4488 32767 2110 2158 3047 END
START 7252 -4104 32767 3823 2012 2674 END
START 7548 -3716 32767 5538 1223 1680 END
START 7472 -3448 32767 7523 712 185 END
START 7008 -3412 32344 9534 114 -1060 END
START 6448 -3412 30784 11456 -559 -2058 END
START 5780 -3456 29408 13195 -1190 -2523 END
START 5496 -3576 28228 14467 -1062 -2591 END
START 5352 -3404 27040 15493 53 -2474 END
START 5072 -3308 25828 16146 1069 -2374 END
START 4924 -3384 24288 16559 1192 -2574 END
START 4756 -3204 23364 17178 553 -3173 END
START 4676 -3056 22660 18305 461 -3673 END
START 4936 -2800 21756 19314 906 -4391 END
START 5348 -2976 20684 19905 1356 -5350 END
START 5080 -2864 19364 20597 880 -5990 END
START 4936 -2208 17852 20967 -69 -5862 END
START 5016 -1448 16560 20798 -429 -5807 END
START 5088 -788 15220 20574 308 -5753 END
START 5428 -124 14460 20138 1251 -5925 END
START 5484 420 13136 19876 2142 -6629 END
START 5280 664 12376 19586 2875 -7516 END
START 4760 852 10980 19245 3119 -8051 END
START 4412 1428 9612 18483 2720 -7934 END
START 3964 1496 8696 17025 2450 -7360 END
START 3928 1632 7820 15439 2467 -6694 END
START 4064 1904 7340 13870 2769 -5906 END
START 4460 2660 6968 12437 3640 -5574 END
START 4080 2636 6132 11332 4763 -6140 END
START 3536 2736 4932 10298 4071 -6968 END
START 2828 2776 4156 9436 2375 -7175 END
START 2740 3320 3544 8497 562 -6489 END
START 2996 3600 2644 7137 -589 -5818 END
START 3412 4020 2140 4979 -1227 -5392 END
START 3520 4368 1996 2629 -786 -5266 END
START 3400 4888 1936 716 767 -5182 END
START 2868 4752 1680 -808 2032 -5241 END
START 2280 4176 1440 -2475 2558 -5502 END
START 1564 3828 1504 -4173 1450 -5462 END
START 772 3700 1924 -5677 -428 -5146 END
START 148 3676 2760 -6982 -2071 -4716 END
START -520 3836 3488 -8115 -3154 -3952 END
START -456 3908 3788 -9010 -3785 -2883 END
START -440 3684 3884 -10387 -3926 -2237 END
START -388 3244 3920 -12044 -4206 -2049 END
START -528 3232 4408 -13469 -5251 -1881 END
START -400 3248 5328 -14737 -6332 -1534 END
START 188 2800 6176 -15911 -7221 -962 END
START 756 2336 7412 -17015 -7908 -460 END
START 1576 1892 8776 -18102 -7991 -336 END
START 2008 972 9848 -19050 -6946 -501 END
START 2180 -24 10712 -19954 -5499 -496 END
START 1484 -960 11816 -20884 -4685 -128 END
START 952 -1348 13440 -21339 -4538 486 END
START 1116 -1932 14996 -21213 -4535 1057 END
START 1020 -2476 16848 -21036 -4171 1516 END
START 1852 -3248 18200 -21029 -3829 2177 END
START 2064 -3320 19904 -21251 -2934 2461 END
START 2216 -3288 21800 -21414 -1102 2459 END
START 1892 -3352 24080 -21301 402 2493 END
START 2216 -3580 26864 -20594 1010 2739 END
START 2776 -3560 29120 -19069 1344 2795 END
START 2800 -3400 31732 -17055 1251 2368 END
START 3228 -3320 32767 -14696 618 2008 END
START 3660 -3340 32767 -12082 391 1533 END
START 3984 -3384 32767 -9558 1230 1066 END
START 3648 -3372 32767 -7103 2489 931 END
START 3048 -3900 32767 -4734 3452 1013 END
START 2464 -4104 32767 -2171 3866 1413 END
START 2312 -4428 32767 159 3367 1716 END
START 2380 -4496 32767 2593 2298 1747 END
START 2580 -4292 32767 5442 1444 1437 END
START 2572 -4180 32767 8358 421 760 END
START 2044 -3760 32767 10823 -532 289 END
START 1508 -3532 31144 12869 -1943 247 END
START 1860 -3372 29832 14337 -3280 642 END
START 3272 -4000 29012 15485 -3435 1192 END
START 4444 -4192 28456 16243 -1943 1178 END
START 4796 -4540 27432 16617 -1465 531 END
START 4548 -4552 26592 17750 -2475 -319 END
START 4504 -4088 25392 19701 -3486 -1056 END
START 4828 -3916 23940 21199 -3634 -1518 END
START 6144 -3376 22060 21754 -3101 -1501 END
START 7140 -2716 20228 21601 -2313 -1921 END
START 7552 -1672 19084 21333 -1482 -2891 END
START 7596 -904 17572 21600 -327 -3997 END
START 7356 -608 15848 21570 345 -5128 END
START 7084 -452 14332 21182 254 -5846 END
START 7136 -8 13768 20666 -50 -6244 END
START 7520 656 12900 20137 474 -6671 END
START 7608 760 11988 19336 1238 -7436 END
START 7152 1328 10708 18631 1934 -8172 END
START 6996 1248 9648 17912 2168 -9002 END
START 6796 1616 8724 16873 2500 -9677 END
START 6216 1860 8176 15828 2595 -10310 END
START 5708 2068 7152 14889 2707 -10465 END
START 5164 2452 5888 13740 2958 -10520 END
START 4528 2708 4660 12272 2803 -10513 END
START 3784 3192 3848 10583 2531 -10552 END
START 3264 3320 3096 8985 2023 -10651 END
START 2652 3564 2416 7476 1339 -10722 END
START 2204 3684 2064 6380 429 -11032 END
START 1600 3976 1388 5432 -248 -11077 END
START 924 4404 748 3989 -1283 -10876 END
START 444 4612 144 2028 -2784 -10753 END
START 76 4968 -252 -63 -4136 -10414 END
START -88 5068 -208 -1791 -4435 -9776 END
START -188 5360 -100 -3930 -4289 -9240 END
START 36 5212 -84 -6596 -3970 -8826 END
START -388 4772 584 -8718 -3924 -8446 END
START -792 4704 1668 -9939 -3398 -7480 END
START -764 4276 2096 -11106 -2878 -6224 END
START -776 4060 2804 -12630 -3189 -5203 END
START -600 3888 4192 -13873 -3817 -4388 END
START -68 3504 5460 -14611 -3892 -3827 END
START 264 2892 6104 -15630 -4017 -3672 END
START 580 2368 7168 -16640 -4291 -3834 END
START 704 1504 8612 -17193 -4084 -3839 END
START 596 860 9664 -17555 -3530 -3690 END
START 208 316 10860 -17885 -2627 -3336 END
START -32 -348 11768 -18124 -1346 -2809 END
START -464 -916 13360 -18094 -119 -2270 END
START 16 -2392 14204 -18107 307 -2178 END
START 472 -3660 15796 -18170 -321 -3157 END
START -176 -4456 17960 -17024 -1317 -4365 END
START -1148 -4108 20276 -15427 -2675 -4577 END
START -1700 -2688 21780 -14102 -3715 -3760 END
START -1240 -1916 23620 -13664 -3150 -2463 END
START -908 -1392 25120 -14075 -663 -979 END
START -780 -1080 26920 -14753 1707 622 END
START -1116 -720 29608 -15008 2731 1790 END