START 1884 -4584 28300 -18233 -946 2986 END
START 1932 -5068 30512 -16964 -1785 3515 END
START 2100 -5752 32767 -15187 -1576 4129 END
START 2360 -6524 32767 -13243 -765 4388 END
START 2708 -7016 32767 -10928 71 4273 END
START 2788 -7340 32767 -7945 -20 3969 END
START 2916 -7180 32767 -4877 -564 3477 END
START 2824 -6664 32767 -1739 -873 2916 END
START 3072 -6584 32767 934 -652 2521 END
START 3204 -6600 32767 3325 170 2225 END
START 3124 -6644 32767 5751 887 2060 END
START 3640 -6584 32767 8153 979 1727 END
START 3492 -6184 32767 10394 1010 1117 END
START 3252 -5964 32292 12732 1009 524 END
START 3072 -6100 30056 14508 387 -4 END
START 2672 -5748 28608 15963 -520 -349 END
START 2936 -5436 26908 17611 -1382 -498 END
START 3556 -5112 25572 18852 -1674 -616 END
START 3812 -4596 23996 19638 -931 -728 END
START 3936 -3932 22736 20155 77 -1102 END
START 4104 -3396 21552 20763 461 -1494 END
START 4208 -3220 20084 21602 1030 -2109 END
START 4532 -3384 18492 22078 1861 -2811 END
START 4268 -3024 17392 22290 2168 -3314 END
START 4328 -2412 16496 22450 2120 -3448 END
START 4560 -2028 15352 22574 2096 -3605 END
START 4860 -1540 14188 22237 2346 -3617 END
START 5336 -1024 13004 21736 2826 -4070 END
START 5556 -504 12048 21023 2996 -5104 END
START 5268 -136 10764 20676 2164 -5964 END
START 5136 860 9500 20290 794 -6311 END
START 5440 1616 8052 19405 596 -6658 END
START 5364 2364 6352 17741 916 -7111 END
START 5120 2708 5328 15636 887 -7516 END
START 4824 3256 4500 13835 512 -7805 END
START 4692 3624 3608 12132 -447 -7983 END
START 4732 4264 2924 10511 -1426 -8128 END
START 4624 4556 2184 8664 -1909 -8301 END
START 4456 4936 1684 6555 -1853 -8439 END
START 4228 5004 984 4347 -1370 -8774 END
START 3184 5036 816 2234 -1096 -9063 END
START 2492 4488 900 621 -1329 -8716 END
START 1588 4320 852 -952 -1993 -7796 END
START 1224 4000 764 -2869 -2415 -6571 END
START 972 3968 888 -5123 -2638 -5446 END
START 516 4032 1380 -6841 -2773 -4847 END
START 268 4280 1952 -7905 -3538 -4378 END
START 172 4236 2496 -8690 -4638 -4083 END
START 316 4056 2944 -9744 -5436 -3721 END
START 212 3756 3172 -11286 -5674 -3186 END
START 96 3096 3544 -12778 -5876 -2519 END
START 56 2812 4032 -14259 -5844 -2119 END
START -340 2436 4796 -15744 -6379 -1709 END
START -264 1896 6480 -17124 -7311 -1053 END
START 0 1076 8312 -17912 -7230 -31 END
START 132 628 9168 -18731 -6817 1000 END
START 384 392 10672 -19647 -5887 1648 END
START 588 -56 12088 -20274 -4888 2125 END
START 452 -904 14208 -20618 -4161 2525 END
START 300 -1724 16520 -20516 -3703 3348 END
START 684 -2448 17564 -20413 -3410 4150 END
START 728 -2608 19380 -21120 -3265 4741 END
START 1032 -2792 21960 -21310 -3267 5243 END
START 1852 -2936 25200 -20737 -3583 5750 END
START 3136 -3180 28028 -19277 -3053 5858 END
START 4320 -3304 30624 -18080 -2191 5328 END
START 4508 -3656 32767 -16265 -1434 4572 END
START 4944 -4052 32767 -13563 -1065 4153 END
START 5292 -4300 32767 -10688 -420 3819 END
START 5488 -4760 32767 -7807 551 3492 END
START 5468 -5012 32767 -5144 1302 3462 END
START 5660 -5372 32767 -2417 2058 3383 END
START 5656 -5804 32767 680 2753 3055 END
START 5292 -5752 32767 3918 3205 2523 END
START 4952 -5828 32767 7395 3470 1821 END
START 4588 -5828 32767 10504 3583 1296 END
START 3976 -5772 32767 12676 3018 971 END
START 3552 -5548 31020 13934 2159 546 END
START 3324 -5140 29132 15308 1554 148 END
START 2928 -4652 27280 16695 1003 -30 END
START 2896 -4100 25332 17940 589 -155 END
START 3392 -3592 23524 18627 299 -222 END
START 3868 -3220 22052 19145 605 -319 END
START 4092 -2704 20664 19569 1166 -341 END
START 4308 -2060 19056 19591 1625 -310 END
START 5168 -1244 17776 19453 2027 -693 END
START 5588 -796 16948 19478 1979 -1481 END
START 5968 -288 15768 19799 1898 -2417 END
START 5760 196 14216 19970 1943 -3533 END
START 5688 1092 12800 19886 1446 -4509 END
START 5428 1568 11800 19888 692 -5249 END
START 5584 2012 10668 19463 366 -5407 END
START 5740 2492 9756 18391 958 -5373 END
START 6020 2636 8460 16770 2031 -5391 END
START 5856 3352 7692 14650 2624 -5565 END
START 5380 3856 7280 13303 3008 -5961 END
START 5076 4056 6524 12560 2876 -6369 END
START 4744 4104 5856 11598 2306 -6748 END
START 4624 4428 5172 10454 1610 -7005 END
START 4580 4484 4296 9015 1472 -7192 END
START 4620 4476 3792 7341 1461 -7325 END
START 4312 4456 3232 5810 1598 -7520 END
START 4044 4576 2648 4470 1514 -7801 END
START 3980 4572 1932 3014 1291 -8361 END
START 3480 4672 1040 1585 911 -9108 END
START 2732 4788 512 43 99 -9643 END
START 2092 4964 20 -1363 -619 -9906 END
START 1236 4880 -272 -3170 -1580 -9799 END
START 500 4624 -380 -5121 -2857 -9151 END
START 116 4292 -528 -6971 -3973 -8150 END
START 60 3720 -316 -9106 -4607 -6960 END
START 504 3200 412 -11612 -4347 -5980 END
START 656 2232 1048 -13824 -3434 -5117 END
START 308 1720 2136 -15890 -3630 -4389 END
START 48 944 3560 -17323 -4183 -3825 END
START -32 388 4588 -18341 -4251 -3078 END
START 48 -572 5172 -19739 -3996 -2264 END
START -104 -1324 6236 -21476 -3222 -1672 END
START -780 -1852 8056 -23317 -2844 -443 END
START -1024 -2280 10584 -25026 -2900 1630 END
START -1076 -2904 12936 -26938 -3145 4529 END