START -572 3864 8592 -8632 -3943 3022 END
START 5116 2488 304 -9040 -4591 3385 END
START 3548 3316 2220 -9749 -3799 3701 END
START 3516 3568 3316 -10646 -2772 4074 END
START 3868 3692 4076 -11671 -2408 3840 END
START 4044 3768 4936 -12906 -3021 3659 END
START 4176 3624 5704 -14034 -4560 3707 END
START 4604 3884 6448 -15231 -5452 4053 END
START 4960 3536 7604 -16586 -4697 4072 END
START 5084 3036 8612 -17709 -2881 3560 END
START 4588 2060 9972 -18499 -820 2544 END
START 3776 1132 11156 -18862 36 1557 END
START 3016 -108 12220 -19004 -456 1151 END
START 2340 -988 13316 -19161 -1730 1436 END
START 2324 -1672 14960 -19681 -2180 2066 END
START 2164 -2052 16384 -20353 -1335 2384 END
START 1504 -2420 18628 -20895 -336 2654 END
START 1208 -2904 21292 -20899 394 2921 END
START 1272 -3836 24016 -20147 881 3048 END
START 1164 -4624 26116 -18712 826 3014 END
START 648 -5152 27800 -16771 763 2797 END
START 400 -5076 29432 -14849 1095 2738 END
START 524 -5048 30160 -13083 1673 3135 END
START 700 -4568 31356 -12012 2389 3387 END
START 792 -3932 32767 -10709 3066 3382 END
START 812 -3628 32767 -8569 3151 3077 END
START 884 -3904 32767 -6340 2046 2709 END
START 1036 -4004 32767 -4353 745 2336 END
START 1016 -3892 32767 -2569 18 2136 END
START 1184 -4040 32767 -753 -60 2147 END
START 1144 -4264 32767 1183 359 2197 END
START 996 -4812 32767 3314 517 2183 END
START 720 -5088 32767 5309 71 2076 END
START 316 -5104 32767 7045 -704 2054 END
START 364 -5332 32488 8861 -1542 1993 END
START 632 -5620 31636 10735 -2147 2048 END
START 1168 -5640 30860 12398 -2231 2250 END
START 1808 -5556 29284 14063 -1784 2148 END
START 2200 -5148 27500 15790 -1225 1734 END
START 2224 -4776 25608 17305 -765 1054 END
START 2148 -4124 23848 18299 -695 468 END
START 2136 -3712 21976 19037 -600 106 END
START 2276 -3196 20388 19592 -634 -33 END
START 2880 -2664 19072 19731 -713 -55 END
START 3524 -1796 18068 19918 -224 -388 END
START 3928 -1388 17116 20355 301 -1045 END
START 3860 -456 15108 20687 686 -1764 END
START 3692 -32 13492 20305 621 -2484 END
START 3484 600 12560 19477 -28 -2874 END
START 3660 1180 12380 18841 -528 -3373 END
START 4064 1536 12144 18402 -615 -3789 END
START 4372 1932 11816 17817 -568 -3918 END
START 4416 2556 10608 17088 -657 -4000 END
START 3964 3356 9116 15982 -849 -4054 END
START 3708 3500 7584 14563 -1346 -4062 END
START 3764 3684 6544 12785 -1905 -3787 END
START 4032 3780 5932 11190 -1485 -3602 END
START 4548 3816 5084 9555 -1142 -3494 END
START 4948 3988 4496 8167 -867 -3889 END
START 4972 4284 3956 7063 -677 -4566 END
START 4672 4656 3296 5755 -1154 -5318 END
START 4060 5020 3084 4258 -1569 -5954 END
START 3692 4984 2740 2970 -1877 -6052 END
START 3424 4908 2368 1456 -2202 -5770 END
START 3372 5008 2364 -256 -2142 -5475 END
START 3324 5020 2356 -2155 -1354 -5194 END
START 2840 4924 2272 -3806 -272 -5194 END
START 2052 4596 2476 -4987 -382 -5355 END
START 1344 4244 1880 -6233 -1669 -5423 END
START 832 4036 2328 -7670 -2645 -5216 END
START 416 3448 2576 -8860 -3115 -4586 END
START 380 2908 2496 -10214 -3409 -3790 END
START -64 2504 2604 -11925 -3527 -3225 END
START -544 2328 3012 -13243 -3676 -2766 END
START -1048 2128 3580 -14381 -4337 -2156 END
START -1020 1536 4356 -15864 -5342 -1316 END
START -220 992 6068 -17381 -5740 -76 END
START 724 632 7644 -18765 -5132 803 END
START 1364 324 9600 -20057 -4399 977 END
START 1500 -80 11236 -20862 -3641 785 END
START 1480 -496 13484 -21255 -3567 1013 END
START 2028 -828 15800 -20980 -3423 1452 END
START 2496 -1004 17956 -20984 -2663 1722 END
START 2084 -1380 19832 -20769 -1629 1810 END
START 872 -1720 21828 -20421 -903 1738 END
START -268 -2152 24152 -19894 -825 2403 END
START -424 -2596 26324 -19380 -1145 3810 END
START 1016 -3460 29244 -19028 -1109 4973 END
START 2232 -4172 32460 -18017 411 5036 END
START 2232 -4900 32767 -16111 1915 4303 END
START 1892 -5656 32767 -13844 1656 3574 END
START 1700 -6176 32767 -10651 20 2840 END
START 1812 -6596 32767 -7022 -1544 2173 END
START 2128 -6800 32767 -3435 -2213 1418 END
START 2000 -7104 32767 -38 -1960 900 END
START 1672 -7160 32767 3070 -1297 952 END
START 1440 -7312 32767 6141 -197 1422 END
START 1368 -7068 32767 8874 894 1961 END
START 1256 -6776 32767 11017 1303 2209 END
START 1024 -6520 32767 13120 1234 2220 END
START 1184 -5964 30172 15192 691 2119 END
START 924 -5276 27656 16620 355 1934 END
START 1064 -4972 25712 17427 -339 2187 END
START 1808 -4224 23932 18033 -1082 2535 END
START 2628 -3680 22564 18435 -963 2617 END
START 3504 -2960 21452 18926 -308 2467 END
START 4100 -2148 20520 19424 401 2078 END
START 4664 -1604 19756 19950 701 1409 END
START 5152 -1020 18536 20387 810 570 END
START 5992 -368 17020 20344 347 -333 END
START 6192 576 15864 20085 1 -1295 END
START 6668 1044 15112 19784 18 -2018 END
START 6920 1592 13992 19669 605 -2838 END
START 7096 1712 13136 19527 1262 -3796 END
START 7044 2140 11676 19051 1596 -4721 END
START 7244 2396 10616 18316 1808 -5411 END
START 6656 2696 9372 17724 1875 -6017 END
START 6444 2924 7812 16802 1512 -6892 END
START 6044 2896 6356 15456 955 -7829 END
START 5668 3112 5512 13658 443 -8383 END
START 4984 3076 5016 12125 672 -8457 END
START 4604 2948 3828 10540 981 -7926 END
START 4344 3072 3296 8507 656 -7322 END
START 4320 3412 2844 6885 510 -7298 END
START 4168 3380 2368 5660 207 -7603 END
START 3948 3508 1816 4064 -447 -8165 END
START 3632 3452 1500 2413 -996 -8722 END
START 2964 3240 1124 1075 -1299 -8959 END
START 2300 3304 412 -567 -1831 -8779 END
START 1628 3200 -108 -2546 -2308 -8384 END
START 1088 3228 -312 -4695 -2713 -7535 END
START 740 3088 -828 -6977 -3766 -6586 END
START 1084 2808 -780 -9197 -5048 -6037 END
START 1792 1892 -676 -11178 -6796 -6096 END
START 2220 484 -328 -13276 -9036 -7287 END
START 2148 -348 596 -13628 -10604 -8695 END
START 1284 -1132 560 -13602 -10690 -9097 END
START -400 -468 560 -15372 -8759 -8021 END
START -2200 -608 1188 -17596 -6405 -5825 END
START -3120 -1188 2888 -19864 -5309 -2753 END
START -3020 -1940 5224 -21741 -5373 593 END
START -2332 -2376 8048 -23028 -5866 3563 END
START -1300 -2752 11792 -23909 -6126 6433 END
START 656 -2720 16800 -23873 -4635 8564 END
START 2140 -2496 21492 -22854 -1437 8849 END