START 3624 2668 5196 -16994 2826 7200 END
START 8548 3072 -6728 -17161 1474 7528 END
START 3716 3404 7260 -17578 1365 7644 END
START 4296 2412 6716 -18367 1534 8004 END
START 3956 2108 7472 -19740 2667 8426 END
START 3380 1428 8704 -21174 4949 8728 END
START 3180 584 9184 -22153 7184 9110 END
START 2464 152 10472 -22660 6113 9328 END
START 2668 172 12052 -22194 3290 9358 END
START 3356 600 12936 -20683 678 9197 END
START 4032 532 13044 -19509 -273 8667 END
START 4268 192 13564 -19463 -198 8050 END
START 4588 -372 14460 -20199 -66 7555 END
START 4684 -860 15676 -20308 341 7756 END
START 4944 -1644 16612 -20042 1229 8638 END
START 5240 -2156 16896 -20244 1997 9674 END
START 5084 -2712 17540 -20689 2908 10294 END
START 4804 -3056 18700 -20783 3195 10424 END
START 5100 -3792 20536 -20203 3053 9804 END
START 5424 -4708 22292 -18974 2532 8838 END
START 5908 -5264 23708 -17322 1705 7787 END
START 6016 -5444 24188 -15983 1321 6625 END
START 5680 -5964 25248 -15311 850 5766 END
START 5628 -6564 26440 -14356 699 5614 END
START 5884 -7404 27672 -13460 1048 5807 END
START 6356 -7688 29308 -12582 2423 6229 END
START 6640 -7752 31100 -11343 4826 6317 END
START 6604 -7928 32112 -9485 7050 5940 END
START 6140 -8340 32767 -7201 7436 5600 END
START 6064 -8652 32767 -4319 6293 5177 END
START 5756 -8392 32767 -1915 3865 4391 END
START 6084 -8144 32767 275 1682 3200 END
START 6252 -8232 32767 2597 387 1651 END
START 5780 -8012 32767 5105 -191 393 END
START 5360 -7564 32767 7513 -292 -198 END
START 5048 -7124 32472 9503 270 -231 END
START 4712 -6832 31524 11437 927 74 END
START 4764 -6260 30172 13042 1084 481 END
START 5112 -5844 28556 14326 464 271 END
START 5568 -5388 27544 14889 -871 -664 END
START 5952 -4876 26904 15647 -1903 -2042 END
START 6020 -4812 26624 16845 -2546 -3373 END
START 6248 -4428 25848 18292 -1922 -4272 END
START 6348 -4204 24720 19442 -380 -4761 END
START 6028 -3964 23408 20327 1456 -5090 END
START 5264 -4060 22204 21230 2578 -5158 END
START 4852 -3908 20756 22186 2117 -4593 END
START 4860 -3680 19472 22002 730 -4495 END
START 4860 -3040 18432 21132 -399 -4898 END
START 4512 -2372 18188 20391 -1336 -5339 END
START 4140 -1808 17924 20881 -2076 -5701 END
START 4776 -1524 17300 21837 -2582 -5995 END
START 5124 -1008 15912 22798 -2258 -6340 END
START 5228 -620 14784 23049 -1120 -6647 END
START 5108 -232 13076 22771 170 -6795 END
START 5132 -440 10880 21626 777 -6987 END
START 4760 756 8732 19490 -357 -7652 END
START 4924 1580 8012 17196 -1385 -8818 END
START 5124 2388 7932 15430 -1507 -9953 END
START 5136 3096 7204 14561 -611 -10726 END
START 4792 3376 4988 14102 332 -11242 END
START 3180 3756 4732 12902 395 -11645 END
START 2604 3684 3388 11743 27 -11247 END
START 2280 3724 2684 10029 -257 -10412 END
START 1972 3884 1864 7650 -785 -9643 END
START 1780 3608 1592 5028 -1668 -8970 END
START 1384 3900 1968 3076 -2250 -7972 END
START 1200 3708 2064 1673 -2257 -6990 END
START 800 3836 1712 182 -1732 -6079 END
START 504 3548 1284 -1482 -1646 -5414 END
START 96 3632 1356 -2974 -2326 -4725 END
START -60 3792 1668 -4327 -3399 -4083 END
START -292 4020 2152 -5813 -4327 -3218 END
START -468 4276 2716 -7058 -5050 -2002 END
START -336 4448 3084 -8407 -5671 -779 END
START 432 4420 3996 -9896 -5866 128 END
START 1056 4400 4180 -11510 -5972 547 END
START 1732 4660 5452 -13078 -5885 508 END
START 2152 4620 6220 -14186 -5712 555 END
START 2408 4104 7068 -14942 -5551 647 END
START 2700 3620 7492 -15649 -5387 1088 END
START 3172 3100 7748 -16843 -5493 1593 END
START 3744 3028 8724 -18100 -5049 1434 END
START 3732 2368 9968 -18833 -4633 1030 END
START 3396 1516 10364 -18990 -4105 1066 END
START 2728 768 10388 -19123 -3487 1397 END
START 1592 252 10232 -19479 -3048 1723 END
START 1020 -536 10332 -20330 -3087 2155 END
START 1352 -1080 11912 -21379 -3395 3379 END
START 2524 -1892 13316 -22505 -2706 4496 END
START 2628 -2196 14996 -23514 -603 4846 END
START 2020 -3108 16420 -24498 519 4314 END
START 1500 -4316 19068 -24964 -653 4272 END
START 1904 -5452 22268 -24213 -2950 4924 END
START 3076 -6308 25444 -23280 -3889 5769 END
START 4732 -7168 29380 -21942 -2828 5859 END
START 5504 -7964 32767 -20060 -1381 5340 END
START 5872 -8652 32767 -17140 -398 4879 END
START 6308 -9004 32767 -13501 438 4545 END
START 6528 -9004 32767 -9787 951 4196 END
START 6760 -9020 32767 -6518 816 3793 END
START 7428 -8668 32767 -3228 616 3606 END
START 7904 -8232 32767 77 1410 3269 END
START 8096 -7724 32767 2820 2750 2760 END
START 8112 -7544 32767 5448 3768 2201 END
START 7780 -7416 32767 7767 3593 1609 END
START 7888 -6944 32767 10170 2810 948 END
START 7764 -6664 32767 12266 2322 60 END
START 7560 -6468 32208 14183 2294 -947 END
START 7176 -6328 30440 16107 2154 -1700 END
START 6908 -6124 28760 17899 2265 -2219 END
START 6788 -6116 27220 19122 2598 -2732 END
START 6688 -6028 25640 20088 2980 -3233 END
START 6084 -5916 24056 20975 3004 -3723 END
START 5648 -5588 22436 21851 2573 -4002 END
START 5336 -5220 21264 22434 2161 -4112 END
START 5544 -4860 20500 22777 1981 -4218 END
START 5792 -4232 19508 23211 2694 -4526 END
START 5724 -3340 17936 23875 3429 -5370 END
START 5552 -2156 15684 24168 2653 -6430 END
START 5104 -1532 13140 24062 1348 -7530 END
START 4684 -692 11444 23465 -590 -7604 END
START 5108 136 10444 22049 -1699 -7255 END
START 5304 1236 9856 20384 -1247 -6771 END
START 6304 1984 8584 18665 325 -6636 END
START 6252 2776 7872 17220 1985 -7164 END
START 6080 2828 6524 16179 2880 -8282 END
START 5424 3124 5540 15185 1952 -9108 END
START 4892 2920 4364 14361 191 -9944 END
START 4244 3376 3472 13612 -1486 -10269 END
START 3760 3884 2692 12219 -2616 -10163 END
START 3516 4156 1868 10323 -2212 -9909 END
START 3124 4464 1176 8231 -843 -9509 END
START 2884 4420 504 6152 633 -9113 END
START 2160 4612 -252 4283 1510 -8839 END
START 1316 4272 -1000 2274 818 -8641 END
START 812 4652 -1276 450 -1281 -8254 END
START 756 4612 -924 -1258 -3982 -8030 END
START 872 4804 -732 -3093 -5794 -7810 END
START 976 4800 -256 -4752 -5997 -7406 END
START 800 4292 -64 -6467 -4951 -6769 END
START 872 3720 -200 -8435 -4216 -5795 END
START 1292 3228 112 -10660 -4095 -4814 END
START 1844 2488 140 -12962 -4138 -4133 END
START 1844 1756 948 -14939 -4041 -4172 END
START 568 860 1052 -15723 -4494 -4222 END
START -816 416 784 -16192 -5229 -3733 END
START -2024 -60 536 -17190 -6213 -2558 END
START -2308 -756 1008 -19629 -7991 -601 END
START -1684 -1704 2776 -22823 -8820 2093 END
START -1180 -2636 5640 -25596 -8938 5316 END
START -736 -2720 8304 -27225 -8754 8800 END
START 1472 -4452 13084 -27677 -8647 11070 END
START 3468 -3620 19144 -26378 -7108 11091 END