START -1616 6548 8172 -494 -2152 -27 END
START 2624 5012 1056 -1028 -1931 550 END
START -108 5388 3920 -2143 -1847 1459 END
START 904 4852 2088 -4471 -1551 3046 END
START 1184 5088 2120 -6902 -2285 4487 END
START 1680 5152 2316 -8698 -2677 5556 END
START 1992 4788 2540 -9948 -2719 6146 END
START 2508 4568 2772 -11223 -2353 6323 END
START 2420 4656 3008 -12463 -2141 6394 END
START 2132 4524 3268 -13440 -2097 6406 END
START 1900 4304 3568 -14558 -2214 6291 END
START 2144 3956 3952 -16134 -2890 6150 END
START 2628 2740 5284 -17856 -3790 6131 END
START 3116 1936 6984 -19160 -4323 6444 END
START 3248 2008 8148 -20301 -3941 6898 END
START 3136 1584 9120 -21123 -2828 7067 END
START 2960 1072 9496 -21826 -1724 6816 END
START 2520 196 10480 -22606 -2067 6579 END
START 2616 -496 11744 -23259 -3755 6827 END
START 3416 -1288 13468 -23826 -4859 7105 END
START 3764 -1820 14988 -23938 -4726 7072 END
START 3868 -2552 16532 -23755 -3817 6463 END
START 3500 -3344 18000 -23529 -2989 5970 END
START 3108 -3984 19040 -23002 -3053 5941 END
START 3252 -4860 20036 -22321 -3733 6091 END
START 3836 -5396 20892 -21746 -4439 6235 END
START 4148 -6048 21952 -20804 -4238 5776 END
START 3752 -6748 23884 -20107 -3517 4937 END
START 3764 -7036 26376 -19178 -3893 4726 END
START 4460 -7100 29144 -17456 -4497 5088 END
START 5384 -6652 31244 -15353 -3849 5232 END
START 6236 -5980 32648 -13208 -2347 4843 END
START 6996 -5528 32767 -11177 -630 4127 END
START 7324 -5412 32767 -9182 1002 3228 END
START 7192 -5588 32767 -6931 2155 2450 END
START 6976 -5884 32767 -4462 3015 1987 END
START 6588 -5696 32767 -2148 3359 1696 END
START 6608 -5296 32767 347 3381 1454 END
START 6620 -4864 32767 2880 3414 847 END
START 6552 -4816 32767 5096 3221 -59 END
START 6020 -4468 32767 7060 2551 -990 END
START 5956 -5048 32408 9030 1661 -1779 END
START 5552 -5196 31164 10884 640 -2133 END
START 5308 -5236 30196 12544 -409 -2243 END
START 5252 -4876 29516 14122 -626 -2126 END
START 5688 -4544 28308 15484 39 -2251 END
START 5472 -4360 27156 16594 839 -2743 END
START 5292 -4668 26064 17717 817 -3226 END
START 4776 -4744 24900 19110 319 -3601 END
START 4368 -4704 23532 20743 -683 -3680 END
START 4216 -3868 22352 22439 -1644 -3254 END
START 4956 -2848 20672 23816 -1773 -2813 END
START 6204 -2364 18912 24523 -508 -3250 END
START 6688 -1916 17012 23682 2416 -4542 END
START 5876 -1960 15656 21565 5433 -5665 END
START 4516 -2100 14836 19564 7004 -5976 END
START 3544 -2308 14256 18181 6223 -5715 END
START 2932 -1860 14092 18132 3464 -5465 END
START 3356 -1140 13820 18874 652 -5084 END
START 4400 -80 13252 19331 -699 -4950 END
START 4896 868 13052 19440 -761 -5396 END
START 5988 1044 11476 18919 85 -6214 END
START 5976 1448 11208 17890 1382 -7169 END
START 5680 1772 10068 16587 2617 -7869 END
START 4908 2068 9452 15497 2622 -8117 END
START 4484 2108 8792 14937 1900 -8093 END
START 4232 2608 8152 14470 863 -8005 END
START 4248 3088 7448 13826 57 -8079 END
START 4492 3772 6504 12579 -281 -8528 END
START 4524 3868 5640 11044 -619 -9209 END
START 4112 4108 5004 9427 -1290 -9749 END
START 3720 4064 4276 8060 -1640 -10013 END
START 2948 4280 3280 6380 -2138 -9781 END
START 2388 4336 2716 4388 -2501 -9180 END
START 2084 4844 2224 2359 -2645 -8360 END
START 1528 4908 1836 232 -3134 -7720 END
START 1260 5220 1568 -1426 -3743 -7074 END
START 932 4916 1580 -3328 -4905 -6540 END
START 1180 4624 1536 -5021 -6149 -6056 END
START 1612 4060 1824 -7205 -8199 -6100 END
START 940 3784 3096 -8729 -9861 -6888 END
START -252 3896 4436 -8536 -9766 -6896 END
START -1308 3548 4752 -8545 -8920 -5902 END
START -1812 2824 4092 -9657 -8429 -3890 END
START -2148 2748 4152 -11917 -9070 -1625 END
START -1836 2692 4932 -14377 -9614 554 END
START -428 3012 6372 -16328 -9510 2429 END
START 684 3008 8016 -17715 -8623 3274 END
START 1664 2936 9224 -18571 -7957 3522 END
START 2372 2476 10068 -18945 -7624 3242 END
START 2160 1812 10728 -19322 -7159 2758 END
START 2056 1376 12012 -19816 -7115 2593 END
START 2728 496 13780 -20241 -7843 3313 END
START 3452 52 15608 -20224 -7562 4334 END
START 4716 -584 16368 -20358 -6120 4767 END
START 4312 -684 17728 -20551 -3827 4747 END
START 3356 -900 19040 -20430 -1746 4417 END
START 3064 -1684 20332 -19673 -810 5007 END
START 3780 -2524 21632 -18936 -861 6010 END
START 5080 -2932 22840 -18520 -971 6480 END
START 5980 -2916 24508 -17790 -420 5806 END
START 5668 -2788 26076 -16754 229 4498 END
START 5036 -2924 27384 -15288 442 3560 END
START 5100 -3360 29064 -13922 252 3453 END
START 5968 -3556 31080 -12367 247 4212 END
START 7508 -3228 32767 -10577 1294 4770 END
START 8508 -2764 32767 -8636 3020 4360 END
START 8576 -2184 32767 -6355 4613 3219 END
START 8168 -1892 32767 -3862 5632 1862 END
START 7356 -2016 32767 -1330 6110 717 END
START 6228 -2768 32767 1409 5719 -125 END
START 5736 -3196 32767 4352 5066 -414 END
START 5212 -3320 32767 6788 4706 -543 END
START 4612 -3644 32172 8278 4544 -678 END
START 4112 -3856 31052 9836 4692 -698 END
START 3568 -4080 29532 11221 4972 -609 END
START 3104 -4292 27872 12007 4811 -418 END
START 2716 -4136 26728 12827 3962 -30 END
START 2524 -3928 25568 13853 2982 344 END
START 2464 -3492 24284 15144 1952 620 END
START 2628 -3248 23264 15791 1049 824 END
START 3192 -2544 22352 16216 526 859 END
START 3836 -2356 21840 16857 699 743 END
START 4192 -1776 21544 17607 1053 565 END
START 4852 -1400 20692 18383 1600 421 END
START 5204 -896 19928 18845 2387 69 END
START 5568 -428 18892 18610 2794 -414 END
START 5652 148 18000 18402 2758 -1315 END
START 5740 208 17240 18380 2249 -2346 END
START 5844 524 16676 18491 1224 -3114 END
START 5932 1044 16272 18679 886 -3707 END
START 6136 1640 15576 18606 1200 -4301 END
START 6440 2084 14732 18553 1785 -5219 END
START 6512 2204 13632 18290 1874 -6235 END
START 6328 2472 12700 17748 1318 -7207 END
START 5800 2860 11772 17289 775 -7872 END
START 5680 2980 10716 16736 216 -8435 END
START 5464 3340 10160 15806 -247 -8710 END
START 5304 3440 9432 14792 609 -8895 END
START 5272 3608 8772 13856 2076 -8853 END
START 4556 3632 7668 12680 3268 -8994 END
START 3844 3736 6736 11674 3217 -8851 END
START 3248 3876 5796 10969 2180 -8674 END
START 2900 4048 5164 10118 544 -8551 END
START 3020 4388 4628 9121 -836 -8399 END
START 3400 4624 4292 8126 -1313 -8497 END
START 3856 5148 3452 6534 -310 -8982 END
START 3088 5340 2816 4666 869 -9471 END
START 2208 5044 2512 2871 990 -9202 END
START 1096 5084 3048 1439 504 -8497 END
START 1028 5288 2264 124 -239 -7688 END
START 876 5708 1900 -1380 -576 -7209 END
START 524 5684 2092 -3209 -1002 -7239 END
START 236 5628 2684 -4722 -1557 -7320 END
START 44 5288 3116 -6052 -2713 -7495 END
START -96 5208 3576 -7220 -3909 -7472 END
START -40 4944 4024 -8683 -4982 -7110 END
START 236 4760 4876 -10049 -5493 -6589 END
START 580 4272 5668 -11161 -5437 -5960 END
START 748 3856 6092 -12240 -5010 -5254 END
START 1168 3360 6304 -13360 -4343 -4694 END
START 1364 2848 6380 -14684 -3522 -4841 END
START 1112 2276 6228 -15891 -3242 -5356 END
START 716 1972 6664 -16371 -3521 -6295 END
START 92 1580 6664 -16465 -4919 -7295 END
START -436 1008 7076 -16738 -7389 -8142 END
START -740 592 8248 -16978 -10463 -8519 END
START -340 120 10308 -17198 -12963 -8222 END
START 264 -512 12468 -17655 -13458 -7295 END
START 328 -952 14272 -18702 -11914 -5929 END
START -260 -1304 16920 -20244 -9179 -4031 END
START -504 -1944 19448 -21643 -5803 -1640 END
START -388 -2676 22672 -22584 -2348 532 END
START -104 -2900 26144 -22873 863 2176 END
START -264 -3428 29348 -22065 3761 2968 END
START -744 -3616 32360 -20489 5526 3252 END
START -1432 -3920 32767 -18365 5800 3061 END