START 372 3508 8144 -5538 -2400 1014 END
START 1652 2968 5728 -6062 -3016 1496 END
START 1440 2744 4208 -7163 -2838 2017 END
START 4188 2340 2300 -8677 -2978 2796 END
START 4288 2624 3100 -9868 -2830 3019 END
START 4120 2620 3636 -10554 -2402 2809 END
START 4008 2208 3668 -11141 -1841 2323 END
START 3540 1948 3712 -11924 -1735 2154 END
START 3260 1904 3652 -13399 -2082 2422 END
START 3424 2012 4536 -15033 -2454 2988 END
START 3776 1704 5840 -16302 -2557 3653 END
START 4084 1672 7084 -16915 -2008 4320 END
START 4220 1116 7840 -17523 -1224 4442 END
START 3880 1432 8560 -18063 -341 4134 END
START 2940 1040 8940 -18421 811 3118 END
START 1800 440 9616 -18933 668 2603 END
START 1688 -412 10524 -19617 -647 3003 END
START 2500 -1428 11640 -20658 -2393 3647 END
START 3268 -1688 13948 -22163 -3705 4081 END
START 3308 -1600 16176 -22830 -3142 4348 END
START 3208 -1700 17900 -22960 -1375 4274 END
START 2892 -2260 19500 -22645 -241 3862 END
START 2584 -3328 20816 -22041 -298 3509 END
START 2604 -4012 22772 -21714 -1148 4144 END
START 3104 -3904 25220 -21947 -1429 5221 END
START 3220 -3548 28416 -21760 -559 5606 END
START 2764 -3132 31504 -20518 428 5181 END
START 1768 -2696 32767 -18386 187 4212 END
START 1068 -4060 32767 -15685 -1927 3444 END
START 1792 -5876 32767 -12730 -4809 4526 END
START 4496 -6976 32767 -10389 -4469 6777 END
START 7000 -7676 32767 -8343 -198 8119 END
START 7756 -8152 32767 -5431 4437 8155 END
START 7200 -8216 32767 -373 5941 7059 END
START 6664 -7860 32767 5353 4379 5027 END
START 6248 -7216 32767 10462 1349 2649 END
START 6188 -6752 32767 14679 -1566 470 END
START 5968 -5932 32767 17593 -3455 -1237 END
START 5460 -5404 31640 19409 -4573 -2662 END
START 5036 -5008 28836 20947 -4619 -3423 END
START 4716 -4648 26188 22280 -4511 -3534 END
START 4684 -3956 23852 23138 -4209 -3624 END
START 5008 -3588 21552 23638 -3261 -3999 END
START 5036 -3496 19864 23677 -1952 -4218 END
START 5152 -3228 18344 23485 268 -3929 END
START 5124 -3160 17644 23167 3429 -3345 END
START 4876 -2604 16572 23068 7421 -2543 END
START 4300 -2508 15112 22742 10070 -2236 END
START 4052 -2164 14040 23022 10060 -2538 END
START 4820 -1760 11960 23350 7927 -4166 END
START 4780 -1404 10632 21711 3772 -6372 END
START 4064 -420 10992 21560 233 -7753 END
START 4312 456 10724 22515 -581 -7607 END
START 5004 1368 9664 22213 1205 -7396 END
START 5564 1952 7116 20014 3958 -7700 END
START 5084 2180 5576 17047 5056 -7729 END
START 4420 2548 5364 14802 3807 -7405 END
START 4616 3224 4948 13680 2341 -7338 END
START 4664 3632 4304 12857 1392 -8031 END
START 4332 3888 3532 11553 335 -8976 END
START 3808 3976 2808 10358 -546 -9240 END
START 3272 4192 1988 8933 -1420 -9048 END
START 3124 4200 1444 7156 -1939 -8946 END
START 2900 4508 968 5128 -2033 -8634 END
START 2592 4460 544 3055 -2324 -8179 END
START 2192 4552 164 923 -2261 -7720 END
START 1660 4540 -24 -1005 -2189 -7336 END
START 848 4780 -40 -2750 -1978 -6809 END
START 380 4820 -84 -4672 -1901 -6197 END
START -20 4800 -88 -6416 -2272 -5904 END
START -268 4440 224 -7861 -3463 -5577 END
START -324 4176 872 -9251 -4785 -5101 END
START -44 4012 1500 -10709 -5534 -4621 END
START 216 3536 2336 -12308 -5728 -4305 END
START 268 2948 3076 -13868 -5839 -3909 END
START -36 2644 4264 -15098 -6041 -3530 END
START -212 1884 5088 -15834 -6223 -2987 END
START -240 1216 5500 -16551 -6158 -2469 END
START -328 384 6776 -17670 -6276 -2458 END
START -340 64 7996 -18700 -6069 -2022 END
START -1088 -324 9260 -19958 -5323 -910 END
START -1048 -728 10920 -21537 -4145 872 END
START -780 -1356 13028 -22654 -2539 2575 END
START -464 -1720 15328 -23563 -1029 3749 END
START -244 -2024 17180 -24064 299 4336 END
START -424 -1884 19392 -24101 682 4643 END
START -528 -2240 21652 -23712 -539 4608 END
START -256 -2236 24012 -22799 -1998 4851 END
START 512 -2492 26436 -21952 -3702 5169 END
START 1812 -2424 29444 -21067 -4589 5418 END
START 3108 -2648 32212 -19429 -3847 5027 END
START 4004 -2896 32767 -17614 -2191 4167 END
START 4416 -3192 32767 -15991 -714 3496 END
START 4132 -3100 32767 -13599 344 2885 END
START 3336 -3568 32767 -10532 1323 2443 END
START 2680 -3992 32767 -7302 1627 2434 END
START 2492 -4388 32767 -4035 850 2747 END
START 3324 -4448 32767 -645 278 2567 END
START 3976 -4524 32767 2776 325 1704 END
START 4068 -4432 32767 5923 536 761 END
START 3848 -4488 32767 9074 1113 -57 END
START 3256 -4344 32767 11902 1802 -557 END
START 2740 -4508 32767 13970 2167 -576 END
START 2432 -4344 31204 15473 1915 -355 END
START 2388 -4060 28796 16764 1593 -174 END
START 2216 -3644 27032 17845 1684 -160 END
START 1984 -3364 25212 18724 1663 -408 END
START 2080 -3132 23568 19535 1203 -498 END
START 2552 -2952 22260 20362 734 -643 END
START 3056 -2520 20916 21067 725 -1054 END
START 3104 -1988 19936 21384 1005 -1524 END
START 3568 -1776 18408 21213 1288 -1640 END
START 3956 -1636 17064 21072 2067 -1663 END
START 4316 -1492 15880 20538 2486 -1705 END
START 4516 -876 15048 20424 2389 -2016 END
START 4696 -196 14056 20384 2455 -2591 END
START 4780 432 12736 20178 2319 -3590 END
START 4872 788 11356 19857 1656 -4604 END
START 5076 1540 10160 18937 1004 -5365 END
START 5436 2120 9272 17245 879 -5840 END
START 5752 2500 8856 15797 1129 -6082 END
START 5720 2736 8320 14620 1653 -6116 END
START 5276 2948 7072 13520 1827 -6491 END
START 4836 3208 6016 12710 1502 -6960 END
START 4608 3736 4928 11821 952 -7557 END
START 4580 4048 3912 10593 242 -8109 END
START 4792 4432 3312 9084 19 -8564 END
START 4772 4708 2908 7340 108 -9105 END
START 4764 4980 2288 5466 90 -9915 END
START 4408 4852 1992 3737 -552 -10810 END
START 3396 4796 1892 2431 -1145 -11204 END
START 2492 4656 1252 1215 -1624 -10999 END
START 1492 4608 792 -704 -2250 -10478 END
START 1072 4496 720 -2934 -2740 -9782 END
START 404 4764 1160 -4919 -2670 -8895 END
START 192 4472 1512 -6748 -2269 -7877 END
START 116 4216 1756 -8368 -1955 -7224 END
START -24 3712 2320 -10059 -2700 -7104 END
START -76 3208 3532 -11308 -3851 -7187 END
START -20 2760 4556 -12082 -4710 -7016 END
START 172 1924 5264 -13338 -4737 -6653 END
START -120 1300 6276 -14426 -4124 -6102 END
START -412 768 7348 -15299 -3498 -5645 END
START -476 144 8576 -15612 -3346 -5208 END
START -296 -296 9556 -16007 -3567 -4695 END
START -380 -792 10568 -16552 -3392 -4114 END
START -536 -1020 11484 -17219 -2890 -3472 END
START -724 -1300 12556 -17969 -2029 -3110 END
START -1308 -1396 13744 -18680 -1523 -2879 END
START -2444 -876 15572 -18913 -1364 -2613 END
START -3060 -1008 17564 -18897 -1773 -1957 END
START -3196 -1456 20116 -18290 -2243 -975 END
START -2964 -1920 22700 -17611 -1475 644 END
START -2724 -2000 25840 -17258 -457 2180 END
START -2596 -1584 29100 -17130 965 2921 END
START -3292 -1600 32096 -15976 1780 3127 END
START -4088 -1740 32767 -13718 2601 3405 END