START 3192 1360 6060 -13060 -422 4056 END
START 1968 3404 -4404 -13485 -258 4119 END
START -2156 3924 8240 -14606 -489 4440 END
START 3300 2640 1372 -16254 -1278 4830 END
START 2272 3036 2840 -17667 -2121 4914 END
START 1324 3072 4256 -18547 -3145 4223 END
START 1424 2236 4708 -19046 -4849 3378 END
START 1744 1380 5992 -19294 -7062 3165 END
START 3140 588 7292 -20163 -8002 3457 END
START 4440 728 8388 -21497 -6618 3336 END
START 3556 788 10728 -22380 -3666 3161 END
START 2224 348 11712 -22581 -1817 3235 END
START 1780 -392 12256 -22581 -1827 3431 END
START 1648 -908 13240 -22787 -3092 3444 END
START 2712 -2284 15404 -23257 -4644 3380 END
START 2980 -2212 17908 -23953 -4951 3312 END
START 2600 -2468 20264 -23721 -4412 3431 END
START 2092 -3020 22324 -22901 -3752 4002 END
START 2436 -3480 24936 -22483 -3271 4625 END
START 3104 -3624 28164 -22145 -2702 4969 END
START 3516 -3704 31732 -20835 -1431 4833 END
START 3996 -4060 32767 -18693 -250 4338 END
START 4104 -4776 32767 -16475 1212 3515 END
START 3568 -5268 32767 -14083 2529 2960 END
START 2460 -5368 32767 -10533 2934 2547 END
START 1860 -6164 32767 -6577 2425 2147 END
START 1120 -6656 32767 -3170 1214 1871 END
START 1128 -7156 32767 -95 -326 1867 END
START 1304 -7284 32767 3069 -1010 1981 END
START 1580 -7476 32767 6316 -420 1997 END
START 1368 -7384 32767 9321 338 1924 END
START 1232 -7116 32767 12090 160 1947 END
START 1468 -6804 32767 14200 -656 1853 END
START 1824 -6432 31916 16181 -1385 1574 END
START 2164 -5808 29692 17898 -1847 1222 END
START 2544 -5300 27304 19377 -2051 780 END
START 2828 -4728 25272 20563 -1913 462 END
START 3296 -3964 23432 21289 -1721 337 END
START 3620 -3140 21800 21546 -1340 -113 END
START 4156 -2696 20136 21820 -520 -1009 END
START 3820 -2260 18560 22331 -339 -1499 END
START 4080 -1864 16828 22607 -662 -1549 END
START 4500 -1120 15404 22129 -897 -1494 END
START 5204 -496 14236 21024 -792 -1552 END
START 5572 -100 13204 19751 -329 -1767 END
START 5888 424 12588 19070 80 -2352 END
START 5836 1460 11336 19028 182 -3161 END
START 5892 2040 10596 18928 -147 -4113 END
START 5864 2796 9280 18609 -542 -4742 END
START 5976 2848 8096 17607 -1093 -5237 END
START 6176 3200 6820 15634 -1635 -5424 END
START 6212 3776 6320 13532 -1261 -5633 END
START 6208 4140 6096 11882 -711 -5843 END
START 5956 4244 5532 10865 -112 -6302 END
START 5780 4412 4908 9913 267 -7085 END
START 5484 4444 4512 8939 340 -7750 END
START 5316 4480 3708 7816 1 -8102 END
START 4988 4308 3384 6504 -727 -8211 END
START 4972 4320 2916 5243 -1314 -7896 END
START 4844 4560 2420 3904 -1395 -7717 END
START 4796 4744 1944 2333 -847 -7998 END
START 3964 4840 1536 821 -287 -8530 END
START 3168 4628 940 -564 -275 -8674 END
START 2056 4532 368 -1895 -1055 -8264 END
START 1780 4544 352 -3151 -2173 -7467 END
START 1628 4436 404 -4414 -3297 -6830 END
START 1692 4236 452 -5625 -4152 -6636 END
START 932 3904 596 -7042 -4951 -6941 END
START 60 3756 1044 -8299 -6135 -7179 END
START -1048 3416 1320 -9520 -7420 -6954 END
START -1956 3096 2024 -10846 -9107 -5950 END
START -1560 2564 3056 -12805 -9707 -4240 END
START -952 2212 4308 -15451 -8651 -2248 END
START -404 1720 5908 -18107 -6548 -355 END
START -496 1144 7916 -19981 -4506 913 END
START -900 416 9708 -20675 -3572 1327 END
START -1236 24 11128 -20550 -4349 1388 END
START -1048 -728 13204 -20406 -5832 1450 END
START -440 -1008 15504 -20621 -7183 1930 END
START 112 -1140 17716 -20775 -6967 2892 END
START 516 -1556 20292 -21158 -5664 4172 END
START 1344 -1880 23260 -21517 -3701 5493 END
START 2096 -1888 26612 -21141 -1932 6613 END
START 3224 -1832 30052 -20048 -382 7070 END
START 4028 -2104 32767 -18167 1376 6574 END
START 4512 -2152 32767 -15673 1896 5851 END
START 5028 -2124 32767 -12900 1211 5241 END
START 5280 -1844 32767 -10058 1170 4582 END
START 5136 -2064 32767 -7274 2209 4107 END
START 5068 -2360 32767 -4310 3661 3681 END
START 4620 -2880 32767 -1220 4701 3277 END
START 4128 -3096 32767 1570 4921 3024 END
START 3664 -3788 32767 4363 4526 2739 END
START 3092 -4324 32767 7424 3657 2534 END
START 2476 -4636 32767 10361 2465 2309 END
START 2232 -4652 32767 12873 1406 1911 END
START 2212 -4436 32296 14938 584 1526 END
START 2256 -4176 29876 16468 -219 1220 END
START 2568 -3904 27568 17663 -1015 1097 END
START 2996 -3500 25164 18686 -1640 1071 END
START 3648 -2860 23076 19270 -1558 1070 END
START 4052 -2484 21276 19285 -878 1116 END
START 4972 -1588 19996 18957 287 1302 END
START 5880 -728 18700 18804 1949 1360 END
START 6220 -172 16740 18613 3150 797 END
START 6400 292 15128 18556 2681 -201 END
START 6472 852 13864 18833 1598 -1371 END
START 6716 1200 12908 18817 1335 -2584 END
START 6612 1552 11848 18303 2924 -2927 END
START 6500 1796 10516 16979 5301 -2309 END
START 6472 2640 9548 15599 7246 -1837 END
START 6380 3392 8644 15062 7888 -2132 END
START 6276 3792 8088 15251 7354 -3165 END
START 6156 4000 7292 15369 5953 -4462 END
START 6148 4276 6388 15205 4722 -5521 END
START 6060 4528 5704 14531 3975 -6371 END
START 5744 5304 4860 13544 3329 -7222 END
START 5428 5980 3968 12701 3540 -7550 END
START 4916 6324 2256 11138 3657 -7936 END
START 4176 6336 708 8833 3222 -8212 END
START 3896 6020 120 6090 2306 -8427 END
START 3348 5820 220 3789 2037 -8782 END
START 2716 5128 452 2291 2001 -9035 END
START 2064 5080 -4 1136 1527 -8871 END
START 1452 5100 -568 -407 1235 -8692 END
START 612 5268 -880 -2389 760 -8470 END
START -160 5100 -836 -4347 -263 -8005 END
START -632 4840 -840 -6286 -1815 -7300 END
START -544 4464 -596 -8611 -3469 -6640 END
START -244 3880 220 -10973 -4547 -6523 END
START 108 3368 1328 -12799 -4816 -6684 END
START 80 2688 2296 -13916 -4360 -6981 END
START -824 2008 2584 -15208 -4275 -6793 END
START -1168 1568 2996 -16609 -5636 -5921 END
START -772 1260 4208 -18470 -7358 -4920 END
START 192 1180 5148 -20041 -8208 -4318 END
START 1104 1132 6732 -21141 -6977 -4444 END
START 1256 184 7396 -22040 -5357 -5200 END
START 128 -264 8220 -23206 -5089 -5853 END
START -492 -1296 9596 -24366 -6088 -6039 END
START -424 -2256 11908 -24627 -7245 -5322 END
START 492 -3328 14408 -24574 -7199 -4408 END
START 480 -3512 18292 -24606 -5292 -3930 END
START 96 -4252 20968 -24533 -2423 -3750 END
START -1216 -4732 24084 -24458 -495 -3435 END
START -2128 -5504 28080 -23400 613 -2583 END
START -2880 -5996 32024 -21812 1383 -1159 END
START -4208 -6220 32767 -20007 1705 573 END
START -4864 -6828 32767 -17254 1721 2033 END
START -4780 -7256 32767 -13215 2987 2599 END