START 3432 4176 2324 -5647 -3003 1532 END
START 3660 4172 2024 -5981 -2905 1783 END
START 2708 4596 3212 -6775 -3025 2447 END
START 2568 4796 3032 -8340 -2487 3086 END
START 2668 4952 2888 -9889 -2696 3431 END
START 2968 4696 3332 -11007 -3112 3597 END
START 3164 4476 3868 -11617 -4084 3672 END
START 3544 3628 4492 -12698 -4413 3860 END
START 4592 3104 5604 -14116 -3966 4427 END
START 4616 2364 7020 -15125 -2508 5005 END
START 4372 2096 7760 -15702 -1109 5269 END
START 2928 2260 8512 -16002 -237 5313 END
START 1392 2312 8264 -15956 -374 5125 END
START 536 2048 8532 -16219 -2019 5233 END
START 832 1380 8976 -17096 -3660 5846 END
START 1436 1124 10116 -18205 -3955 6763 END
START 1996 820 11708 -19268 -3039 7488 END
START 2656 288 12908 -20084 -1836 7955 END
START 2648 -112 14220 -20757 -807 8065 END
START 2764 -640 15528 -21274 -328 7921 END
START 3248 -1308 17484 -21865 -1245 7594 END
START 4124 -1812 19748 -21582 -2017 7234 END
START 4956 -1984 21696 -20933 -1860 6749 END
START 5728 -2296 23540 -20504 -1171 6101 END
START 5736 -2780 25712 -20387 -327 5338 END
START 5848 -3320 28252 -19408 929 4921 END
START 5824 -4080 29940 -17637 1925 4669 END
START 5984 -4964 31052 -15740 2331 4036 END
START 5508 -5456 31820 -13772 2237 3284 END
START 4984 -5460 32767 -12012 1863 2722 END
START 4828 -5876 32767 -10289 1513 2161 END
START 4952 -6416 32767 -8125 1346 1615 END
START 4832 -6936 32767 -5877 1550 661 END
START 4240 -7216 32767 -3533 1405 -329 END
START 3376 -7080 32767 -1001 665 -927 END
START 2540 -6428 32767 1475 134 -911 END
START 2216 -6360 32767 3363 -307 -780 END
START 2184 -6480 32767 5281 -1192 -717 END
START 2408 -6312 32767 7479 -1627 -652 END
START 2788 -5812 32767 9797 -903 -453 END
START 2844 -5268 31384 11613 534 -359 END
START 2188 -4924 29392 13326 983 -253 END
START 1884 -4296 27348 14752 1211 267 END
START 1888 -4080 26176 15838 1925 964 END
START 2372 -3892 24644 16716 3487 1753 END
START 2464 -3584 23228 16794 3074 2310 END
START 3264 -3340 22128 15905 124 1759 END
START 4480 -3332 22140 15617 -2058 452 END
START 4940 -2956 21984 16823 -2538 -641 END
START 4764 -2568 21028 18433 -3424 -1003 END
START 5592 -2356 19432 19681 -4499 -1548 END
START 6520 -1824 18324 20080 -4553 -2061 END
START 7132 -1480 16948 20065 -2980 -2694 END
START 7112 -964 15640 19937 -1341 -3464 END
START 6836 -512 14664 19899 -914 -4396 END
START 7076 176 13632 19971 -1308 -5072 END
START 7080 204 12320 19627 -772 -5579 END
START 7228 304 10996 18745 327 -5926 END
START 7112 652 10320 17537 1112 -5997 END
START 6888 836 9636 16507 2060 -6344 END
START 6968 944 8924 16264 2755 -7070 END
START 6488 1272 7488 15978 2965 -7978 END
START 6068 1808 5764 15261 2546 -8495 END
START 5652 2284 4976 13700 2029 -8876 END
START 5280 2772 3932 12125 2161 -8976 END
START 4952 2892 3300 10274 2261 -8948 END
START 4596 3028 2832 8203 1914 -8771 END
START 3772 3492 2696 6509 1685 -8514 END
START 3380 4008 2408 4973 1523 -8159 END
START 2704 4264 1800 3442 1068 -7823 END
START 1716 4496 1236 1839 -101 -7436 END
START 1276 4764 1204 92 -1442 -6988 END
START 1196 5192 1400 -1673 -1872 -6679 END
START 564 5344 1528 -3644 -2096 -6288 END
START 276 4912 1820 -5527 -2980 -5412 END
START 212 4932 2508 -7391 -3748 -4559 END
START 564 4492 3036 -8961 -3948 -3749 END
START 548 4120 4012 -10422 -3915 -3107 END
START 576 3896 4740 -11519 -4283 -2555 END
START 484 3720 5844 -12052 -4989 -2017 END
START 548 3540 6480 -12605 -5723 -1764 END
START 868 3396 7260 -13194 -6212 -1373 END
START 1408 2948 7496 -14002 -6199 -760 END
START 1988 2676 8036 -15188 -6415 -306 END
START 2180 2612 8716 -16164 -5952 -168 END
START 2388 2568 9720 -16914 -4859 -53 END
START 2252 2188 10400 -17546 -3850 110 END
START 1992 1452 11540 -18538 -3593 658 END
START 1968 868 12684 -19216 -3527 1600 END
START 1668 768 13668 -19661 -2856 2375 END
START 1524 600 13920 -20044 -2514 2556 END
START 1516 -64 15000 -20357 -3030 2435 END
START 1840 -132 16564 -20481 -3475 2503 END
START 2328 -780 18620 -20181 -3473 2357 END
START 2908 -1476 20400 -19905 -3380 2530 END
START 3580 -2100 22168 -19555 -2796 3005 END
START 3972 -3120 24500 -19295 -1735 3042 END
START 4468 -4112 27316 -18645 -782 3037 END
START 4420 -4828 29872 -17229 402 2569 END
START 4732 -5676 32348 -15184 898 1942 END
START 4788 -6076 32767 -12789 925 1659 END
START 5064 -6768 32767 -10282 740 1370 END
START 5024 -7100 32767 -7485 830 1266 END
START 4976 -7336 32767 -4707 954 1127 END
START 5048 -7384 32767 -2091 996 1053 END
START 5208 -7568 32767 316 1616 985 END
START 5068 -7600 32767 2494 2559 887 END
START 4668 -7600 32767 4708 3028 673 END
START 4432 -7616 32767 7095 2815 492 END
START 4220 -7296 32767 9322 2670 167 END
START 4240 -7272 31932 11218 2756 -98 END
START 3836 -7000 30252 12727 2670 -341 END
START 3556 -6828 28804 14286 2353 -520 END
START 3472 -6588 27232 15710 2221 -490 END
START 3408 -6280 25588 16719 2472 -365 END
START 3472 -6032 24420 17261 2426 -299 END
START 3748 -5596 23292 17864 2069 41 END
START 4032 -4948 22444 18558 2105 87 END
START 4360 -4264 21372 19442 2122 -122 END
START 4756 -3448 19868 20256 1901 -722 END
START 5040 -2848 18436 20740 1632 -1513 END
START 5116 -1564 17208 20827 1482 -2121 END
START 4816 -860 16092 20634 1595 -2696 END
START 5212 -128 15144 20380 1567 -2819 END
START 5412 424 14276 20079 1948 -2767 END
START 5440 1000 13376 19562 2272 -2702 END
START 5388 1680 12480 19005 2193 -3031 END
START 5456 2256 11632 18727 2260 -3745 END
START 5424 2656 10964 18398 2304 -4706 END
START 5332 2780 9944 17929 2064 -5717 END
START 5044 2876 9060 17372 1793 -6341 END
START 4980 3456 8240 16547 1692 -6570 END
START 4720 3652 6908 15509 2018 -6691 END
START 4060 4056 5708 14200 1919 -6546 END
START 4016 4560 4796 12642 1397 -6455 END
START 3996 5044 3848 11267 864 -6491 END
START 4588 5776 3160 9987 505 -6812 END
START 4452 5920 2896 8425 560 -7345 END
START 5016 6620 1356 6419 691 -7988 END
START 4412 6468 608 4662 592 -8343 END
START 3748 6420 252 3065 324 -8384 END
START 2772 6224 -288 1372 174 -8241 END
START 1700 5800 -740 -625 -495 -7871 END
START 892 5636 -680 -2591 -1252 -7380 END
START 152 5612 -404 -4783 -1897 -6600 END
START -68 5488 60 -6950 -2464 -5924 END
START -168 4944 1192 -8847 -3280 -5354 END
START -36 4432 2420 -10316 -4100 -4762 END
START 352 4080 3460 -11557 -4641 -4205 END
START 412 3684 4596 -12816 -4821 -3750 END
START 628 3104 5604 -13955 -4731 -3303 END
START 1016 2296 6772 -14810 -5158 -2725 END
START 2412 1876 7876 -15288 -5190 -1848 END
START 3772 1196 8628 -15871 -4079 -1152 END
START 4264 916 8940 -16754 -2173 -1294 END
START 3280 860 9200 -17397 -826 -1925 END
START 1744 232 9836 -17753 -998 -2685 END
START 860 -1636 11384 -18237 -2598 -3166 END
START 496 -3500 13292 -18445 -4671 -2936 END
START 384 -4184 15372 -18642 -6209 -2226 END
START 820 -3604 17668 -18463 -5934 -1400 END
START -52 -3136 20284 -17939 -3652 -765 END