START -4972 4788 10532 -8000 -87 4906 END
START 2484 2452 -864 -8763 -1053 5676 END
START 3360 1972 -552 -10397 -2295 6728 END
START 700 2704 3768 -12735 -2172 7783 END
START 1776 2648 3464 -13963 -867 8505 END
START 1972 2652 4148 -14980 347 7968 END
START 2132 2444 4328 -15792 360 6996 END
START 2136 1588 4740 -16620 -1197 6180 END
START 1792 1392 5392 -17340 -3482 6196 END
START 1916 1404 6008 -17686 -5579 7152 END
START 2244 1392 6896 -18151 -6083 8146 END
START 2796 1684 8064 -19119 -5292 8850 END
START 3168 1724 9396 -20188 -4681 9026 END
START 3692 1488 10528 -20794 -4715 9070 END
START 4680 824 11480 -21130 -5061 8788 END
START 5212 468 12648 -21321 -5315 7902 END
START 6092 -500 13360 -22333 -6182 6920 END
START 6148 -556 15680 -23310 -6234 6095 END
START 5980 -688 17964 -23250 -5351 5904 END
START 5700 -708 19360 -22425 -4049 5922 END
START 5912 -1576 20228 -21946 -3120 5727 END
START 6084 -2200 21468 -22126 -2832 5574 END
START 6276 -2964 23844 -22357 -2581 5236 END
START 6308 -3456 26284 -21344 -1898 4945 END
START 6212 -4228 28736 -19518 -1348 4390 END
START 6128 -4684 30848 -17526 -1281 3679 END
START 5976 -5028 32767 -15251 -1487 2995 END
START 5832 -5792 32767 -12703 -1384 2539 END
START 6132 -6448 32767 -9993 -935 2398 END
START 6192 -6716 32767 -7416 -161 2402 END
START 5872 -7048 32767 -4748 913 2455 END
START 5572 -7252 32767 -1859 1244 2507 END
START 5280 -7536 32767 1273 1414 2266 END
START 5056 -7504 32767 4222 1237 1833 END
START 4620 -7192 32767 7307 769 1279 END
START 4596 -6996 32767 10423 650 555 END
START 4136 -6808 32767 13254 782 53 END
START 3960 -6664 32672 15414 907 -140 END
START 3932 -6460 31032 17195 858 -6 END
START 4248 -6068 29568 18741 503 173 END
START 4896 -5424 27612 20188 325 25 END
START 5196 -5036 25920 21556 686 -628 END
START 5368 -4704 24280 22898 830 -1373 END
START 5684 -4496 22996 23950 751 -1911 END
START 6472 -4268 21376 24756 999 -2520 END
START 6732 -3260 19748 25281 1695 -3309 END
START 6900 -2748 18140 25806 2253 -4174 END
START 6920 -1696 16136 26392 1883 -4774 END
START 7168 -612 14128 26498 1139 -5679 END
START 7884 16 12276 25570 392 -7088 END
START 8352 424 11736 24479 84 -8705 END
START 8568 868 11056 23374 275 -10155 END
START 8436 1432 10220 22563 1327 -11140 END
START 7800 1620 9140 21740 2541 -11417 END
START 7180 2032 7620 20614 3335 -11520 END
START 6656 2512 6476 19598 3098 -11398 END
START 6492 2472 5484 18396 2144 -11248 END
START 6548 3060 4536 16967 1230 -11670 END
START 6072 3188 3976 15024 628 -12735 END
START 5088 3212 3356 13260 -72 -13429 END
START 4228 3576 2788 11699 -815 -13658 END
START 3688 3916 1744 9754 -1712 -13118 END
START 2996 3944 708 7293 -2292 -12124 END
START 2784 3984 188 4497 -2236 -10714 END
START 2144 4332 -360 1523 -1968 -9493 END
START 1968 4512 -568 -1459 -2039 -8848 END
START 1372 4764 -196 -4115 -2099 -8692 END
START 844 4952 600 -5677 -2517 -8401 END
START 288 5136 820 -6456 -2997 -7682 END
START 116 5120 640 -7679 -3610 -7020 END
START -620 5240 980 -9547 -4242 -6725 END
START -860 4868 1396 -11101 -5383 -5846 END
START -928 4740 2088 -12546 -6960 -4893 END
START -508 4736 3256 -13598 -7762 -3810 END
START -20 4676 3980 -15068 -8126 -2946 END
START 144 4340 5048 -16497 -7985 -2412 END
START 268 3732 5800 -17458 -7722 -1653 END
START -36 3004 6436 -18319 -8187 -872 END
START -28 2260 7364 -18936 -8602 -412 END
START 248 1648 8148 -19660 -8598 68 END
START 660 812 9040 -20735 -8434 613 END
START 772 152 10800 -22197 -8295 1210 END
START 936 -300 12252 -22685 -7578 1975 END
START 804 -924 13656 -22525 -6542 2787 END
START 460 -1308 14392 -22557 -5392 3159 END
START 412 -1948 15472 -22613 -4738 3519 END
START 1304 -2868 17596 -22935 -5437 4426 END
START 2300 -3064 20436 -22906 -5149 5185 END
START 3080 -3172 22412 -22663 -3951 5223 END
START 3016 -3448 23776 -21972 -2894 4233 END
START 2688 -4048 25864 -21007 -3322 3299 END
START 3076 -4540 28620 -19373 -4764 3571 END
START 4364 -4700 31164 -17644 -4257 4388 END
START 4888 -4668 32748 -16101 -2048 4769 END
START 4824 -5044 32767 -14492 -769 4716 END
START 5060 -5460 32767 -12387 -1147 4588 END
START 5704 -5884 32767 -9291 -1590 4166 END
START 5960 -6180 32767 -5876 -1370 3445 END
START 6104 -6372 32767 -2354 -1304 2962 END
START 6240 -6612 32767 950 -742 2875 END
START 6460 -6724 32767 3625 747 2871 END
START 6324 -6548 32767 6319 2599 2633 END
START 5776 -6536 32767 9320 4089 2301 END
START 5200 -6720 32767 12074 4660 1865 END
START 4800 -6500 31640 14186 3703 1549 END
START 4704 -6348 29572 15286 1992 1046 END
START 5028 -5964 28432 16290 1358 561 END
START 5096 -5716 27648 17858 1464 466 END
START 5672 -5112 26392 19372 2205 386 END
START 5880 -4716 24844 20464 2931 -107 END
START 5792 -4260 22900 21552 2686 -703 END
START 5836 -3608 20908 22193 1632 -1268 END
START 6324 -3096 19372 22572 1014 -1862 END
START 6716 -2644 18428 22680 875 -2275 END
START 7136 -1908 17320 22764 1426 -2513 END
START 7380 -828 15728 22664 2567 -2963 END
START 7424 164 13872 22239 3666 -3848 END
START 7112 1008 12196 21911 4556 -5403 END
START 6432 1280 10648 21770 3978 -6693 END
START 6396 1856 9672 21276 2592 -7204 END
START 6740 2380 8776 20228 2015 -7550 END
START 6628 3180 7744 18773 2649 -7955 END
START 6448 3816 6716 17419 3856 -8324 END
START 5984 4128 5780 16090 4736 -8770 END
START 5180 4148 4784 14834 4659 -9325 END
START 5004 4240 4180 13681 3368 -9697 END
START 4836 4572 3820 12434 1762 -10196 END
START 4892 4324 2624 10801 270 -10630 END
START 4612 4684 1804 8529 -246 -11059 END
START 3932 4892 1384 6555 154 -10770 END
START 3204 4980 688 4891 1022 -9931 END
START 2476 4480 -108 3216 921 -8931 END
START 1888 4624 -924 1328 139 -7736 END
START 2036 4472 -1340 -1160 -574 -7199 END
START 1704 4576 -1164 -3759 -1214 -7256 END
START 1504 4404 -944 -5210 -2300 -7266 END
START 1484 4156 -1112 -6861 -3689 -7735 END
START 1652 3448 -1116 -9064 -4277 -7938 END
START 748 2368 -1032 -11082 -4881 -7137 END
START 252 1648 -580 -13417 -5456 -5705 END
START -8 1320 -84 -16156 -6017 -4294 END
START -236 1220 872 -18929 -6433 -3412 END
START -348 792 2432 -20793 -6578 -2633 END
START -324 556 3652 -22199 -7324 -2070 END
START 872 -384 4620 -23902 -8992 -1727 END
START 1284 -1104 6484 -26082 -10010 -2079 END
START 840 -2340 9756 -26910 -9429 -1913 END
START 224 -3164 11248 -26534 -8451 -854 END
START 468 -3872 11908 -27843 -9310 -51 END
START 1120 -4252 14548 -30456 -12095 -390 END
START 1340 -4592 19608 -30502 -15115 -1245 END
START 1152 -5276 24948 -27488 -15959 -852 END
START 2112 -6272 29676 -24589 -13571 1469 END
START 4436 -6156 32767 -23224 -5959 4041 END
START 4920 -6456 32767 -21664 2971 5128 END