START 5000 3252 -2424 -9668 -2481 4925 END
START 7136 4072 -6720 -9821 -3225 5033 END
START 7464 3220 1680 -10199 -3451 5098 END
START 6032 2980 2324 -11510 -4337 5226 END
START 4760 3240 4248 -13085 -4305 5455 END
START 5096 3020 4368 -14526 -3500 5429 END
START 4968 2916 5304 -15446 -1933 4909 END
START 4676 2340 6024 -16197 -948 4336 END
START 4320 1544 6700 -16856 -1264 4005 END
START 4164 752 7108 -17454 -1993 4053 END
START 3884 324 7876 -18044 -2637 4372 END
START 4248 156 9396 -18720 -3312 4577 END
START 4864 208 11544 -19014 -2796 4201 END
START 4796 -420 13540 -19277 -1474 3564 END
START 5148 -1604 14500 -19395 89 3182 END
START 4412 -1960 15376 -19515 1524 2955 END
START 3124 -2144 16244 -20216 2621 2867 END
START 1724 -2360 17968 -20657 2618 2751 END
START 1676 -2996 20164 -20696 978 3318 END
START 2392 -3436 22504 -20984 -834 3919 END
START 3584 -2988 25608 -20893 -695 3848 END
START 3992 -2656 28536 -19978 362 3249 END
START 3844 -2760 31268 -18513 1312 2447 END
START 3708 -3720 32767 -16754 1993 2195 END
START 3676 -4640 32767 -14745 2242 2636 END
START 3920 -5552 32767 -12584 1978 3487 END
START 4116 -5116 32767 -10318 1256 4331 END
START 4716 -4484 32767 -7197 659 4462 END
START 5436 -4148 32767 -3433 496 3906 END
START 5712 -4344 32767 633 787 3002 END
START 5204 -4688 32767 4312 1124 2014 END
START 3996 -5312 32767 7750 86 1083 END
START 3292 -5216 32767 10727 -2424 807 END
START 3000 -4760 32767 13534 -4430 760 END
START 3112 -4224 32008 15792 -4676 793 END
START 2900 -4000 29428 16942 -3713 844 END
START 2884 -3576 26800 17742 -2821 1139 END
START 3060 -3404 24268 18429 -2137 1594 END
START 3616 -3040 22392 18743 -1486 1848 END
START 4068 -2460 20844 18778 -1229 1948 END
START 4872 -1872 19932 18836 -759 1993 END
START 6080 -1524 19056 18707 86 1916 END
START 7012 -976 18448 18802 1320 1525 END
START 7504 -744 17324 19248 2169 665 END
START 7688 -264 15748 19554 1090 -851 END
START 8008 532 14312 19414 -1066 -2781 END
START 8060 924 13232 19283 -2815 -5103 END
START 8060 1184 12532 19434 -3496 -6891 END
START 7884 1356 11688 19208 -2941 -7881 END
START 7784 1868 10644 18553 -1560 -8262 END
START 7660 2240 9508 17390 397 -8555 END
START 7692 2756 8400 16184 2318 -8751 END
START 7464 2708 7264 14550 3209 -8913 END
START 7488 2480 6220 12580 3316 -8879 END
START 6916 2208 5948 10825 3196 -8744 END
START 6368 2144 5268 9356 3257 -8420 END
START 5600 2500 4552 8192 3731 -8317 END
START 4436 2556 3776 7034 4282 -8430 END
START 2960 2732 3180 5942 3985 -8376 END
START 2016 2764 2492 4785 3093 -8013 END
START 1784 2780 2324 3602 2134 -7664 END
START 1688 2836 1964 2106 1492 -7151 END
START 1664 3012 2024 278 1175 -6542 END
START 1204 3376 1968 -1108 1391 -5990 END
START 668 3524 2016 -2489 1266 -5496 END
START 240 3688 2044 -4006 730 -5240 END
START -120 3996 2144 -5382 -25 -5124 END
START -260 4040 2472 -6674 -1116 -4952 END
START -608 4056 2868 -7982 -2378 -4743 END
START -612 3916 3312 -9101 -3956 -4579 END
START -376 3744 3996 -9836 -5476 -4384 END
START 80 3500 4388 -10707 -5994 -4187 END
START 372 3428 5144 -12420 -5691 -3792 END
START 520 2928 6308 -14175 -4533 -3507 END
START 400 2672 7620 -15400 -3459 -3220 END
START 376 2420 8880 -16183 -3195 -2966 END
START 624 1912 10544 -17052 -3317 -2578 END
START 1160 1408 11652 -17752 -3021 -2110 END
START 1292 1012 13452 -17901 -1973 -2064 END
START 700 556 14880 -17864 -1109 -2755 END
START 476 204 16880 -17771 -1485 -3106 END
START 964 -280 19840 -17306 -2137 -3276 END
START 1664 -752 22580 -16383 -2728 -3699 END
START 1272 40 24748 -15052 -3115 -4651 END
START -68 500 26236 -13569 -3254 -6094 END
START -1552 -116 27880 -12560 -3844 -6758 END
START -2588 -1120 30040 -12123 -3721 -5312 END
START -2544 -1764 32767 -11906 -1662 -1506 END
START -1488 -1516 32767 -11119 1815 2730 END
START -200 -936 32767 -9338 4992 4770 END
START 192 -428 32767 -7134 6871 4729 END
START -112 32 32767 -4444 5943 3696 END
START 68 -12 32767 -1181 2471 2393 END
START 628 148 32767 2383 -997 1449 END
START 1460 -48 32767 5468 -2325 1033 END
START 1964 -312 32767 7762 -2085 1092 END
START 2528 -448 32767 9561 -1366 1399 END
START 3164 -460 32767 11234 -592 1684 END
START 3488 -580 32656 12846 -217 1805 END
START 3752 -544 30316 14279 -543 1512 END
START 3520 -540 28220 15561 -1079 842 END
START 3332 -596 25940 16705 -1742 359 END
START 3364 -732 23840 17534 -2355 103 END
START 3656 -532 21812 17854 -2437 37 END
START 4328 -248 20364 17705 -1659 -189 END
START 4796 80 19124 17397 -401 -254 END
START 4956 360 17780 16953 767 -251 END
START 5136 900 16484 16475 1805 -456 END
START 4872 1128 15116 16352 2211 -779 END
START 4936 1408 13492 16087 2646 -1308 END
START 5024 1720 12048 15603 2563 -1904 END
START 4836 2432 10868 15106 1727 -2610 END
START 4624 3036 9948 14582 407 -3414 END
START 4376 3576 8956 14082 -393 -4233 END
START 4148 3780 7888 13458 -699 -5065 END
START 4184 4140 7040 12210 -810 -5441 END
START 4384 4308 6980 10822 -703 -5659 END
START 4184 4316 6904 9825 -503 -5845 END
START 3992 4300 6460 9059 -291 -5881 END
START 3900 4272 5936 8154 215 -5898 END
START 3756 4264 5952 7216 423 -5901 END
START 3580 4284 5548 6492 670 -6096 END
START 3600 4084 5364 5849 1036 -6468 END
START 3260 4064 4556 5043 930 -6736 END
START 3080 3996 3964 3968 632 -6930 END
START 3020 3996 3492 2924 649 -6839 END
START 2640 3976 2704 1705 777 -6642 END
START 2456 3888 2424 390 944 -6362 END
START 2084 4064 2144 -986 1181 -6247 END
START 1640 4052 1532 -2407 1361 -6219 END
START 1160 3728 1096 -3851 1207 -6343 END
START 816 3628 1016 -5403 523 -6411 END
START 760 3088 576 -6585 -369 -6409 END
START 844 2896 212 -7709 -1695 -6338 END
START 1508 2264 -4 -9124 -2975 -6569 END
START 1712 1556 260 -10815 -3704 -7015 END
START 1736 1324 880 -12369 -4195 -7145 END
START 1732 1096 2036 -13892 -3952 -6886 END
START 1404 804 3344 -15690 -2915 -6478 END
START 1020 712 5160 -17642 -1779 -5932 END
START 668 416 8056 -18919 -1014 -5401 END
START 108 444 11428 -19584 -348 -5023 END
START -996 1284 15452 -19734 253 -4641 END
START -2804 1848 20068 -19332 655 -4358 END