START -668 2560 3648 -2750 -3529 -1448 END
START 4772 2696 -8400 -3015 -5079 -862 END
START 464 3284 3584 -3694 -5901 -66 END
START 836 3236 2656 -5210 -6889 942 END
START 1392 3380 2924 -7122 -6297 2224 END
START 1396 3360 3228 -8993 -5154 3290 END
START 1580 3356 3804 -10136 -4477 4079 END
START 1512 3404 3920 -10755 -3770 4735 END
START 1340 2964 3564 -11437 -3447 4846 END
START 1284 2636 3280 -12552 -3260 4512 END
START 628 1944 3900 -13921 -3197 4094 END
START -308 1652 5060 -15224 -3876 4260 END
START -276 1136 6252 -16467 -5863 5587 END
START 884 1092 7748 -17426 -7763 7090 END
START 2352 1228 9216 -18247 -8615 7650 END
START 3264 1568 10520 -18912 -8202 7627 END
START 3752 1076 12244 -19565 -7703 7367 END
START 5328 208 13944 -19973 -7110 7488 END
START 5424 -324 16260 -20039 -6298 7644 END
START 6088 -656 17412 -19880 -5120 7692 END
START 6056 -1000 18124 -19820 -3851 7059 END
START 5556 -1292 19244 -19832 -3201 6176 END
START 5232 -1628 20368 -19329 -3217 5572 END
START 5060 -2052 21584 -18431 -3460 5254 END
START 5020 -2496 22064 -17708 -2822 5040 END
START 4944 -3260 22360 -17432 -1986 4687 END
START 5124 -3816 23040 -17069 -1507 4316 END
START 5340 -4360 24368 -16576 -1424 3844 END
START 5524 -4520 25648 -15691 -1548 3303 END
START 5392 -4556 27360 -14623 -1469 2771 END
START 5200 -4636 28848 -13499 -1068 2873 END
START 5344 -4792 30332 -12157 -667 3418 END
START 5732 -5028 31388 -10487 -338 3616 END
START 6628 -5168 32308 -8266 -326 2944 END
START 7028 -5236 32767 -5955 -429 1954 END
START 6996 -5256 32767 -3582 -101 1098 END
START 6776 -5396 32767 -1289 524 551 END
START 6392 -5180 32767 870 979 309 END
START 6292 -5284 32767 2717 1143 79 END
START 6048 -5176 32524 4433 786 -142 END
START 6152 -4764 31892 6115 427 -447 END
START 6432 -4860 31236 7978 689 -929 END
START 6452 -4668 29932 9825 896 -1545 END
START 6132 -4808 28480 11371 951 -2083 END
START 5888 -4384 27232 12752 462 -2490 END
START 5736 -4124 26024 14302 154 -2805 END
START 5880 -3800 24792 15603 56 -3149 END
START 5704 -3432 23732 16404 78 -3591 END
START 5960 -3124 22644 16977 334 -4028 END
START 6028 -2784 21704 17416 959 -4664 END
START 6172 -2812 20836 17833 1374 -5282 END
START 6132 -2616 20056 18179 1612 -5679 END
START 5756 -2264 19104 18725 1527 -5799 END
START 5664 -1868 18168 19137 1792 -5642 END
START 5688 -1564 17144 19280 2557 -5641 END
START 5580 -1208 16016 19036 3047 -5684 END
START 5824 -916 15120 18437 3402 -5724 END
START 5816 -416 14108 17885 4101 -5911 END
START 5368 20 13556 17020 3988 -6020 END
START 4824 472 12852 16338 3696 -6100 END
START 4228 664 12040 15919 3564 -5689 END
START 4320 848 11116 15199 3732 -4677 END
START 4768 1576 10516 13747 4771 -3595 END
START 5368 2312 10068 12090 6643 -3215 END
START 5364 2828 10016 11271 8158 -3837 END
START 4920 2692 9092 11424 7668 -4870 END
START 4772 2496 7972 11236 4589 -5922 END
START 4948 2716 7768 10317 924 -7186 END
START 4684 3560 8292 9811 -838 -8053 END
START 4832 3700 8036 9465 -1220 -8701 END
START 4968 3800 7000 8129 -93 -8855 END
START 4808 3852 6408 6141 1638 -8773 END
START 4024 3728 6176 4183 2853 -8325 END
START 3296 3428 6152 2391 2669 -7622 END
START 3132 3540 5924 1116 1409 -6931 END
START 2944 3540 5844 -185 -3 -6901 END
START 2508 3764 6100 -1066 -661 -7404 END
START 1640 3808 6036 -1361 -578 -7680 END
START 656 3724 5432 -1842 -922 -7340 END
START -236 3496 4984 -3080 -1852 -6687 END
START -780 3600 4744 -4494 -2827 -5885 END
START -876 3060 5032 -6004 -3852 -4893 END
START -516 2880 5736 -7382 -4730 -3818 END
START 64 2536 6720 -8329 -5107 -3110 END
START 432 2176 7460 -9091 -5449 -2815 END
START 740 2164 7900 -9736 -5870 -2491 END
START 696 1792 8384 -10216 -5969 -2119 END
START 392 1808 8688 -10846 -5647 -1624 END
START 364 1372 9480 -11687 -5695 -927 END
START 948 904 10660 -12566 -6256 253 END
START 1816 32 11676 -12915 -6580 1344 END
START 2536 -196 11944 -13230 -6577 2037 END
START 2716 -108 12120 -13779 -6180 1998 END
START 1564 284 12248 -14430 -5125 1411 END
START 80 88 12236 -15113 -4889 826 END
START -1032 -108 11864 -15686 -5537 1175 END
START -1392 -660 13360 -16522 -7507 3043 END
START 724 -1536 14516 -17518 -8823 5293 END
START 2208 -1524 17660 -18158 -8021 6179 END
START 3444 -1200 19384 -18360 -6150 5687 END
START 3068 -996 21288 -18013 -5190 4598 END
START 3408 -1360 23200 -17339 -5254 3973 END
START 4096 -1968 25108 -16208 -5030 3679 END
START 4688 -2016 26540 -15156 -3958 3595 END
START 4896 -1756 28348 -14238 -2676 3800 END
START 5128 -1840 29804 -13102 -1589 3796 END
START 5620 -2012 31096 -11471 -864 3247 END
START 5664 -1852 31996 -9496 -371 2465 END
START 5676 -2244 32692 -7634 -306 1776 END
START 5660 -2868 32767 -5719 -581 1440 END
START 5872 -3024 32767 -3634 -818 1520 END
START 6452 -3160 32767 -1388 -324 1382 END
START 6724 -3104 32767 653 291 935 END
START 6960 -3232 32767 2582 726 401 END
START 6964 -3264 32767 4582 1161 -117 END
START 7080 -3612 32767 6565 1525 -669 END
START 7088 -3644 32052 8454 2121 -1126 END
START 6940 -3788 30864 10291 2822 -1967 END
START 6620 -4272 29596 12099 3054 -2542 END
START 6232 -4348 28464 13805 2737 -2509 END
START 6212 -4464 26996 14907 2682 -2356 END
START 6052 -4280 25580 15863 3262 -2509 END
START 5808 -4060 24204 16915 3679 -2869 END
START 5824 -3768 22840 17676 3601 -3070 END
START 5884 -3560 21524 18252 3482 -3395 END
START 5892 -3124 20136 18592 3291 -3653 END
START 5908 -2908 18992 18900 2878 -3942 END
START 5972 -2040 17588 18991 2430 -4152 END
START 6096 -1440 16064 18505 2303 -4695 END
START 6004 -736 15152 17946 2243 -5211 END
START 5864 -268 14508 17483 2325 -5713 END
START 5744 216 13708 16993 1836 -5936 END
START 5948 268 13368 16523 1448 -5819 END
START 6364 912 12820 15917 1950 -5568 END
START 6544 1060 12688 15126 2987 -5697 END
START 6588 1408 12440 14397 4111 -5911 END
START 6372 1720 11840 13821 4771 -6103 END
START 5852 2120 11240 13448 5517 -6024 END
START 5344 2356 10832 12702 6271 -6015 END
START 5072 3200 9868 12098 6413 -6266 END
START 4804 3460 9512 11442 6214 -6434 END
START 4408 3524 8840 10875 5627 -6872 END
START 3984 3656 8140 10517 4554 -6963 END
START 3388 3868 7376 9991 3146 -7425 END
START 2932 4056 6520 9170 2176 -7984 END
START 2052 3752 6220 8048 1090 -8459 END
START 2140 4264 5856 6794 640 -8411 END
START 2120 4128 5588 5515 993 -8441 END
START 1908 4340 5440 4181 1127 -8396 END
START 1512 4200 4844 2959 434 -8427 END
START 956 4300 4744 1812 -686 -8574 END
START 656 4504 4340 925 -1777 -8813 END
START 452 4664 4280 -161 -3031 -9157 END
START 280 4888 4652 -1156 -3972 -9409 END
START -112 4968 4436 -2189 -4651 -9234 END
START -528 5276 4072 -3622 -4525 -8562 END
START -728 5208 3888 -5875 -4461 -7734 END
START -940 4908 4104 -7790 -4796 -6760 END
START -604 4428 5176 -8912 -5368 -5711 END
START 100 3972 5624 -9789 -5999 -4722 END
START 1140 3672 6544 -10654 -6217 -4340 END
START 1536 3196 7360 -11030 -6300 -4386 END
START 1564 2900 7628 -11092 -6625 -4495 END
START 1596 2436 7812 -11124 -7215 -4675 END
START 1356 2044 8064 -11724 -7096 -4769 END
START 780 1164 8224 -12592 -6520 -4582 END
START -220 588 8700 -13841 -6282 -3914 END
START -916 140 9744 -14934 -6583 -2634 END
START -1312 -116 10448 -15748 -6318 -1079 END
START -908 -200 11084 -17073 -5867 148 END
START -504 -624 12380 -18539 -5785 1081 END
START 152 -1040 14048 -19434 -5725 1606 END
START 892 -1104 16084 -20048 -5940 1697 END
START 1332 -1280 18180 -20312 -6035 1584 END
START 1492 -1372 19864 -19779 -5290 1301 END
START 1756 -1560 21312 -19300 -4349 1233 END
START 1832 -1728 22944 -19183 -3508 1724 END
START 2116 -1684 24712 -18999 -2278 2688 END
START 2132 -1644 25764 -18802 -627 3493 END
START 1852 -1668 26368 -18987 1013 3758 END
START 1508 -1860 27840 -19041 1847 3513 END