START 3648 2864 4236 -7589 -2881 2080 END
START 4648 2616 2384 -7652 -3488 2068 END
START 4320 2900 2568 -7841 -4206 2127 END
START 3904 2884 2364 -8727 -5045 2702 END
START 3552 3132 2028 -10268 -5175 3283 END
START 3236 3024 1648 -11984 -4860 3985 END
START 2692 2704 1668 -13992 -4693 4545 END
START 2160 2352 2160 -15395 -4815 5176 END
START 1932 1792 2960 -16395 -5649 5520 END
START 2596 1284 2824 -17232 -7132 5549 END
START 1976 420 2884 -18751 -8834 5028 END
START 1736 -244 3768 -20305 -9529 4679 END
START 1620 -1392 5512 -21936 -9533 5410 END
START 2572 -2580 7348 -23811 -9297 7270 END
START 3744 -3056 9732 -25702 -8871 8928 END
START 4688 -2948 12540 -27232 -7925 9685 END
START 6220 -3520 14996 -28049 -6393 9443 END
START 6848 -4392 19108 -27990 -4835 9064 END
START 7200 -5032 22148 -27087 -3613 8743 END
START 7360 -5492 25384 -26144 -2932 8467 END
START 7796 -6008 28652 -24644 -2450 8117 END
START 8516 -6376 31696 -22476 -1443 7367 END
START 8892 -7072 32767 -20130 520 5940 END
START 8156 -7988 32767 -17064 2185 4680 END
START 7292 -8788 32767 -13619 2830 3874 END
START 6512 -9672 32767 -10271 3132 3367 END
START 5720 -10252 32767 -7163 3402 2946 END
START 4904 -10936 32767 -3697 3632 2729 END
START 4552 -11328 32767 43 3361 2741 END
START 4624 -11300 32767 3120 2631 2288 END
START 4432 -10624 32767 6524 1681 1378 END
START 4240 -9876 32767 10218 1093 641 END
START 4104 -9252 32767 13271 876 310 END
START 4028 -8584 32767 15723 928 21 END
START 4008 -7788 32272 17848 601 -413 END
START 4396 -6340 29572 19646 -486 -1175 END
START 4588 -5324 27388 20888 -1556 -2224 END
START 4356 -5008 25420 21848 -1623 -2832 END
START 3876 -4348 23764 22591 -1575 -2533 END
START 4392 -4188 22532 23225 -1493 -1711 END
START 5768 -3852 21020 23505 -526 -1433 END
START 6252 -3584 19124 23671 541 -1898 END
START 6192 -3476 17920 23562 975 -2775 END
START 5868 -3256 16500 23789 1187 -3717 END
START 5252 -2720 15144 23812 1599 -4680 END
START 5420 -2284 14256 23801 2025 -4941 END
START 6168 -1416 12876 23373 2018 -4811 END
START 7144 -244 11692 22417 2352 -5162 END
START 7548 736 10592 21703 3310 -6224 END
START 7304 1176 9264 20853 3818 -7517 END
START 6888 1432 7812 19971 3797 -8559 END
START 6564 1508 6848 18682 3416 -8894 END
START 6160 1712 6140 17555 3476 -9071 END
START 5884 1988 4876 16319 3592 -9134 END
START 5484 2592 3788 15031 3086 -9206 END
START 5116 3308 2488 13458 2375 -9014 END
START 4924 3784 1764 11266 1119 -8385 END
START 5484 4508 1188 8867 768 -7809 END
START 5492 4648 580 6149 1366 -7868 END
START 5404 4704 416 3625 1189 -8077 END
START 4848 4796 944 1947 947 -8383 END
START 4524 4708 788 604 392 -8353 END
START 4172 4684 996 -1339 1 -7962 END
START 3680 4796 1208 -3357 123 -7098 END
START 3120 4600 1492 -5491 483 -6389 END
START 2412 4660 1728 -7144 677 -6148 END
START 1704 4488 2212 -7954 516 -6500 END
START 692 4060 2376 -8533 -261 -6945 END
START -76 3708 2340 -9269 -1738 -6932 END
START -608 3476 2556 -10571 -3395 -6358 END
START -460 3032 3196 -12408 -4101 -5358 END
START -328 2572 4588 -14226 -3669 -4241 END
START -364 1968 5424 -15817 -2481 -3449 END
START -848 1260 6724 -16701 -2637 -2919 END
START -1076 976 7172 -17255 -3737 -2451 END
START -1568 880 7840 -17860 -5073 -2152 END
START -1520 432 8048 -18576 -5462 -1991 END
START -1644 -440 9180 -19641 -5937 -1403 END
START -1440 -748 10968 -20850 -6330 29 END
START -48 -1324 12820 -22087 -5555 1601 END
START 176 -1540 15648 -23015 -3808 2415 END
START 144 -1740 16936 -23246 -2441 2456 END
START -368 -2304 18732 -22907 -2756 2097 END
START -264 -3152 21720 -21928 -4640 2605 END
START 1292 -3672 24704 -20915 -4727 3641 END
START 2324 -3716 27032 -20663 -2658 4367 END
START 2632 -3520 29964 -20507 -88 4557 END
START 2140 -3276 32767 -19240 1965 4195 END
START 1552 -3744 32767 -16421 2893 3334 END
START 1264 -4752 32767 -12885 3289 2393 END
START 320 -5448 32767 -9731 2999 1912 END
START 8 -6028 32767 -6841 2189 2081 END
START 172 -6636 32767 -3926 1628 2320 END
START 368 -6936 32767 -1587 1402 2493 END
START 408 -7304 32767 1078 1463 2612 END
START 348 -7136 32767 4086 1611 2638 END
START 272 -7068 32767 7040 1629 2504 END
START 60 -7152 32767 9831 1628 2520 END
START -12 -7120 32767 12083 869 2919 END
START 224 -6676 31492 13650 -354 3230 END
START 744 -6172 29916 15284 -979 3250 END
START 1232 -5652 28340 16519 -1313 3081 END
START 2024 -5192 26696 17471 -1916 2676 END
START 3068 -4820 25812 18549 -2375 2272 END
START 3812 -4164 24516 19688 -2330 1703 END
START 4304 -3292 22864 20801 -2358 938 END
START 4360 -2556 21240 21535 -2630 -286 END
START 4652 -1876 19804 22010 -3219 -1419 END
START 5036 -1484 18596 21855 -3240 -2015 END
START 5756 -1428 17340 21183 -2584 -1934 END
START 6208 -632 16224 20624 -1991 -1827 END
START 6612 468 14996 20606 -1238 -2317 END
START 6672 1332 13644 20491 -1042 -3465 END
START 6656 2236 12176 20337 -995 -4911 END
START 6848 2344 11340 19513 -581 -6107 END
START 7496 2644 10772 18265 -653 -6482 END
START 7564 3108 10512 17310 -195 -7015 END
START 7292 4116 9276 16310 -286 -7544 END
START 6436 4648 7948 15455 -746 -8145 END
START 6032 5084 6452 14289 -726 -8740 END
START 5604 5340 5504 12671 -103 -9246 END
START 5380 5176 4596 10515 1287 -9784 END
START 4416 4364 4240 8694 2219 -10108 END
START 3840 3752 4060 7222 1743 -10015 END
START 3220 4064 3704 6285 881 -9738 END
START 2760 4020 3000 5128 415 -9600 END
START 2296 4164 2180 3837 -159 -9539 END
START 2020 3988 1324 2319 -1051 -9667 END
START 1740 3852 1236 627 -2165 -9640 END
START 1768 3672 972 -1042 -2351 -9275 END
START 1360 3588 616 -3366 -1473 -8443 END
START 796 3488 420 -6082 -1009 -7340 END
START -168 3532 560 -8399 -1148 -6013 END
START -876 3352 908 -10709 -1314 -4189 END
START -832 3188 2004 -12301 -1699 -1854 END
START -68 3392 2932 -13365 -1432 -326 END
START 1160 3292 3356 -13802 -1651 -472 END
START 2404 2968 4436 -14213 -2134 -1601 END
START 2392 2880 5276 -14367 -1530 -2717 END
START 1944 2608 5008 -14955 -949 -3144 END
START 1044 2340 5288 -16382 -639 -3008 END
START 312 1856 5788 -17349 -244 -2350 END
START -144 1192 6240 -18446 226 -1598 END
START 12 640 7020 -19996 472 -1138 END
START -500 -120 9224 -21021 172 -717 END
START -456 -840 11784 -21449 358 -310 END
START -932 -1408 13744 -22210 1081 -213 END
START -2352 -1836 17316 -22301 1176 84 END
START -2712 -2280 20152 -21546 1449 620 END
START -2796 -2900 23672 -21058 1337 1779 END
START -2924 -2384 28036 -20492 538 3132 END
START -3312 -1592 32767 -19133 -1401 4060 END