START 2080 1260 3132 159 -2162 -2212 END
START 2700 3164 2732 48 -3982 -1913 END
START -1336 3816 12812 -229 -4763 -1856 END
START 2868 2108 6128 -1376 -5691 -1357 END
START 1944 2484 6472 -2510 -6279 -271 END
START 2156 3172 6660 -3112 -5427 89 END
START 2872 2956 5976 -3602 -4926 -539 END
START 2832 2400 5460 -4095 -4926 -1699 END
START 2688 2416 5480 -3759 -5452 -2692 END
START 2524 2840 4788 -3536 -5059 -3080 END
START 1888 2396 3316 -4207 -3965 -2610 END
START 1828 2608 2560 -5478 -4350 -1246 END
START 1648 1928 3496 -7658 -4612 671 END
START 2408 1780 5172 -9248 -4741 2301 END
START 3268 1364 6440 -9943 -3183 3127 END
START 3036 892 6952 -10529 -1442 3370 END
START 2256 584 7196 -10856 -993 3575 END
START 1284 316 7372 -11672 -1342 4032 END
START 1500 -428 7488 -13234 -2768 4566 END
START 2700 -1112 10004 -14895 -4803 4865 END
START 4156 -1748 12556 -15243 -5755 5000 END
START 5192 -1836 13492 -15347 -5182 4648 END
START 4120 -1848 15316 -15867 -4072 3913 END
START 3480 -2712 16308 -15883 -3546 3953 END
START 3524 -3616 17868 -16469 -3328 4919 END
START 4940 -4400 20348 -17096 -2611 6043 END
START 6060 -4380 22760 -17154 -1153 6532 END
START 6484 -4436 24448 -16672 611 6206 END
START 5788 -4768 25332 -15711 1370 5491 END
START 5260 -5008 26312 -14606 690 4861 END
START 5160 -5632 27508 -13497 -233 4348 END
START 5580 -6080 29196 -12085 -642 4400 END
START 6008 -6168 30300 -10884 128 4495 END
START 6064 -5956 31360 -9742 911 4208 END
START 5732 -5832 32504 -8291 1310 3841 END
START 6024 -5920 32767 -6400 1662 3346 END
START 6128 -6180 32767 -4625 1851 2655 END
START 5788 -6572 32767 -2868 1378 2004 END
START 5696 -6800 32767 -830 857 1708 END
START 5680 -6968 32767 1289 747 1606 END
START 5404 -7252 32767 3476 766 1621 END
START 5120 -7140 32767 5639 1081 1349 END
START 4408 -7172 32767 7808 1257 589 END
START 3744 -7488 32767 9818 638 -80 END
START 3184 -7192 32512 11920 -324 -316 END
START 3024 -7256 31328 13886 -715 -247 END
START 3084 -6840 29604 15630 -717 183 END
START 2872 -6536 28336 16869 -879 415 END
START 3104 -6000 27484 18287 -729 254 END
START 3216 -5516 26352 19963 -356 44 END
START 3524 -5060 24736 21351 209 -114 END
START 3756 -4668 22996 22204 348 -86 END
START 3680 -3948 21676 22667 230 -219 END
START 3964 -3700 20540 23529 513 -358 END
START 3884 -3488 19264 24335 684 -192 END
START 3808 -2940 18060 25043 1106 436 END
START 4120 -2052 17580 25939 1519 899 END
START 4528 -1648 16256 27820 2627 1069 END
START 5564 -1144 14400 28373 3598 846 END
START 6904 -456 11624 27065 3914 -253 END
START 7352 -48 10020 23837 3259 -2201 END
START 6756 288 9528 21643 2162 -3548 END
START 6104 948 9112 20684 823 -3673 END
START 5904 1740 8376 20135 879 -3283 END
START 6012 2248 7432 19380 2142 -3126 END
START 6172 3848 7156 18408 2856 -3090 END
START 6136 3224 6204 16957 3162 -3205 END
START 6584 3320 5876 15760 2274 -3467 END
START 7100 3776 5204 14582 1451 -4137 END
START 6940 4412 4384 13366 404 -4895 END
START 6272 4368 3472 11768 -697 -5641 END
START 5572 4784 2548 9989 -1372 -6128 END
START 5392 4876 1828 8148 -1548 -6489 END
START 5144 4840 1236 6255 -1211 -6669 END
START 4696 4848 424 4074 -1022 -6711 END
START 4496 4908 8 1706 -1005 -6714 END
START 4444 5000 144 -478 -794 -6940 END
START 3804 5152 288 -2428 -1022 -7031 END
START 3316 4972 504 -4084 -1965 -6879 END
START 3072 4964 1020 -5168 -2633 -6517 END
START 2564 4936 932 -6317 -2812 -6051 END
START 2208 4672 932 -7778 -2680 -5324 END
START 1552 4732 1312 -9430 -3005 -4689 END
START 1236 4540 1436 -10989 -3660 -4121 END
START 1100 4496 2132 -12546 -4718 -3937 END
START 1140 4320 2728 -13596 -5572 -4200 END
START 1308 3300 3460 -14611 -6514 -4433 END
START 1240 2732 4044 -15395 -7591 -4229 END
START 900 2164 5092 -15925 -8381 -3528 END
START 1060 1668 5456 -16714 -8532 -2870 END
START 852 1012 6008 -18170 -8126 -2518 END
START 224 -80 6620 -19669 -7897 -1927 END
START -276 -1168 7688 -20965 -7635 -643 END
START -704 -1992 9444 -22555 -7428 1132 END
START -476 -2376 11668 -23720 -7274 3222 END
START 612 -2772 13632 -24493 -6989 4750 END
START 1224 -3360 15456 -25333 -6695 5487 END
START 2188 -3728 17444 -25776 -6745 5836 END
START 2368 -4108 20212 -25873 -6796 5979 END
START 3316 -4700 23028 -25655 -7278 6420 END
START 4760 -5128 26420 -24961 -7423 6912 END
START 6240 -4884 29896 -23767 -6401 7023 END
START 7228 -4756 32767 -22133 -4889 6670 END
START 8244 -4992 32767 -19674 -3735 6149 END
START 8996 -5324 32767 -16009 -2656 5353 END
START 9664 -5452 32767 -12048 -1372 4091 END
START 9928 -5700 32767 -8494 -375 2994 END
START 9984 -5856 32767 -5040 974 2043 END
START 9412 -6072 32767 -1413 2141 1370 END
START 8944 -6280 32767 1910 3068 918 END
START 8588 -6348 32767 4854 3839 587 END
START 8232 -6388 32767 7737 4264 182 END
START 7388 -6348 32767 10597 4278 -287 END
START 6616 -6376 32767 13239 3940 -777 END
START 5772 -6420 32767 15528 3401 -1016 END
START 5672 -6340 31116 17172 2950 -954 END
START 5544 -6016 29024 18331 3075 -998 END
START 5704 -5796 27224 19461 3223 -1245 END
START 5668 -5568 25664 20619 3240 -1338 END
START 5720 -5092 23812 21680 3043 -1491 END
START 6208 -4676 21848 22118 3273 -1546 END
START 6352 -4300 20200 22112 4153 -1584 END
START 6312 -3536 18688 22117 4931 -1633 END
START 6080 -2820 16844 22158 5092 -1767 END
START 6020 -2044 15520 21986 4538 -2205 END
START 6364 -1292 14124 21487 3967 -2567 END
START 6296 -516 13064 20711 4242 -2918 END
START 6200 48 12136 19911 4339 -3120 END
START 6100 684 11368 19568 4323 -3409 END
START 6116 1116 10276 19163 4665 -4040 END
START 5904 1628 9404 18459 4820 -4587 END
START 6144 2152 8580 17736 4854 -4900 END
START 5984 2860 7624 16875 4820 -5356 END
START 5736 3424 6520 15640 4318 -6010 END
START 5360 3748 5516 14239 3893 -6706 END
START 5064 4280 4844 12965 3319 -6958 END
START 5428 5588 4136 11845 3763 -6827 END
START 5768 6084 3008 10209 4288 -6831 END
START 6148 6452 2504 8556 4222 -6941 END
START 6132 6396 1656 7055 3914 -7599 END
START 5552 6004 832 5266 2843 -8455 END
START 4856 5732 604 3659 1416 -9065 END
START 4060 5492 72 1966 112 -9633 END
START 3248 5108 -424 251 -1285 -10100 END
START 2156 4932 -736 -1661 -2677 -9992 END
START 1516 4628 -804 -3894 -3282 -9212 END
START 1028 4484 -816 -6641 -3131 -8256 END
START 780 3976 -176 -9224 -3107 -7577 END
START 332 3416 712 -10822 -4198 -6969 END
START -40 2508 1640 -11773 -5834 -6447 END
START -88 1888 2196 -12495 -7540 -5707 END
START 152 1452 3192 -13461 -9069 -4959 END
START 488 784 4068 -14253 -9633 -4349 END
START 464 532 4276 -15692 -9639 -3508 END
START 28 -228 4708 -17511 -9804 -2545 END
START 48 -708 5556 -18866 -9954 -1139 END
START 420 -1064 6188 -19659 -10309 105 END
START 1220 -1092 6984 -20163 -10318 502 END
START 2224 -2140 6392 -20972 -10937 65 END
START 944 -2044 8012 -22111 -13407 -1220 END
START 1604 -3752 9616 -22026 -16157 -1510 END
START 1772 -4300 11956 -21847 -16528 -47 END
START 3268 -4596 14068 -22588 -13673 1889 END
START 4016 -5236 16844 -24482 -9000 4459 END
START 4864 -5728 20904 -26371 -5305 6861 END
START 5260 -5624 25728 -26512 -1844 8548 END
START 5532 -5504 31016 -24310 1496 9036 END
START 6112 -5724 32767 -20673 4373 8626 END
START 6488 -5824 32767 -17221 5916 7407 END
START 6220 -5932 32767 -14443 5982 5325 END