START 4572 1944 9800 -9622 -1469 -443 END
START -1840 5160 15284 -9561 -1485 -332 END
START -552 3064 9664 -9759 -1662 158 END
START 636 2728 7628 -10404 -2644 834 END
START 880 2608 6588 -10848 -3823 2285 END
START 1812 2804 6608 -11334 -5485 3870 END
START 2380 1764 6176 -12384 -4873 4502 END
START 2892 1844 6976 -13319 -3680 3841 END
START 2764 1704 7216 -13807 -3217 2521 END
START 2108 1048 7356 -13353 -4269 1497 END
START 1464 1300 7048 -12711 -5713 1281 END
START 684 936 7148 -13368 -7751 1708 END
START 1804 716 8352 -14942 -8735 3274 END
START 3024 116 10180 -16302 -8104 5062 END
START 4280 -88 11908 -17507 -5997 6437 END
START 4760 176 13152 -18529 -3550 7257 END
START 4480 92 13468 -19211 -2013 7506 END
START 3908 -240 13892 -19460 -2039 7285 END
START 3792 -892 14732 -19469 -3531 7009 END
START 4240 -1324 16228 -19736 -5226 6493 END
START 4468 -1644 18424 -20144 -5834 6136 END
START 4864 -1840 20460 -20104 -5818 5934 END
START 4924 -2140 22016 -19408 -5030 6016 END
START 5056 -2024 22856 -18796 -3725 6091 END
START 5276 -2692 24356 -18475 -2842 6054 END
START 6012 -3468 26528 -17877 -2696 6259 END
START 7436 -3960 28672 -16454 -2434 6392 END
START 8368 -4040 31132 -14557 -1290 5706 END
START 8240 -3680 32720 -11961 78 4578 END
START 7912 -3676 32767 -9272 1229 3253 END
START 7824 -4192 32767 -7231 1789 2238 END
START 7568 -4412 32767 -5142 1841 1927 END
START 7768 -4504 32767 -2783 2327 1671 END
START 7640 -4420 32767 -588 3235 840 END
START 7068 -4640 32767 1480 3514 -393 END
START 6460 -4592 32767 3775 2643 -1259 END
START 6036 -4808 32767 6184 1610 -1693 END
START 5660 -4636 32296 8470 1112 -1701 END
START 5116 -4496 30680 10107 1356 -1663 END
START 4776 -4492 29272 11325 1471 -1666 END
START 4304 -4440 27780 12697 1261 -1483 END
START 3936 -4248 26192 14013 1070 -1468 END
START 3760 -4056 24748 15061 991 -1608 END
START 3724 -3880 23500 15858 763 -1633 END
START 3960 -3592 22520 16492 634 -1302 END
START 4156 -3032 21224 17062 1196 -1093 END
START 4124 -2892 20132 17487 2322 -788 END
START 4024 -2656 19600 17691 3275 -101 END
START 4320 -2344 19464 17752 4620 1364 END
START 5176 -1968 19144 17988 6076 2877 END
START 6344 -1292 17836 18122 6420 3521 END
START 6880 -500 16852 17819 4098 2461 END
START 7556 768 15780 18373 1870 -249 END
START 7664 1404 15152 19243 920 -3140 END
START 7008 2224 13484 19493 1444 -5111 END
START 6188 2536 12024 18665 1839 -6000 END
START 5816 2732 10924 17197 2486 -5709 END
START 5680 3036 10088 15467 3587 -4862 END
START 5728 3112 9928 13716 4575 -4070 END
START 5844 3400 9548 12339 5469 -3870 END
START 5592 3512 9088 11723 5858 -4473 END
START 4888 3700 8296 10988 5278 -5498 END
START 4024 3704 7360 10261 4387 -6160 END
START 3052 3520 6952 9434 2678 -6393 END
START 2840 3676 6492 8544 1422 -6083 END
START 2736 3596 5784 7456 782 -5561 END
START 2912 3764 5144 5993 639 -5201 END
START 2888 3820 4612 4355 500 -5152 END
START 2648 4120 4296 2816 28 -5290 END
START 2560 4276 4264 1217 -262 -5367 END
START 2144 3992 3800 -335 -469 -5315 END
START 1896 3980 3556 -1972 -1234 -5034 END
START 1484 4104 3368 -3669 -2099 -4724 END
START 1200 4256 3516 -5171 -2338 -4510 END
START 548 3960 4072 -6377 -2598 -4011 END
START 328 3940 4192 -7323 -3168 -3308 END
START 580 3824 4716 -8416 -4119 -2513 END
START 508 3660 5732 -9669 -5285 -2095 END
START 1160 3356 6556 -10685 -6346 -1751 END
START 1420 3072 7408 -11551 -6833 -1430 END
START 1432 2756 8052 -12254 -6644 -1085 END
START 1520 2636 8188 -13108 -5655 -1058 END
START 796 2648 8096 -13836 -4902 -1073 END
START 136 2160 8608 -14545 -5340 -555 END
START 136 1300 9580 -15441 -6610 790 END
START 1476 544 10776 -16785 -7712 2207 END
START 2868 216 12240 -17897 -7482 3128 END
START 3148 648 14000 -18245 -5826 3385 END
START 3132 612 14012 -18177 -3861 3020 END
START 2836 -228 14952 -18299 -3774 2687 END
START 3076 -1192 16560 -18272 -4832 3078 END
START 4012 -1776 18396 -18227 -5270 3903 END
START 4760 -1912 19408 -18450 -4092 4514 END
START 4800 -2324 20104 -18459 -2083 4227 END
START 4328 -2900 21024 -18377 -1063 3841 END
START 3940 -3784 23256 -18005 -964 3898 END
START 4392 -4520 25132 -16915 -975 4451 END
START 4440 -4768 26500 -15412 -812 4743 END
START 4368 -4992 27380 -13510 -8 4471 END
START 4212 -5044 28248 -11878 319 4066 END
START 4176 -5084 29508 -10099 563 3791 END
START 4768 -4956 30712 -8060 916 3581 END
START 5528 -5004 31476 -6467 1305 3205 END
START 6036 -4884 32652 -4654 2353 2540 END
START 5960 -5032 32767 -2600 3265 1886 END
START 5644 -5308 32767 -392 3337 1418 END
START 5292 -5816 32767 1592 2795 1046 END
START 5040 -5684 32767 3705 2380 595 END
START 4708 -5712 32616 5893 2532 36 END
START 4360 -6032 31612 7814 2885 -323 END
START 3988 -6260 30760 9654 2993 -643 END
START 3600 -6556 29928 11485 2990 -877 END
START 3104 -6732 28992 13464 2929 -658 END
START 3352 -6528 27716 15016 3125 39 END
START 3676 -6292 26500 15758 3230 468 END
START 3768 -5668 25552 16427 3388 521 END
START 3548 -5452 24200 17674 3713 206 END
START 3600 -5008 23088 19030 3539 -406 END
START 3540 -4716 21432 19892 2751 -876 END
START 3724 -4236 20404 20478 2045 -906 END
START 3892 -3672 19236 20966 1889 -392 END
START 3936 -2980 17676 21203 2038 391 END
START 3676 -2420 16248 20907 2517 902 END
START 3688 -1536 15032 20345 2479 805 END
START 4536 -488 14348 19789 2246 212 END
START 5156 164 13612 19558 2139 -774 END
START 5196 1032 12796 19596 2297 -1939 END
START 5108 1772 11136 19154 2681 -3033 END
START 4428 2364 9444 18033 2276 -3487 END
START 4068 2800 8352 16547 1623 -3471 END
START 4516 3244 8256 15249 1573 -3180 END
START 4420 3660 7804 13943 1917 -3033 END
START 5020 3780 7056 12496 2108 -3164 END
START 4836 4244 6592 10912 2031 -3414 END
START 4424 4396 6420 9806 2047 -3868 END
START 3972 4716 6112 8877 1889 -4295 END
START 3988 5036 5796 7937 1052 -4488 END
START 4476 5468 5748 6874 -201 -4669 END
START 4952 6236 5604 5826 -526 -4980 END
START 4972 6544 5288 4562 285 -5524 END
START 4636 6660 4784 3117 832 -6032 END
START 4404 6484 4548 1574 268 -6335 END
START 4312 6348 4876 435 -661 -6792 END
START 4380 6056 4924 -321 -1249 -7399 END
START 3956 5948 4968 -1373 -1343 -8038 END
START 3292 5840 4616 -2501 -1240 -8544 END
START 2404 5560 4156 -3514 -1770 -8763 END
START 1780 5176 4108 -4655 -3112 -8974 END
START 1320 4536 4312 -5622 -3950 -8788 END
START 876 3700 4624 -6727 -4357 -8051 END
START 628 2644 5044 -7593 -4716 -7072 END
START 796 1744 5628 -7922 -5704 -6487 END
START 1156 560 6196 -7804 -7019 -6672 END
START 888 -948 6884 -6922 -9096 -7600 END
START -272 -1404 7584 -5981 -11496 -8185 END
START -836 -1364 8344 -5896 -12129 -7031 END
START -536 -1344 9052 -7352 -10339 -4431 END
START 800 -1492 9460 -10593 -7112 -2009 END
START 1424 -928 11168 -13434 -4269 -454 END
START 1704 -592 13224 -14809 -2549 -36 END
START 1548 -428 15228 -14893 -1435 -285 END
START 1188 -412 16936 -14318 -983 -665 END
START 1156 -572 18724 -13443 -1298 -715 END
START 1656 -644 20616 -12713 -2162 -229 END
START 2652 -420 21720 -12715 -2573 655 END