START 4500 2708 -3296 -4704 -1559 278 END
START -2984 4848 6972 -5424 -1446 561 END
START 132 3640 3016 -6544 -2828 1374 END
START 812 3504 3032 -8121 -3302 2499 END
START 876 3380 3052 -9489 -3387 3563 END
START 972 3236 3292 -10871 -3297 4472 END
START 1468 3036 3616 -12098 -3330 5108 END
START 2340 2868 4488 -12830 -3968 5334 END
START 2700 2560 5236 -13184 -4460 5268 END
START 3200 2552 6060 -13540 -5224 5248 END
START 3172 2892 6892 -13729 -6192 5359 END
START 3520 2920 7868 -13988 -6878 5836 END
START 4452 2524 10144 -14087 -7694 6824 END
START 5940 2248 11568 -13748 -7006 7522 END
START 7092 1480 11516 -13823 -4660 7625 END
START 6484 1588 11512 -14640 -1754 7614 END
START 5556 1944 11080 -15723 749 7293 END
START 3800 1568 10488 -16907 1259 6812 END
START 2620 1628 11068 -18222 -1280 6735 END
START 3124 480 12896 -19485 -4708 7384 END
START 3800 156 15548 -19762 -5679 7940 END
START 5672 -784 16272 -20292 -3713 7990 END
START 5004 -1316 17680 -20864 -641 7839 END
START 4232 -1980 18232 -21150 957 7661 END
START 3612 -2992 19640 -21345 378 7599 END
START 3552 -3336 21544 -20882 -1747 7521 END
START 4236 -3840 23248 -19841 -4092 7118 END
START 5360 -4364 24628 -18555 -6009 6243 END
START 6268 -4812 25796 -17086 -6438 5347 END
START 6792 -4740 27188 -15543 -5850 4681 END
START 7260 -4944 28488 -14099 -4311 4535 END
START 7564 -5184 29752 -12733 -2501 4561 END
START 8012 -5700 31008 -11107 -1309 4446 END
START 8548 -5812 32436 -9054 -610 4078 END
START 8728 -6044 32767 -6722 -399 3392 END
START 8820 -6080 32767 -4115 -322 2547 END
START 9104 -6076 32767 -1571 99 1530 END
START 8968 -6148 32767 909 829 648 END
START 8544 -6440 32767 3172 1486 -35 END
START 8100 -6376 32767 5566 2206 -456 END
START 7416 -6316 32767 7880 2880 -773 END
START 6888 -6416 32004 10098 3169 -1067 END
START 6280 -6212 30744 12111 2451 -1471 END
START 6004 -5964 29312 13964 1640 -1884 END
START 5912 -5708 28160 15658 1703 -2430 END
START 5428 -5736 26664 17158 2289 -2734 END
START 5104 -5792 25232 18234 2063 -2421 END
START 4932 -5372 24460 19371 2061 -1838 END
START 5300 -4828 23708 20637 2682 -1440 END
START 5592 -4580 22696 21620 3293 -1293 END
START 5756 -3964 21956 22214 3471 -1316 END
START 5460 -3600 21264 22703 3322 -1205 END
START 5816 -3800 20172 23283 3555 -761 END
START 5832 -3056 18500 23990 4562 14 END
START 6384 -2268 15840 23757 4785 -81 END
START 6464 -1072 13916 22332 3738 -1543 END
START 6336 -296 12904 21385 2108 -3166 END
START 6212 556 12532 21407 542 -4018 END
START 7208 1288 11304 21680 91 -4728 END
START 7768 2196 9272 20707 1049 -5425 END
START 7800 2664 7848 18885 2898 -6213 END
START 7332 2884 6800 17087 4044 -6748 END
START 6772 3148 5780 15648 3909 -7050 END
START 6424 3508 4828 14257 2767 -7540 END
START 6460 3936 4500 12935 1433 -8511 END
START 6236 4228 4144 11690 488 -9382 END
START 5952 4336 3604 10549 -554 -9718 END
START 5716 4704 2820 8857 -1517 -9744 END
START 5616 5052 2264 6784 -2032 -9958 END
START 5560 5328 2104 4721 -2319 -10257 END
START 5288 5204 2072 3140 -2253 -10577 END
START 5152 5884 2136 1726 -2396 -10890 END
START 4460 5088 1724 -240 -2027 -10765 END
START 3812 4912 1688 -2143 -1665 -10303 END
START 3320 4640 1456 -3958 -1748 -9512 END
START 2524 4816 1672 -5742 -2440 -8977 END
START 2220 4504 2032 -7435 -3361 -8873 END
START 1564 4012 2628 -8963 -3889 -8756 END
START 848 3648 3196 -9999 -4460 -7678 END
START 584 3324 3328 -11095 -4523 -6207 END
START 332 2892 3512 -12766 -4370 -4863 END
START 4 2452 3904 -14688 -4519 -3878 END
START -336 1668 4520 -16543 -5516 -3220 END
START -1088 1216 5820 -17606 -7226 -2684 END
START -1544 444 7156 -17904 -9335 -1994 END
START -1072 -352 8268 -18343 -10936 -997 END
START -428 -1052 9404 -19269 -11183 411 END
START -232 -1768 10720 -20461 -10377 1870 END
START -32 -2212 12272 -21363 -9290 3494 END
START 420 -2696 13724 -21687 -8290 4840 END
START 1120 -3196 15192 -22216 -8157 5777 END
START 2148 -3676 17592 -22536 -8208 6622 END
START 3136 -3856 19236 -22261 -7428 6858 END
START 3576 -3968 21012 -21898 -7171 6476 END
START 4504 -4396 23524 -21092 -7391 5975 END
START 5336 -4584 25868 -19803 -7249 5901 END
START 6548 -4972 27936 -18227 -6143 6122 END
START 7528 -4608 29872 -16398 -4038 5826 END
START 7588 -4244 31212 -14339 -2302 4919 END
START 7924 -4540 32767 -12142 -1706 4078 END
START 8732 -4428 32767 -9254 -1541 3035 END
START 9536 -4756 32767 -6529 -1318 2066 END
START 9744 -4736 32767 -4250 -679 1580 END
START 9628 -4264 32767 -2155 -27 1360 END
START 9400 -4368 32767 -255 310 1148 END
START 9444 -4380 32767 1702 765 969 END
START 9640 -4692 32767 4033 1718 737 END
START 9500 -4920 32767 6577 2682 283 END
START 9192 -5312 32767 9129 3108 -467 END
START 8332 -5420 32767 11368 2694 -1235 END
START 7632 -5372 30576 13378 2337 -1668 END
START 7220 -5408 28532 14941 2302 -1774 END
START 7020 -5292 26492 15901 2491 -1693 END
START 7112 -4916 25024 16801 2883 -1764 END
START 7224 -4564 23572 17703 3641 -1914 END
START 7000 -4124 22204 18630 4198 -2142 END
START 6984 -3860 20500 19439 3998 -2420 END
START 6900 -3508 19236 20004 3433 -2574 END
START 7388 -2880 17956 20216 3819 -2542 END
START 7776 -2292 16712 19885 4754 -2923 END
START 7868 -1728 15792 19252 5680 -3711 END
START 7420 -1132 14580 18955 6924 -3982 END
START 7180 -520 12916 18419 8369 -3970 END
START 7060 -16 11360 17094 10586 -3724 END
START 6288 540 10524 15622 11883 -3297 END
START 6108 872 10200 14794 11779 -2817 END
START 6732 1584 9684 14132 11053 -3472 END
START 6816 2464 8768 14099 9986 -4735 END
START 6780 3468 7696 13874 8585 -6239 END
START 6656 4032 6556 13410 7081 -7929 END
START 5964 4128 5792 12268 5235 -9274 END
START 5288 4208 5312 10796 3891 -9562 END
START 4892 4240 5484 9159 3585 -9207 END
START 4444 4360 5344 7822 4212 -8647 END
START 4028 4792 4936 6930 4405 -8238 END
START 3732 4948 4272 6181 2995 -8155 END
START 3404 5088 3672 5367 936 -8409 END
START 2888 5072 2708 4253 -1102 -8768 END
START 2252 5148 2456 2613 -2803 -8864 END
START 2112 5144 2492 674 -3352 -8915 END
START 1500 5024 2300 -1231 -3739 -8852 END
START 500 5408 2340 -3123 -4595 -8490 END
START 280 5072 2356 -4927 -5632 -8041 END
START 32 4596 2660 -6738 -7528 -7638 END
START -576 4056 3388 -8216 -10009 -7050 END
START -360 3216 4472 -9461 -11814 -6232 END
START -188 2044 5088 -10681 -11772 -5139 END
START -360 1212 5524 -12066 -10915 -3958 END
START -784 464 5768 -13314 -10003 -2590 END
START -1324 -200 6108 -14601 -10202 -1079 END
START -1376 -412 6820 -16057 -11438 703 END
START -352 -756 7772 -17507 -12265 2263 END
START 788 -920 9148 -18772 -12530 3736 END
START 2036 -676 10112 -20076 -11514 5104 END
START 3528 -448 11680 -21756 -9856 6252 END
START 4908 -344 13384 -23330 -8089 6298 END
START 6092 -436 16220 -23976 -6969 5014 END
START 6692 -1076 18636 -23518 -6988 3654 END
START 7412 -1920 21920 -22536 -8324 2938 END