START 8496 7824 -1168 5368 4149 -3040 END
START 8208 8240 -1080 4674 2346 -3269 END
START 8508 8224 -2476 3348 1534 -4100 END
START 9588 7268 -3760 1637 561 -5352 END
START 10468 7208 -5456 -879 1394 -7161 END
START 10964 6360 -6664 -4534 2862 -9910 END
START 10124 4904 -7268 -8275 4194 -12720 END
START 8144 3180 -7160 -11408 3792 -14718 END
START 6184 1776 -7080 -13182 1064 -15162 END
START 4756 376 -7008 -14929 -1666 -14596 END
START 3800 -964 -6596 -17492 -2539 -13631 END
START 2680 -2100 -5868 -21033 -306 -12632 END
START 1400 -3680 -4500 -24742 2032 -11334 END
START -120 -5092 -1744 -27736 1951 -9401 END
START -420 -5740 1812 -29435 69 -7259 END
START -124 -6584 5796 -30409 -1720 -5805 END
START 456 -6740 10764 -31225 -2365 -4766 END
START 720 -6628 16952 -31717 -1398 -4575 END
START -148 -6260 23876 -30825 377 -4627 END
START -1500 -5888 28848 -28995 2469 -4925 END
START -3788 -5936 32767 -26913 4261 -4977 END
START -6184 -5640 32767 -24208 5452 -4234 END
START -8704 -4980 32767 -20919 6172 -2545 END
START -10144 -4168 32767 -17243 6072 -91 END
START -10504 -3500 32767 -13604 4996 2474 END
START -9720 -2684 32767 -9825 4297 4634 END
START -8256 -1896 32767 -5918 4666 6046 END
START -7004 -1428 32767 -1371 5523 6895 END
START -5524 -1356 32767 3604 5936 7050 END
START -4408 -1552 32767 8489 5756 6509 END
START -3300 -1828 32767 13056 5785 5743 END
START -2536 -2188 32767 16922 6328 5102 END
START -1752 -2788 32767 20132 7292 4629 END
START -1100 -3208 31324 22144 7574 4230 END
START -356 -3160 26588 23107 7221 3444 END
START 432 -2720 21972 23807 6709 2337 END
START 1184 -2244 17996 24194 5869 998 END
START 2260 -928 13416 24244 5479 -410 END
START 3156 0 9696 23623 5536 -1787 END
START 4272 572 6608 22318 5796 -3405 END
START 4952 1192 3468 20879 4919 -5162 END
START 5692 1796 952 19342 3098 -7112 END
START 6400 2220 -1052 18088 1446 -9210 END
START 6868 2436 -2600 16839 230 -11539 END
START 7024 2328 -4372 15687 -884 -13762 END
START 6664 2548 -5792 14125 -2459 -15611 END
START 6396 2792 -7216 11844 -3612 -16830 END
START 6164 2492 -8476 8658 -3238 -17286 END
START 5364 1864 -9292 4592 -2191 -17269 END
START 4288 1416 -9212 283 -1437 -16867 END
START 3548 808 -8876 -3109 -1150 -16012 END
START 2880 104 -8200 -6037 -1444 -15208 END
START 2580 -704 -7240 -8798 -2112 -14907 END
START 1804 -1508 -5776 -11457 -2906 -14780 END
START 620 -2244 -3624 -14169 -3555 -14607 END
START -848 -2892 -996 -16552 -3998 -14277 END
START -2620 -3488 2412 -18560 -4215 -13725 END
START -4464 -4024 6800 -19948 -4516 -13008 END
START -6680 -4500 11580 -20920 -4995 -12353 END
START -9484 -4720 17332 -21278 -5055 -11241 END
START -11988 -4996 22144 -20948 -4551 -9107 END
START -14484 -5224 27240 -19813 -3178 -6410 END