START 9204 6404 -2648 3302 5830 -6473 END
START 8748 6876 -4756 2629 4006 -6756 END
START 8564 7652 -4580 1204 3154 -7584 END
START 10292 5724 -6572 -1243 1867 -9168 END
START 10164 5480 -7772 -4757 1966 -11821 END
START 9396 4580 -8312 -8852 2471 -14394 END
START 8068 3392 -8188 -12293 2254 -16188 END
START 6396 2484 -7660 -15354 1210 -16986 END
START 4948 1428 -7000 -17797 -241 -16550 END
START 3820 400 -6328 -20076 -1199 -15280 END
START 2524 -636 -5704 -22889 -542 -13596 END
START 1680 -1896 -4516 -26237 1435 -11674 END
START 180 -3308 -2356 -29528 3207 -9514 END
START -264 -4600 44 -31834 3734 -7239 END
START -308 -5684 3100 -32768 2990 -5280 END
START 236 -6704 7512 -32768 1835 -3469 END
START 880 -7620 12644 -32768 1292 -2433 END
START 824 -8136 18936 -32768 2576 -1865 END
START 588 -8932 26360 -32768 5720 -1615 END
START -1116 -9220 32767 -32768 9848 -1195 END
START -3940 -9340 32767 -32052 12985 -142 END
START -6648 -8100 32767 -27615 14831 1344 END
START -8844 -6600 32767 -22382 15773 2988 END
START -10768 -4736 32767 -17004 15116 4834 END
START -11420 -2596 32767 -11872 13216 7156 END
START -10516 -824 32767 -7377 11640 9565 END
START -9000 100 32767 -3478 11336 11376 END
START -7320 320 32767 710 11220 12228 END
START -5924 312 32767 5242 10310 11992 END
START -4928 -148 32767 10032 8214 11070 END
START -3776 -1068 32767 14479 5531 9839 END
START -2696 -1812 32767 18641 3073 8721 END
START -1772 -2420 32767 22203 1552 7764 END
START -556 -2532 30088 24890 1406 6926 END
START 644 -2744 25816 26391 2575 6168 END
START 1828 -2464 21796 26891 4189 5141 END
START 2912 -2040 18368 26779 5129 3648 END
START 4236 -1372 14820 26605 5244 1466 END
START 4968 -856 11596 26481 4687 -1280 END
START 5700 4 8460 26495 3102 -4007 END
START 6196 636 5280 26158 599 -6282 END
START 6884 1572 1792 25048 -2659 -8578 END
START 7884 2328 -1144 22525 -5406 -11659 END
START 8024 3320 -3144 19300 -6241 -15338 END
START 7660 3408 -4516 16588 -5716 -18379 END
START 6532 2752 -5820 13912 -5813 -19901 END
START 5448 1924 -6872 10650 -6331 -20086 END
START 4964 1244 -7568 7179 -6350 -19486 END
START 4376 532 -7548 3238 -5221 -18873 END
START 3584 -108 -7408 -539 -3376 -18321 END
START 2308 -1076 -6980 -3941 -2801 -17578 END
START 1636 -1780 -6136 -6980 -3131 -16620 END
START 912 -2184 -4696 -9795 -3787 -15690 END
START 180 -2504 -2832 -12177 -4252 -14953 END
START -912 -2652 -1108 -14365 -5335 -14142 END
START -2160 -2628 2180 -16425 -6861 -13267 END
START -2596 -2592 5920 -17992 -7246 -12472 END
START -3868 -2372 10664 -19227 -6541 -12267 END
START -6200 -1924 15444 -20123 -5489 -11761 END
START -8352 -1628 20016 -20490 -4369 -10652 END
START -10240 -1692 24020 -20346 -2847 -9446 END
START -12100 -2388 28148 -19434 -1126 -8359 END