START 9012 5460 -5244 8183 1185 1077 END
START 6464 6128 -4116 7274 823 810 END
START 7772 6400 -5476 5430 1224 75 END
START 8024 6016 -5588 2127 1346 -1339 END
START 7740 5904 -5836 -1159 2139 -3389 END
START 7012 5912 -6172 -3945 1501 -5240 END
START 5836 5340 -6272 -6108 -536 -6297 END
START 5872 4896 -6364 -7908 -2382 -6462 END
START 5656 4448 -6316 -10033 -3531 -6275 END
START 5744 4352 -6884 -13281 -2655 -5938 END
START 6020 3680 -7088 -17716 -166 -6005 END
START 5876 2560 -6524 -21949 2465 -6697 END
START 5092 1312 -5584 -25256 3316 -7699 END
START 4376 -472 -4144 -27197 1751 -8711 END
START 3944 -2240 -2848 -28348 -741 -9460 END
START 3952 -3212 -844 -29677 -2754 -9928 END
START 3676 -4356 2088 -31706 -3159 -10134 END
START 3120 -5388 6496 -32768 -1954 -10104 END
START 2048 -6844 13312 -32768 -250 -9828 END
START 344 -8692 21516 -32768 1736 -9428 END
START -1772 -10932 30024 -32768 3105 -8879 END
START -4188 -12992 32767 -32768 3572 -8008 END
START -6916 -12832 32767 -29063 3074 -6108 END
START -8488 -12928 32767 -22862 2976 -2970 END
START -8924 -11148 32767 -16554 4031 952 END
START -8064 -8920 32767 -11170 6079 4293 END
START -6896 -6624 32767 -6228 7318 6901 END
START -5448 -4352 32767 -1277 7230 8268 END
START -3800 -2804 32767 4017 6159 8444 END
START -2072 -1684 32767 9432 4405 7715 END
START -680 -1456 32767 14629 2637 6517 END
START 492 -1992 32767 19073 1618 5133 END
START 832 -2436 32767 22707 1385 4093 END
START 1224 -3104 32767 25758 1725 3726 END
START 1348 -3604 30956 28252 2557 3731 END
START 1708 -3700 26528 29737 3891 3869 END
START 2020 -3200 21628 30259 5349 4014 END
START 2420 -2760 17192 29980 6702 4018 END
START 3016 -1948 13448 28988 7677 3663 END
START 3660 -1308 9564 27424 7973 2864 END
START 4308 -608 6360 25530 7107 1552 END
START 5016 -92 3524 23457 5414 -218 END
START 5648 864 848 21120 3166 -2424 END
START 5992 1784 -1280 18832 505 -4829 END
START 6272 2664 -2972 16593 -1643 -7354 END
START 6660 3268 -4496 14429 -2617 -9859 END
START 6660 3404 -6164 12017 -2530 -12182 END
START 6308 2896 -7748 9187 -2196 -14076 END
START 5980 2216 -8864 5822 -2465 -15360 END
START 5224 2072 -9372 2819 -2986 -15886 END
START 4952 1828 -9624 -212 -3344 -16072 END
START 4636 1524 -9812 -3745 -3189 -16241 END
START 4268 1020 -9088 -7548 -2512 -16446 END
START 3832 376 -8160 -11141 -1964 -16502 END
START 3300 -284 -6252 -14179 -1744 -16518 END
START 2388 -960 -3748 -16385 -1695 -16549 END
START 872 -1012 -904 -17917 -2345 -16631 END