START 10152 6612 -6576 -5920 9999 -10335 END
START 9176 6988 -6196 -7450 9526 -10737 END
START 9892 6100 -8108 -11187 10569 -11960 END
START 10684 4184 -10160 -17065 10389 -14239 END
START 9392 3072 -9608 -22838 8447 -16791 END
START 8260 1488 -8048 -25997 5615 -18293 END
START 6532 12 -6752 -27370 2964 -18916 END
START 4728 -2016 -5856 -28744 2224 -19005 END
START 2496 -4256 -5152 -31122 2957 -18472 END
START 180 -6424 -3160 -32768 4089 -17321 END
START -2344 -8072 448 -32768 4112 -14790 END
START -4028 -8668 6092 -32768 2819 -10853 END
START -3416 -9868 11604 -32768 2554 -7238 END
START -2796 -10788 17848 -32768 4422 -5374 END
START -2904 -10956 25036 -32768 7508 -4992 END
START -4552 -11000 31992 -32768 9498 -6011 END
START -7412 -10032 32767 -29805 9728 -7143 END
START -10656 -8636 32767 -24182 8769 -7168 END
START -12792 -7332 32767 -19279 7718 -5781 END
START -14424 -5552 32767 -15368 7224 -3366 END
START -15032 -4080 32767 -11748 7503 -273 END
START -14296 -3300 32767 -8257 7451 2778 END
START -12516 -3124 32767 -4522 6595 4556 END
START -10784 -3000 32767 -12 5169 4623 END
START -9536 -3552 32767 5329 3526 3678 END
START -8888 -4016 32767 10794 1974 2853 END
START -7868 -4488 32767 15659 1686 2761 END
START -6312 -5012 32767 19154 2650 3175 END
START -5140 -5308 32767 21532 3713 3581 END
START -3772 -5536 29776 23385 3983 3735 END
START -2404 -5436 24752 24607 3234 3197 END
START -1160 -5060 20780 25702 2076 2185 END
START -128 -4120 17152 26574 1109 1187 END
START 1580 -2704 12780 26731 1160 353 END
START 3112 -1464 9192 25724 2128 -766 END
START 4380 -4 5632 24092 3044 -2093 END
START 5196 824 3028 22280 3215 -3587 END
START 5712 1356 616 20458 2507 -5349 END
START 5864 1920 -1560 19079 918 -7120 END
START 6080 2448 -3300 17900 -716 -8850 END
START 6344 2792 -5244 16250 -1785 -10516 END
START 6256 3216 -7256 13712 -2412 -11819 END
START 6328 3364 -9152 10399 -2258 -12706 END
START 5940 3452 -10276 6503 -1877 -13360 END
START 5224 3216 -10896 2618 -2250 -13560 END
START 5028 2912 -10940 -1272 -2701 -13769 END
START 4400 2040 -10600 -5177 -2576 -14119 END
START 4120 884 -9220 -8922 -2720 -14728 END
START 3212 -264 -7520 -11994 -3235 -15271 END
START 2084 -1524 -5180 -14635 -3997 -15401 END
START 464 -2728 -2708 -17216 -4297 -15098 END
START -1536 -3368 548 -19827 -4410 -14294 END
START -3352 -4344 4736 -22033 -4716 -13366 END
START -5152 -5308 10076 -23615 -4713 -12640 END
START -7480 -6180 16376 -24217 -3943 -11975 END
START -10428 -7008 22692 -24056 -3160 -10937 END
START -13204 -7876 29168 -22732 -2282 -9473 END
START -15828 -8696 32767 -20083 -975 -7420 END
START -17316 -9572 32767 -16881 210 -5609 END
START -18780 -10296 32767 -13421 788 -4467 END
START -20032 -10584 32767 -9191 1065 -3352 END