START 9092 5640 -2624 5147 4610 -4773 END
START 8132 6384 -1988 4320 2507 -4982 END
START 9124 6780 -4980 2672 1747 -5784 END
START 10548 5536 -6868 383 -110 -7115 END
START 11464 5492 -8024 -2642 857 -9488 END
START 11308 4672 -9284 -6283 2471 -12315 END
START 9680 3416 -9236 -9455 2459 -14618 END
START 8144 2284 -9580 -11358 449 -15782 END
START 7164 1224 -9932 -13137 -2319 -16200 END
START 5904 -144 -9676 -15760 -3795 -16099 END
START 4824 -1180 -8956 -19241 -3268 -15813 END
START 3160 -2636 -7380 -22753 -1927 -15116 END
START 1212 -4068 -5784 -25801 -1148 -13655 END
START -316 -5588 -2744 -28235 -2413 -11355 END
START -1140 -6344 884 -30278 -4096 -8791 END
START -880 -7432 5444 -32350 -4214 -6577 END
START -684 -7544 11224 -32768 -2539 -4766 END
START -756 -7900 17380 -32768 957 -3769 END
START -1640 -8292 24704 -32768 4744 -3794 END
START -4172 -8016 31468 -32768 7237 -3680 END
START -7036 -7320 32767 -30640 7510 -2964 END
START -9304 -6516 32767 -26122 6978 -1693 END
START -10852 -5316 32767 -21086 6591 -15 END
START -11208 -4232 32767 -16239 6302 1912 END
START -10252 -3424 32767 -11957 6166 4160 END
START -8992 -2616 32767 -7992 6576 5848 END
START -7604 -2100 32767 -3423 7173 6716 END
START -6444 -2124 32767 1756 7372 6764 END
START -5416 -2216 32767 6979 6569 6296 END
START -4428 -2496 32767 12195 5047 5629 END
START -3268 -2984 32767 16896 3799 4864 END
START -2460 -3304 32767 20798 3432 4286 END
START -1316 -3872 32767 23729 4079 4024 END
START -568 -4188 30160 25649 5077 4111 END
START 224 -4076 25812 26822 5892 4134 END
START 1300 -3632 21008 27295 6367 3708 END
START 2288 -3060 17180 27188 5913 2412 END
START 3592 -1952 13344 26786 4937 393 END
START 4348 -1152 9792 26127 3510 -1972 END
START 5376 144 6188 25305 2012 -4374 END
START 6128 1232 2824 24389 938 -6849 END
START 6788 1924 -304 22960 111 -9320 END
START 6892 2124 -3348 20779 -569 -11657 END
START 6540 2276 -5752 17860 -1527 -13788 END
START 6288 2060 -7596 14808 -2626 -15395 END
START 5560 2136 -8732 12021 -3338 -16299 END
START 5128 1556 -9688 9360 -3906 -16611 END
START 4840 1224 -10736 6445 -4167 -16658 END
START 4152 532 -11328 2708 -3893 -16622 END
START 3412 176 -11256 -1221 -3361 -16187 END
START 2696 -520 -10580 -5354 -2861 -15452 END
START 1608 -1068 -9124 -9053 -2696 -14635 END
START 756 -1640 -7028 -12035 -3171 -13906 END
START -340 -2124 -4972 -14425 -3806 -13393 END
START -2112 -2572 -2132 -16803 -3921 -12994 END
START -3924 -2748 1044 -19071 -4157 -12303 END
START -5788 -2992 5608 -20956 -4584 -11302 END
START -7968 -2872 11020 -22240 -4266 -9778 END
START -9932 -2352 15660 -22966 -3514 -7552 END
START -11360 -2960 20456 -23379 -2789 -5355 END
START -12356 -3712 25288 -23569 -2115 -3804 END