START 6492 3468 -2620 -9195 7403 -10023 END
START 6568 3764 -3820 -10195 5767 -10218 END
START 5272 4036 -4152 -12800 5060 -10560 END
START 4564 1832 -4436 -16161 2812 -10198 END
START 3824 772 -4796 -19512 1644 -9680 END
START 2708 24 -4328 -22512 709 -9105 END
START 1944 -556 -3356 -25091 1639 -8591 END
START 1328 -1520 -2444 -27225 3394 -8487 END
START 348 -2608 -1352 -28991 4508 -8438 END
START -1012 -3948 -584 -31022 3851 -8027 END
START -1952 -4792 1936 -32768 857 -6677 END
START -2156 -4896 5560 -32768 -2988 -4542 END
START -1124 -4424 10536 -32768 -4506 -2175 END
START 440 -4080 17332 -32768 -2288 -1173 END
START 996 -3976 24076 -32768 2285 -1880 END
START -72 -4412 31020 -32768 5998 -3386 END
START -1948 -5560 32767 -32768 7161 -4840 END
START -4800 -6728 32767 -28734 5922 -5422 END
START -6748 -7328 32767 -22730 3287 -4393 END
START -7528 -7328 32767 -16652 1737 -2294 END
START -7216 -6576 32767 -11030 2842 579 END
START -6748 -5904 32767 -6170 5287 3155 END
START -5932 -4944 32767 -1223 7291 5239 END
START -4888 -4196 32767 3980 7557 6550 END
START -3596 -3284 32767 9232 6127 6862 END
START -2024 -2312 32767 14544 3528 6462 END
START -544 -1900 32767 19444 953 5340 END
START 844 -1752 32767 22915 -625 3936 END
START 1840 -1696 32767 25277 -1118 2561 END
START 2408 -1644 28760 26641 -557 1341 END
START 3116 -1592 24600 27292 1020 273 END
START 3424 -1460 20284 27313 2891 -806 END
START 3780 -1428 16728 26901 4147 -1868 END
START 4456 -1560 13132 25944 3950 -3320 END
START 4924 -1084 10292 24772 3073 -5245 END
START 5324 -728 7768 23541 2104 -7786 END
START 5300 -220 5740 22689 1331 -10191 END
START 5060 292 3364 21961 319 -12298 END
START 4836 628 1200 20813 -257 -13987 END
START 4636 980 -1012 19033 -385 -15316 END
START 4220 1084 -2516 16723 -497 -15976 END
START 3700 1072 -3404 13860 -828 -16268 END
START 4104 1280 -4320 10987 -1000 -16350 END
START 4208 1520 -4824 8370 -864 -16394 END
START 4148 1140 -5104 5684 -625 -16497 END
START 3796 1012 -5148 3061 -436 -16660 END
START 3444 564 -5384 402 -615 -16755 END
START 2776 552 -5024 -1888 -995 -16766 END
START 2416 568 -4724 -4152 -1170 -16485 END
START 1952 188 -4900 -6591 -1186 -15937 END
START 1688 -304 -4168 -9351 -1277 -15541 END
START 1328 -456 -3300 -12321 -1492 -15359 END
START 736 -836 -1568 -15025 -2129 -15191 END
START -532 -744 372 -17069 -3169 -14826 END
START -1624 -780 3096 -18637 -4735 -14196 END
START -2668 -916 6432 -20062 -6065 -13602 END
START -4208 -908 10876 -21392 -7388 -12896 END
START -5348 -1356 15808 -22492 -8288 -11814 END
START -6684 -1920 21860 -23458 -8206 -9839 END
START -7644 -3680 28508 -23397 -6535 -7803 END
START -9220 -5516 32767 -21442 -4168 -6664 END
START -10628 -6572 32767 -17567 -2231 -6116 END