START 8764 6180 -9216 -568 -92 -5166 END
START 9728 6012 -12008 -1895 -1532 -6048 END
START 8880 5824 -12052 -4790 -1746 -8499 END
START 8216 4528 -11588 -8651 -3537 -11220 END
START 6372 3384 -11696 -12718 -4619 -12138 END
START 4480 2636 -11576 -17106 -4470 -10464 END
START 3572 1312 -10980 -22391 -1660 -7337 END
START 3028 180 -9252 -27692 2302 -4401 END
START 3232 -580 -6504 -31711 4508 -2397 END
START 3992 -1036 -2976 -32768 4786 -1683 END
START 5232 -1456 1416 -32768 4361 -2974 END
START 5272 -2028 7264 -32768 3707 -5257 END
START 4740 -3440 14064 -32768 2437 -7543 END
START 3664 -6048 21584 -32768 1798 -9317 END
START 1548 -9472 30404 -32768 2168 -10007 END
START -1760 -11888 32767 -31432 3214 -9112 END
START -5972 -12976 32767 -26356 4887 -6718 END
START -9012 -12836 32767 -20278 6391 -2550 END
START -9856 -11588 32767 -14649 7209 2163 END
START -8712 -9124 32767 -9945 8015 5537 END
START -7376 -6408 32767 -5140 8788 7083 END
START -6320 -4068 32767 347 8455 7300 END
START -5076 -2368 32767 5793 7058 6793 END
START -4032 -1016 32767 11036 5424 5983 END
START -2916 -424 32767 15525 3945 5202 END
START -2068 -232 32767 19032 3268 4561 END
START -1520 -516 32767 21898 3342 4251 END
START -904 -1032 32196 24345 3666 4205 END
START -156 -1452 27664 26085 4170 4016 END
START 764 -1628 22952 27186 4456 3720 END
START 1864 -1492 18676 27585 4919 3282 END
START 3316 -1144 14380 27487 5681 2427 END
START 4892 -500 10492 26704 6663 995 END
START 5900 88 6840 25341 7086 -800 END
START 6624 676 3692 23757 6396 -2739 END
START 7404 1312 704 21944 4749 -5168 END
START 7964 1820 -1856 19970 2802 -7860 END
START 7864 2108 -4080 17951 758 -10794 END
START 7488 2120 -5812 16182 -813 -13046 END
START 7108 2384 -8092 13894 -1741 -14256 END
START 6788 2300 -9844 11045 -1961 -14830 END
START 6772 2312 -11144 7205 -1540 -15136 END
START 6404 2040 -12280 2763 -1448 -15523 END
START 5664 1660 -12392 -2101 -1474 -16278 END
START 4628 1452 -10936 -6617 -2004 -16925 END
START 3336 804 -8988 -10156 -3270 -16960 END
START 2028 692 -6568 -12774 -5006 -16713 END
START 548 324 -3720 -15019 -6792 -16441 END
START -772 -16 -312 -17445 -8203 -16225 END
START -2596 -700 4700 -19630 -8916 -15866 END
START -4744 -1248 9636 -21402 -8612 -15107 END