START 7332 6148 -3836 8240 5035 -2306 END
START 4528 7164 -1436 7567 2943 -2522 END
START 6252 6864 -4388 6329 1032 -3332 END
START 7856 5804 -6280 5111 -1845 -4540 END
START 8448 6084 -8308 2649 -2290 -6475 END
START 8844 4808 -9900 -1417 -1281 -8958 END
START 7644 4004 -10288 -5580 43 -10949 END
START 6108 2996 -10172 -9103 703 -11586 END
START 4504 1956 -9824 -11919 563 -11139 END
START 3612 1076 -9812 -14622 -66 -9976 END
START 3480 184 -9744 -18007 -188 -9163 END
START 2972 -828 -8956 -21762 382 -8914 END
START 2472 -1684 -7256 -25367 734 -8786 END
START 1644 -2708 -4228 -27984 212 -8277 END
START 628 -3180 -892 -29315 -1284 -7209 END
START 208 -3212 2896 -30859 -2922 -5963 END
START -184 -3212 7628 -32768 -3926 -4654 END
START 104 -3964 14216 -32768 -3831 -3346 END
START 980 -5776 22180 -32768 -2404 -2652 END
START 1228 -7264 31356 -32768 450 -2315 END
START -544 -8848 32767 -32768 3798 -2275 END
START -3172 -9372 32767 -27139 6049 -1821 END
START -5568 -8992 32767 -19597 6983 -600 END
START -7100 -7568 32767 -13038 7369 1151 END
START -7876 -5456 32767 -8118 7774 3329 END
START -7988 -3324 32767 -3857 8092 5565 END
START -7720 -1504 32767 1110 8379 7437 END
START -6928 -592 32767 6347 8304 8605 END
START -6020 104 32767 11173 7457 9173 END
START -5116 56 32767 15657 6142 9405 END
START -4008 -116 32767 19786 4860 9321 END
START -3080 -500 32767 23530 3949 9052 END
START -1948 -992 32767 26339 3776 8571 END
START -1128 -1416 29080 28313 3967 8149 END
START -200 -1512 24148 29500 4321 7729 END
START 1244 -1252 19272 29906 4903 7065 END
START 2608 -860 15080 29828 5826 6156 END
START 4280 -48 10360 29365 6682 5096 END
START 6224 752 6124 28295 7486 3714 END
START 7972 1224 2000 26419 7220 1627 END
START 9016 2064 -1460 23649 5513 -1280 END
START 9600 2720 -4380 20389 2712 -4839 END
START 9588 3224 -6672 17465 109 -8511 END
START 9224 3676 -8424 15182 -1892 -11511 END
START 8980 3616 -10244 12796 -2988 -13820 END
START 8716 3456 -11876 9587 -3382 -15400 END
START 8296 3100 -12652 6043 -3158 -16484 END
START 7692 2588 -12864 2175 -2898 -17363 END
START 6932 1892 -12964 -2089 -2581 -18332 END
START 5652 1184 -11516 -6451 -3229 -19254 END
START 4020 716 -9064 -9876 -4742 -19699 END
START 2652 264 -6692 -11929 -6526 -19842 END
START 844 180 -3632 -13384 -9012 -19634 END