START 10440 7328 -2676 2982 -1003 -5583 END
START 8828 7272 -1760 2054 -2036 -5719 END
START 8776 7608 -3304 -90 -1626 -6271 END
START 10608 6272 -4412 -3125 -1192 -6921 END
START 10124 5676 -4868 -6796 191 -8737 END
START 9728 4780 -5108 -9891 1077 -10908 END
START 8684 3380 -4668 -12097 1182 -13298 END
START 6840 1708 -4180 -13603 116 -14879 END
START 5304 556 -4140 -14627 -1942 -15159 END
START 3920 -188 -4284 -16375 -3763 -14710 END
START 2764 -1592 -3928 -18830 -4210 -13860 END
START 1420 -2728 -3036 -22154 -3170 -12676 END
START 200 -4460 -1100 -25524 -2509 -11182 END
START -868 -5640 1744 -28122 -3252 -9367 END
START -1024 -6156 5328 -29812 -4398 -7324 END
START -792 -6280 10720 -31180 -4542 -5648 END
START -536 -6676 16388 -32174 -2863 -4821 END
START -892 -7328 22728 -32176 33 -5036 END
START -2268 -7872 28576 -30612 2096 -5461 END
START -4344 -8840 32767 -27384 2529 -5549 END
START -6372 -8848 32767 -23449 2372 -4906 END
START -7844 -8660 32767 -19744 2328 -3341 END
START -8656 -7888 32767 -16624 2655 -727 END
START -8340 -6796 32767 -14003 3438 2448 END
START -7508 -5292 32767 -11459 4551 4703 END
START -6244 -4080 32767 -8147 5211 6168 END
START -4872 -2872 32767 -4222 4918 6654 END
START -3400 -2328 32767 275 3997 6136 END
START -2288 -2052 32767 4644 2734 5293 END
START -1244 -1864 32767 8880 1865 4300 END
START -968 -2456 32767 12823 1851 3386 END
START -640 -3104 32767 16282 2567 2876 END
START -688 -3788 32767 19294 3371 2956 END
START -660 -4236 32767 21789 3990 3172 END
START -352 -4532 29928 23742 4308 3316 END
START 96 -4100 26140 25464 4108 3215 END
START 608 -3448 22944 26564 3744 2795 END
START 1064 -2728 19580 27045 3702 2140 END
START 1932 -1672 16348 26898 3998 1253 END
START 2388 -696 14084 26206 4557 39 END
START 2952 -92 11240 25343 5183 -1240 END
START 2896 460 8880 24296 5245 -2559 END
START 2980 1092 6852 23273 4717 -3458 END
START 3248 1828 4972 22406 3610 -4165 END
START 3812 2712 2744 21272 2349 -5230 END
START 4380 3704 392 19896 1092 -6648 END
START 4868 4204 -1716 18063 47 -8336 END
START 5324 4352 -3324 15690 -599 -10291 END
START 5396 4380 -4424 13062 -1122 -12198 END
START 5324 4000 -5588 9911 -1748 -13673 END
START 5016 3664 -6096 6853 -2596 -14566 END
START 4508 3212 -6176 3940 -3016 -14792 END
START 3992 2568 -6468 1080 -3078 -14706 END
START 3364 1620 -6700 -1714 -3405 -14361 END
START 3056 816 -6576 -4742 -3930 -13916 END
START 2264 96 -6316 -7967 -4341 -13527 END
START 1876 -1032 -5488 -10992 -4290 -13136 END
START 1124 -2732 -3960 -13842 -4501 -12810 END
START -156 -3840 -2208 -16304 -5448 -12348 END
START -1544 -4352 120 -18712 -6869 -11608 END
START -3068 -4660 3616 -20729 -8100 -10427 END
START -4508 -3840 8540 -22396 -8946 -8483 END
START -5472 -3480 14260 -23019 -7743 -6328 END
START -6392 -2420 18936 -23113 -4931 -4740 END