START 5808 5688 -1496 5574 4822 -6256 END
START 4440 6772 -1104 4182 3879 -6139 END
START 5416 6816 -4008 1374 4931 -5866 END
START 6212 4840 -5396 -2001 5154 -4940 END
START 5800 4812 -6384 -4969 4911 -4647 END
START 6300 4252 -7448 -7703 2993 -5315 END
START 6532 3956 -7544 -10083 800 -6858 END
START 6916 3424 -7920 -12965 -796 -8964 END
START 6260 2448 -7680 -15853 -1685 -11219 END
START 5052 1212 -6976 -18225 -2726 -12648 END
START 4076 232 -6128 -20215 -3824 -12691 END
START 3300 -1068 -5268 -22272 -3621 -11849 END
START 2632 -2568 -4092 -25012 -2234 -10297 END
START 2280 -3880 -2160 -27944 -567 -8389 END
START 2040 -4364 32 -31114 110 -6439 END
START 2144 -5084 3596 -32768 1041 -5128 END
START 2100 -5424 8600 -32768 1894 -4488 END
START 1840 -5740 14648 -32768 2939 -4890 END
START 1128 -6744 21136 -32768 4347 -5790 END
START -852 -7904 27440 -32768 6196 -6643 END
START -3812 -8604 32767 -32768 7774 -6311 END
START -7032 -8548 32767 -30760 9092 -4729 END
START -10216 -7936 32767 -26726 10230 -1803 END
START -12568 -6324 32767 -21816 11173 2530 END
START -12472 -4808 32767 -16666 11900 6974 END
START -10936 -2784 32767 -11725 12135 9869 END
START -9008 -1256 32767 -6606 11316 11118 END
START -7220 -120 32767 -845 9568 11415 END
START -5504 536 32767 4811 7522 11022 END
START -3768 772 32767 9913 6054 10416 END
START -2376 604 32767 14228 5140 9700 END
START -1300 148 32767 18183 4756 9011 END
START -224 -608 32767 21325 4710 8453 END
START 340 -1216 32767 23926 4942 8008 END
START 876 -1716 28988 25753 5358 7702 END
START 1816 -1924 25052 27099 5728 7341 END
START 2520 -1924 21716 27928 6039 6614 END
START 3488 -1556 18060 28281 6233 5503 END
START 4516 -704 15344 28129 6373 3944 END
START 5424 -216 12420 27608 6322 1951 END
START 6432 364 9884 26532 6348 -504 END
START 6976 952 7196 25437 6266 -2897 END
START 7560 1760 4416 24343 5746 -5254 END
START 7636 2152 1544 22808 4110 -7752 END
START 7772 2364 -1372 20623 1040 -10384 END
START 7852 2624 -3712 17704 -2480 -13206 END
START 7716 2352 -5028 14273 -5095 -16108 END
START 7284 2232 -5884 10883 -6097 -18551 END
START 6136 1284 -6396 7607 -5902 -19755 END
START 5188 212 -6920 4314 -5063 -19779 END
START 3936 -536 -7112 951 -4088 -19092 END
START 2940 -1524 -7272 -2183 -3755 -18188 END
START 2020 -2128 -6884 -5456 -4467 -17388 END
START 1356 -2656 -6580 -8653 -6354 -16763 END
START 548 -3164 -5336 -11686 -8125 -16288 END
START -388 -3772 -4016 -14383 -9208 -15492 END
START -1448 -4384 -2128 -17425 -9762 -14127 END
START -2560 -4880 700 -20883 -9613 -12432 END
START -4272 -4744 4416 -24218 -9158 -10460 END
START -6432 -3484 9688 -27108 -8935 -7810 END
START -7924 -2700 15204 -28520 -8429 -4707 END
START -9436 -1780 21880 -28690 -6602 -2323 END
START -10400 -2344 27864 -26967 -3837 -1621 END