START 9060 8008 -3076 5430 2951 -4114 END
START 8312 8268 -2100 4369 3082 -4293 END
START 9060 8312 -5544 1563 5524 -4926 END
START 10212 6996 -8156 -3507 10277 -5769 END
START 8808 5940 -10204 -10155 15572 -6667 END
START 8076 4404 -11336 -16727 17557 -7316 END
START 6608 3000 -10332 -21086 15123 -8280 END
START 5620 1260 -9324 -23187 11046 -9185 END
START 5008 436 -7936 -24029 7996 -10389 END
START 3644 -1116 -7564 -25433 7235 -11749 END
START 1604 -3360 -7112 -27992 7820 -12652 END
START -1528 -4664 -4236 -30090 5325 -11782 END
START -3332 -6244 -308 -30384 145 -8691 END
START -2652 -6852 3496 -31071 -3131 -5268 END
START -888 -7996 8620 -32768 -2678 -2699 END
START 400 -8860 15616 -32768 583 -1552 END
START 1052 -9900 23856 -32768 4551 -1791 END
START -156 -9964 32000 -32768 7733 -3214 END
START -2684 -8848 32767 -28634 8074 -4710 END
START -5212 -7436 32767 -22789 6612 -5260 END
START -7200 -5192 32767 -18094 5913 -4521 END
START -8832 -3220 32767 -14306 6860 -2365 END
START -9928 -1516 32767 -10865 8309 875 END
START -9628 -628 32767 -7610 9285 4093 END
START -8772 -296 32767 -4248 9260 6144 END
START -7600 -116 32767 -85 7750 6815 END
START -6292 84 32767 4813 5208 6350 END
START -4944 192 32767 9767 2591 5405 END
START -3620 -292 32767 14106 565 4360 END
START -2436 -1008 32767 17457 -394 3544 END
START -1280 -1720 32767 20302 158 3086 END
START -460 -2408 32767 22413 1571 2739 END
START 360 -2732 28696 24161 2486 2386 END
START 1416 -2900 24524 25370 2733 1765 END
START 2380 -2532 20404 26146 2746 432 END
START 3116 -1988 16824 26648 2613 -1144 END
START 4004 -1184 12856 26742 2094 -2798 END
START 4536 -468 8696 26166 1615 -4541 END
START 5032 816 5004 25205 970 -5686 END
START 5560 1676 1372 23371 341 -6759 END
START 6192 2524 -1904 20873 -297 -8041 END
START 6628 2972 -4200 17887 -1134 -9693 END
START 6648 3144 -5944 14869 -1743 -11468 END
START 6376 3268 -7364 12214 -2560 -13239 END
START 6124 3140 -8308 10153 -3430 -14659 END
START 5596 3340 -9524 8041 -3994 -15428 END
START 5432 2968 -10792 5307 -4226 -16031 END
START 4936 2364 -11416 1838 -4228 -16782 END
START 4008 1380 -11136 -1849 -4191 -17205 END
START 2960 468 -10652 -5700 -4095 -17046 END
START 1976 -532 -9228 -9414 -4164 -16429 END
START 932 -1460 -7408 -12709 -4737 -15311 END
START -20 -2448 -4764 -15481 -6031 -13953 END
START -676 -3148 -2216 -17729 -7823 -12714 END