START 6524 5376 -10004 4065 5776 -6920 END
START 6652 5600 -12392 3130 3635 -7165 END
START 4848 5916 -11436 1193 2430 -7931 END
START 5512 4592 -12848 -1178 -771 -8662 END
START 4884 4624 -13812 -4379 -2085 -9523 END
START 4188 3600 -14728 -8357 -1915 -9582 END
START 2456 2832 -14604 -12699 -2469 -8151 END
START 2240 2016 -13696 -17126 -3539 -5750 END
START 2540 1052 -11852 -21148 -4583 -3949 END
START 3816 184 -9304 -24207 -5021 -3597 END
START 4360 -856 -6552 -26625 -5160 -4343 END
START 4720 -2000 -2996 -28580 -5795 -5489 END
START 4664 -2752 1676 -30338 -6117 -6341 END
START 4532 -4728 7708 -32352 -5076 -6902 END
START 3444 -6272 14904 -32768 -2893 -6911 END
START 2584 -7536 22548 -32768 9 -6460 END
START 800 -8644 28904 -32768 3498 -6339 END
START -2508 -8988 32767 -30280 5629 -6173 END
START -5928 -8388 32767 -26201 5608 -5235 END
START -8220 -7696 32767 -22198 5318 -3497 END
START -9612 -6752 32767 -18483 5190 -1256 END
START -10060 -6056 32767 -14548 4963 1065 END
START -9628 -5396 32767 -9970 4521 3260 END
START -8356 -4356 32767 -5057 4771 4908 END
START -7036 -3476 32767 176 5163 5694 END
START -5860 -2440 32767 5478 4853 5999 END
START -4368 -1628 32767 10888 3949 6004 END
START -2848 -1220 32767 15606 3228 5529 END
START -1292 -1280 32767 19228 2856 4552 END
START -72 -1464 32767 22148 2268 3397 END
START 764 -1812 30708 24299 1821 2335 END
START 1552 -1912 25656 25776 2034 1349 END
START 1980 -1768 20972 26558 2675 672 END
START 2944 -1380 16008 26521 3674 228 END
START 3644 -468 11756 25652 4596 -183 END
START 4624 280 7928 24227 5280 -774 END
START 5332 1096 4608 22573 5326 -1855 END
START 5780 1532 1816 20887 4250 -3821 END
START 5976 2192 -808 19442 2124 -5964 END
START 5948 2520 -3100 17997 -61 -8174 END
START 5756 2924 -5212 16067 -1578 -9986 END
START 5760 2872 -7064 13321 -2605 -11270 END
START 5536 2892 -8948 10092 -3365 -12325 END
START 5080 2660 -9832 6585 -3597 -13143 END
START 4588 2224 -10556 3191 -3235 -13633 END
START 3972 1624 -10800 -428 -2991 -13823 END
START 3256 812 -10696 -4390 -3085 -13805 END
START 2680 -176 -9644 -8363 -2987 -13602 END
START 1832 -1164 -8088 -12140 -3122 -13339 END
START 772 -2032 -5860 -15665 -3634 -12869 END
START -376 -3020 -2556 -18835 -3761 -12483 END
START -1860 -3496 1404 -21220 -3431 -11911 END
START -3536 -3720 6572 -23064 -3111 -11250 END
START -5748 -3480 12016 -24217 -3230 -10199 END
START -7720 -2984 17376 -25027 -4261 -8390 END
START -9556 -3236 23460 -25604 -3962 -6536 END
START -11452 -4212 29704 -25249 -1871 -4883 END
START -13360 -5660 32767 -23557 1199 -3659 END