START 2400 6004 2224 3783 -755 1121 END
START 1820 6512 3188 3119 -2202 1163 END
START 2244 6688 2480 1985 -3018 1179 END
START 4356 5476 1276 700 -4835 726 END
START 5312 5216 1236 -381 -5385 -1147 END
START 6388 5052 484 -1379 -5605 -4237 END
START 6732 4892 -84 -2225 -6518 -7367 END
START 6636 4328 -228 -3068 -7380 -9773 END
START 6084 3460 -792 -4066 -8690 -11112 END
START 5508 2688 -1228 -5914 -8818 -11113 END
START 4772 1948 -1376 -9137 -7327 -10110 END
START 4528 940 -1336 -13087 -4456 -8718 END
START 3996 216 -320 -16438 -1828 -7644 END
START 3188 -480 876 -18558 -487 -7360 END
START 2896 -1216 2016 -19816 -230 -7517 END
START 1896 -1732 3684 -20782 18 -7762 END
START 576 -2068 5184 -21362 -198 -7443 END
START -324 -2556 6664 -22118 -642 -6778 END
START -1312 -2668 8724 -23475 -683 -5945 END
START -2296 -2972 11476 -25183 -170 -4881 END
START -3284 -3616 14980 -26835 886 -4011 END
START -4416 -4756 20040 -27326 1693 -3526 END
START -5496 -5668 24476 -26254 1278 -3186 END
START -6288 -6656 29024 -24261 672 -2583 END
START -7000 -7252 32767 -22236 592 -1274 END
START -7384 -7044 32767 -19924 1283 930 END
START -7140 -6492 32767 -17251 3101 3274 END
START -6768 -5828 32767 -14413 5467 5479 END
START -5924 -4992 32767 -11189 7366 6974 END
START -5232 -3956 32767 -7374 8320 7184 END
START -4752 -2936 32767 -2836 7449 6849 END
START -3844 -1900 32767 2700 5321 6042 END
START -2524 -1672 32767 7934 3676 4936 END
START -1844 -1660 32767 12724 2583 3931 END
START -1236 -1920 32767 16826 2389 3216 END
START -784 -2232 32767 20069 2852 2776 END
START -688 -2856 32767 22749 3651 2548 END
START -680 -3100 32767 24964 3957 2461 END
START -448 -3268 28868 26601 4226 2338 END
START -240 -3008 25172 27356 4299 1862 END
START -64 -2664 21428 27576 3257 991 END
START 304 -2204 18468 27485 2380 -195 END
START 300 -1576 15708 27273 2014 -1386 END
START 288 -1080 12780 26696 1689 -2336 END
START 404 -568 9836 25535 1423 -3071 END
START 272 172 7260 23935 1266 -3603 END
START 412 704 4960 22033 944 -4214 END
START 492 1520 2692 19740 608 -4928 END
START 732 1968 384 17000 -410 -5964 END
START 676 2500 -848 14436 -2217 -7322 END
START 764 2996 -1708 12441 -4119 -8801 END
START 608 3036 -2288 10736 -5480 -9959 END
START 480 3068 -2980 9256 -6559 -10479 END
START 884 2928 -3884 7313 -6705 -10699 END
START 856 2368 -4704 4411 -6407 -10733 END
START 896 1980 -5064 1136 -5744 -10585 END
START 760 1480 -5028 -1719 -4928 -10278 END
START 628 992 -4520 -3992 -5171 -9732 END
START 584 564 -4228 -5989 -5838 -9416 END
START 708 64 -4268 -7834 -6338 -9232 END
START 984 -112 -3940 -9880 -6298 -9138 END
START 516 -696 -3360 -12007 -5559 -9008 END
START 92 -1056 -2808 -14099 -5245 -8575 END
START -504 -1460 -1748 -16075 -5262 -7948 END
START -1268 -1596 392 -17967 -4579 -7368 END
START -1880 -1072 2664 -19676 -4092 -6559 END
START -2768 -816 5800 -21150 -4439 -5583 END
START -3572 -596 9424 -22182 -5366 -4043 END
START -4068 -800 13568 -22899 -6062 -1965 END
START -4484 -656 18068 -23407 -5846 167 END
START -4256 -1524 22320 -23584 -3940 1464 END