START 11032 7416 -7224 -1016 3924 -9232 END
START 10272 7484 -7476 -2045 2867 -9701 END
START 9980 7076 -7228 -4268 2034 -10866 END
START 10040 5384 -8100 -6279 780 -12635 END
START 8852 4608 -8464 -8545 -308 -14614 END
START 7848 3384 -9148 -10659 -1887 -15919 END
START 6688 2068 -9008 -13148 -3267 -16679 END
START 5028 224 -9060 -16281 -4124 -16749 END
START 3364 -1372 -8276 -19766 -4563 -16155 END
START 1716 -3456 -6840 -24086 -4713 -14763 END
START 260 -4884 -3892 -28541 -4292 -12730 END
START -892 -5644 1288 -32081 -4575 -9544 END
START -1020 -6104 6840 -32768 -3997 -6107 END
START -296 -6760 13664 -32768 -1885 -3420 END
START 228 -7652 21104 -32768 2368 -2487 END
START -532 -8384 28912 -32768 7279 -3520 END
START -3496 -8688 32767 -32768 9835 -5341 END
START -7528 -8504 32767 -28202 8288 -6146 END
START -10408 -8080 32767 -21239 4564 -5328 END
START -11900 -7252 32767 -14757 1690 -2973 END
START -12064 -6088 32767 -9902 1341 372 END
START -11172 -4944 32767 -6405 2791 3727 END
START -9852 -3548 32767 -2759 5191 6694 END
START -8360 -2632 32767 1587 7089 8328 END
START -6860 -1776 32767 6580 7010 8592 END
START -5596 -1504 32767 12015 4721 7924 END
START -3948 -1232 32767 17305 1591 6843 END
START -2464 -1420 32767 21416 -612 5817 END
START -984 -1560 32767 24177 -1505 4990 END
START 360 -1700 28024 25709 -594 4497 END
START 1336 -1652 23668 25992 1579 4219 END
START 2000 -1256 19144 25593 3923 4186 END
START 2876 -1144 15360 24854 5214 3949 END
START 3764 -560 11572 24018 5157 3156 END
START 4700 48 8220 23033 4073 1730 END
START 5848 856 4968 21951 2561 71 END
START 6804 1388 2284 20503 1264 -2016 END
START 7264 2520 0 18624 -164 -4660 END
START 7512 2956 -2244 16988 -1281 -6803 END
START 7664 3376 -4012 14938 -1767 -9145 END
START 7392 3424 -5992 12454 -1608 -11043 END
START 6860 2980 -7100 9516 -1623 -12547 END
START 6076 3076 -7880 6891 -2161 -13272 END
START 5720 2816 -8776 4328 -2794 -13498 END
START 5196 2648 -9372 1318 -3050 -13696 END
START 4864 2188 -9152 -2155 -2587 -13806 END
START 4100 1532 -8688 -5850 -1578 -13918 END
START 3232 980 -7588 -9301 -1236 -13868 END
START 2360 352 -5800 -12512 -1709 -13656 END
START 1620 -136 -3608 -15215 -2174 -13466 END
START 612 -696 -1284 -17591 -2517 -13597 END
START -784 -1280 1748 -19739 -3269 -13936 END
START -2548 -1784 6052 -21438 -4200 -14300 END
START -4212 -2636 10908 -22598 -4840 -14443 END
START -6088 -3344 16580 -23110 -4469 -14266 END
START -8168 -4016 22328 -23070 -3339 -13364 END
START -10412 -5168 28156 -22380 -1625 -11643 END
START -12588 -5872 32767 -20421 149 -8985 END
START -13852 -6076 32767 -17635 1658 -5895 END
START -14260 -6584 32767 -14641 3063 -2929 END
START -14572 -6516 32767 -11732 3918 -738 END