START 9168 6204 -2292 -954 3558 -9979 END
START 8168 6648 -1384 -2097 2548 -10623 END
START 9240 6076 -4760 -4879 2797 -12031 END
START 8224 4216 -4340 -8761 527 -13327 END
START 7292 4052 -4448 -12242 -1262 -14018 END
START 6356 2928 -3660 -14951 -2871 -14088 END
START 5832 2192 -3236 -16974 -2347 -13986 END
START 4584 1212 -3152 -19054 -893 -13563 END
START 3552 -80 -3100 -21775 -22 -12868 END
START 2860 -1272 -2256 -24799 -130 -12002 END
START 2248 -2100 -508 -27789 -573 -10783 END
START 1728 -3056 2468 -30368 -631 -9464 END
START 1312 -3572 5612 -32301 -344 -7918 END
START 1248 -4140 9352 -32768 662 -6875 END
START 976 -5508 13928 -32768 2160 -6972 END
START -224 -6832 19364 -32768 3270 -8000 END
START -2176 -8636 25092 -32768 3541 -9139 END
START -4652 -9784 30992 -31220 2755 -9237 END
START -7136 -10632 32767 -27458 1686 -7701 END
START -9136 -10492 32767 -23546 2117 -4674 END
START -10076 -9568 32767 -19763 3728 -991 END
START -10264 -8120 32767 -16018 6201 2504 END
START -9500 -6892 32767 -11841 7969 5387 END
START -8076 -4872 32767 -7443 8586 6946 END
START -6844 -3420 32767 -2829 7619 7474 END
START -5288 -2084 32767 2005 5877 7049 END
START -3960 -1424 32767 6698 4403 5790 END
START -3156 -1372 32767 11068 3387 4572 END
START -2780 -1748 32767 15075 3093 3596 END
START -2460 -2496 32767 18561 3692 3103 END
START -2132 -3224 32767 21592 4575 3052 END
START -1720 -3784 32516 24114 5513 3178 END
START -1280 -4096 28124 26188 5910 3177 END
START -668 -3984 24172 27659 5931 2891 END
START 8 -3432 19808 28486 5774 2339 END
START 728 -2620 16340 28579 5684 1383 END
START 1544 -1788 12636 27938 5757 67 END
START 2168 -908 9180 26720 5348 -1423 END
START 2992 -244 5492 24818 4092 -3078 END
START 3736 588 2252 22241 2629 -5061 END
START 3988 1584 284 19829 765 -7020 END
START 4480 2460 -1404 18000 -1122 -9003 END
START 4952 2832 -3008 16414 -2322 -11274 END
START 5492 2996 -4436 14520 -3157 -13655 END
START 5640 2516 -5936 12404 -4254 -15748 END
START 5608 1828 -7040 10149 -6279 -17449 END
START 5344 1112 -7704 7685 -7670 -18503 END
START 4752 368 -8812 4833 -8062 -18422 END
START 4056 0 -9468 963 -7744 -17590 END
START 3552 -424 -9436 -3272 -6660 -16538 END
START 2952 -1068 -8620 -7876 -5352 -15348 END
START 2220 -1716 -6876 -12100 -4240 -14283 END
START 972 -2844 -4720 -15791 -3343 -13686 END
START -480 -3532 -1080 -18349 -3387 -13728 END
START -2324 -3988 2784 -19515 -4138 -13442 END
START -4192 -4628 7188 -20009 -5649 -12985 END
START -6384 -4388 12028 -19931 -7186 -11832 END
START -8136 -3936 16740 -19410 -8366 -9766 END
START -9584 -3156 21292 -19071 -7976 -7447 END