START 10088 5656 964 4297 -1668 -4855 END
START 10736 5664 -1172 3525 -3213 -5186 END
START 9312 6592 -1328 1555 -3632 -6292 END
START 10900 4444 -2388 -1324 -3255 -7852 END
START 9652 3528 -2968 -5092 -38 -9501 END
START 7372 3444 -3652 -8664 2040 -10197 END
START 5476 1836 -3700 -11306 2009 -9774 END
START 3424 1088 -3924 -12963 -302 -8601 END
START 3076 424 -4136 -14367 -2491 -7484 END
START 2968 -820 -4240 -16825 -2954 -7282 END
START 1816 -2436 -3616 -20174 -2303 -7194 END
START 444 -3844 -2264 -23695 -956 -6391 END
START -856 -4308 0 -26766 -132 -4361 END
START -988 -4176 2304 -29042 158 -1532 END
START -408 -3160 4484 -31377 326 1191 END
START 1528 -2004 8152 -32768 1611 2959 END
START 3452 -696 12672 -32768 5527 2404 END
START 3432 80 17788 -32768 10037 97 END
START 2388 -508 22740 -32768 12172 -2675 END
START 464 -2036 28560 -32768 11620 -6021 END
START -2256 -3752 32767 -30382 8869 -8668 END
START -5060 -5368 32767 -24738 4964 -9946 END
START -7484 -6724 32767 -19007 1865 -9292 END
START -8556 -6988 32767 -14101 857 -6737 END
START -8800 -6472 32767 -10497 2868 -2962 END
START -8404 -5964 32767 -7779 7526 1091 END
START -8104 -5592 32767 -4692 12852 4267 END
START -8588 -5776 32767 462 15574 6567 END
START -8408 -5908 32767 6941 13947 7614 END
START -7572 -5584 32767 14016 9343 7438 END
START -6160 -5212 32767 19947 4290 6305 END
START -5004 -4476 32767 24601 646 5201 END
START -3756 -3944 32767 27741 -1205 4813 END
START -2348 -3620 28532 29757 -1091 4647 END
START -1032 -3112 23736 30286 776 4586 END
START -140 -2760 19276 29721 3201 4467 END
START 804 -2444 15576 28821 4615 4052 END
START 1804 -2044 12120 28061 4545 3305 END
START 2916 -1312 8680 27266 3112 1909 END
START 4392 -516 5036 26227 1455 -117 END
START 5452 136 2060 24361 -523 -2734 END
START 6292 1032 -660 21939 -2423 -5741 END
START 6728 1716 -2860 19060 -4037 -9033 END
START 6820 2168 -4440 16329 -4827 -11885 END
START 6696 2256 -5944 13390 -5131 -14104 END
START 6344 2152 -6972 10735 -5135 -15788 END
START 5992 1808 -7820 8186 -5201 -16858 END
START 5456 1320 -8600 5286 -5199 -17656 END
START 4840 656 -8996 1795 -4842 -18405 END
START 3564 -300 -8900 -1764 -4214 -18569 END
START 2076 -740 -8040 -5243 -3663 -17673 END
START 1304 -1288 -7156 -8468 -3582 -16248 END
START 740 -1928 -5928 -11633 -3610 -14873 END
START -8 -2588 -4000 -14912 -3471 -13949 END
START -1072 -2716 -1664 -17673 -3418 -13169 END
START -2484 -2912 1576 -20295 -3630 -12420 END
START -3728 -2676 5460 -22235 -3660 -11732 END
START -4828 -2836 10440 -23257 -3219 -11483 END
START -6156 -2648 15316 -23549 -2562 -11433 END
START -7584 -2828 20552 -23239 -2132 -10996 END
START -9408 -3204 25504 -22133 -1142 -10151 END
START -11544 -3728 29552 -20537 81 -8767 END
START -13228 -4464 32764 -18798 1292 -7138 END
START -14608 -5188 32767 -16516 2854 -5437 END
START -15588 -5904 32767 -13538 4288 -4054 END