START 7864 5956 -284 4657 1730 -6493 END
START 9784 5856 -5484 3627 572 -6383 END
START 9256 6768 -4408 1264 1104 -6595 END
START 9300 4948 -5048 -2791 703 -7065 END
START 8924 3808 -5992 -7391 1048 -7860 END
START 7988 3244 -6472 -12278 155 -8888 END
START 7056 2356 -6284 -16582 -668 -9753 END
START 5640 1032 -4980 -19697 -1403 -9927 END
START 4200 -280 -3720 -21350 -1354 -9218 END
START 3016 -1404 -3280 -23144 776 -8248 END
START 1912 -3044 -3000 -25804 3921 -7514 END
START 80 -4140 -2028 -29016 6207 -6698 END
START -1464 -5520 -48 -31045 6282 -5631 END
START -2296 -5864 2596 -31742 4172 -4049 END
START -1740 -5824 5740 -32111 1805 -2173 END
START -496 -5452 9992 -32768 1255 -779 END
START 896 -4432 14688 -32768 2824 -854 END
START 1568 -3992 20280 -32768 5476 -2258 END
START 572 -3944 26200 -32768 7849 -4333 END
START -1580 -4172 32020 -32638 9137 -6319 END
START -4320 -4776 32767 -29717 9462 -7478 END
START -7496 -5332 32767 -25848 9072 -7089 END
START -10236 -5180 32767 -21408 8834 -5271 END
START -12284 -4036 32767 -16736 8792 -2544 END
START -13112 -3304 32767 -12539 9288 497 END
START -13328 -2504 32767 -8677 9274 2937 END
START -12216 -1564 32767 -4359 8110 5128 END
START -10696 -1028 32767 360 6178 6459 END
START -9132 -760 32767 5110 4106 6910 END
START -7672 -672 32767 9645 2528 6943 END
START -6508 -1132 32767 13470 1847 7048 END
START -5496 -1560 32767 17073 1930 7252 END
START -4304 -2340 32767 20084 2746 7595 END
START -3484 -2616 31504 22578 3679 7821 END
START -2432 -2968 27328 24519 4434 7852 END
START -1316 -2764 23584 25949 4870 7687 END
START -168 -2372 19892 26848 4954 7234 END
START 1388 -1640 16848 27169 4695 6025 END
START 2940 -860 13860 26803 4019 3593 END
START 3716 112 10872 25856 2731 662 END
START 4268 632 8600 24457 1163 -1978 END
START 4488 1116 6692 23005 -195 -4113 END
START 4984 1920 4512 21664 -899 -5805 END
START 5480 2632 2200 20205 -1257 -7261 END
START 6480 2984 -60 18370 -1484 -8962 END
START 7400 3532 -2312 16128 -1912 -11297 END
START 8044 3156 -4556 13106 -3071 -14333 END
START 7380 2556 -4988 9841 -5296 -16897 END
START 6936 2236 -5636 7353 -7010 -18416 END
START 6156 1512 -6120 4373 -7083 -19186 END
START 5392 508 -6484 912 -6149 -19225 END
START 4532 -304 -6528 -2426 -4774 -19087 END
START 3352 -1000 -5940 -5086 -4023 -18438 END
START 2700 -1468 -5060 -7187 -4560 -17256 END
START 2196 -1540 -3612 -9014 -5290 -16464 END
START 1732 -1628 -2308 -10991 -5573 -16228 END
START 444 -1528 100 -13329 -5910 -16143 END
START -1060 -984 2952 -15300 -6165 -15783 END
START -2896 -436 6596 -16991 -5839 -15079 END
START -4596 -192 10712 -18296 -4580 -14303 END
START -7348 348 15308 -19086 -3837 -13072 END
START -9712 -256 19700 -19075 -4132 -11313 END
START -11992 -680 24276 -18244 -4695 -9292 END
START -13216 -1708 28132 -16827 -4567 -7697 END