START 8716 7336 816 3396 2747 -2698 END
START 9656 7288 -836 3376 1137 -2896 END
START 9648 7796 -840 3190 757 -3477 END
START 9852 6540 -2060 2383 870 -4619 END
START 10432 6304 -3916 331 2820 -6295 END
START 10204 5736 -5816 -3453 4731 -8431 END
START 8932 4384 -6456 -8193 5522 -10588 END
START 6832 3408 -5684 -11460 3994 -11837 END
START 5484 2624 -5092 -12917 925 -12035 END
START 4936 1792 -4868 -14005 -1337 -11715 END
START 4600 780 -5216 -16116 -1839 -11497 END
START 3748 -296 -5124 -19318 -1113 -11145 END
START 2892 -1944 -4220 -22822 235 -10843 END
START 1760 -3368 -2660 -25800 62 -10093 END
START 1412 -4956 -28 -28025 -1476 -8876 END
START 1644 -5308 3040 -29909 -2881 -7303 END
START 2316 -5732 7156 -31772 -3031 -6248 END
START 2844 -6688 13236 -32768 -1592 -6502 END
START 2276 -7480 19752 -32768 587 -7566 END
START 280 -8876 25828 -32768 2244 -8466 END
START -2520 -9532 31260 -30955 2915 -8673 END
START -5316 -9476 32767 -27618 2958 -7634 END
START -7736 -8548 32767 -23987 3404 -5483 END
START -9284 -7272 32767 -20245 4334 -2460 END
START -10208 -5384 32767 -16420 5228 823 END
START -9660 -3664 32767 -12699 5709 3674 END
START -8164 -2084 32767 -8943 5537 5409 END
START -6640 -424 32767 -4985 4798 5903 END
START -5236 620 32767 -452 3411 5606 END
START -4100 1080 32767 4211 2201 4862 END
START -3284 976 32767 8814 1645 3954 END
START -2896 296 32767 12953 1733 3235 END
START -2624 -708 32767 16918 2261 2798 END
START -2328 -1624 32767 20648 2921 2791 END
START -1984 -2404 32767 23738 3550 3034 END
START -1280 -2760 29528 26060 3892 3269 END
START -420 -2540 25052 27641 4100 3301 END
START 528 -2028 20992 28369 4661 2925 END
START 1652 -1360 17032 28238 5770 2096 END
START 2560 -700 13484 27773 6734 898 END
START 3432 -180 10196 26781 6918 -432 END
START 4108 280 7104 25226 6203 -2152 END
START 5020 824 4132 23652 4817 -4082 END
START 5484 1308 1756 21912 2945 -6432 END
START 5756 1828 -688 19803 309 -8935 END
START 6240 2096 -2836 17523 -2189 -11487 END
START 6396 2532 -4316 14879 -3416 -14323 END
START 6224 2424 -5612 12256 -3427 -16654 END
START 5856 2012 -6596 9474 -3065 -18035 END
START 6400 1160 -9052 6317 -2957 -18346 END
START 4528 564 -8372 2945 -2520 -18284 END
START 3756 -104 -8416 -792 -2456 -18016 END
START 3016 -888 -8048 -4611 -2763 -17674 END
START 2116 -1440 -6820 -8200 -3392 -16796 END
START 1576 -1888 -4976 -11327 -3464 -15690 END
START 832 -2264 -3216 -14078 -3431 -14653 END
START -204 -2640 -1096 -16677 -3997 -13689 END
START -868 -2708 1284 -18972 -4473 -13036 END
START -2952 -2604 5724 -20552 -4586 -12677 END
START -5032 -2412 9512 -21563 -4953 -12257 END
START -7524 -2696 14364 -21832 -5908 -11525 END