START 13868 4328 -332 4473 1941 -12287 END
START 13336 4576 -1472 3685 566 -12863 END
START 12064 5032 -1020 1790 665 -14338 END
START 12420 2948 -2364 -935 438 -16487 END
START 11128 2752 -3964 -3862 1230 -18021 END
START 9360 2156 -4796 -7203 2105 -18772 END
START 8008 768 -5360 -10738 3113 -18663 END
START 6012 -212 -5880 -14085 4123 -17666 END
START 3960 -800 -6172 -17490 3972 -15682 END
START 2316 -1816 -5840 -20856 3102 -13731 END
START 1048 -1680 -4832 -23264 2249 -12219 END
START -308 -1960 -3712 -24512 1496 -11048 END
START -1660 -2360 -2220 -25236 -20 -9618 END
START -1800 -2684 -1420 -26236 -2451 -7134 END
START -544 -2668 780 -28416 -4101 -4390 END
START 860 -2400 4188 -31123 -3749 -1807 END
START 2528 -2624 9476 -32768 -1602 17 END
START 3632 -2764 14800 -32768 2054 -126 END
START 3328 -3844 21056 -32768 5869 -2115 END
START 1732 -5912 27308 -32768 7203 -4907 END
START -1556 -7388 32752 -30287 5898 -7285 END
START -4624 -7836 32767 -25586 3640 -8145 END
START -6892 -7668 32767 -21415 3075 -7258 END
START -8692 -6328 32767 -18681 4421 -4343 END
START -9736 -4408 32767 -16664 6908 -385 END
START -9272 -2652 32767 -14663 8906 2980 END
START -8384 -992 32767 -11645 9907 4924 END
START -7124 -260 32767 -7940 9062 5607 END
START -6060 364 32767 -3362 6682 5363 END
START -5092 676 32767 2071 3775 4799 END
START -4084 612 32767 7269 1748 4026 END
START -3172 348 32767 11569 952 3334 END
START -2628 -52 32767 14754 1340 3118 END
START -2224 -748 32767 17469 2448 3362 END
START -1684 -1336 32767 19842 3824 3645 END
START -1096 -1916 31260 21895 4968 3683 END
START -476 -2280 27612 23551 5463 3336 END
START 216 -2368 24452 24791 5316 2538 END
START 936 -1984 21080 25642 5033 1441 END
START 1440 -1596 18372 26045 4709 199 END
START 1916 -1128 15820 26289 4705 -999 END
START 2412 -400 13204 26181 5020 -2209 END
START 3320 364 10564 25590 6350 -3693 END
START 3632 1064 8116 24776 7605 -5295 END
START 4216 1564 5152 23779 7919 -6707 END
START 4964 2028 2196 22444 7084 -8218 END
START 5660 2020 -1084 20482 4560 -10120 END
START 6184 1872 -3552 17573 1103 -12592 END
START 6548 2196 -5024 14402 -2080 -15492 END
START 6784 1576 -5884 11621 -4076 -18421 END
START 6736 880 -6748 8438 -4888 -20992 END
START 5756 -312 -7284 5103 -4684 -22480 END
START 4276 -1496 -7740 1586 -4183 -22511 END
START 2612 -2008 -7760 -2317 -3742 -21176 END
START 1608 -2492 -7308 -6321 -3828 -18917 END
START 1368 -2808 -5904 -10237 -3812 -16665 END
START 896 -3132 -3916 -13737 -3517 -15237 END
START -120 -3092 -1328 -16330 -4027 -14217 END
START -1392 -2892 1468 -18157 -4624 -13602 END
START -3384 -2772 5356 -19366 -4730 -13322 END
START -5736 -1800 9224 -19974 -4956 -12712 END
START -7756 -1472 13060 -20395 -5059 -12044 END
START -9820 -1252 16884 -20720 -4958 -11307 END
START -12260 -1564 21504 -20340 -4644 -10021 END
START -13968 -2108 25740 -18863 -3816 -8336 END