START 12696 5872 2364 2557 1819 -8799 END
START 12580 6048 996 1980 348 -9088 END
START 12320 6932 -328 569 285 -9690 END
START 12392 5644 -1392 -2083 105 -10544 END
START 13052 5320 -2704 -5696 2159 -12122 END
START 12476 4676 -2916 -9239 4191 -14109 END
START 11208 3808 -3376 -12124 5853 -16112 END
START 9488 2340 -3400 -14751 6542 -17740 END
START 6492 892 -3584 -16517 6318 -18793 END
START 3864 -596 -3984 -18058 5189 -19011 END
START 1120 -2404 -4496 -20372 3542 -17827 END
START -600 -3328 -4408 -23604 2902 -15791 END
START -2220 -4336 -3316 -27092 3165 -13040 END
START -2896 -5940 -1460 -30119 3214 -10033 END
START -3060 -6476 964 -32768 2522 -7524 END
START -2672 -7020 4392 -32768 844 -5694 END
START -2184 -6820 9884 -32768 -871 -4669 END
START -1328 -6520 17044 -32768 -998 -4543 END
START -1436 -6548 25540 -32768 960 -5326 END
START -3188 -7292 32767 -32768 3989 -6261 END
START -5872 -8160 32767 -30790 6260 -6062 END
START -8400 -8016 32767 -25962 6735 -4489 END
START -9744 -7148 32767 -20724 6585 -2054 END
START -10340 -5560 32767 -15780 6698 499 END
START -9908 -4056 32767 -11379 6471 2657 END
START -8544 -2720 32767 -7540 6101 3988 END
START -7060 -1716 32767 -3701 5498 4526 END
START -5660 -1212 32767 804 4403 4565 END
START -4452 -1156 32767 5560 3023 4178 END
START -3436 -1424 32767 10492 1639 3615 END
START -2624 -1752 32767 15149 844 2990 END
START -1808 -2196 32767 19135 915 2601 END
START -956 -2700 32767 22431 1677 2341 END
START -476 -3220 32700 24899 2730 2253 END
START 756 -3440 29096 26772 4069 1883 END
START 1800 -3172 25164 28204 5363 678 END
START 3404 -2848 21904 29572 6737 -1691 END
START 4228 -2124 18620 31010 7619 -5256 END
START 4608 -1780 15224 32425 7529 -9052 END
START 4120 -1828 11648 32767 5653 -11971 END
START 3396 -1400 7516 32767 2742 -12757 END
START 3008 -352 3616 31474 16 -12215 END
START 3812 504 588 28503 -1219 -11982 END
START 4752 1524 -2128 24690 -921 -12785 END
START 4924 2132 -4252 20219 -300 -14401 END
START 4556 1752 -5956 15940 -831 -15683 END
START 3688 1680 -6124 12435 -3217 -16225 END
START 2880 1212 -6032 10062 -5502 -16123 END
START 2976 224 -7136 7250 -6498 -15764 END
START 2360 -564 -7796 3146 -6076 -15339 END
START 1532 -1352 -7392 -1909 -5019 -14281 END
START 656 -2124 -6420 -7036 -4068 -12681 END
START 48 -2200 -4820 -11022 -3678 -10756 END
START -416 -2624 -3104 -14196 -4138 -8772 END
START -476 -2464 -1300 -17090 -4055 -7598 END
START -1232 -2472 944 -19837 -3144 -7076 END
START -2540 -2872 3196 -22218 -2605 -6330 END
START -3804 -2968 6728 -24051 -1646 -5442 END
START -5068 -2532 11240 -24386 322 -4983 END
START -5732 -3200 15860 -22857 2843 -5406 END
START -6356 -3580 19408 -20485 4604 -6662 END