START 6968 7964 -3948 6674 -6740 -2610 END
START 7208 7640 -4208 5507 -6975 -2907 END
START 8564 6840 -5380 2946 -6581 -3707 END
START 8668 6144 -5648 -1118 -5284 -5446 END
START 8668 4788 -5868 -4448 -3931 -7254 END
START 7984 3564 -5180 -6703 -3000 -8882 END
START 6908 2552 -5348 -8433 -3230 -10161 END
START 6204 1572 -5720 -10413 -3604 -11241 END
START 5080 -216 -5752 -12973 -3957 -11944 END
START 3996 -1228 -4940 -15589 -3742 -12054 END
START 2752 -2680 -3972 -18133 -2683 -11548 END
START 1324 -4032 -2556 -20811 -1730 -10501 END
START 44 -5164 -516 -23416 -1727 -9397 END
START -1100 -5160 2384 -25417 -2312 -8259 END
START -1956 -5328 5960 -27173 -2101 -7607 END
START -2840 -5028 10552 -28384 -1437 -7404 END
START -4032 -6248 16012 -28825 -433 -7223 END
START -5596 -5124 20988 -28425 351 -6484 END
START -6864 -5212 26032 -27748 2204 -5728 END
START -8348 -5416 31296 -26182 3285 -4502 END
START -9276 -5420 32767 -23314 3013 -2945 END
START -9660 -5128 32767 -20085 1962 -1239 END
START -9208 -4744 32767 -17184 1508 397 END
START -8576 -4300 32767 -14403 1713 1757 END
START -7592 -3744 32767 -11042 2550 2620 END
START -6684 -2972 32767 -7070 2859 3046 END
START -5960 -2728 32767 -3016 2582 3410 END
START -4880 -2468 32767 1000 2170 3814 END
START -3920 -2248 32767 5046 1870 4187 END
START -2600 -1908 32767 9121 1579 4580 END
START -1096 -2008 32767 12806 1511 4542 END
START -44 -2000 32767 16159 1346 4053 END
START 916 -2360 32767 18959 1208 3363 END
START 1436 -2432 31584 21095 1178 2445 END
START 1808 -2472 28504 22743 1298 1440 END
START 2020 -2204 24800 23819 1539 598 END
START 2112 -2048 21832 24352 1912 -167 END
START 2280 -1696 18784 24379 2501 -747 END
START 2284 -1172 15864 24066 3268 -1236 END
START 2420 -636 13304 23291 4069 -1701 END
START 2512 76 10572 22218 4705 -2195 END
START 2516 604 8464 21016 5012 -2797 END
START 2516 1620 6244 19943 4785 -3578 END
START 2720 2420 4144 18834 4373 -4639 END
START 3060 3168 1392 17520 3640 -5831 END
START 3696 3904 -1200 15789 2662 -6949 END
START 3824 3876 -3716 13426 1196 -7925 END
START 4472 4020 -5548 10222 -859 -8843 END
START 4940 3744 -6924 6792 -2596 -10071 END
START 5208 3432 -7768 3540 -4140 -11668 END
START 5164 2868 -7968 1061 -5102 -13307 END
START 4708 2028 -8608 -1447 -5588 -14588 END
START 4280 932 -8828 -4294 -6034 -15264 END
START 3708 44 -8792 -7561 -6397 -15388 END
START 3312 -956 -7868 -10987 -6392 -14950 END
START 2832 -1732 -6264 -14511 -6021 -13809 END
START 2608 -3052 -3736 -17775 -5281 -12607 END
START 1556 -3448 -792 -20619 -4499 -11995 END
START 388 -3832 2852 -22524 -3868 -11979 END
START -1456 -4428 7184 -23783 -3745 -12935 END
START -3956 -4540 12148 -23671 -5035 -13788 END
START -6332 -4780 17912 -22304 -6841 -13539 END
START -8316 -5384 23528 -20520 -8187 -11781 END
START -9716 -5604 28348 -18973 -7800 -8860 END