START 10912 5068 -3548 6391 -1745 -7423 END
START 6280 6528 1488 5544 -2957 -7691 END
START 9540 6788 -6060 3065 -1242 -8546 END
START 8968 5292 -5844 -1429 821 -9682 END
START 7936 4368 -7196 -6382 2606 -10907 END
START 5732 3836 -6504 -10372 1229 -11313 END
START 4048 2640 -5360 -11344 -3333 -9993 END
START 3848 2492 -5076 -11153 -7143 -8547 END
START 4524 1580 -5068 -12622 -7377 -8728 END
START 4020 660 -5424 -16432 -3855 -9835 END
START 2360 -772 -4856 -21198 591 -9865 END
START 656 -2096 -3452 -25367 3606 -8420 END
START -200 -3108 -1592 -28980 4995 -6131 END
START -556 -3924 1224 -31676 4791 -3553 END
START -320 -4352 4780 -32768 4372 -1200 END
START 832 -4544 8576 -32768 4619 538 END
START 2564 -4556 12400 -32768 6702 433 END
START 2652 -5020 16932 -32768 9787 -1077 END
START 1228 -6212 22200 -32768 11786 -3043 END
START -1056 -6952 27128 -32768 12147 -4135 END
START -3544 -7620 31816 -31252 11998 -3839 END
START -5732 -7308 32767 -28601 12595 -2065 END
START -7940 -6640 32767 -25847 14141 810 END
START -9284 -5824 32767 -23190 15398 4150 END
START -9660 -5068 32767 -19965 15644 7413 END
START -8668 -3624 32767 -15806 14660 9295 END
START -7380 -2424 32767 -10520 12378 9294 END
START -6540 -1496 32767 -4615 8682 8365 END
START -5648 -884 32767 1139 4354 7321 END
START -4392 -556 32767 6143 1347 6384 END
START -3144 -556 32767 10824 261 5806 END
START -2124 -1088 32767 14774 990 5457 END
START -1428 -2212 32767 18262 2483 5494 END
START -832 -3152 32767 21565 3406 5793 END
START -12 -3668 32767 24414 3721 5653 END
START 1156 -3756 29824 26616 3584 4761 END
START 2240 -3532 26208 28456 3396 3180 END
START 3324 -3156 22580 29801 3153 1076 END
START 3916 -2600 19032 30582 3085 -1106 END
START 4468 -2224 15144 30420 2760 -3245 END
START 5164 -1752 11540 29449 2327 -5388 END
START 5284 -1112 8056 28147 2013 -7094 END
START 5620 -500 4416 26324 1041 -8207 END
START 6328 392 792 23925 -516 -9529 END
START 6996 1264 -1624 21191 -1996 -11459 END
START 7792 2048 -4140 18079 -2794 -14556 END
START 7136 2104 -5684 15321 -3193 -17483 END
START 6056 1496 -6816 13116 -4595 -18942 END
START 5604 1168 -7888 10620 -6154 -19045 END
START 5192 832 -8760 7508 -6514 -18971 END
START 4516 244 -9468 3711 -5251 -18585 END
START 3380 -388 -9608 -422 -4139 -17543 END
START 2112 -1140 -9396 -4739 -3904 -15914 END
START 1280 -1456 -8408 -8975 -3996 -14066 END
START 476 -2028 -6884 -12244 -4344 -12473 END
START -176 -2784 -5452 -15098 -4956 -10961 END
START -356 -3292 -3468 -18014 -5625 -9724 END
START -788 -3844 -984 -21066 -5837 -9119 END
START -1640 -4160 2728 -23713 -5205 -8839 END
START -3372 -3948 7524 -25820 -5052 -7802 END
START -4620 -3480 12332 -27168 -4865 -5861 END
START -5512 -3260 17916 -28006 -3569 -4058 END
START -6520 -3592 23556 -28360 -1060 -3562 END
START -8308 -4440 29672 -26544 1575 -4533 END
START -10436 -4908 32767 -22643 3312 -6281 END
START -12744 -5156 32767 -17285 3800 -7950 END