START 6812 6800 7656 7412 1113 109 END
START 5364 7492 9404 6888 43 -398 END
START 7112 7284 5784 6150 164 -1261 END
START 6940 6916 6144 5486 -992 -2804 END
START 7320 6724 5256 4901 -1044 -4170 END
START 7120 6364 3084 3610 -314 -5369 END
START 6740 6196 1568 2096 654 -5928 END
START 6780 5896 -296 146 2439 -6138 END
START 6492 5512 -1956 -2427 4261 -6488 END
START 5736 4628 -3136 -5529 5325 -7218 END
START 5104 3880 -3796 -7986 4854 -7882 END
START 4688 2828 -4340 -9837 3481 -8651 END
START 4164 1752 -4496 -11480 2246 -9593 END
START 3180 508 -4276 -13023 1361 -10308 END
START 2172 -400 -4512 -14748 1236 -10634 END
START 496 -1564 -4480 -16895 1518 -10975 END
START -1360 -2672 -4208 -19107 783 -10601 END
START -3040 -3636 -3348 -21409 -1439 -8955 END
START -3672 -3624 -1028 -24104 -4789 -5927 END
START -2676 -2904 2608 -26561 -7165 -2310 END
START -380 -2012 7576 -28966 -6983 332 END
START 1632 -1168 13244 -30707 -4312 672 END
START 2056 -696 19600 -31448 -1023 -985 END
START 716 -860 26284 -30817 721 -3832 END
START -1516 -1564 32408 -28079 191 -6352 END
START -4164 -2388 32767 -23247 -1944 -7830 END
START -6580 -3256 32767 -18269 -3794 -7602 END
START -8160 -3180 32767 -14788 -3809 -5578 END
START -9084 -3244 32767 -12320 -2123 -2190 END
START -9536 -2748 32767 -9771 481 1799 END
START -8948 -2316 32767 -6492 2909 4988 END
START -7816 -1488 32767 -2027 4867 6712 END
START -6888 -1248 32767 3100 5324 6937 END
START -5928 -1048 32767 8549 3613 6606 END
START -4392 -804 32767 14220 1085 6158 END
START -2664 -824 32767 18980 -1057 5478 END
START -1324 -856 32767 22780 -1895 4702 END
START -292 -1100 32767 25416 -2065 4145 END
START 708 -1256 30000 27144 -1628 3550 END
START 1624 -1276 25160 27722 -250 2526 END
START 2476 -1416 20392 27225 1266 1195 END
START 2832 -1156 15956 26173 1972 -239 END
START 3508 -940 12144 25155 1616 -1743 END
START 4088 -452 8588 24198 1034 -3466 END
START 4632 -180 5880 23485 389 -5151 END
START 5332 468 3496 22665 -520 -6797 END
START 6644 956 752 21330 -687 -8630 END
START 6996 1044 -1348 19221 -556 -10925 END
START 6900 1164 -3220 16751 -568 -13149 END
START 6464 1240 -4464 14554 -1229 -14579 END
START 5656 1388 -5640 12393 -2317 -15298 END
START 4992 1808 -7124 9995 -2830 -15326 END
START 4288 2120 -7972 7140 -2281 -14969 END
START 3416 2340 -9072 3685 -1457 -13964 END
START 2744 2132 -9716 -88 -947 -12678 END
START 2204 2100 -9584 -3569 -612 -11427 END
START 1704 1936 -9588 -6815 -683 -10406 END
START 1408 1732 -8844 -9625 -1401 -9842 END
START 1000 1116 -8336 -12129 -2834 -9730 END
START 536 424 -7156 -14692 -4481 -9863 END
START -212 -468 -5124 -17144 -5746 -9877 END
START -1020 -1076 -2576 -19690 -6788 -9572 END
START -1548 -1748 1352 -22433 -7212 -9025 END
START -2180 -2392 6436 -24878 -6654 -8581 END
START -3276 -2096 12656 -26552 -5721 -7710 END
START -4420 -1864 18756 -27037 -4695 -6187 END
START -5788 -2100 24336 -26843 -3597 -4469 END
START -7008 -2244 29440 -25930 -1340 -3507 END
START -8820 -3596 32767 -23925 1566 -3828 END
START -10944 -4664 32767 -20713 3273 -5001 END
START -12952 -6132 32767 -15829 3527 -5902 END