START 8100 7756 -8196 -2380 10819 -3339 END
START 6336 8676 -6312 -3585 9576 -3529 END
START 8440 8116 -10328 -6073 9468 -4254 END
START 7916 6928 -10256 -9109 6959 -5505 END
START 7748 6264 -10360 -12240 3973 -7656 END
START 7380 5024 -10116 -14903 1684 -9981 END
START 5972 3652 -9568 -16881 504 -11524 END
START 4412 1992 -9148 -18777 -16 -11991 END
START 2608 360 -8520 -21269 -28 -11269 END
START 1088 -1228 -7492 -24244 167 -9800 END
START 396 -2624 -5816 -27677 -123 -7812 END
START -124 -4024 -2336 -31073 -659 -6001 END
START -512 -4228 2500 -32768 -1050 -4395 END
START -368 -5044 8496 -32768 -1039 -2965 END
START 240 -6228 15644 -32768 -667 -2198 END
START 504 -7356 23332 -32768 462 -2118 END
START 88 -8356 31956 -32768 1872 -2630 END
START -1596 -8660 32767 -29643 2830 -3143 END
START -3904 -8388 32767 -24121 3469 -3195 END
START -5964 -7892 32767 -18725 3748 -2217 END
START -7396 -6780 32767 -14020 4203 51 END
START -7688 -5556 32767 -10187 5512 3033 END
START -7092 -3868 32767 -6235 6922 5876 END
START -5780 -2388 32767 -1997 7252 7477 END
START -4156 -972 32767 2888 6192 7712 END
START -2628 -92 32767 8008 4428 6955 END
START -1324 76 32767 12812 2883 5629 END
START -312 -108 32767 16876 2131 4170 END
START 112 -660 32767 20396 2378 2997 END
START 460 -1168 32767 23419 2976 2268 END
START 956 -1776 31460 25713 3637 1797 END
START 1564 -2232 26408 27067 4135 1389 END
START 2204 -2104 20980 27738 4477 956 END
START 3516 -1604 16084 27747 4805 352 END
START 4692 -668 11108 27115 5276 -712 END
START 5952 56 6256 25813 5117 -2015 END
START 6772 848 2620 23985 3986 -3944 END
START 7720 1700 -784 22087 2739 -6393 END
START 8084 2016 -3764 20306 1621 -8948 END
START 8012 2440 -6496 18467 866 -11024 END
START 7772 2788 -9456 16030 123 -12520 END
START 7488 2964 -11636 13084 -662 -13583 END
START 7492 3240 -13576 9045 -1443 -14546 END
START 7328 3236 -14732 4860 -2099 -15568 END
START 6416 3104 -15088 476 -2100 -16632 END
START 5276 2472 -14296 -3862 -2230 -17302 END
START 3884 2028 -12568 -8009 -2784 -17475 END
START 2516 1364 -10300 -11331 -3703 -17354 END
START 1112 652 -7272 -14040 -4755 -16996 END
START -112 -420 -3920 -16748 -5469 -16401 END
START -2272 -852 580 -19384 -5724 -15561 END
START -3972 -2500 6064 -21309 -5775 -13875 END
START -5556 -3752 11804 -22840 -5225 -11130 END