START 7576 5996 -6584 4032 2475 -7132 END
START 7060 6236 -6720 3227 1244 -7478 END
START 7436 6236 -7724 1433 823 -8300 END
START 7496 4696 -8344 -1435 890 -9477 END
START 6360 4304 -9444 -5522 2455 -10260 END
START 5328 3564 -10340 -10309 4208 -9879 END
START 4196 2592 -9868 -14882 5313 -8626 END
START 3420 1556 -8984 -18482 5082 -7289 END
START 3064 676 -8044 -21092 4177 -6403 END
START 3048 -280 -6752 -23315 2882 -6130 END
START 3220 -1316 -4972 -25534 1615 -6027 END
START 3008 -2196 -2040 -27444 1 -6066 END
START 2760 -3116 1020 -29366 -987 -5766 END
START 2488 -3752 5868 -31742 -1135 -4866 END
START 2428 -4744 12812 -32768 -1123 -3679 END
START 2340 -6928 21892 -32768 -589 -2529 END
START 1964 -8716 30812 -32768 887 -1553 END
START 936 -10024 32767 -31396 3399 -721 END
START -1148 -10280 32767 -27065 5683 108 END
START -3188 -9268 32767 -20810 6480 1505 END
START -4156 -7468 32767 -14323 6743 3657 END
START -4080 -5180 32767 -8964 7617 5899 END
START -3576 -2764 32767 -4356 9173 7469 END
START -3080 -932 32767 640 10319 7959 END
START -2616 -8 32767 6034 9833 7709 END
START -2016 388 32767 11439 7780 7225 END
START -1272 476 32767 16440 4934 6432 END
START -508 260 32767 20679 2962 5514 END
START 428 80 32767 24066 2250 4552 END
START 992 -88 32767 26657 2511 3651 END
START 1800 -292 29460 28688 3203 2741 END
START 2444 -552 23252 29816 4062 1665 END
START 3624 -336 17748 30041 4819 459 END
START 5200 -116 12056 29519 5450 -996 END
START 6532 -368 6692 27971 5150 -3316 END
START 7460 -600 1476 25124 2735 -6782 END
START 7480 -248 -1492 22337 -1438 -10073 END
START 7252 328 -3812 20546 -5142 -12742 END
START 7336 892 -6992 18884 -5713 -14819 END
START 7404 956 -10168 15916 -4083 -16615 END
START 6800 660 -12376 11946 -2791 -17989 END
START 5952 880 -13780 8091 -2888 -18750 END
START 5196 724 -14432 4534 -3773 -18934 END
START 4452 576 -14760 814 -4471 -18848 END
START 3868 548 -13880 -2937 -4535 -18365 END
START 3268 564 -13052 -6764 -4211 -17512 END
START 3112 344 -11872 -11044 -3339 -16699 END
START 2316 312 -9524 -15293 -2503 -16513 END
START 836 -8 -6516 -18472 -2528 -16722 END
START -980 -292 -2956 -20559 -3343 -16537 END
START -2792 -756 1440 -22682 -4184 -16042 END
START -4596 -708 7036 -24503 -4653 -14705 END
START -5508 -1244 13604 -25990 -3318 -13162 END
START -7284 -2316 20476 -27062 -485 -12112 END
START -9528 -3532 26768 -26566 1934 -10981 END
START -12500 -5548 32404 -23941 2955 -9618 END
START -14212 -7520 32767 -19921 3013 -7997 END
START -15612 -8580 32767 -15693 2527 -5790 END