START -356 6528 9000 1895 3468 -6164 END
START 16 6444 6988 1451 2363 -6184 END
START -704 6420 7180 664 1368 -6183 END
START -224 5028 6592 693 -2450 -5519 END
START -732 5460 5700 938 -6132 -4601 END
START 88 5164 4400 1189 -7780 -3794 END
START 764 4952 2928 407 -8208 -3532 END
START 2112 4616 1352 -1967 -7836 -3827 END
START 2740 3956 1168 -5433 -6762 -4868 END
START 2516 3172 1580 -8923 -5354 -5936 END
START 2332 2288 2756 -10856 -5060 -6913 END
START 1404 1752 3628 -11774 -5854 -6908 END
START 1076 756 4480 -12004 -6945 -6105 END
START 384 84 4880 -12621 -7173 -4369 END
START 588 -228 5124 -14122 -6408 -2616 END
START 908 -712 5988 -16650 -4715 -1367 END
START 1064 -468 7680 -18755 -3430 -1031 END
START 684 -500 9928 -19903 -3242 -991 END
START 896 -212 11556 -20148 -4008 -1214 END
START 1100 -128 13220 -20051 -4219 -1960 END
START 848 -620 15204 -19969 -4498 -2832 END
START 228 -1172 17052 -20068 -4387 -2932 END
START 48 -1784 19184 -20501 -3618 -2599 END
START -540 -2252 21548 -20855 -2394 -2141 END
START -1364 -3420 23920 -20798 -853 -1525 END
START -1928 -4352 26596 -19785 216 -1085 END
START -2720 -5092 28776 -18052 807 -315 END
START -3028 -5500 30692 -16033 865 685 END
START -2980 -5512 31980 -14192 939 1702 END
START -2960 -5936 32767 -12851 1768 2742 END
START -3172 -5604 32767 -10896 2852 3932 END
START -3444 -5236 32767 -8245 3606 5114 END
START -3296 -5076 32767 -5330 4254 5922 END
START -3412 -4848 32767 -2179 5135 6241 END
START -3676 -4476 32767 1531 5800 6702 END
START -3304 -4168 32767 5437 6177 7336 END
START -2056 -3112 32767 8932 6335 7601 END
START -1584 -3328 32767 11839 5888 7319 END
START -1116 -2912 32767 14847 4570 6632 END
START -496 -2728 32767 17821 3599 5399 END
START -448 -2632 32767 20863 3408 4144 END
START -488 -2772 32120 23530 3389 3506 END
START -148 -2732 28880 25093 2933 2971 END
START -4 -2656 25984 25789 2435 2283 END
START 48 -2284 23240 26214 1973 1684 END
START 380 -1828 20392 26308 1764 1076 END
START 608 -1208 17972 26034 1493 227 END
START 764 -672 15304 25569 1269 -656 END
START 992 -44 12696 24716 1026 -1436 END
START 1028 188 10568 23530 1138 -2382 END
START 1148 652 8288 21950 839 -3327 END
START 1380 1132 6324 20084 252 -3968 END
START 1604 1592 4308 17755 -470 -4867 END
START 1596 2276 2996 15560 -1212 -5898 END
START 2004 2768 2044 13810 -2116 -6961 END
START 2788 3200 1284 12716 -3224 -8460 END
START 3252 3736 764 11302 -3973 -9955 END
START 3844 3804 -188 9875 -4285 -11116 END
START 4200 3900 -608 7972 -4094 -12021 END
START 3984 3816 -1420 5807 -3222 -12328 END
START 3808 3388 -2308 3231 -2665 -12185 END
START 3560 2880 -2344 521 -2733 -12350 END
START 3288 2544 -2204 -1421 -2266 -12515 END
START 2784 1892 -1828 -2796 -1782 -12651 END
START 2172 1172 -2440 -4016 -2095 -12231 END
START 1904 764 -2780 -5980 -2454 -11741 END
START 992 316 -2716 -8072 -1988 -11106 END
START 44 -232 -3116 -10434 -1614 -9953 END
START -428 -580 -2816 -13099 -1688 -8490 END
START -1308 -1092 -1940 -15868 -2015 -7271 END
START -2496 -1324 -376 -18069 -2599 -6065 END
START -3396 -1708 1560 -19555 -3131 -5154 END
START -4668 -1412 4148 -20601 -4345 -4583 END
START -5324 -1012 7144 -21496 -5348 -4077 END
START -5568 -676 10916 -22887 -4782 -3449 END
START -5732 -308 15992 -24808 -3100 -2136 END
START -5800 12 21504 -26389 -695 -456 END
START -6304 -804 26928 -26799 1562 886 END
START -7196 -2616 31832 -25591 3532 1788 END
START -8336 -4708 32767 -22435 5000 1888 END
START -9468 -6336 32767 -17807 4991 1158 END
START -10204 -7316 32767 -12440 4193 -350 END
START -10460 -7816 32767 -7501 4093 -1815 END