START 10888 6780 -9648 1291 -2470 -5858 END
START 7540 7424 -6220 134 -3894 -6252 END
START 9956 7196 -11128 -2625 -3198 -7478 END
START 9480 4884 -10376 -6536 -1876 -9070 END
START 7848 4292 -9956 -10772 764 -10223 END
START 6780 2952 -10320 -14325 2044 -10380 END
START 5812 1728 -9776 -17301 1272 -10179 END
START 5176 252 -8932 -19746 176 -10354 END
START 4384 -1156 -7748 -21853 -591 -11025 END
START 3396 -3004 -6256 -24252 -728 -11754 END
START 1864 -4828 -3740 -26199 -1683 -11584 END
START 844 -6268 -800 -28346 -3146 -10240 END
START 308 -7272 2768 -30743 -3471 -8493 END
START -188 -8496 8172 -32768 -2218 -6638 END
START -664 -9468 14544 -32768 774 -4875 END
START -1260 -9504 21620 -32768 3976 -3892 END
START -2632 -8880 28552 -32768 6066 -4176 END
START -5464 -8248 32767 -31018 5871 -4952 END
START -7904 -7212 32767 -26147 4261 -5058 END
START -10008 -6360 32767 -21194 2994 -4170 END
START -11084 -5300 32767 -16917 2895 -1735 END
START -10864 -4496 32767 -13291 3957 1670 END
START -9608 -3512 32767 -9519 5628 4592 END
START -8220 -2724 32767 -5449 6977 6327 END
START -6684 -2016 32767 -588 7042 6908 END
START -5204 -1288 32767 4976 5567 6459 END
START -3436 -924 32767 10442 3463 5347 END
START -2032 -1068 32767 15234 1911 3966 END
START -1268 -1484 32767 19202 1755 2794 END
START -772 -2220 32767 22174 2649 2196 END
START -380 -2812 30924 24263 3868 2123 END
START -16 -3220 26164 25592 4885 2138 END
START 704 -3136 21348 26255 5247 2147 END
START 1520 -2708 16968 26315 5112 1782 END
START 2624 -1788 12720 25930 4670 843 END
START 3500 -644 9184 25290 4346 -408 END
START 4480 440 5748 24345 4319 -1884 END
START 5300 1248 2392 22879 3980 -3773 END
START 5580 1908 -668 20931 2869 -5942 END
START 5804 2304 -3360 18843 1171 -8174 END
START 5620 2608 -5456 16605 -764 -10168 END
START 5196 2452 -7244 14183 -2503 -11630 END
START 4984 2328 -8812 11705 -3602 -12696 END
START 4720 2088 -10360 8491 -4159 -13578 END
START 4212 1716 -11244 4784 -4567 -14424 END
START 3528 980 -11428 734 -4455 -15086 END
START 2548 500 -11072 -3012 -3948 -15193 END
START 1592 -248 -10008 -6970 -3311 -14665 END
START 732 -1012 -8592 -11131 -2638 -13943 END
START -604 -1220 -5872 -14748 -2841 -12982 END
START -1712 -1412 -2772 -17683 -3648 -12072 END
START -3012 -1440 1340 -20153 -4061 -11353 END
START -4424 -1552 6536 -21789 -4258 -10981 END
START -6236 -1216 12456 -22451 -4571 -10410 END
START -7760 -1100 17840 -22107 -4690 -9595 END
START -9476 -1384 23260 -21081 -4076 -9035 END