START 7100 6324 -2048 5034 1142 1341 END
START 5480 6704 -124 4466 -20 843 END
START 5408 7216 -1136 3553 -296 -242 END
START 6648 6072 -1996 2165 -1458 -1716 END
START 6572 5576 -3808 374 -764 -2938 END
START 6236 5432 -5236 -2267 -267 -3558 END
START 5836 4832 -5724 -5640 503 -3510 END
START 5756 4304 -6336 -9510 1401 -3014 END
START 5672 3456 -6224 -13236 2752 -2387 END
START 5616 2896 -5568 -16505 3615 -2389 END
START 5972 2120 -4928 -18650 3610 -3440 END
START 5724 1460 -4076 -20209 2899 -5103 END
START 4992 344 -3696 -21357 1705 -6796 END
START 4484 -1140 -3540 -22912 760 -8055 END
START 3420 -2592 -2648 -24882 208 -8973 END
START 2196 -4256 -776 -26993 -606 -9337 END
START 1120 -5444 2276 -29102 -2170 -8645 END
START 736 -6096 6536 -31263 -3426 -7011 END
START 672 -6652 12136 -32768 -2925 -5034 END
START 344 -7720 19928 -32768 -1264 -3277 END
START 544 -8536 27444 -32768 1213 -2776 END
START -732 -9080 32767 -32768 3444 -3392 END
START -2836 -9028 32767 -29623 4479 -4301 END
START -5256 -8604 32767 -24012 4099 -4320 END
START -7060 -7624 32767 -17813 2739 -2843 END
START -7700 -6116 32767 -12036 2108 -54 END
START -6796 -4556 32767 -7321 2668 3280 END
START -4916 -2920 32767 -3287 4627 6157 END
START -3432 -1524 32767 549 6517 7807 END
START -2200 -604 32767 4870 6937 8205 END
START -1092 -796 32767 9774 5860 7662 END
START -36 -1168 32767 14568 3790 6482 END
START 604 -2136 32767 19211 1761 5201 END
START 1144 -2736 32767 23095 430 4325 END
START 1560 -3304 32767 26131 188 3869 END
START 2200 -3436 30064 28261 842 3616 END
START 2984 -3256 25292 29455 2460 3548 END
START 3908 -2972 20924 29320 4970 3407 END
START 4696 -2384 16708 28379 7009 2897 END
START 5296 -1704 13024 27416 7624 2120 END
START 6464 -1152 9396 25917 7028 747 END
START 7420 -408 5360 23775 5222 -1256 END
START 8272 356 2216 20579 2393 -4131 END
START 8960 1632 524 17941 268 -7495 END
START 9244 2412 -904 16519 -653 -10937 END
START 9140 2612 -2876 15525 -875 -14201 END
START 8660 2608 -5280 13832 -1095 -16985 END
START 8272 2560 -7324 11441 -1754 -19175 END
START 7632 2492 -8668 8475 -2748 -20502 END
START 7260 2456 -9076 5477 -3318 -21114 END
START 6680 1960 -9148 2183 -2905 -21250 END
START 5980 1292 -8800 -1473 -1663 -21050 END
START 4840 824 -7792 -5342 -700 -20596 END
START 3720 520 -6036 -8557 -456 -20063 END
START 2164 104 -3644 -11013 -388 -19693 END
START 412 -228 -1160 -12744 -319 -19432 END