START 7536 5404 -2024 9373 -1235 -1647 END
START 6132 5904 -252 8335 -2025 -2030 END
START 6504 6308 -2480 5978 -1799 -2804 END
START 7548 5208 -4236 3010 -1658 -3295 END
START 6680 5368 -4684 446 -1247 -3710 END
START 6852 5264 -6004 -2094 -1222 -4102 END
START 7032 4772 -6636 -5054 -733 -5009 END
START 6728 4200 -7332 -8166 -355 -6219 END
START 6540 3612 -7420 -11146 -404 -7472 END
START 6176 3040 -7120 -13901 -282 -8719 END
START 5288 2148 -6828 -16244 -337 -9511 END
START 4872 1332 -6608 -18333 -793 -9968 END
START 3992 64 -6288 -20479 -1349 -10279 END
START 3116 -916 -5636 -22634 -2123 -10438 END
START 2680 -2504 -4472 -25052 -2749 -10551 END
START 1884 -3424 -2160 -27737 -3444 -10391 END
START 1228 -4708 1520 -30511 -3784 -9899 END
START 556 -5368 6772 -32768 -3921 -9073 END
START 36 -5852 13376 -32768 -3472 -8420 END
START -476 -7032 20492 -32768 -2128 -8497 END
START -1808 -8580 27700 -32768 -375 -8786 END
START -4024 -9636 32767 -31057 1090 -8992 END
START -6632 -10320 32767 -27601 1931 -8042 END
START -8904 -9828 32767 -23526 2892 -5626 END
START -10384 -8836 32767 -19280 4266 -2059 END
START -10644 -7668 32767 -14930 5361 1742 END
START -9904 -5872 32767 -10815 5526 4695 END
START -8468 -4236 32767 -6764 4933 6863 END
START -6572 -2816 32767 -2502 4023 8081 END
START -4672 -1956 32767 2399 3163 8158 END
START -3024 -1364 32767 7588 2470 7480 END
START -1636 -1352 32767 12706 1708 6634 END
START -572 -1664 32767 17239 1596 5586 END
START -76 -2292 32767 21031 2248 4880 END
START 32 -3056 32767 24022 2865 4613 END
START 504 -3344 31892 26453 3316 4483 END
START 812 -3652 27124 28250 3538 4393 END
START 1276 -3376 23120 29406 3817 4222 END
START 1956 -2540 18788 29679 4444 3937 END
START 2592 -1800 15456 28965 5567 3416 END
START 3348 -1004 12296 27721 6312 2719 END
START 4048 -168 9756 26176 6522 1629 END
START 4880 608 7296 24569 6332 162 END
START 5564 1436 4576 23059 5755 -1643 END
START 6184 2380 1868 21143 4422 -3728 END
START 6688 2844 -896 18621 2203 -6007 END
START 6680 3720 -2920 15597 -111 -8605 END
START 6748 4260 -4148 13230 -1658 -11160 END
START 6616 4092 -5148 10773 -2348 -13557 END
START 6320 3440 -6188 8374 -2745 -15346 END
START 5740 2780 -7144 5499 -3533 -16377 END
START 5264 2284 -8092 2156 -4024 -16648 END
START 4628 1828 -8328 -1501 -4131 -16555 END
START 3984 944 -8332 -5334 -3839 -16430 END
START 2960 -4 -7824 -9054 -3883 -16243 END
START 2224 -1008 -5912 -12277 -3852 -15932 END
START 1060 -1596 -3956 -14730 -3936 -15332 END
START -268 -2184 -1352 -16668 -4390 -14882 END
START -1772 -2472 2404 -18427 -5022 -14756 END
START -3476 -2596 6480 -19737 -5352 -14822 END
START -5948 -2748 11700 -19589 -5640 -14422 END
START -7984 -3328 16732 -18671 -6058 -12990 END
START -9864 -2912 21340 -17589 -6239 -10852 END