START 10704 7868 -4420 3955 413 -1861 END
START 10212 7972 -4752 3062 -179 -2645 END
START 8640 8508 -3680 1271 -754 -4292 END
START 9720 6788 -5408 -982 -2762 -6523 END
START 8504 6416 -5752 -3240 -5121 -8693 END
START 7724 5484 -5944 -5195 -7224 -9889 END
START 7064 4752 -6184 -7399 -8302 -10046 END
START 6768 3656 -6272 -10434 -8133 -9660 END
START 6292 2224 -6128 -13904 -7117 -9573 END
START 6100 632 -5080 -17427 -5713 -9994 END
START 5340 -912 -3660 -20045 -5076 -10680 END
START 4348 -2444 -1628 -21784 -5836 -11056 END
START 3784 -3756 804 -23132 -7250 -10663 END
START 3424 -4716 3304 -24856 -7299 -9895 END
START 2992 -5396 6620 -26841 -5812 -8728 END
START 2720 -6116 10488 -28693 -3142 -7810 END
START 1692 -7316 14940 -30176 504 -7278 END
START 344 -8344 19696 -30415 2447 -7117 END
START -1228 -8896 24584 -29091 2486 -7185 END
START -2656 -9164 29184 -26864 2161 -7471 END
START -4360 -9356 32767 -24178 2200 -7229 END
START -6008 -9276 32767 -21617 2497 -6151 END
START -7212 -8596 32767 -19094 3041 -4015 END
START -7928 -7528 32767 -16327 4285 -1470 END
START -8288 -6132 32767 -13246 5757 979 END
START -8892 -4700 32767 -9671 5914 3013 END
START -8164 -3796 32767 -5620 4838 4728 END
START -7268 -2936 32767 -1442 3413 5812 END
START -5820 -2140 32767 2664 2138 6364 END
START -4368 -1996 32767 6298 2135 6264 END
START -3340 -2100 32767 9948 2723 5814 END
START -2788 -2512 32767 13967 3153 5349 END
START -2280 -3452 32767 17754 3145 5084 END
START -1808 -4040 32767 21152 2983 4915 END
START -1212 -4460 32076 23821 3420 4997 END
START -908 -4208 28048 25876 4113 5236 END
START -292 -3880 24272 27066 5221 5544 END
START 472 -3108 20240 27411 6506 5683 END
START 1096 -2176 16696 26941 7214 5473 END
START 1928 -1068 13480 26204 6965 4606 END
START 2808 32 10576 25177 5627 2939 END
START 3304 1112 7812 24092 3540 951 END
START 3664 2400 5652 22927 1304 -1161 END
START 4200 3724 3536 21595 -260 -3075 END
START 4568 4448 1700 20273 -966 -4732 END
START 5100 5300 -300 18887 -1315 -6311 END
START 5496 5540 -2200 17112 -1428 -8194 END
START 6056 5264 -4304 14378 -1881 -10460 END
START 5896 4636 -5372 10898 -3392 -12670 END
START 5420 4432 -5672 7906 -4728 -14345 END
START 5288 3872 -5648 5395 -5570 -15407 END
START 4772 3464 -6156 2784 -5991 -16146 END
START 4108 2772 -6556 -140 -6256 -16177 END
START 3432 1832 -6952 -3321 -6958 -15540 END
START 3084 1376 -6736 -7065 -7720 -14570 END
START 2868 652 -5820 -10404 -7181 -13874 END
START 2588 -480 -4836 -13107 -6575 -13141 END
START 1936 -1692 -3604 -15481 -7177 -12356 END
START 1492 -2392 -1416 -17788 -8352 -11783 END
START 920 -2816 1576 -19669 -9225 -11555 END
START 184 -2608 4876 -21041 -10031 -11463 END
START -264 -3024 9004 -22011 -10463 -11388 END
START -1412 -2980 13492 -22626 -10796 -10862 END
START -2540 -3280 18768 -22555 -10688 -9548 END
START -3932 -3984 24052 -21984 -8876 -7877 END
START -4980 -4856 28432 -21342 -4887 -6613 END
START -6568 -6492 32692 -20529 -1127 -5477 END