START 6808 6084 4940 14445 -3953 -2965 END
START 5008 6788 7196 14096 -5037 -2924 END
START 6928 7084 2540 12658 -5014 -2994 END
START 8032 6844 1704 9728 -2843 -3264 END
START 8152 6748 212 5981 1373 -4095 END
START 8160 6720 -1452 2244 3373 -4729 END
START 7932 6184 -2680 -1314 3080 -5663 END
START 8204 5952 -3124 -4048 1594 -7323 END
START 7884 5560 -3428 -5516 -485 -9585 END
START 7504 4824 -3824 -6588 -2698 -11828 END
START 6764 4360 -4288 -7672 -4240 -13694 END
START 5548 2936 -5104 -9623 -4977 -14944 END
START 4492 1792 -5332 -12480 -4984 -15422 END
START 3640 304 -4772 -15506 -3849 -15264 END
START 1960 -1032 -4260 -18335 -3005 -14830 END
START 316 -2892 -2976 -21022 -3820 -13684 END
START -960 -3768 -932 -23146 -6053 -11860 END
START -1096 -4196 2248 -25118 -7794 -9696 END
START -1228 -4464 6360 -27154 -7579 -7811 END
START -1324 -4812 11408 -28984 -5548 -6530 END
START -1964 -5128 16780 -30447 -2758 -6308 END
START -2956 -5968 22788 -30797 -400 -6357 END
START -4644 -6348 28908 -29365 1549 -6334 END
START -6668 -6868 32767 -26659 2791 -5620 END
START -8676 -7124 32767 -23537 3318 -4433 END
START -10116 -7252 32767 -20163 3573 -2515 END
START -10884 -6884 32767 -16469 3604 85 END
START -10952 -5988 32767 -13065 3746 2593 END
START -9976 -5048 32767 -9758 4351 4547 END
START -9120 -3936 32767 -6556 4509 5784 END
START -7956 -3160 32767 -2602 3767 6530 END
START -6468 -2476 32767 1985 2427 6715 END
START -4928 -2188 32767 6778 1207 6369 END
START -3780 -2192 32767 11285 582 5610 END
START -2924 -2336 32767 15219 687 5117 END
START -2480 -2768 32767 18336 1345 5145 END
START -1932 -3296 32767 20849 2152 5432 END
START -1476 -3412 29748 22758 2651 5681 END
START -712 -3204 25508 24130 2772 5636 END
START -152 -2628 21540 24952 2794 5266 END
START 704 -1852 18004 25069 3280 4708 END
START 1400 -1052 13932 23992 4023 3760 END
START 1740 -212 10844 22186 4096 2711 END
START 2024 876 8396 20438 3675 1417 END
START 2500 1508 6360 19120 2798 -18 END
START 2824 2204 4296 18347 1765 -1223 END
START 2964 2864 1976 17349 287 -2269 END
START 3432 3288 -300 16044 -1439 -3185 END
START 4036 4088 -2316 14235 -3120 -4492 END
START 4956 4488 -4236 11798 -3670 -6152 END
START 5288 4624 -5484 8632 -3180 -7913 END
START 5492 4320 -6348 5499 -2271 -9794 END
START 5092 3752 -6540 2715 -2366 -11438 END
START 4556 3124 -6836 671 -3729 -12280 END
START 4220 2764 -7060 -1447 -5101 -12508 END
START 4284 2280 -7040 -4180 -5384 -12341 END
START 3996 1660 -6884 -7387 -4540 -12047 END
START 3808 1056 -6028 -10967 -3292 -11588 END
START 3240 488 -4984 -14524 -2722 -11290 END
START 2476 -96 -2736 -17519 -2882 -11798 END
START 1364 -380 152 -19398 -3680 -12732 END
START 152 -436 3792 -20435 -4998 -13739 END
START -1644 -912 8508 -20855 -6679 -14293 END
START -2772 -2184 13500 -20746 -8694 -14072 END