START 7716 4576 220 11619 319 -3619 END
START 6292 5076 1988 10942 -409 -3955 END
START 6176 5776 -348 9426 76 -4703 END
START 7244 4964 -2296 7332 247 -5193 END
START 7120 4444 -3364 5255 1393 -5745 END
START 6564 4528 -4704 2943 1248 -5897 END
START 5824 4456 -5440 558 548 -5870 END
START 5824 4676 -6380 -2247 -9 -5653 END
START 5676 4152 -6840 -5250 -235 -5726 END
START 5444 4052 -7132 -8526 -423 -5883 END
START 5104 3888 -7052 -11680 -482 -5910 END
START 4988 3296 -6864 -14871 -383 -5788 END
START 4960 2592 -6460 -17713 -237 -5859 END
START 4764 1620 -5824 -20447 -4 -6336 END
START 4452 396 -4984 -22857 -196 -7286 END
START 4080 -1236 -3600 -24974 -829 -8723 END
START 3316 -2624 -1272 -26728 -2199 -9628 END
START 2552 -3708 1412 -28380 -4155 -9592 END
START 2500 -5016 4940 -30718 -4733 -9065 END
START 1920 -5836 10272 -32768 -3405 -8484 END
START 628 -6772 16656 -32768 -978 -7733 END
START -992 -8240 23552 -32768 1300 -7240 END
START -3724 -9468 30812 -32768 2627 -6532 END
START -6792 -9332 32767 -30814 2949 -4993 END
START -8780 -8920 32767 -26165 2827 -2874 END
START -9820 -7960 32767 -21275 2889 -382 END
START -9696 -6540 32767 -16247 3516 2417 END
START -8772 -5004 32767 -11492 4449 5183 END
START -7040 -3464 32767 -7205 4543 7509 END
START -5092 -2012 32767 -2812 4164 8608 END
START -3364 -1272 32767 1939 3545 8446 END
START -1708 -1068 32767 7305 2873 7375 END
START -500 -1300 32767 12711 2125 5903 END
START 368 -1916 32767 17492 1660 4563 END
START 1056 -2712 32767 21411 1771 3751 END
START 1472 -3344 32767 24653 2469 3196 END
START 1852 -3712 32072 27217 3292 2679 END
START 2144 -3952 27592 29057 3845 2194 END
START 2412 -3748 22872 30021 3830 1780 END
START 2964 -3144 18920 29996 3814 1199 END
START 3600 -2152 14764 29080 4239 449 END
START 4352 -1232 11048 27474 4862 -616 END
START 4844 -368 7576 25247 4975 -1976 END
START 5196 448 4624 22839 4348 -3587 END
START 5748 1284 2108 20563 3374 -5629 END
START 5876 1872 52 18840 2213 -7882 END
START 5804 2432 -1764 17624 1017 -9999 END
START 5660 2724 -3656 15951 -146 -12011 END
START 5312 2456 -5376 13631 -1593 -13740 END
START 5032 2672 -6940 10403 -2851 -14859 END
START 4448 2288 -7744 7131 -3690 -15263 END
START 3960 2364 -8464 3816 -3997 -14949 END
START 3316 2048 -9076 249 -3900 -14079 END
START 3084 1976 -9128 -3430 -3359 -13219 END
START 2540 1520 -9024 -6851 -2754 -12310 END
START 2108 804 -8440 -9969 -2981 -11530 END
START 1964 280 -7596 -12630 -3826 -11226 END
START 1608 -564 -5996 -15019 -4673 -11324 END
START 756 -1580 -3744 -17360 -5129 -11640 END
START -524 -1820 -840 -19498 -5519 -11895 END
START -1944 -1852 3172 -21246 -6070 -11611 END
START -3052 -1920 8744 -22468 -5858 -10774 END
START -4400 -1708 14152 -23154 -4940 -9136 END