START 8192 5656 -892 1402 -522 -8792 END
START 7448 5736 -992 848 -2705 -8684 END
START 7080 6988 -1772 -462 -3423 -8479 END
START 6676 5556 -1812 -2261 -5221 -7156 END
START 7924 4532 -2404 -4882 -2258 -6814 END
START 8032 4400 -3104 -8934 1356 -7905 END
START 7916 2644 -3272 -12811 4033 -9706 END
START 6752 1608 -2328 -15762 4524 -11684 END
START 5028 484 -1448 -16611 2482 -12771 END
START 3964 -608 -1012 -16364 -499 -12916 END
START 3220 -1988 -1440 -16967 -2834 -12490 END
START 2580 -2744 -1408 -19115 -3009 -11809 END
START 1876 -3900 -484 -22392 -1343 -10943 END
START 744 -4524 1392 -25625 779 -9606 END
START -152 -4708 4156 -27782 1625 -7772 END
START -736 -4596 7636 -29249 1365 -5827 END
START -844 -4640 11696 -30186 753 -4431 END
START -392 -4764 16700 -30585 506 -4097 END
START -864 -5400 22712 -30378 977 -4619 END
START -2176 -6392 29048 -29425 1733 -5287 END
START -4448 -7368 32767 -26983 2695 -5320 END
START -7336 -8332 32767 -22854 3858 -4113 END
START -9960 -8320 32767 -17813 3999 -1349 END
START -10932 -7460 32767 -12857 4280 2263 END
START -10844 -5344 32767 -8518 5434 5795 END
START -9720 -3352 32767 -4593 6542 8369 END
START -8260 -1392 32767 -579 7017 9267 END
START -6872 -456 32767 3945 6382 9101 END
START -5608 172 32767 8565 4752 8644 END
START -4552 180 32767 13103 2775 8289 END
START -3264 -32 32767 17187 1535 7736 END
START -2284 -436 32767 20985 1105 6994 END
START -1460 -912 32767 24552 1460 6080 END
START -1012 -1340 32767 27550 1776 5298 END
START -664 -1740 28280 29727 2001 4680 END
START -96 -1712 23684 30945 2290 3991 END
START 628 -1620 19608 31370 2633 3167 END
START 1248 -1128 15212 30966 3099 1965 END
START 2136 -648 11408 29682 3075 403 END
START 2960 -200 7696 27495 2121 -1567 END
START 3884 588 3828 24270 336 -4307 END
START 4372 1140 1892 21222 -1347 -7318 END
START 4556 2144 12 19327 -2511 -9906 END
START 4820 2672 -1968 18425 -3095 -11752 END
START 4944 2980 -4372 16843 -3960 -13707 END
START 5184 2988 -6408 14331 -5301 -15348 END
START 5612 2964 -7904 11432 -6798 -16762 END
START 5728 2292 -8512 7862 -7613 -18098 END
START 5284 1404 -8476 3918 -6420 -19082 END
START 3800 72 -8000 230 -4442 -19044 END
START 2248 -768 -7372 -2619 -3528 -18047 END
START 1308 -1356 -6736 -5158 -3360 -16287 END
START 1088 -1564 -6176 -7605 -3401 -14678 END
START 1032 -1568 -5428 -10307 -3175 -13607 END
START 748 -1644 -4096 -13374 -2817 -12880 END
START -44 -1648 -2644 -16061 -2619 -12583 END
START -1280 -1412 -228 -18258 -3024 -12404 END
START -2980 -920 3068 -19988 -3899 -12164 END
START -4968 -340 6756 -21167 -4902 -11726 END
START -6972 620 11292 -21849 -6221 -10669 END
START -8748 1212 15948 -21874 -7125 -8744 END
START -10124 1688 20448 -21705 -7292 -6152 END
START -10924 552 25700 -21551 -5788 -3548 END
START -11348 -860 30540 -21234 -3032 -1166 END