START 6432 6544 -8572 -3324 4845 -7759 END
START 6280 6744 -11076 -4548 3008 -8037 END
START 6608 6652 -11092 -7302 1790 -8733 END
START 5916 5136 -10552 -10707 58 -9683 END
START 4816 4564 -10076 -13844 -546 -10568 END
START 3912 2872 -9704 -16953 -950 -10938 END
START 2568 1280 -8784 -19976 -1096 -10680 END
START 1276 -200 -7688 -23204 -1239 -10004 END
START 272 -2228 -5604 -26335 -2627 -8566 END
START -56 -3548 -2408 -29348 -4797 -6466 END
START 236 -4448 2940 -32052 -6119 -4189 END
START 636 -4880 8660 -32768 -5231 -2314 END
START 1512 -5768 15264 -32768 -2408 -1425 END
START 1628 -6356 23040 -32768 1280 -1686 END
START 856 -7064 29700 -32768 3446 -2732 END
START -1032 -7664 32767 -30023 3786 -4158 END
START -3612 -7496 32767 -25122 2233 -4983 END
START -5696 -6996 32767 -19823 630 -4345 END
START -7448 -6944 32767 -15448 645 -2916 END
START -8864 -6152 32767 -11891 1998 -209 END
START -8972 -5208 32767 -8748 4010 3248 END
START -8280 -4448 32767 -5190 6363 5769 END
START -7564 -3400 32767 -496 7411 6904 END
START -7192 -2364 32767 5067 5682 7055 END
START -6172 -1560 32767 10825 2847 6713 END
START -4692 -1008 32767 16084 1165 6305 END
START -3464 -832 32767 20091 1356 5890 END
START -2080 -1384 32767 22621 2568 5718 END
START -1116 -1872 31596 24057 3210 5423 END
START -112 -2100 27264 25019 3003 4733 END
START 780 -2120 22732 25957 2158 3549 END
START 1908 -1668 19104 26886 1270 2084 END
START 3328 -1240 14964 27205 619 294 END
START 4240 -624 11056 26594 66 -1329 END
START 5556 592 7588 25567 206 -3140 END
START 6848 1472 4520 24286 777 -5198 END
START 7760 2016 1720 22445 792 -7713 END
START 8648 2272 -404 20322 472 -10615 END
START 8444 2232 -2488 18513 -138 -13132 END
START 7820 2604 -4436 16677 -1481 -14837 END
START 7824 2896 -6432 14447 -2500 -15975 END
START 7836 2972 -8284 11277 -2127 -16929 END
START 7396 3096 -9372 7543 -589 -17561 END
START 6352 2488 -9972 3954 680 -17801 END
START 5448 2076 -10388 540 984 -17726 END
START 4584 1380 -10552 -2679 1094 -17817 END
START 3384 692 -10224 -5772 503 -17964 END
START 2648 -240 -9592 -8694 -213 -18360 END
START 1072 -1200 -8300 -11253 -1124 -18405 END
START -308 -2336 -6612 -14119 -1722 -17936 END
START -2036 -3376 -4372 -17200 -2202 -17193 END
START -4180 -3716 -1088 -19920 -2814 -15762 END
START -5932 -3612 2928 -22050 -3507 -13855 END
START -7124 -3560 7652 -23894 -3660 -12440 END
START -8368 -3364 12488 -25437 -3268 -11400 END
START -10160 -3512 18520 -26000 -2012 -10577 END
START -12176 -4784 24388 -25195 -485 -9621 END
START -14280 -6444 29160 -23482 404 -8484 END
START -16120 -7960 32767 -20588 739 -7270 END
START -17652 -9264 32767 -16754 1039 -5996 END