START 9820 6228 -6540 4620 2871 -14428 END
START 9768 6020 -7764 3291 2524 -14500 END
START 9120 6216 -8860 143 4343 -14598 END
START 8504 4572 -9856 -4390 5748 -14006 END
START 7512 3656 -10652 -9478 6431 -13511 END
START 6100 2708 -10840 -14254 5281 -13634 END
START 5040 1352 -10264 -18316 3340 -14206 END
START 3532 -160 -8700 -21109 1132 -14871 END
START 1952 -1052 -7364 -22546 -515 -14466 END
START 648 -2696 -6712 -24384 -900 -12992 END
START -676 -4484 -5816 -27356 -635 -11058 END
START -1864 -6380 -4276 -30920 -434 -8569 END
START -2816 -8036 -1348 -32768 -881 -5575 END
START -3124 -9124 2960 -32768 -2040 -2614 END
START -2324 -9584 8684 -32768 -2694 -932 END
START -1624 -10004 15532 -32768 -2118 -896 END
START -1472 -10420 23600 -32768 -491 -1648 END
START -2868 -10148 31384 -32768 1593 -1827 END
START -4716 -9324 32767 -32768 3243 -625 END
START -5836 -8100 32767 -28693 4542 921 END
START -6976 -6080 32767 -24755 5621 2451 END
START -7372 -4044 32767 -20825 6012 4000 END
START -6804 -2152 32767 -16579 6184 5357 END
START -5808 -552 32767 -11908 5467 6153 END
START -4116 652 32767 -6937 4049 6216 END
START -2468 1032 32767 -1683 2856 5710 END
START -1148 844 32767 3821 2036 4927 END
START -392 288 32767 8674 1823 4129 END
START 308 -484 32767 12911 1897 3599 END
START 832 -1200 32767 16755 2550 3295 END
START 1360 -1916 32767 20425 3856 3118 END
START 1576 -2888 32767 23592 5089 3083 END
START 1856 -3460 30784 25901 5824 3090 END
START 2580 -3628 25872 27180 5956 2878 END
START 2920 -3192 20916 27568 5803 2301 END
START 3348 -2744 17288 27127 5605 1409 END
START 3904 -1768 13416 26260 5245 147 END
START 4264 -984 10628 25396 4623 -1224 END
START 4716 -176 7664 24496 3755 -2931 END
START 5132 604 5248 23373 2760 -4980 END
START 5600 1100 2824 22028 1289 -7009 END
START 5832 1500 528 20314 -485 -9143 END
START 5788 1832 -984 18486 -1925 -11142 END
START 6044 2196 -3056 16304 -3045 -12607 END
START 6268 2044 -4928 13241 -3261 -13996 END
START 5792 1896 -5920 9584 -3561 -15130 END
START 5488 1776 -6372 6080 -3854 -15932 END
START 5232 1368 -6616 3023 -3500 -16709 END
START 4468 992 -6432 535 -2955 -17372 END
START 3996 296 -6592 -1748 -3258 -17687 END
START 3284 -236 -6436 -4388 -3731 -17842 END
START 2408 -872 -5868 -7192 -4228 -17378 END
START 1964 -1588 -4992 -10215 -4375 -16421 END
START 1608 -2240 -3384 -13559 -4281 -15597 END
START 684 -2576 -1396 -16673 -4319 -14909 END
START -464 -3116 1692 -19078 -4501 -14195 END
START -1508 -3440 5168 -20667 -5131 -13337 END
START -2240 -3796 9468 -21984 -5020 -12698 END
START -3760 -3868 14440 -22954 -4097 -12256 END
START -5720 -3972 19104 -23431 -3412 -11263 END
START -7860 -4300 24196 -22960 -2290 -9814 END
START -9616 -5024 28896 -21590 -986 -8243 END