START 10324 7124 -4688 -91 3042 -4181 END
START 9964 7648 -5320 -653 1438 -4913 END
START 10368 7900 -5500 -1992 990 -6973 END
START 12088 6512 -6916 -4440 564 -11317 END
START 11536 5616 -7740 -7675 876 -16144 END
START 9992 3836 -8232 -10517 -298 -19085 END
START 7912 2788 -8544 -13070 -2505 -19410 END
START 6124 1600 -8680 -16689 -3832 -18307 END
START 5208 228 -8340 -21052 -1612 -16728 END
START 3816 -1296 -7112 -25728 3140 -15214 END
START 1812 -3424 -4884 -29996 7172 -13926 END
START -192 -4680 -1860 -32768 7860 -12153 END
START -1512 -4888 1532 -32768 5156 -9862 END
START -2280 -5460 5796 -32768 1853 -7689 END
START -2024 -6352 10788 -32768 970 -5945 END
START -2660 -7320 17224 -32768 3171 -4782 END
START -4032 -7868 23056 -32768 5834 -3409 END
START -5508 -8440 29252 -32768 7164 -2310 END
START -7392 -8668 32767 -31386 7434 -1667 END
START -8648 -8492 32767 -26574 7404 -864 END
START -9524 -8540 32767 -21150 7454 -40 END
START -10412 -8000 32767 -15828 7586 870 END
START -10812 -7108 32767 -10945 7258 2179 END
START -10696 -6052 32767 -6225 7023 3170 END
START -10776 -5144 32767 -1091 7112 3976 END
START -10524 -4672 32767 4129 6846 4818 END
START -9984 -4516 32767 8969 6233 5589 END
START -9268 -4640 32767 13615 5642 6382 END
START -8328 -4616 32767 17653 5103 7217 END
START -7112 -4788 32767 21364 4725 7921 END
START -5836 -4872 32767 24429 4401 8334 END
START -4512 -4740 29520 26854 3838 8384 END
START -2996 -3968 25152 28819 3257 8114 END
START -1452 -3240 20696 30058 3001 7493 END
START 420 -2332 16400 30385 2932 6448 END
START 2100 -1268 12424 29804 3151 4956 END
START 3660 -76 8228 28647 3335 3165 END
START 5444 964 5004 27348 3462 1206 END
START 6532 1396 1884 25430 2325 -1275 END
START 7356 2256 -1632 22990 -455 -4082 END
START 8000 2920 -3796 20306 -3956 -7293 END
START 8556 3808 -5568 17851 -6380 -10608 END
START 8680 4304 -7220 15335 -7073 -13833 END
START 8180 4308 -8352 12885 -6404 -16062 END
START 7496 3968 -9876 9890 -5834 -17219 END
START 7056 3608 -10660 6337 -5634 -17873 END
START 6240 2832 -11480 1906 -5007 -18289 END
START 5300 1980 -11228 -3158 -3818 -18491 END
START 3832 992 -9856 -7565 -3094 -18156 END
START 2504 440 -8344 -10534 -3402 -17262 END
START 1956 -356 -6656 -12964 -3731 -16321 END
START 956 -1208 -5092 -15649 -4119 -15806 END
START -472 -1984 -2568 -18406 -4646 -15553 END
START -2256 -2732 768 -20569 -4905 -15233 END
START -4152 -3704 5120 -22236 -4909 -14690 END
START -6196 -3996 9764 -23359 -4970 -13886 END
START -8520 -4256 15272 -23687 -4773 -12867 END
START -11092 -4972 20820 -23383 -4192 -11291 END
START -13128 -5360 25904 -22145 -3456 -9011 END
START -14544 -6032 30184 -20162 -2804 -6793 END
START -14964 -6824 32767 -17773 -1346 -4891 END
START -15088 -7188 32767 -14565 1134 -3390 END