START -1240 1280 14940 8298 430 7017 END
START -10664 5344 21308 8335 1750 6360 END
START -6684 3408 13828 8478 -1323 6913 END
START -2848 1744 8912 8009 -2802 7498 END
START -3380 1992 8348 6051 -3833 9445 END
START -2972 2436 8160 3495 -3822 11844 END
START -2004 2624 7988 1238 -2550 14358 END
START -1164 2920 7776 -608 -1095 16037 END
START 368 3148 7652 -2067 -461 16539 END
START 1516 2984 8088 -3231 -1159 16401 END
START 2484 3388 8656 -3911 -2428 16140 END
START 3808 3372 9180 -4077 -3370 15668 END
START 4340 3824 9416 -4251 -3474 15089 END
START 4808 3764 8992 -4957 -2385 14422 END
START 4660 3628 8724 -6284 -1084 13976 END
START 4524 3320 8672 -7778 -877 13898 END
START 4600 2952 9080 -9169 -1674 14071 END
START 5444 2488 9568 -10397 -2062 14379 END
START 6548 2480 10196 -11321 -1448 14574 END
START 7160 2304 10468 -12014 -524 13868 END
START 7132 2288 10660 -12620 -108 12490 END
START 6836 1848 10412 -13028 -362 11203 END
START 6904 1152 10544 -13797 -1810 10192 END
START 7808 404 11472 -14856 -3295 9437 END
START 8692 -384 13272 -15723 -3802 8993 END
START 9908 -952 14656 -16070 -2332 8760 END
START 10276 -1228 15152 -16247 141 8117 END
START 9876 -924 14592 -16441 2364 6664 END
START 8832 -872 14460 -16519 2961 4571 END
START 7816 -1484 14540 -16389 1714 2754 END
START 7972 -2276 15224 -16424 102 1648 END
START 8276 -2752 16224 -16520 -473 952 END
START 8844 -3152 17020 -16590 64 62 END
START 9424 -3652 17524 -16633 1816 -1015 END
START 9288 -4220 18620 -17099 3835 -2157 END
START 9000 -4756 20332 -17320 4637 -2976 END
START 8760 -5076 21988 -16759 4506 -3603 END
START 9148 -5144 22804 -15974 4284 -4476 END
START 9676 -5480 23388 -15427 4347 -5907 END
START 9772 -6096 24572 -14878 4461 -7821 END
START 9608 -6728 25952 -13768 4161 -9486 END
START 9328 -6804 27072 -12139 3820 -10744 END
START 8992 -6748 27996 -10462 4300 -11760 END
START 9032 -6760 28232 -9395 4701 -12728 END
START 8532 -6784 28968 -8530 4020 -14008 END
START 8188 -6656 29844 -6500 3233 -15657 END
START 7756 -6516 29944 -3918 2605 -17534 END
START 7076 -6220 29252 -2125 1557 -19467 END
START 6072 -5868 29496 -1612 644 -21388 END
START 4276 -5904 30132 -302 1026 -21904 END
START 3000 -6108 29912 1589 1667 -20688 END
START 2364 -5644 29076 2645 2151 -19110 END
START 2332 -5336 28748 2997 1271 -18483 END
START 1904 -4956 28736 4267 -86 -19422 END
START 940 -5308 28948 6843 -535 -20712 END
START -108 -5212 28352 9464 -87 -21387 END
START -1624 -5660 27120 10690 1237 -20871 END
START -3268 -6044 26176 11566 2444 -18211 END
START -4480 -6048 25056 12494 3286 -14725 END
START -4616 -5652 24124 13094 3785 -12255 END
START -5080 -4516 23808 13968 3795 -10946 END
START -5804 -3904 22888 15400 3502 -10342 END
START -6488 -4012 21808 16663 2938 -9630 END
START -7120 -4372 20928 17442 1905 -8055 END
START -6672 -4272 20684 17795 976 -5800 END
START -5944 -3400 20472 18285 1197 -3792 END
START -5256 -2284 19524 18856 2255 -2815 END
START -5220 -1672 18280 19168 2636 -2602 END
START -5400 -1372 17280 19498 2029 -1961 END
START -4976 -1048 16312 19465 2274 -725 END
START -4532 -656 15492 18700 3891 867 END
START -4200 -344 15424 17976 5001 2613 END
START -3084 428 15192 17519 5978 4088 END
START -2756 1008 14292 17168 7235 4826 END
START -3144 1264 12444 16816 7813 4942 END
START -3796 1516 11284 16091 7677 5165 END
START -3984 1504 10596 15172 7279 6032 END
START -3704 1168 10484 14148 6760 7454 END
START -3240 1636 10280 13476 7381 8843 END
START -3560 2212 9772 12813 7696 9689 END
START -4208 2624 9408 12542 6940 10285 END
START -4048 2540 8592 12397 5693 10980 END
START -3032 2596 7648 11498 4629 11693 END
START -1332 2368 7052 9755 4647 11762 END
START -664 2464 7212 8101 6307 12114 END
START -44 2228 7380 6614 8079 13243 END
START 820 2172 7544 5123 8643 14458 END
START 2316 2392 7764 3703 9195 15479 END
START 3968 2416 8296 2457 9590 15946 END
START 5652 2740 8540 1470 9403 16025 END