START 2172 1776 10356 427 -4929 11541 END
START 300 3536 10688 297 -5490 11636 END
START 4544 1356 5136 -411 -5483 11585 END
START 2972 2168 8196 -1477 -6328 11913 END
START 2708 2356 9836 -2591 -6453 12204 END
START 3364 2472 10344 -3501 -5873 12268 END
START 4372 2076 10572 -4496 -5009 12095 END
START 4476 2080 10956 -5286 -4142 11670 END
START 4764 1940 10940 -5464 -3322 11155 END
START 4852 1796 10672 -5704 -2201 10522 END
START 4652 1068 10512 -6398 -1633 10196 END
START 4744 760 10872 -7489 -1958 10334 END
START 5092 844 11372 -8277 -1762 10479 END
START 5416 508 11372 -9143 -1428 10325 END
START 5556 464 11344 -9914 -657 9979 END
START 5832 -384 11576 -10712 -341 9533 END
START 6276 -572 12536 -11107 -580 9120 END
START 6840 -940 13216 -11269 -294 8544 END
START 7088 -1228 13360 -11462 -37 7863 END
START 7196 -1496 13300 -12029 -6 7103 END
START 7260 -1696 14104 -12703 -324 6413 END
START 7576 -1820 14720 -13042 91 5650 END
START 7812 -2364 15000 -13689 960 5096 END
START 8380 -2864 15880 -14637 1559 4777 END
START 8828 -3548 16600 -15248 2160 4396 END
START 9120 -3668 17712 -15734 3191 3630 END
START 9004 -4052 18712 -15646 4106 2336 END
START 8924 -4844 20240 -15272 4102 839 END
START 9028 -5476 21720 -14548 3352 -426 END
START 9580 -5740 23000 -13463 2407 -1766 END
START 10116 -5972 23796 -12271 1661 -3729 END
START 10204 -5908 24160 -11013 721 -5800 END
START 9732 -5632 23600 -10238 810 -7301 END
START 8992 -5816 23684 -10122 1652 -8097 END
START 8332 -5888 23772 -9946 2885 -8162 END
START 7820 -5832 24360 -9504 4459 -8113 END
START 7536 -5776 24368 -8748 5774 -8449 END
START 6892 -5628 24484 -7836 6165 -9445 END
START 5800 -5660 24288 -6470 5180 -10803 END
START 5304 -5472 24120 -5073 2944 -12160 END
START 4828 -5212 24064 -3937 1206 -13556 END
START 4668 -5084 24076 -2620 -343 -15176 END
START 4172 -5008 23664 -1608 -1535 -16427 END
START 3620 -4876 23444 -1136 -2201 -16969 END
START 3096 -4612 23640 -542 -1478 -16792 END
START 2952 -4536 23568 312 -103 -16158 END
START 2736 -4324 23652 862 1131 -15529 END
START 2488 -4256 23624 1817 1585 -15049 END
START 2472 -3896 23336 3202 1584 -14894 END
START 2044 -3828 23584 4212 2361 -15200 END
START 1116 -4232 24224 5416 4001 -15436 END
START 12 -5000 24812 6546 5745 -15223 END
START -1316 -5848 25692 7312 7577 -14449 END
START -2924 -6428 26632 9016 9205 -13021 END
START -3948 -6252 26176 10278 9090 -11458 END
START -4740 -5844 25692 10729 5826 -11273 END
START -5036 -5500 25836 12332 13 -11764 END
START -4212 -5056 25468 14580 -5939 -12186 END
START -2420 -3604 24868 16377 -9897 -12355 END
START -1312 -2540 23924 17132 -10643 -12387 END
START -664 -1936 22696 17710 -8168 -11770 END
START -1376 -1668 21180 17416 -4979 -10571 END
START -2052 -1220 19712 16953 -2956 -8436 END
START -2244 -772 18556 16492 -2098 -6204 END
START -2132 -36 17852 15879 -1355 -4521 END
START -1968 396 17256 15618 -659 -3649 END
START -2116 1092 16824 15523 -796 -3267 END
START -2108 1440 16416 15742 -742 -3236 END
START -2436 1156 15388 16010 90 -3082 END
START -2964 680 14264 15947 987 -2249 END
START -3340 668 13172 15085 1539 -527 END
START -3524 1072 12968 13612 1934 1737 END
START -3008 1096 12984 12957 3463 3735 END
START -2664 1008 12224 12294 4912 4994 END
START -2680 872 11456 11631 5019 5659 END
START -2672 940 11100 11453 4643 6151 END
START -2592 1344 10748 11450 4332 6758 END
START -2212 1688 10260 11215 4761 7731 END
START -1948 2332 9628 10900 5701 8628 END
START -1536 3032 9500 10756 6107 9284 END
START -580 3100 9496 11008 6089 10023 END
START 1376 2132 7892 10406 5996 10985 END
START 2708 1752 7444 8129 4982 11821 END
START 4500 1476 8252 6305 3870 12586 END