START -12092 6852 22112 5167 602 1341 END
START -6272 5044 17204 4894 160 1566 END
START -9276 5496 18724 4333 -836 1808 END
START -7768 5092 16644 4012 -1560 2700 END
START -6744 4232 15348 4491 -1712 4168 END
START -6532 4192 15044 5263 -1421 5817 END
START -6036 3624 14148 5538 -444 7145 END
START -4560 4152 12768 4722 -236 7784 END
START -3620 4080 11440 3226 -93 7857 END
START -3084 3948 11480 1926 -18 7871 END
START -2632 4052 11448 2045 -248 8337 END
START -2260 4128 11424 2414 -99 9287 END
START -1700 3976 11156 2471 524 10601 END
START -696 3776 10872 2069 1366 11830 END
START 488 3652 10748 1546 2532 12759 END
START 1108 3712 10428 1015 3464 13394 END
START 1372 3840 10020 392 3223 14060 END
START 1900 3868 9680 -244 1798 14601 END
START 2536 3972 9904 -939 287 14993 END
START 3380 4048 10080 -1428 -646 14723 END
START 4352 3988 10328 -1936 -1188 14397 END
START 5072 3816 10868 -2486 -1119 14029 END
START 5744 3672 11260 -3310 -533 13751 END
START 6312 3424 11576 -4099 323 13307 END
START 6336 3368 11504 -4824 757 13105 END
START 6056 3344 11164 -5410 424 12833 END
START 6328 3268 11148 -5846 -334 12393 END
START 6800 3228 11296 -6638 -1441 11812 END
START 7556 2664 12132 -7568 -1907 11165 END
START 8256 2388 13004 -8202 -934 10571 END
START 8072 2372 12904 -8562 724 10004 END
START 7288 2392 12484 -8875 1937 9624 END
START 6924 1996 12004 -9481 2409 9206 END
START 6880 1196 12128 -10438 1661 8894 END
START 7724 456 13188 -11151 366 8641 END
START 8244 -100 14260 -11608 -544 8285 END
START 8696 -332 15128 -11812 -214 7747 END
START 8828 -436 15416 -11668 928 6876 END
START 8312 -484 15092 -11579 2444 5698 END
START 7552 -592 14688 -11983 3250 4931 END
START 7128 -1232 14812 -12604 2815 4764 END
START 7672 -1960 15880 -13233 1292 4790 END
START 8912 -2324 16652 -13514 406 4663 END
START 9828 -2088 17748 -13413 1341 3678 END
START 10068 -1952 17884 -12864 3658 1749 END
START 9680 -2196 17560 -12453 5584 -426 END
START 8384 -2456 17096 -12431 5956 -2020 END
START 7860 -3308 16856 -12534 5228 -2839 END
START 7992 -3848 17796 -12557 3978 -2998 END
START 8788 -4420 18896 -12469 3018 -3147 END
START 9656 -4264 20496 -12485 3423 -3759 END
START 9716 -3652 21644 -12107 5165 -5334 END
START 9584 -3920 22292 -11474 6489 -7037 END
START 9176 -4340 23092 -10675 6631 -8564 END
START 8992 -4884 24220 -9635 6289 -9805 END
START 8676 -4876 24900 -8470 6259 -10937 END
START 7944 -4824 25592 -7353 6345 -12163 END
START 7328 -4936 26196 -6248 6830 -13576 END
START 5836 -5320 26752 -4970 7521 -14719 END
START 4404 -5760 27228 -3952 8440 -15269 END
START 2932 -6136 28076 -3016 9451 -15084 END
START 1368 -6016 28632 -1658 9381 -14488 END
START 728 -5296 28700 -61 8036 -14124 END
START 132 -4968 29116 1660 5679 -14586 END
START -204 -4560 29132 4147 2493 -15218 END
START -56 -3980 28760 6216 -392 -15820 END
START -168 -3852 28312 7409 -1652 -16313 END
START -828 -3700 27840 8637 -1511 -16240 END
START -1424 -3396 27388 9848 -1193 -15304 END
START -1476 -2852 26460 10896 -1036 -14370 END
START -1292 -2164 25408 12015 -1499 -13778 END
START -1176 -1708 24328 12957 -3128 -13744 END
START -924 -796 23204 13774 -5624 -14349 END
START -796 -380 22588 14792 -6780 -15076 END
START -1096 -212 21804 15497 -6193 -15035 END
START -1968 96 20848 15629 -4008 -13889 END
START -2872 760 19544 15475 -2367 -12135 END
START -3464 944 18192 15116 -757 -10198 END
START -4220 1272 17232 14388 605 -8666 END
START -4984 1176 17044 13689 560 -7008 END
START -4928 1272 16776 13802 353 -5300 END
START -5048 1464 16304 13446 1059 -3727 END
START -5228 1620 15508 13186 2496 -2369 END
START -5716 1768 14168 13207 3712 -1344 END
START -6516 1940 12996 12652 4331 -363 END
START -7184 2532 12160 11371 4950 1312 END
START -7792 3092 12348 9816 4176 3766 END
START -7184 3020 12540 8655 2096 5920 END
START -5964 2748 12828 8145 -149 7126 END
START -4404 2792 12844 7969 -1964 7848 END
START -2740 2848 12940 7923 -2525 7730 END
START -1868 2944 13136 8146 -2297 7159 END
START -1300 2900 13072 8514 -2067 6850 END
START -664 2388 12992 8933 -1425 6880 END
START 220 2040 11996 8931 -477 7235 END
START 828 1764 11568 8187 534 7735 END
START 940 1180 11484 7227 1578 8175 END
START 1928 1804 10948 6604 2419 8935 END
START 2464 1712 11040 6032 3327 9701 END