START -1804 4048 12740 4032 -887 6692 END
START -10132 7656 26844 4121 -2719 7535 END
START -2112 5200 8844 4019 -2745 8489 END
START -1708 4920 9744 3807 -2625 10363 END
START -1448 5528 10444 3213 -1126 11587 END
START -888 5632 10272 2616 1094 12229 END
START -412 5256 9916 2172 2501 12602 END
START -224 4632 9820 1718 1970 12854 END
START 712 3752 9392 1442 770 13053 END
START 1340 3544 9128 1067 -110 13018 END
START 1992 3232 8428 216 -99 12725 END
START 1928 3284 7928 -892 92 12227 END
START 1904 2900 7840 -1972 7 11792 END
START 2228 2272 8324 -2834 -996 11893 END
START 2824 1684 8576 -3436 -2295 12300 END
START 3944 1120 9388 -4050 -2836 12977 END
START 4960 976 9376 -4784 -2080 13424 END
START 5624 732 9464 -5711 -787 13557 END
START 5556 680 9584 -6289 139 13442 END
START 6016 304 9788 -7092 228 13197 END
START 6332 48 10372 -7724 -170 13020 END
START 6972 -260 11164 -8338 -309 13049 END
START 7468 -92 11540 -8529 177 12969 END
START 7840 -236 11332 -8665 917 12658 END
START 7756 -576 11356 -9240 963 12092 END
START 7752 -560 11792 -10048 733 11381 END
START 7740 -728 12364 -10793 795 10715 END
START 7704 -1120 12648 -11132 908 10259 END
START 8048 -1280 12772 -11471 1296 9681 END
START 8312 -1808 13404 -12205 1260 9083 END
START 8628 -2176 13772 -12728 1982 8501 END
START 8664 -2724 14360 -13116 3093 7408 END
START 8428 -2776 14948 -13426 3794 6301 END
START 7852 -2840 15560 -13772 3383 5387 END
START 7724 -3060 16256 -13789 2401 4376 END
START 8068 -3112 16860 -13929 957 3738 END
START 8884 -3808 17712 -14156 538 3043 END
START 10052 -3984 18596 -14398 1332 2376 END
START 10520 -4564 19712 -14477 2990 1433 END
START 10944 -4892 20692 -14627 4789 280 END
START 10668 -4580 21464 -14467 6259 -1200 END
START 10196 -4672 21748 -13719 6864 -2839 END
START 9704 -4852 21896 -12739 6679 -4452 END
START 9572 -5484 22228 -12324 5566 -6000 END
START 9588 -6084 22708 -11882 4307 -7024 END
START 9432 -5928 23408 -11533 3362 -7734 END
START 9580 -6188 23840 -11113 3415 -8561 END
START 9404 -5864 24856 -10660 4218 -9707 END
START 9324 -5716 25432 -9945 4556 -11006 END
START 8620 -6172 25904 -8835 4157 -12030 END
START 8060 -6408 26216 -7574 3399 -12767 END
START 7328 -5948 26216 -6588 2495 -13339 END
START 6200 -5716 26164 -6211 1404 -14013 END
START 5348 -5896 26472 -5753 -269 -14762 END
START 4964 -5028 27436 -4297 -1398 -15678 END
START 4368 -5132 27956 -2672 -644 -16862 END
START 4076 -4508 27164 -1328 -429 -17603 END
START 3388 -4484 26092 -664 -1241 -17757 END
START 3024 -4132 25740 -27 -3011 -17598 END
START 2968 -4176 25964 964 -4779 -17501 END
START 2896 -4044 26400 2306 -5663 -17385 END
START 3108 -4344 26684 3924 -5731 -17536 END
START 2856 -4104 26404 5490 -4677 -18098 END
START 2624 -3856 25400 6076 -3216 -18511 END
START 1492 -3188 24100 5591 -3918 -18395 END
START 420 -2808 24128 5242 -7306 -17925 END
START 956 -2216 25240 6584 -9628 -16496 END
START 2632 -2304 26136 8865 -8556 -15061 END
START 3376 -2340 25604 10149 -2887 -14205 END
START 1808 -2572 24224 11050 3360 -13421 END
START -580 -2760 22380 12241 6444 -12214 END
START -2536 -2864 20644 13508 5642 -11076 END
START -3248 -2960 19832 14714 3189 -9700 END
START -3468 -2212 19344 15537 2016 -8299 END
START -3704 -1808 18996 16427 2640 -6619 END
START -4336 -1272 17792 16931 4315 -4405 END
START -4760 -844 16700 16553 5624 -2119 END
START -4628 -732 16044 16235 6135 -350 END
START -4488 -184 15644 16077 6463 1178 END
START -4164 92 15108 15980 6722 2545 END
START -3932 624 14384 15499 6755 3613 END
START -3824 724 13416 15079 6671 4382 END
START -3980 964 12724 14834 6339 5193 END
START -3912 1108 12120 14592 6024 6447 END
START -3656 1160 11968 14244 6057 8243 END
START -2692 828 11376 13518 6794 10280 END
START -2176 600 10400 12332 7862 12518 END
START -1016 1448 8928 11032 8127 15556 END
START 1384 3852 7884 8874 8101 17968 END
START 4492 5300 7492 6466 9471 17820 END