START -1864 2512 10684 4664 3521 12945 END
START -3980 3652 21720 4470 2143 13421 END
START 1600 2064 1972 3590 2288 13785 END
START -1284 2412 6148 2323 1089 15072 END
START -1888 2760 7004 984 -1467 16918 END
START -604 3452 7468 -497 -3314 17954 END
START 684 3692 8080 -1400 -3372 18186 END
START 1580 3908 7996 -1745 -1681 17958 END
START 2260 4184 8012 -2403 672 17336 END
START 2560 3720 7804 -3113 2198 16524 END
START 2820 3052 7380 -4034 2385 15877 END
START 2472 2988 6992 -4962 1090 15796 END
START 2756 2560 7272 -5675 -301 15888 END
START 3568 2176 7720 -6713 -1482 15939 END
START 4312 1904 8236 -7825 -2432 16018 END
START 5096 1448 8552 -8686 -2804 16072 END
START 5756 1280 8724 -9620 -2496 15877 END
START 6276 1152 8972 -10653 -2013 15173 END
START 6644 508 9408 -11648 -1835 14455 END
START 7284 -160 10176 -12604 -2331 14014 END
START 8152 -932 11172 -13435 -2587 13545 END
START 8848 -912 12016 -14026 -2043 12910 END
START 9180 -972 12028 -14465 -487 11632 END
START 8568 -1304 12072 -15031 216 10148 END
START 8464 -1964 12416 -15961 -572 9199 END
START 9152 -2628 13320 -17037 -1593 8817 END
START 10580 -3172 14796 -17807 -1458 8506 END
START 11452 -3580 15736 -17958 497 7499 END
START 11288 -3288 15724 -18009 2706 5547 END
START 10268 -3000 15168 -17770 4179 2957 END
START 8896 -3572 14956 -17515 4466 158 END
START 8708 -4236 15124 -18180 3563 -1394 END
START 9892 -5280 16788 -19476 2356 -1995 END
START 11788 -6268 18948 -20378 2609 -2462 END
START 12892 -6568 20904 -20840 4071 -3617 END
START 12880 -6876 22808 -20394 5779 -5275 END
START 12620 -7052 24480 -18999 6747 -7471 END
START 11752 -7772 25804 -17155 6819 -9920 END
START 11496 -8660 26600 -15581 5791 -11792 END
START 11184 -9108 27744 -14334 4926 -13485 END
START 10680 -9352 28860 -12955 4576 -15105 END
START 9548 -8992 30324 -11017 3899 -16645 END
START 9084 -9172 31496 -8806 3408 -18247 END
START 8576 -9016 31872 -6702 3743 -19650 END
START 7624 -8556 31772 -4655 3830 -20492 END
START 6852 -7832 31684 -2964 3886 -21024 END
START 5732 -7000 31296 -1293 4587 -21316 END
START 4412 -6404 30980 533 5134 -21491 END
START 3424 -6408 30408 2267 4742 -21817 END
START 2316 -6332 30112 4116 3669 -21878 END
START 1188 -6040 29872 6180 3241 -21820 END
START -176 -6388 28572 8173 3201 -21577 END
START -1924 -6164 27116 9622 3167 -20871 END
START -3680 -5984 25932 10600 2885 -19548 END
START -4672 -5568 25580 11346 2049 -17523 END
START -4888 -5140 24924 12113 1207 -15528 END
START -4596 -4576 24376 13206 1241 -14220 END
START -5300 -3692 23560 14341 1501 -13516 END
START -5944 -2972 22828 15377 621 -12575 END
START -5772 -2852 21988 16264 503 -11462 END
START -5604 -3224 21236 16373 1848 -9840 END
START -5284 -3228 21120 16395 3228 -7635 END
START -5120 -2756 20928 16516 4513 -5368 END
START -5192 -1804 20172 16602 6234 -3333 END
START -5464 -1352 19020 16757 8203 -1989 END
START -5872 -900 17848 17605 9082 -1743 END
START -6408 -1204 16584 18372 8820 -1813 END
START -7200 -1316 15960 18471 7497 -909 END
START -7540 -1408 15240 18513 6822 859 END
START -7656 -1496 14200 17820 6771 2842 END
START -7728 -1612 13656 16646 6832 5438 END
START -6964 -1756 13484 15692 7001 7995 END
START -6148 -1388 13384 15226 7290 9823 END
START -5896 -572 12568 14667 6940 10677 END
START -5772 268 11952 14286 5223 11224 END
START -5088 684 11456 14022 2943 11882 END
START -3912 724 11028 13487 1703 12664 END
START -2536 932 10680 12465 1794 13424 END
START -1384 812 10572 11484 2145 13994 END
START -256 956 10180 10734 2205 14548 END
START 880 964 9312 10076 2272 14571 END
START 2128 764 8684 9391 2542 14299 END
START 3112 440 8388 8541 2603 13913 END
START 4376 456 8344 7640 2700 13794 END
START 5420 340 8600 6750 3200 13910 END
START 6812 700 8692 5504 3492 14168 END