START -6232 4128 22224 8736 -794 3842 END
START -3476 3336 17936 8870 -521 3827 END
START -3788 3308 18656 9315 -648 4018 END
START -3620 3196 18496 10015 -78 4315 END
START -3928 3828 17872 10403 434 5061 END
START -4108 4168 16972 10289 536 6144 END
START -3696 3304 15808 10011 668 7432 END
START -3004 2884 14704 9499 595 8905 END
START -2656 3056 14052 8869 1172 10282 END
START -1824 2816 13372 8218 2530 11431 END
START -1520 2628 12608 7486 4235 12305 END
START -1272 2604 12172 6753 5730 13063 END
START -860 2652 11308 6207 6391 13650 END
START -776 2384 10900 5803 5999 14192 END
START -196 2440 10412 5407 4750 14754 END
START 368 2420 10216 5121 3020 15353 END
START 1148 2488 10088 4851 1444 15893 END
START 1876 2728 10036 4690 616 16274 END
START 2676 2952 9688 4339 599 16415 END
START 3412 3016 9380 3674 825 16423 END
START 3860 2936 9256 2883 1048 16457 END
START 4328 2836 9012 1978 771 16668 END
START 4752 3148 9004 1065 10 16876 END
START 5432 3180 8852 246 -568 16935 END
START 6044 3284 8732 -490 -970 16814 END
START 6556 3592 8396 -1473 -1086 16582 END
START 7496 3484 8472 -2662 -732 16265 END
START 7984 3660 8696 -3821 -356 15674 END
START 8448 3492 8916 -4921 -30 14865 END
START 8936 3228 9088 -5807 -16 13905 END
START 8968 2624 9276 -6650 -465 13381 END
START 9232 2452 9332 -7442 -1067 12930 END
START 9260 2400 9820 -8261 -1357 12532 END
START 9532 2292 10412 -8975 -1396 11798 END
START 9784 1860 10956 -9931 -1294 11148 END
START 10188 1124 11528 -10975 -1077 10707 END
START 10528 420 12256 -11804 -418 10423 END
START 10568 276 12580 -12348 539 10026 END
START 10700 -124 13096 -12942 1329 9150 END
START 10552 -612 13924 -13319 1534 7986 END
START 10468 -944 14548 -13424 1338 7007 END
START 10476 -1396 15136 -13273 1058 5978 END
START 10412 -1792 15140 -12828 1071 4612 END
START 9944 -1972 15372 -12700 1693 3131 END
START 9832 -2404 15692 -13154 3567 2124 END
START 9344 -2880 16408 -13681 4980 1461 END
START 9252 -3224 17208 -13811 4750 1295 END
START 9740 -3276 17448 -13603 4313 1046 END
START 10064 -3120 17444 -13440 4634 395 END
START 10188 -3280 17560 -13410 5478 -669 END
START 9988 -3592 17736 -13445 6513 -2117 END
START 9640 -3804 18340 -13473 7400 -3585 END
START 8988 -4312 18720 -13360 7873 -4718 END
START 8624 -4868 19244 -13083 7578 -5355 END
START 8492 -4976 19776 -12702 6733 -5635 END
START 8528 -5196 20584 -12424 5754 -5863 END
START 9208 -5256 21692 -12061 5059 -6578 END
START 9828 -5084 22420 -11254 4902 -8138 END
START 9996 -4556 22920 -10095 5245 -10237 END
START 9900 -4844 23188 -9070 5428 -12273 END
START 9468 -5092 23404 -8553 5231 -13540 END
START 8712 -5372 23856 -8078 4642 -14030 END
START 8332 -5352 24384 -7474 3636 -14131 END
START 8128 -5092 24628 -6493 2838 -14580 END
START 8052 -4668 24620 -5347 2217 -15729 END
START 7732 -4036 24428 -3844 1707 -17236 END
START 7276 -3992 23376 -2304 131 -18830 END
START 6564 -3448 22276 -1024 -3687 -19689 END
START 6368 -2444 21656 382 -7776 -19744 END
START 6552 -2092 21420 216 -7813 -19386 END
START 6088 -1644 21756 -1262 -3945 -18840 END
START 5348 -1548 22264 -2876 1381 -18341 END
START 3724 -1964 23184 -2988 4042 -17889 END
START 2948 -2620 23892 -1882 4090 -17521 END
START 2012 -3176 24484 -538 3018 -17363 END
START 1492 -3512 25288 924 1320 -16867 END
START 1200 -3836 25960 2696 202 -15852 END
START 1200 -4236 26716 4228 634 -14397 END
START 1140 -4108 27160 5701 2620 -12901 END
START 896 -4020 27328 7302 5389 -11743 END
START -40 -3672 26560 8959 8001 -10899 END
START -1068 -4056 25964 10376 8995 -10273 END
START -2520 -3956 25184 12149 7788 -9569 END
START -3176 -4088 24468 14010 5255 -8606 END
START -3472 -3344 23568 15688 3354 -7356 END
START -3840 -3092 22776 17099 2600 -5951 END
START -3776 -2836 21972 18620 1772 -4221 END
START -3224 -2444 21048 19944 2090 -3138 END
START -2800 -2860 19536 20569 3206 -3045 END
START -2740 -2388 18344 20361 3988 -2693 END
START -2784 -2076 17408 19835 4978 -2663 END
START -2692 -1592 15828 19808 5931 -2289 END
START -2788 -1204 13904 19499 7836 -1992 END
START -3868 -1068 13208 18880 8349 -757 END
START -4296 -568 11976 18023 7834 1321 END
START -3440 -140 11572 17216 6990 3552 END
START -2260 588 10720 16193 6838 5212 END
START -1336 1016 9896 14746 7399 6285 END
START -536 1744 9580 13025 8439 7213 END
START 200 2216 9644 11359 9567 8082 END