START -2184 2964 12112 5979 -2217 3165 END
START -5248 4380 21400 5902 -3876 3923 END
START 64 2896 6700 5445 -5377 4869 END
START -3096 4336 11132 4907 -6632 6800 END
START -160 3912 9796 3833 -6797 9081 END
START 812 3964 10476 2767 -4934 10290 END
START 1344 4136 10668 1760 -2306 10968 END
START 1608 3828 10848 1117 -245 11818 END
START 2136 3356 10816 774 1361 13010 END
START 2700 3136 10708 796 2496 14090 END
START 3456 2944 10644 913 3410 15031 END
START 4112 2868 10148 733 3887 15857 END
START 4676 2776 9892 -187 4105 16125 END
START 4896 3112 9900 -1163 4766 15765 END
START 4732 2940 9748 -2103 4847 15033 END
START 4808 2948 9824 -2901 4203 14496 END
START 4608 2560 10196 -3469 3087 13991 END
START 5140 2748 10564 -3975 1559 14028 END
START 6016 2892 10720 -4460 627 13903 END
START 6676 3116 10844 -5151 211 13354 END
START 7232 3288 11064 -5901 -267 12539 END
START 7460 3168 11088 -6521 -142 11821 END
START 7516 3048 10860 -7309 434 11247 END
START 7348 2800 10924 -8241 1207 10719 END
START 7240 1988 11136 -9348 1306 10500 END
START 7624 1380 11692 -10391 909 10454 END
START 8040 924 12536 -11505 468 10200 END
START 8356 596 12980 -12082 697 9575 END
START 8436 480 13272 -12602 980 8602 END
START 8016 484 13664 -12961 724 7689 END
START 8124 -168 14404 -13466 -235 7158 END
START 8568 -800 15468 -13927 -1030 7060 END
START 9384 -1220 16484 -14231 -1065 6797 END
START 10340 -1216 17716 -14134 -518 5955 END
START 10968 -1512 18504 -13419 863 4186 END
START 10584 -1620 18580 -12613 2961 2346 END
START 9644 -2120 18156 -12088 3871 1114 END
START 9608 -2676 17756 -12374 3309 452 END
START 9748 -2592 18120 -12987 2490 -340 END
START 10052 -3156 18808 -12968 2501 -1687 END
START 10132 -3632 19548 -12714 3030 -3440 END
START 9528 -3852 19956 -12288 3761 -4982 END
START 8972 -4368 20392 -12157 3543 -6092 END
START 8664 -4448 21076 -11889 2396 -6749 END
START 9104 -4376 22068 -11331 1210 -7417 END
START 9796 -4084 22748 -10869 630 -8664 END
START 10292 -4148 23656 -10134 570 -10205 END
START 10300 -4152 24048 -9387 783 -11725 END
START 9320 -4340 24872 -8728 1293 -12738 END
START 8424 -4624 25564 -7923 1657 -13189 END
START 7952 -4380 26040 -6880 1482 -13715 END
START 7872 -4136 26288 -5726 975 -14493 END
START 7620 -3832 26472 -4324 356 -15247 END
START 7260 -3552 26148 -3018 -102 -15932 END
START 6548 -3536 26040 -1989 -201 -16506 END
START 5772 -3508 25868 -1195 247 -16580 END
START 5156 -3552 25756 -241 844 -16472 END
START 4560 -3656 25644 874 1216 -16228 END
START 3624 -3368 25484 2173 1216 -15857 END
START 3184 -3356 25188 3273 694 -15637 END
START 2748 -3060 25084 4529 619 -15505 END
START 1808 -3060 24652 5815 828 -15327 END
START 1108 -2920 24320 6913 941 -15033 END
START 432 -3004 24064 7812 1354 -14625 END
START -380 -3080 23784 8687 1286 -13711 END
START -724 -2572 23148 9754 1260 -12499 END
START -1048 -2424 22296 10498 1380 -11499 END
START -1496 -2088 21680 11115 1181 -10388 END
START -1200 -1560 21256 11924 898 -9552 END
START -820 -1384 20632 12577 1644 -8996 END
START -1448 -1300 19808 13161 2328 -8411 END
START -1808 -1256 18676 13453 2450 -7585 END
START -2540 -556 17852 13690 2153 -6602 END
START -2292 -544 17964 13737 1892 -5321 END
START -1560 -412 18228 13668 3082 -3913 END
START -1452 -24 18044 13628 5940 -2734 END
START -2104 248 17204 13445 8796 -1800 END
START -3148 920 16440 13491 9609 -849 END
START -3688 812 15192 13356 8698 181 END
START -3832 604 14680 12964 7057 1211 END
START -3288 648 14904 12206 5906 2481 END
START -2864 848 15340 11886 6108 3219 END
START -3088 1136 15472 11893 6333 3904 END
START -3268 1340 15036 11979 6117 4514 END
START -3412 1804 13924 12047 5617 5220 END
START -3660 2116 13088 11755 4976 6265 END
START -3316 2660 12064 11108 4201 7456 END
START -2608 2832 11652 10291 3572 8540 END
START -1776 2944 11244 9749 3476 9327 END
START -796 2804 10836 9077 3697 9807 END
START 284 2892 10712 8386 4303 10269 END
START 1256 2632 10776 7739 5471 10844 END
START 2528 2416 10688 7163 6850 11595 END
START 3544 1584 10552 6742 7703 12353 END
START 4328 2416 10244 6375 7375 13441 END
START 5712 2852 9856 5899 6465 14168 END