START -3300 3920 13504 5209 -3110 8589 END
START -5812 4532 16484 5198 -3120 9041 END
START -4144 4236 14712 5454 -2710 9885 END
START -3292 4160 14100 6184 -2431 11000 END
START -2616 4012 13288 6988 -3292 11736 END
START -2104 3328 12364 7612 -4647 12284 END
START -1292 2944 11332 8289 -6202 13155 END
START -500 2580 10252 8269 -7179 14162 END
START 528 2632 9324 6936 -7201 14836 END
START 1180 2824 8940 4583 -6449 15128 END
START 2092 3084 9236 2917 -5281 15173 END
START 2912 3296 9388 2298 -3743 15335 END
START 3848 3528 9052 1802 -2389 15338 END
START 4528 3716 8360 1043 -1500 15291 END
START 5172 4000 8116 13 -1193 15399 END
START 5816 4244 8112 -1033 -1176 15352 END
START 6628 3988 8252 -2296 -1510 15114 END
START 7440 3964 8688 -3487 -1513 14667 END
START 7696 3964 9316 -4498 -1000 13991 END
START 8076 3732 9532 -5131 -340 13448 END
START 8440 3536 9980 -5589 446 12847 END
START 8344 3268 10264 -6155 1040 12359 END
START 8392 2800 10424 -6736 1713 12052 END
START 8148 2168 10532 -7532 2023 11844 END
START 8060 2024 10536 -8176 2077 11584 END
START 8096 2228 10168 -8693 2459 10961 END
START 7784 2428 9836 -9157 3139 9674 END
START 7720 2184 9904 -9463 2949 8397 END
START 8304 1344 10624 -10073 1958 7443 END
START 9252 148 12092 -11178 194 6800 END
START 10336 -296 13372 -11522 -463 6372 END
START 11024 64 14108 -11813 963 5550 END
START 10972 116 14116 -12398 3646 4359 END
START 10448 -136 14128 -13166 6429 2922 END
START 10440 -1316 14844 -14008 7093 1896 END
START 10728 -2532 16160 -14521 5921 1384 END
START 11584 -3004 17864 -14373 4700 1158 END
START 11956 -2928 18644 -13911 5176 310 END
START 11436 -2740 19224 -13740 6476 -965 END
START 10912 -3132 19904 -13533 7737 -2350 END
START 10408 -3744 20524 -13220 8538 -3501 END
START 10116 -4312 21228 -12802 8127 -4168 END
START 10252 -4792 22204 -12307 7405 -4742 END
START 10380 -5020 23152 -11868 6747 -5529 END
START 10548 -4816 24212 -11189 6444 -6561 END
START 10556 -4736 25192 -10177 6564 -8150 END
START 10396 -4868 25940 -9029 6205 -9740 END
START 10160 -5000 26528 -7781 5414 -11041 END
START 9356 -5192 26816 -6434 4801 -12089 END
START 8556 -4860 26800 -5523 4809 -12762 END
START 7488 -4636 26756 -4491 4947 -13174 END
START 6508 -4184 26272 -3483 4645 -13548 END
START 5936 -3816 26204 -2508 4134 -14145 END
START 5060 -3568 26364 -1489 3601 -14670 END
START 4500 -3524 26036 -643 3153 -14859 END
START 3892 -3152 26088 39 2879 -15012 END
START 3220 -2664 26388 1203 2785 -14972 END
START 2268 -2336 26324 2727 2700 -14830 END
START 1156 -1948 25636 4079 2466 -14377 END
START 108 -1844 24724 4938 2393 -13789 END
START -736 -1780 24492 5665 1819 -13064 END
START -1172 -1504 24592 6567 1189 -12337 END
START -1452 -828 24548 7719 1058 -11924 END
START -2440 64 23528 8732 1155 -11621 END
START -4224 956 21780 9620 1149 -11424 END
START -5692 1404 20508 10384 -326 -10688 END
START -6072 1200 19896 10876 -3666 -9120 END
START -5028 1320 20204 11215 -7314 -7331 END
START -3308 1620 20588 11884 -9213 -6512 END
START -2236 1784 20936 12434 -8445 -6562 END
START -2392 1548 20756 13331 -6069 -6529 END
START -3084 1160 19904 14169 -3099 -5692 END
START -3916 744 18912 14422 -123 -3918 END
START -4564 320 17856 14358 1809 -1750 END
START -5208 80 17032 14139 2760 327 END
START -5204 148 16256 14081 2921 2063 END
START -5132 152 15352 14041 2684 3581 END
START -4884 196 14644 13643 2475 4751 END
START -4492 28 14388 13624 2650 5788 END
START -3964 -76 14432 13644 3089 6846 END
START -3100 -236 14368 13925 3479 7805 END
START -1952 -272 14084 14373 4062 8514 END