START 4672 -8484 28604 -2003 456 -19676 END
START 4280 -8352 28556 -1533 146 -19851 END
START 4008 -7988 28360 -645 -503 -20199 END
START 3420 -7532 28400 476 -1113 -20283 END
START 2796 -7236 28316 1498 -1012 -20241 END
START 2224 -7052 28564 2730 -625 -20168 END
START 1448 -7556 28420 4120 387 -20079 END
START 1212 -6580 27880 5433 968 -19811 END
START -20 -6444 27516 7050 1396 -19587 END
START -1264 -6076 27168 8834 1131 -19301 END
START -2316 -5852 26376 10476 613 -18734 END
START -3432 -5408 25716 11778 836 -17621 END
START -3984 -5584 25244 13034 1495 -16213 END
START -4484 -5624 24740 14262 2450 -14790 END
START -5268 -5140 24300 15529 2963 -13454 END
START -5856 -4748 23596 17326 2905 -12032 END
START -6284 -4320 22552 19032 2753 -10680 END
START -6840 -3808 21012 20058 3164 -9355 END
START -7336 -3496 19952 20566 3710 -7796 END
START -7324 -3268 19048 20785 3579 -5861 END
START -7028 -3344 18312 20946 3981 -4212 END
START -7068 -3076 17452 21111 5217 -2761 END
START -7632 -2944 16556 21481 6326 -1147 END
START -7876 -2680 15140 21922 6938 724 END
START -7668 -2268 13840 22025 7549 2633 END