START -8608 3692 17160 8818 -856 6045 END
START -1872 1464 12400 9086 -201 6380 END
START -5768 2824 15396 9644 -750 7754 END
START -5132 3696 13864 10564 531 10689 END
START -4624 3964 12740 10265 2300 13512 END
START -3860 4408 11652 8461 4444 15559 END
START -2984 4376 10428 6486 6431 16471 END
START -2564 4380 9628 4815 6411 16570 END
START -2232 4364 9132 3651 4321 16129 END
START -1560 3680 8900 2805 775 15596 END
START -672 3732 8644 2539 -2514 15373 END
START 148 3116 8836 2131 -4280 15437 END
START 1312 2856 8888 1655 -4640 15815 END
START 2332 2468 8992 799 -3812 16310 END
START 3200 2484 9092 -252 -2238 17002 END
START 4316 3168 8556 -1035 -738 17668 END
START 4688 2316 8596 -2091 395 17960 END
START 5368 2168 8964 -2859 -228 18131 END
START 6532 2112 9256 -3376 -1423 18000 END
START 7292 2444 9516 -3620 -2123 17403 END
START 8152 2536 9660 -4014 -1816 16411 END
START 8708 2672 9652 -4552 -812 15109 END
START 8788 2368 9740 -5302 -59 13823 END
START 8580 1948 9872 -5988 -33 12959 END
START 8652 1456 10356 -6419 -736 12521 END
START 8968 1220 10636 -6929 -1098 12393 END
START 9148 1364 10760 -7607 -725 12174 END
START 9496 972 11064 -8496 -168 11759 END
START 10156 672 11152 -9195 221 11139 END
START 10596 244 11728 -9917 604 9872 END
START 10756 -500 12708 -10418 378 8587 END
START 11060 -1140 13992 -10339 -589 7591 END
START 11196 -724 15024 -9728 -1228 7093 END
START 11560 -340 15380 -9043 -773 6551 END
START 11596 72 14908 -8628 474 5532 END
START 11388 236 14804 -8827 2222 4154 END
START 11056 -764 15032 -9150 3562 2928 END
START 10976 -1048 15488 -9735 3569 2159 END
START 10864 -1792 16052 -10136 2857 1338 END
START 10716 -1476 16700 -10043 2521 455 END
START 10228 -1120 16868 -9505 3019 -643 END
START 9668 -864 16804 -8972 3949 -1849 END
START 9512 -1400 16900 -9030 4424 -2753 END
START 9480 -2196 17232 -9331 3966 -3317 END
START 9912 -2952 17736 -9486 3437 -3746 END
START 10376 -3308 18360 -9534 3715 -4359 END
START 10140 -3336 19100 -9653 5757 -5086 END
START 9272 -3272 19564 -9928 7968 -5573 END
START 8572 -3468 20116 -10048 8925 -5738 END
START 8300 -4092 20504 -9718 8102 -5978 END
START 8536 -4504 20644 -9327 6083 -6472 END
START 8844 -4556 21056 -8948 4167 -7198 END
START 9140 -4436 21720 -8491 3166 -8186 END
START 8880 -4076 22220 -8098 3294 -9317 END
START 8564 -4204 22744 -7602 4067 -10194 END
START 8160 -4516 23120 -7119 4448 -10579 END
START 7844 -4868 23616 -6590 4203 -10759 END
START 8044 -4840 23984 -5901 3711 -10804 END
START 7964 -4392 24244 -5100 3251 -11321 END
START 7596 -4284 24480 -4224 2934 -12249 END
START 7148 -3896 24484 -3233 2477 -13244 END
START 6716 -3520 24832 -2349 2329 -14180 END
START 6096 -3496 24592 -1352 2320 -14790 END
START 5300 -2900 24188 -393 1770 -14890 END
START 4544 -2376 23576 -34 725 -14954 END
START 3404 -1760 23264 -307 -281 -15047 END
START 2596 -1392 23160 -636 -2475 -14873 END
START 2732 -708 24036 -450 -3952 -14557 END
START 3224 -696 24936 -269 -3707 -14896 END
START 2932 -1016 25320 277 -2638 -15222 END
START 1856 -1580 25496 1348 -2538 -14952 END
START 1200 -1672 25388 2807 -3712 -13790 END
START 1276 -1648 25496 3932 -4256 -12648 END
START 1476 -1796 25640 5031 -3501 -11763 END
START 864 -1988 25528 6587 -2641 -11052 END
START 504 -2316 24956 8374 -2133 -10339 END
START 180 -2392 24376 9777 -2006 -9579 END
START -168 -2268 23328 11105 -1776 -8770 END
START -532 -1952 22160 12356 -1649 -8083 END
START -1172 -1508 21104 13341 -1530 -7324 END
START -1504 -1052 20096 13781 -1495 -6416 END
START -1316 -1224 19360 13865 -1171 -5524 END
START -1260 -1116 18984 14256 -418 -4679 END
START -1296 -876 18208 14659 810 -3740 END
START -1368 -232 17828 15167 2290 -2969 END
START -1960 240 16720 15658 3943 -2510 END
START -2536 556 15656 16046 4744 -2147 END
START -3208 112 15168 16833 4374 -1314 END
START -3496 -812 14420 18003 3516 -49 END
START -3600 -1264 14144 18875 3490 1957 END