START -6316 3932 13808 6694 -1016 663 END
START -6172 3636 13360 6878 -948 353 END
START -5848 3712 13124 7350 -2473 192 END
START -6300 4028 13996 8420 -3521 -137 END
START -6836 3888 13880 9389 -5103 600 END
START -6504 3464 12732 9790 -5753 3054 END
START -5888 3580 10972 8474 -5723 6208 END
START -4892 3828 10340 5447 -5296 8724 END
START -3564 4636 11064 3275 -3730 10527 END
START -2356 5568 11632 2937 -1257 11142 END
START -1336 5928 11052 3200 271 10891 END
START -1208 6064 10264 2912 120 10409 END
START -1360 5740 9652 2524 -1536 10667 END
START -1264 5672 9160 2334 -3426 11727 END
START -624 5788 7972 1951 -3970 12921 END
START -288 5808 7556 463 -4121 13398 END
START 664 5560 6992 -1184 -4426 13300 END
START 2076 4832 7464 -2555 -5517 13070 END
START 3524 3900 8888 -3283 -7438 13252 END
START 4948 3324 10312 -3419 -8451 13897 END
START 6356 3408 10748 -3565 -7896 14997 END
START 7372 3308 10552 -4140 -6046 15195 END
START 8188 2972 9996 -4887 -4188 14617 END
START 8212 2856 10224 -5840 -3437 13631 END
START 8668 2144 11008 -6326 -3698 13219 END
START 9392 2008 11600 -6477 -3541 12951 END
START 9564 1784 11748 -6687 -2765 12559 END
START 9328 1256 11112 -7384 -1380 12075 END
START 8980 1416 10896 -8097 -297 11579 END
START 8804 924 10544 -8997 94 11263 END
START 8928 188 11576 -9490 -548 11295 END
START 10028 -356 12596 -9689 -1368 11245 END
START 11196 -200 13392 -9623 -746 10422 END
START 11324 -380 13772 -9875 864 9355 END
START 10736 -484 13416 -10244 2591 8466 END
START 9820 -852 13208 -10609 3169 7709 END
START 9664 -1508 13228 -11136 2083 7397 END
START 10392 -1740 13892 -11760 1477 7221 END
START 11136 -2096 14676 -12359 2066 7207 END
START 11732 -2184 15108 -12930 3506 6763 END
START 11908 -2480 15656 -13528 5016 5835 END
START 11428 -2600 16424 -13983 5596 4493 END
START 11504 -3172 17372 -13619 4923 2944 END
START 11804 -3620 18104 -12946 4274 1468 END
START 12036 -3632 18728 -12445 4560 -8 END
START 12288 -4052 19324 -12241 5101 -1386 END
START 12444 -4520 20312 -11898 5469 -2707 END
START 12608 -5052 21456 -11439 5459 -3996 END
START 12856 -5552 23024 -10452 5029 -5444 END
START 13348 -6032 23756 -9252 4669 -7112 END
START 13388 -6132 24396 -8224 4884 -9108 END
START 12340 -6392 24368 -7535 5472 -10803 END
START 11116 -6412 23884 -6993 5632 -11862 END
START 9840 -5972 23796 -6783 5382 -12646 END
START 8976 -5668 23912 -6624 4667 -13391 END
START 8248 -5140 24336 -5774 3774 -14270 END
START 7920 -4876 24604 -4894 3265 -15471 END
START 7140 -4316 25012 -4153 2930 -16512 END
START 6244 -3980 25388 -3357 2777 -17522 END
START 5420 -3636 25500 -2708 2503 -18371 END
START 4088 -3936 25716 -1980 1516 -18553 END
START 3348 -3580 26188 -815 270 -17955 END
START 3244 -2808 26732 572 146 -17504 END
START 3132 -2336 26528 2046 860 -17301 END
START 2784 -1976 25968 3180 1482 -17276 END
START 2032 -1712 25312 4123 2213 -17253 END
START 672 -1468 24548 5182 2364 -16839 END
START -688 -1156 23480 6190 2177 -16033 END
START -1856 -1200 22420 6875 1544 -15016 END
START -1896 -1140 22060 7295 639 -13951 END
START -2100 -844 22328 8247 686 -13397 END
START -2524 -284 22052 9154 1082 -13130 END
START -2924 -156 20984 9828 1662 -12677 END
START -3708 -324 20016 10408 1695 -11588 END
START -4196 -24 19168 10874 877 -10103 END
START -3968 500 18788 11028 -109 -8661 END
START -3328 852 18668 11279 -317 -7286 END
START -2704 1104 18332 11331 749 -6201 END
START -2552 1036 18204 11238 1892 -5354 END
START -2524 1044 18080 11561 2185 -4547 END
START -2384 1216 17824 12080 1909 -3679 END
START -1816 1540 16932 12232 2236 -2581 END
START -1496 1956 16420 11924 3032 -1605 END
START -1680 2020 15968 11450 3977 -762 END
START -1676 2052 16152 11083 4343 273 END
START -1256 2096 16300 10990 4717 1289 END
START -852 2196 16292 11065 5544 2178 END
START -892 2240 15412 11192 6621 2765 END
START -1592 2148 14620 11032 6945 3185 END
START -2268 2184 14184 10973 5974 3906 END
START -2368 2272 14052 11096 4884 4816 END
START -1860 2372 14020 11224 4679 5649 END
START -1488 2564 13936 11203 5306 6508 END
START -1100 2656 13624 11128 6632 7346 END
START -924 2708 13080 11125 7915 8028 END
START -840 2684 12892 10990 8310 8582 END