START -80 3444 12432 4658 -4494 10144 END
START -8928 7548 26636 4629 -3857 10769 END
START -24 4980 9232 4263 -1267 11715 END
START 988 4340 9648 3802 2528 12621 END
START 1440 3976 8960 3144 3717 13336 END
START 1772 3712 8136 1947 2706 13875 END
START 1844 3584 7688 274 901 13684 END
START 2096 3624 7636 -853 -185 13600 END
START 2196 3628 7252 -1546 -465 13634 END
START 2476 3404 7212 -2227 -629 13766 END
START 2928 3124 7968 -2927 -1124 14089 END
START 3836 2936 8616 -3477 -950 14497 END
START 4620 2264 8876 -4052 -601 14599 END
START 4692 1784 8512 -4544 -686 14764 END
START 4564 1964 8216 -5189 -1383 14993 END
START 5248 1708 8068 -6261 -1563 14986 END
START 5556 1316 8220 -7718 -1697 14766 END
START 5848 456 8748 -8837 -2328 14812 END
START 6496 176 9616 -9410 -3465 15341 END
START 7308 -208 10204 -9658 -4183 15550 END
START 8428 -1168 11036 -9849 -5127 15470 END
START 9216 -1120 12052 -9891 -5483 14849 END
START 10084 -1152 12948 -10079 -5205 13663 END
START 10280 -912 13480 -10658 -2763 12123 END
START 10024 -700 13832 -12211 794 11229 END
START 9728 -1180 14060 -13334 3013 10887 END
START 9728 -1568 14500 -14117 3543 10432 END
START 10248 -1808 15300 -14536 3382 9502 END
START 10388 -1924 16260 -14575 3476 8283 END
START 10384 -2080 17108 -14247 3937 6965 END
START 10464 -2496 17492 -13729 4103 5580 END
START 10308 -2472 17444 -12986 4468 4218 END
START 9952 -2640 17160 -12695 4987 2784 END
START 9260 -2852 17256 -12929 4884 1617 END
START 9116 -3076 17712 -13478 4314 1050 END
START 9344 -3492 18628 -13788 3877 847 END
START 9772 -3872 19272 -13775 4033 683 END
START 9928 -3876 19856 -13579 4687 116 END
START 10324 -4380 20536 -13327 5255 -1065 END
START 10388 -4644 21552 -12773 4937 -2458 END
START 10444 -4848 22124 -12061 4723 -3964 END
START 10400 -5196 22596 -11573 4535 -5426 END
START 10344 -5724 23116 -11203 4093 -6344 END
START 10444 -6220 23528 -11009 3327 -7066 END
START 10324 -5992 24416 -10285 2635 -7880 END
START 10188 -6076 25016 -9219 2876 -9071 END
START 9968 -5924 25160 -8293 3356 -10436 END
START 9292 -6204 25504 -7637 3650 -11718 END
START 8424 -6268 25844 -6958 3257 -12462 END
START 7800 -6148 26416 -6015 2365 -13223 END
START 6868 -5852 27036 -4833 1577 -14259 END
START 6100 -5748 27572 -3744 782 -15260 END
START 5244 -5516 28156 -2433 -18 -15784 END
START 4708 -5252 28636 -987 -549 -15836 END
START 4376 -4864 28868 507 -517 -15755 END
START 4192 -4300 28936 2052 -232 -15782 END
START 3500 -4080 28276 3430 161 -15912 END
START 2580 -3688 27772 4507 201 -15789 END
START 1892 -3556 27316 5651 -237 -15538 END
START 1104 -3296 26972 6953 -1103 -15023 END
START 944 -3264 26540 8144 -1709 -14499 END
START 456 -2504 25780 9328 -2312 -13976 END
START 64 -1948 25004 10442 -2366 -13619 END
START -756 -1628 24344 11539 -2343 -13025 END
START -1008 -1176 23368 12300 -2520 -12009 END
START -1384 -992 22744 12806 -2635 -10897 END
START -1620 -608 22000 13432 -2564 -9756 END
START -1824 -300 21048 14112 -1679 -8634 END
START -2212 -244 20360 14704 -447 -7689 END
START -2720 -280 19552 15233 522 -6644 END
START -3144 -440 18184 15759 1535 -5639 END
START -4048 -620 17312 15993 1861 -4316 END
START -4372 -644 17560 15897 1088 -2629 END
START -3708 -288 18728 16114 361 -1350 END
START -3264 16 19316 17028 636 -1034 END
START -2780 -56 18892 17573 1532 -689 END
START -2340 -248 18284 17855 2882 -64 END
START -1992 -284 17496 18150 4817 519 END
START -2608 4 15916 18564 6404 910 END
START -3340 240 13700 18394 6816 1472 END
START -3840 424 11484 17675 6230 2294 END
START -3412 800 9996 16754 5899 3620 END
START -2276 1372 9048 15410 7063 4489 END
START -1116 1448 8276 14245 9397 5169 END
START -612 1092 7128 13592 11483 6177 END
START -328 1460 6224 12817 11950 7983 END
START 452 1668 5432 11662 11457 9717 END
START 3072 1108 5636 9388 11160 11136 END