START 680 4472 5748 12947 -3895 -1603 END
START -6776 5488 17452 13435 -4373 -1397 END
START -4448 4748 15752 13685 -4491 -1139 END
START -4088 4068 12420 12293 -3871 985 END
START -4592 3956 12124 9786 -3939 3987 END
START -3404 3612 12068 8064 -2412 7202 END
START -1956 4032 12280 7504 600 9861 END
START -1396 4636 12344 7538 3452 10843 END
START -880 4980 11596 7633 5515 11176 END
START -444 4864 10328 7162 5984 11706 END
START -96 4652 9384 6188 4936 12332 END
START 264 4428 8848 4640 2751 13038 END
START 1132 4516 8648 3126 1078 13751 END
START 2020 4268 9028 1946 433 14683 END
START 2956 4364 9340 1505 1061 15512 END
START 3696 4388 8944 884 2539 16019 END
START 3980 4220 8592 -141 4063 16104 END
START 4096 4196 7924 -1022 5026 15907 END
START 3928 3796 7248 -1639 4867 15762 END
START 3836 3668 6908 -2600 3232 15945 END
START 4460 2976 7108 -3753 1015 16278 END
START 5452 2848 7744 -4555 -458 16632 END
START 6444 2520 8124 -5347 -672 16753 END
START 7268 2448 8524 -6171 265 16509 END
START 7744 2460 8944 -7110 1774 15776 END
START 7644 2428 8888 -8176 2665 15159 END
START 7836 2020 9340 -9183 2409 14645 END
START 8340 1724 10076 -10050 889 14473 END
START 9476 1296 11092 -10745 -97 14309 END
START 10196 992 11944 -11089 708 13960 END
START 10636 836 12160 -11211 2692 13185 END
START 10204 684 12064 -11480 4989 11949 END
START 9440 104 12212 -12187 5554 10729 END
START 9152 -372 12584 -12556 4348 10011 END
START 9592 -1132 13032 -12954 2876 9521 END
START 10456 -1700 13480 -13916 1816 8991 END
START 11256 -2476 14392 -14847 1890 8245 END
START 11340 -2912 15476 -15531 2946 7483 END
START 11332 -3280 16572 -15579 4181 6658 END
START 11240 -3100 16924 -14894 5181 5576 END
START 11596 -3220 17096 -14361 5444 3879 END
START 11816 -3800 17028 -14516 4797 2052 END
START 12036 -4308 17548 -14955 4150 431 END
START 11888 -4696 18360 -15185 3938 -1069 END
START 11716 -5124 19220 -14915 3661 -2447 END
START 11732 -5260 19904 -14142 4121 -3711 END
START 11696 -5572 20496 -13582 5883 -5097 END
START 11484 -6260 20876 -13179 7157 -6472 END
START 10840 -6380 21448 -12639 7300 -7595 END
START 10584 -6780 22016 -12229 6531 -8619 END
START 10152 -6796 22672 -11750 5494 -9836 END
START 10260 -6732 23640 -11032 4709 -11343 END
START 9908 -6748 24632 -9784 4422 -13128 END
START 9300 -6640 25156 -8428 4490 -14776 END
START 8860 -6548 25332 -7478 4390 -16085 END
START 7676 -6720 25640 -6738 3976 -16903 END
START 6720 -6588 26088 -5693 3142 -17084 END
START 6244 -6044 26252 -4478 2488 -17170 END
START 5824 -5320 26336 -3605 1985 -17629 END
START 5352 -4976 26312 -2530 1777 -18194 END
START 4680 -4772 25988 -1373 1680 -18677 END
START 3796 -4684 25864 -313 1374 -18799 END
START 3248 -4432 25892 882 1230 -18480 END
START 2716 -4284 25652 2020 1340 -18095 END
START 2108 -4312 25344 3038 1592 -17676 END
START 1268 -4260 25096 4228 1390 -17194 END
START 688 -4352 25088 5574 559 -16583 END
START 296 -4116 25016 6836 -628 -15851 END
START 308 -3900 25284 7840 -1055 -15141 END
START 72 -3672 25516 9057 -553 -14167 END
START 40 -3320 25176 10435 467 -13346 END
START 64 -3500 25208 11464 640 -12387 END
START 700 -3592 24856 12298 -346 -11159 END
START 696 -2640 24724 13219 -768 -10288 END
START 432 -1588 23524 14444 186 -9943 END
START -660 -804 21844 15252 1705 -9958 END
START -1908 -516 20480 15598 3121 -9662 END
START -2720 -916 19412 16072 3611 -8745 END
START -3256 -916 18232 16292 3913 -7568 END
START -4036 -568 17220 16123 3871 -6203 END
START -4800 -164 16296 15904 3448 -4765 END
START -4876 60 15480 15543 2862 -3238 END
START -4720 -36 15496 15018 2008 -1607 END
START -3848 80 16108 14708 1752 13 END
START -2588 420 16632 14902 2526 1223 END
START -2052 616 16204 15325 4650 1655 END
START -2344 1120 15200 15724 6410 1733 END
START -3244 1148 13820 16338 7069 1835 END
START -4076 1188 12540 17036 6767 2555 END
START -4224 976 10868 17322 6328 4008 END
START -3648 844 8600 16122 6415 5599 END
START -3328 1004 7476 13252 6177 7031 END
START -2896 1332 7388 10649 5882 8596 END
START -1968 1520 7940 9375 5752 9897 END
START -748 1928 7960 9005 5541 10917 END