START 356 1328 11532 1985 -2707 12742 END
START -6104 4492 24844 2085 -3688 13341 END
START 2252 1408 5372 1858 -2205 13679 END
START 1524 1284 7276 2022 -828 14117 END
START 1652 1076 6668 1414 -748 14619 END
START 2096 1276 6660 -503 -1863 14478 END
START 2616 1596 7488 -2081 -2544 13722 END
START 2940 1408 7960 -2684 -2559 13214 END
START 3276 1908 8028 -2704 -1950 13210 END
START 3792 2012 7340 -2925 -1084 13460 END
START 3888 1804 7256 -4091 -564 13649 END
START 4188 1560 7460 -5104 -909 13597 END
START 5080 780 8140 -6032 -1407 13762 END
START 5808 444 9024 -6658 -1205 13391 END
START 6120 68 9452 -7172 -449 12966 END
START 6416 -276 9488 -8187 391 12321 END
START 5908 -48 9684 -9526 494 12105 END
START 5896 84 10736 -10626 -103 12292 END
START 6768 -136 11588 -11159 -846 12598 END
START 7524 -260 11876 -11481 -1026 12531 END
START 8716 -864 12080 -12485 -671 11809 END
START 9472 -1964 12924 -13686 -67 10828 END
START 9800 -2732 14316 -14374 690 10006 END
START 9948 -2852 15040 -14232 1163 9659 END
START 9868 -2568 15752 -14665 2147 8985 END
START 9928 -2504 16120 -14920 2460 7794 END
START 9992 -2964 16864 -15245 2773 6578 END
START 9996 -3476 18080 -15431 2256 5648 END
START 10344 -4164 19172 -15381 1550 4866 END
START 11276 -4464 20396 -14741 1577 3558 END
START 11476 -4684 20872 -14257 2817 1805 END
START 11056 -5060 21740 -14143 3389 428 END
START 10648 -5588 22880 -13844 2928 -415 END
START 10672 -5808 23808 -13204 2159 -1068 END
START 11000 -5944 24812 -12331 2089 -1940 END
START 11528 -6012 25260 -11366 2442 -3214 END
START 11440 -5980 25692 -10311 2623 -5114 END
START 10876 -6264 25468 -9318 1813 -6758 END
START 10368 -5720 25296 -8745 1233 -7717 END
START 9828 -5744 25496 -8298 1727 -8569 END
START 9336 -5680 25704 -7714 1964 -9460 END
START 8748 -5464 26220 -7224 2003 -10429 END
START 8204 -5368 25676 -6687 1705 -11711 END
START 7292 -5396 25880 -5677 893 -12937 END
START 6616 -5240 25480 -4535 65 -13809 END
START 5852 -5024 25460 -3819 -1103 -14581 END
START 5428 -4724 25492 -2864 -2234 -15390 END
START 5132 -4516 25780 -1876 -2745 -16114 END
START 4580 -4104 26040 -885 -2276 -16569 END
START 3936 -3700 26044 43 -1378 -16678 END
START 3308 -3652 25784 972 -897 -16378 END
START 3028 -3532 25624 2004 -810 -15852 END
START 2744 -3360 25260 2929 -567 -15482 END
START 1968 -3172 25100 4011 -626 -15311 END
START 1504 -2952 25028 5572 -470 -15242 END
START 880 -2864 24740 6999 -216 -15068 END
START 300 -3124 24628 8227 -75 -14469 END
START -436 -2980 23948 9315 -124 -13511 END
START -1000 -2676 23052 10120 -304 -12513 END
START -1744 -2136 22676 10673 -636 -11522 END
START -1872 -1948 22676 11459 -891 -10257 END
START -1456 -1840 22688 12412 -568 -8768 END
START -984 -1608 22588 13334 935 -7497 END
START -1040 -1220 21768 14238 2881 -6745 END
START -2004 -1144 20116 14968 4103 -6052 END
START -3128 -772 19196 15398 2987 -4771 END
START -3260 -400 18272 15738 2378 -3368 END
START -3036 -260 17792 15861 3081 -2159 END
START -2932 -436 17380 15654 3646 -722 END
START -2348 84 16896 15508 4046 507 END
START -2148 464 16328 15420 4158 1109 END
START -2132 996 15548 15406 4013 1581 END
START -2284 1284 14896 15504 3734 2362 END
START -2324 1452 13872 15319 3854 3404 END
START -2364 1760 13184 14742 4131 4734 END
START -2272 2000 12268 14087 4819 6030 END
START -2292 2220 11580 13092 5369 7259 END
START -2476 2400 10712 12206 5808 8478 END
START -2448 2440 10240 11362 5849 9850 END
START -1924 2408 9692 10688 5998 11177 END
START -996 2292 9364 9866 6947 12207 END
START 100 1976 9208 9508 7969 12967 END
START 1620 1884 8700 8868 8500 13206 END
START 3264 1676 8268 7728 7695 12797 END
START 4356 1296 8348 6930 5918 12027 END
START 5728 1036 8248 6276 3501 11153 END