START -5340 228 16808 8122 816 9962 END
START -8636 3152 16408 7921 1615 9749 END
START -3696 892 9776 7568 462 10187 END
START -4784 1344 11384 7060 86 10742 END
START -5016 1300 11312 6632 -563 11558 END
START -4728 1212 10952 6207 -888 12543 END
START -4056 1448 10088 5586 -1230 13727 END
START -3264 1208 9260 4551 -1472 14884 END
START -2092 1028 8784 3429 -1740 16052 END
START -952 680 8556 2345 -1934 16926 END
START -68 1100 8440 1334 -2240 17214 END
START 568 1248 8392 618 -1885 17268 END
START 1476 1292 8244 -237 -1627 17038 END
START 1988 828 8036 -1194 -1794 16892 END
START 2752 564 8036 -1944 -2423 16937 END
START 3640 284 8456 -2488 -3097 17122 END
START 4560 -16 8380 -3460 -2933 17303 END
START 5208 -180 8472 -4499 -1992 17460 END
START 5868 -408 8632 -5765 -1286 17377 END
START 6096 -428 9000 -6801 -1273 17077 END
START 6696 -196 9276 -7747 -1751 16575 END
START 7328 -612 9748 -8741 -1814 16061 END
START 7904 -1000 10220 -9794 -1851 15654 END
START 8484 -1128 10636 -10870 -1941 15054 END
START 9164 -968 10920 -11513 -954 13873 END
START 9240 -1208 11304 -12237 140 12614 END
START 9276 -1916 11720 -13166 277 11572 END
START 9628 -2608 12592 -13909 -160 10819 END
START 9988 -2572 13156 -14386 0 10222 END
START 10184 -2548 12776 -14952 1079 9464 END
START 10220 -2708 12796 -16003 2505 8312 END
START 10400 -3232 13520 -17198 3383 6873 END
START 10460 -4464 15328 -18140 2896 5543 END
START 10692 -4888 16888 -18329 1596 4570 END
START 11060 -5040 18216 -17916 1862 3552 END
START 11648 -5244 18604 -17722 3724 2099 END
START 11804 -5292 19020 -17949 5773 143 END
START 11532 -6224 20300 -18391 6066 -2081 END
START 11688 -7224 22292 -18339 4567 -4168 END
START 11792 -7808 23844 -17239 3175 -5980 END
START 12248 -7812 25224 -16236 2316 -7842 END
START 12320 -8104 26976 -15206 2009 -10036 END
START 12068 -8348 28296 -13311 2855 -12237 END
START 11316 -8828 28628 -11378 3386 -14223 END
START 10188 -9056 27644 -10055 1701 -16069 END
START 8908 -8736 27328 -9486 -5102 -17912 END
START 9648 -7408 27736 -8281 -13351 -20087 END
START 12096 -5928 28972 -6433 -17294 -23016 END
START 14052 -5144 29988 -4276 -14385 -27279 END
START 12032 -5568 29448 -2106 -5160 -29322 END
START 8704 -6324 26844 -415 3052 -28182 END
START 5672 -6552 24484 -124 7681 -25789 END
START 3184 -6136 23756 349 7957 -23583 END
START 1616 -6080 24300 1457 5979 -21979 END
START 1264 -5860 24512 2827 4973 -21211 END
START 88 -5616 24836 4163 5113 -20852 END
START -1068 -5620 24996 5772 5611 -20065 END
START -2300 -5604 25144 7664 5843 -18478 END
START -2836 -5500 25020 9658 6445 -16069 END
START -3176 -5348 23888 10963 7519 -13348 END
START -3692 -5040 22728 10743 7638 -10579 END
START -3892 -4144 22376 10500 6480 -8400 END
START -3608 -3512 22536 11455 5473 -7159 END
START -3684 -3588 21900 12607 5429 -6501 END
START -4020 -3844 20772 13768 5594 -5726 END
START -4420 -3468 19892 14581 5894 -4246 END
START -4628 -2896 19216 14137 5981 -2005 END
START -4720 -1972 18828 13632 5108 287 END
START -4248 -1148 18364 13656 3180 1796 END
START -3264 44 17592 13710 916 2519 END
START -1708 620 16976 13947 -585 2477 END
START -484 804 16732 14282 -1260 1949 END
START 0 208 16468 14636 -426 1644 END
START -504 -448 16372 14598 1546 2305 END
START -1228 -1164 15888 14246 4095 4144 END
START -2052 -1700 15472 13539 6055 6649 END
START -2056 -1876 14556 13100 7263 8976 END
START -2084 -1596 13472 12456 7383 10220 END
START -1860 -1388 13088 11950 5988 10593 END
START -1592 -912 13096 12030 3918 10473 END
START -1232 -1128 12904 12668 2183 10065 END
START -1148 -1640 12440 13488 1226 9816 END
START -1472 -1536 11472 14031 515 10784 END
START -808 -1564 10600 14171 419 12447 END
START 372 -1228 10228 13489 1280 14110 END
START 1380 -776 9800 12371 2443 14978 END
START 2816 -4 9548 11390 3682 15244 END
START 3936 692 9304 10294 4581 14495 END
START 4876 1056 9192 9209 4590 13593 END
START 6216 1344 9016 8289 3623 12959 END
START 7568 1644 9024 7223 2486 12423 END
START 9440 2044 9408 5925 1491 11779 END
START 10996 2748 10188 4863 1300 10893 END
START 12812 3020 10568 4033 2007 9559 END
START 14100 3088 10876 3168 2695 7847 END