START -2352 -348 17116 7458 1043 7854 END
START -5348 2556 15544 7250 1321 8085 END
START -588 196 9816 6850 674 8814 END
START -2204 724 11672 6391 698 9639 END
START -2456 1204 12448 6406 497 10663 END
START -1752 1388 11556 6348 381 11371 END
START -960 1532 11088 6455 506 11915 END
START -536 1716 10396 6091 476 12380 END
START 60 1964 9852 5335 -47 12815 END
START 284 1760 9600 4644 -605 13210 END
START 1164 2196 9380 4109 -941 13453 END
START 1740 2292 9380 3414 -719 13420 END
START 2332 2096 9328 2572 -694 13567 END
START 2660 1768 9404 1739 -1273 13708 END
START 3572 1664 9132 986 -2151 14188 END
START 4228 1904 8992 223 -2598 14463 END
START 4760 2104 8884 -834 -2859 14464 END
START 5264 1924 9144 -2012 -3349 14322 END
START 5720 1876 9508 -2817 -3905 14315 END
START 6364 1916 9640 -3438 -4112 14090 END
START 6928 1436 9776 -4285 -4028 13666 END
START 7716 1012 10376 -5273 -3905 13248 END
START 8360 436 10788 -6297 -3138 12853 END
START 8548 104 11348 -7048 -2217 12657 END
START 8812 112 11252 -7517 -1844 12363 END
START 8732 424 11248 -7981 -1435 11872 END
START 8564 636 11104 -8404 -846 11269 END
START 8620 -144 11280 -9242 -919 10511 END
START 9452 -868 11772 -10302 -1547 10075 END
START 10048 -1604 12620 -11205 -1370 9721 END
START 10544 -1844 13396 -11655 -41 9212 END
START 10464 -1932 13384 -11834 1563 8768 END
START 10208 -2096 13592 -12416 2441 8058 END
START 10760 -3272 14528 -13185 1392 7337 END
START 11428 -4656 16184 -13566 -598 6579 END
START 12188 -5036 17820 -13257 -1651 5391 END
START 12404 -5840 18548 -12283 -999 3797 END
START 12116 -5504 18364 -11873 73 2100 END
START 11528 -4664 18216 -12168 1057 1176 END
START 11484 -4244 18496 -12838 1500 953 END
START 12016 -4088 19168 -13516 1518 912 END
START 13184 -4216 19632 -13989 1456 315 END
START 14124 -3984 20412 -14306 1481 -1284 END
START 14476 -3712 21280 -13994 1819 -3808 END
START 14488 -3884 21992 -13439 2122 -6671 END
START 14004 -4152 22748 -12737 2107 -9037 END
START 13200 -4560 23232 -11931 1466 -10746 END
START 12576 -4460 23364 -11256 358 -11769 END
START 12228 -4724 23600 -11351 -427 -12783 END
START 11440 -4732 24376 -10951 -858 -13841 END
START 11092 -4172 24912 -9923 -463 -14989 END
START 10328 -4256 24676 -8835 426 -16106 END
START 9412 -4444 24408 -7930 792 -16826 END
START 8112 -4792 24072 -7071 206 -17111 END
START 7084 -4996 24164 -6093 -1008 -16911 END
START 6260 -4772 23844 -4901 -1880 -16534 END
START 5624 -4904 23544 -4283 -2211 -16109 END
START 5284 -4916 23916 -3496 -2760 -16073 END
START 5340 -4380 24832 -2084 -2912 -16612 END
START 5236 -3948 25400 -548 -2389 -17345 END
START 4668 -3968 25328 1399 -1359 -17877 END
START 3640 -4072 24488 3001 -191 -17824 END
START 2716 -4420 23900 4026 856 -16807 END
START 1704 -4464 23200 5248 1792 -15375 END
START 1052 -4712 22816 6517 2913 -13518 END
START 608 -4396 22496 7757 3677 -11617 END
START 336 -4432 22164 9046 3651 -9743 END
START 828 -4112 22104 10252 3738 -8258 END
START 1452 -3544 21876 11706 4960 -6997 END
START 880 -3300 20788 13326 6776 -5935 END
START 552 -3604 19348 14094 7872 -4585 END
START 120 -4044 18360 13782 8590 -2799 END
START -664 -3848 17920 13351 9006 -986 END
START -1260 -3324 18056 13393 9423 693 END
START -1336 -2652 17536 13583 9944 2503 END
START -632 -2224 17212 13505 10068 3964 END
START 124 -1420 16832 13759 10112 4514 END
START 176 -1148 16216 14103 9799 4011 END
START -104 -1216 15436 14547 9128 3364 END
START -440 -1104 14880 14684 7792 3210 END
START -840 -1084 14336 14675 6721 3819 END
START -1028 -1376 14108 14455 6488 5033 END
START -1348 -1168 13764 13974 7050 6436 END
START -1644 -1020 13512 13141 7700 7840 END
START -1776 -1028 13364 12726 8551 9267 END
START -1716 -764 12744 12423 8947 10424 END
START -1684 -416 12124 12198 8995 11115 END
START -1448 -176 11756 11992 8510 11380 END
START -612 -84 11224 11693 7717 11680 END
START 524 -288 10856 11122 6495 12199 END
START 2144 -200 10816 10043 5099 12652 END
START 3864 -92 11072 9070 4046 12601 END
START 5556 304 11720 8682 3220 12096 END