START -7260 2656 18748 9662 -536 8115 END
START -7960 5116 13056 9513 489 8227 END
START -4048 3236 9884 8763 -349 9042 END
START -5372 3988 11640 6260 -1136 9001 END
START -6064 4412 12980 4509 -2338 8648 END
START -5280 4276 12444 4243 -3039 8580 END
START -5136 3644 12008 4883 -3321 9102 END
START -4700 3344 11340 5398 -3586 10339 END
START -3576 2876 10844 5795 -3545 12092 END
START -2064 2852 10560 5598 -2565 13743 END
START -788 3148 10236 4867 -863 15105 END
START 220 3304 10088 3956 477 15852 END
START 944 3216 9932 3291 1057 16136 END
START 1764 3560 9388 2435 1529 16390 END
START 2560 3732 9240 1273 1571 16004 END
START 3136 3508 9336 98 876 15324 END
START 3784 3260 9536 -543 -252 14886 END
START 4468 3136 9688 -899 -1646 14761 END
START 5348 2924 9572 -1332 -2647 14808 END
START 5956 3040 9716 -1916 -2601 14821 END
START 6268 3128 9200 -2686 -1859 14511 END
START 6316 3024 8812 -3966 -1284 13994 END
START 6672 2456 9064 -5224 -1536 13599 END
START 7000 1648 9596 -6327 -2698 13445 END
START 7692 1112 10216 -7407 -3044 13260 END
START 8284 1292 11044 -7810 -2117 13113 END
START 8668 1124 11088 -7650 -336 12406 END
START 8432 1004 10928 -7916 1154 11369 END
START 8064 564 11184 -8927 1297 10552 END
START 8028 108 11604 -9643 673 10356 END
START 8324 -404 12024 -10257 199 10387 END
START 8932 -272 12336 -10943 1097 10054 END
START 9392 -980 12852 -11966 2451 9007 END
START 9596 -1652 13504 -12822 3051 7861 END
START 9976 -2660 14840 -13399 2787 6974 END
START 9680 -2628 16104 -13389 2620 6490 END
START 9984 -2552 16724 -12918 3179 6101 END
START 10052 -2324 16552 -12442 4121 5706 END
START 10236 -2056 16192 -12675 4992 4744 END
START 10272 -2636 16700 -12903 5531 3110 END
START 10596 -3340 17668 -12936 5038 1609 END
START 10960 -4156 18572 -12916 4619 274 END
START 10796 -4248 19380 -12600 5161 -675 END
START 10456 -4460 19596 -12129 6336 -1590 END
START 10100 -4236 19680 -11777 7428 -2684 END
START 10000 -4872 20372 -11488 7321 -3884 END
START 10192 -5220 21300 -11039 6657 -5155 END
START 10420 -5300 22164 -10516 6196 -6575 END
START 10412 -5192 22728 -9775 6479 -8319 END
START 9696 -5508 23320 -8962 6788 -10231 END
START 8868 -5808 23820 -8024 6597 -11669 END
START 8056 -5948 24244 -7185 6077 -12613 END
START 7216 -5844 24892 -6366 5806 -13089 END
START 6980 -5908 25452 -5467 5611 -13579 END
START 6432 -5492 25544 -4498 5022 -14450 END
START 5664 -4828 25800 -3700 3766 -15748 END
START 5028 -4368 26420 -2697 2552 -16914 END
START 4092 -3984 26444 -1477 2353 -17715 END
START 3260 -3824 26140 -260 2325 -17935 END
START 2444 -3740 25564 815 1493 -17598 END
START 2260 -3380 25284 1466 790 -17175 END
START 2008 -3108 25012 1922 848 -16880 END
START 1704 -2816 24876 2773 1353 -16911 END
START 752 -2748 24420 3905 2162 -17350 END
START -576 -2608 23996 4800 2954 -17434 END
START -1944 -3032 23520 5636 3007 -16689 END
START -2948 -3404 23244 6525 2058 -15040 END
START -2976 -3156 23516 6986 967 -13022 END
START -2992 -2252 23516 7495 675 -11533 END
START -3312 -1400 23312 7922 24 -10601 END
START -3136 -728 23152 9126 -187 -10538 END
START -3584 -624 22472 10302 316 -10776 END
START -4160 -1484 22412 10740 376 -10068 END
START -4520 -1768 22428 11499 38 -8244 END
START -4288 -1780 22048 12220 390 -6387 END
START -4556 -1224 21360 12555 1095 -4926 END
START -4840 -784 20468 12916 1175 -3837 END
START -4876 -624 19828 13407 907 -3155 END
START -4712 -748 19304 14094 730 -2455 END
START -4716 -948 18648 14384 689 -1543 END
START -4764 -912 18204 14538 702 -69 END
START -4332 -804 17956 14579 673 1506 END
START -3712 -860 17088 14817 1115 2742 END
START -3592 -628 16396 15013 1387 3612 END
START -3128 -144 15620 15040 304 4007 END
START -2496 428 15264 15461 -1408 3646 END
START -2220 1000 15304 15877 -2695 3166 END
START -1888 1184 14984 16253 -2724 3275 END
START -1564 1364 14432 16303 -1817 4232 END
START -1192 1880 13844 15979 -114 5658 END
START -832 2600 13032 15482 1850 7118 END
START -436 3084 11948 14713 3679 8326 END
START -448 3864 10976 13528 4684 9015 END
START -164 4164 10064 12286 4461 9265 END
START 388 4372 9828 10908 3916 9362 END
START 680 4580 9676 10078 3759 9560 END
START 1228 4440 9536 9273 3763 9901 END