START -5832 -1036 23348 10784 -4325 4935 END
START -7200 1116 10020 11021 -3728 5075 END
START -2964 -200 12676 11534 -4171 6109 END
START -8016 1656 18200 12002 -2783 7484 END
START -4960 1640 14476 11777 -1942 8618 END
START -4432 2012 14056 11211 -169 9206 END
START -4084 2312 12768 10714 1374 9545 END
START -3976 2428 11172 10265 1824 10114 END
START -3596 2120 9996 9601 1220 10658 END
START -3428 2820 8648 8503 212 11296 END
START -2796 2228 8000 7282 -1346 12149 END
START -2140 2636 7592 6341 -2141 13321 END
START -1452 2608 7400 5584 -2327 14687 END
START -548 2764 7160 4983 -2041 15749 END
START 420 2680 6960 4456 -1939 16400 END
START 1508 3284 6520 3653 -1840 16524 END
START 2292 3324 6452 2700 -2214 16214 END
START 3116 3244 6080 1951 -3591 15925 END
START 4216 2940 6280 1120 -4439 15462 END
START 5144 2580 6252 129 -4457 15221 END
START 5656 2652 6808 -1021 -4510 15423 END
START 6460 2872 6892 -2296 -3836 15680 END
START 7092 2948 7232 -3693 -2829 15741 END
START 7424 3108 7816 -4919 -2002 15601 END
START 8204 2888 8236 -5935 -1540 15330 END
START 8792 2700 9124 -6748 -1304 14777 END
START 8820 2456 9572 -7460 -1075 13976 END
START 8824 2148 9976 -8289 -1363 13640 END
START 8844 2180 10332 -9004 -1636 13132 END
START 8932 1776 10504 -9749 -1698 12510 END
START 9172 1388 10820 -10719 -1724 11825 END
START 9800 280 11832 -11739 -1934 11273 END
START 10752 -576 12812 -12523 -2067 10853 END
START 11320 -844 13720 -13204 -857 10094 END
START 11124 -964 13796 -13583 1174 9360 END
START 10416 -1008 13124 -14006 2653 8702 END
START 9820 -1092 13136 -14737 3149 7705 END
START 9664 -1720 13624 -15407 2386 6700 END
START 10100 -2228 14680 -15740 911 5859 END
START 10772 -2744 15416 -15827 190 5279 END
START 11568 -2960 15748 -16235 1496 4654 END
START 11544 -2608 15880 -16900 4094 3410 END
START 10616 -3176 16072 -17353 5678 1811 END
START 10372 -3816 16180 -17351 4866 454 END
START 10652 -4276 16844 -17648 3316 -730 END
START 11200 -4660 17692 -17995 2998 -1597 END
START 11716 -4784 18332 -17885 3564 -2438 END
START 11912 -4692 19080 -17569 4460 -3855 END
START 12588 -4724 19584 -16798 5119 -5773 END
START 12880 -5168 20680 -15831 4108 -8296 END
START 13848 -5076 21856 -14310 2701 -10454 END
START 14868 -5252 22896 -12908 2759 -13058 END
START 14740 -5372 23896 -11813 4712 -15931 END
START 12088 -6692 24764 -10997 7716 -18357 END
START 9916 -7952 25584 -10208 9500 -19185 END
START 8472 -9136 26760 -8638 9624 -19174 END
START 7412 -8868 27704 -6881 8808 -18932 END
START 6784 -8636 28316 -5130 7748 -19024 END
START 6484 -7996 29052 -2914 6145 -19559 END
START 6216 -7696 29832 -614 4815 -20908 END
START 4984 -7580 30588 1377 5894 -22136 END
START 3416 -7976 30444 2944 7588 -22139 END
START 1400 -7768 30216 4351 8110 -21080 END
START 204 -7768 30048 5989 7106 -19767 END
START -644 -6936 29496 7712 4663 -18753 END
START -900 -6136 29296 9744 2468 -18461 END
START -1620 -5472 28448 11543 1964 -18624 END
START -2944 -4980 27676 12818 2753 -18078 END
START -4336 -5020 26452 13695 4046 -16748 END
START -5460 -4952 25168 14247 4181 -14117 END
START -6096 -4520 23668 15001 3963 -11259 END
START -6504 -3488 21344 15247 3636 -9126 END
START -7144 -2732 19960 15272 3005 -7421 END
START -6552 -2252 19164 15223 2501 -5863 END
START -5980 -2028 18964 14930 3505 -4350 END
START -5740 -1968 18592 14553 5249 -2680 END
START -5752 -884 17504 14956 5405 -1530 END
START -5416 -12 15900 15471 2994 -759 END
START -4824 464 14692 15108 -190 -610 END
START -4488 556 14220 14311 -2749 -716 END
START -4096 228 14768 13535 -3914 -28 END
START -3392 40 15324 13333 -2846 1237 END
START -2764 -96 15040 12646 -643 2635 END
START -2652 -244 14532 12086 801 4074 END
START -2656 -144 14160 11876 1030 5411 END
START -2292 -288 13596 11791 695 6462 END
START -1560 -372 13452 11772 587 7436 END
START -512 -824 13728 11611 894 8417 END
START 432 -980 13820 11493 2152 9551 END
START 1000 -864 13628 11537 4151 10363 END
START 1184 -384 12980 11860 6192 10765 END
START 1296 -384 12136 12250 7418 10883 END
START 1404 -28 10896 12440 7982 11096 END
START 2208 652 9260 12162 8587 11454 END
START 2584 688 7912 11128 8565 11903 END
START 3420 1216 7092 8960 7429 12068 END