START -3252 5168 12976 5931 -1572 1426 END
START -2816 4756 11216 5857 -1102 1545 END
START -4696 4940 12980 5958 -1091 2542 END
START -5088 4760 13272 5807 -769 4694 END
START -5368 5016 13540 5041 140 6476 END
START -4216 4772 12624 3713 432 7643 END
START -3992 4588 12752 3042 373 8309 END
START -3516 4416 12544 3278 147 8680 END
START -2836 4008 12180 3799 -54 8871 END
START -2468 3624 11668 3954 -323 9139 END
START -2080 3784 11352 3572 -527 9860 END
START -1252 3672 10824 3091 -156 10842 END
START -780 3588 10268 2204 486 11813 END
START -280 3676 10028 1186 909 12585 END
START 76 3676 9984 483 1192 12995 END
START 352 3748 9664 166 1103 13274 END
START 596 3552 9140 -221 929 13674 END
START 780 3464 8644 -770 480 13903 END
START 1440 3120 8556 -1562 -273 14223 END
START 2448 2544 8488 -2348 -1220 14723 END
START 3776 2344 8896 -3334 -1942 15204 END
START 4732 2264 9188 -4062 -1837 15161 END
START 5396 1996 9024 -4742 -991 14596 END
START 5292 1568 8304 -5447 -417 14009 END
START 5080 1156 7712 -6432 -412 13609 END
START 5628 1060 7640 -7902 -1503 13829 END
START 6520 544 8768 -9729 -3371 14565 END
START 8740 620 9984 -10906 -3961 15294 END
START 9948 824 10592 -12090 -2268 15347 END
START 10644 1052 10428 -13238 1324 14759 END
START 9908 1512 9588 -14440 5226 13499 END
START 8860 652 9204 -15736 6590 11881 END
START 8532 -1432 10340 -17099 4404 10942 END
START 9244 -2588 12156 -17536 551 10198 END
START 10124 -3328 13792 -17359 -1459 9671 END
START 10712 -4164 14856 -17366 -769 9189 END
START 10956 -4400 15540 -17641 1355 8762 END
START 11076 -5176 16808 -17929 2878 8198 END
START 11360 -5740 18144 -17851 3161 7636 END
START 11788 -6224 19080 -17313 3036 6650 END
START 12264 -6380 19648 -16582 3146 5124 END
START 12468 -6396 20104 -15769 3801 2908 END
START 12496 -6648 20580 -14951 4388 638 END
START 12188 -7428 21372 -14215 4264 -1205 END
START 11980 -7964 22372 -13378 3803 -2681 END
START 11872 -8916 23192 -12538 3510 -3591 END
START 12228 -9920 24308 -11951 3461 -4360 END
START 13052 -10216 26304 -10368 2858 -5956 END
START 13920 -9388 27408 -7437 2854 -9030 END
START 13392 -9096 26624 -5508 4420 -11893 END
START 11892 -8996 25648 -5497 5586 -13402 END
START 10244 -8880 25524 -5701 5330 -13773 END
START 9048 -8424 25692 -5302 4440 -13904 END
START 8268 -7500 25892 -4265 3610 -14601 END
START 7704 -6412 25652 -2885 3296 -16226 END
START 6472 -6092 25108 -1896 2590 -17785 END
START 5092 -5888 24648 -1187 1105 -18465 END
START 3904 -5692 24380 -822 -540 -18518 END
START 3204 -5204 24400 -286 -1717 -18106 END
START 2968 -4488 24512 394 -2050 -17490 END
START 2888 -3832 24320 1091 -1201 -16876 END
START 2716 -3276 23972 1919 -111 -16298 END
START 2536 -2860 23816 2924 126 -15942 END
START 2532 -2504 23504 4055 -338 -16002 END
START 1912 -2048 23108 5132 -717 -16052 END
START 388 -1080 23016 5780 -1617 -15511 END
START -708 -308 22936 6269 -3133 -14280 END
START -156 -452 23536 6600 -4742 -13132 END
START 1108 -508 24628 7057 -5459 -12816 END
START 1964 -100 25520 7683 -4442 -13226 END
START 1456 -236 25452 8827 -3554 -13375 END
START 440 -668 24460 10224 -3321 -12487 END
START -60 -772 22812 11114 -3567 -11048 END
START -236 -796 21872 11703 -3872 -9657 END
START -92 -452 21096 12555 -4269 -8314 END
START 52 -356 20100 13292 -4210 -7369 END
START 468 -148 19360 14152 -3066 -6893 END
START 516 224 18228 14873 -1297 -6552 END
START 36 264 17388 15417 352 -5892 END
START -244 132 15888 15710 1818 -4857 END
START -964 240 14732 15708 2991 -3585 END
START -1360 12 13404 15160 3766 -2233 END
START -1772 232 13024 14334 4087 -779 END
START -1784 952 12744 13551 4558 723 END
START -1880 1820 12980 13158 5402 2074 END
START -1288 2300 12976 12861 6425 3059 END
START -1232 1828 12308 12852 7265 3299 END
START -2384 452 12312 13136 6078 3760 END
START -3004 -44 11916 13969 2773 5602 END