START -8508 2520 20872 9617 -317 4193 END
START -11004 5272 19080 9815 -246 4232 END
START -11668 3912 20144 9911 -1332 4699 END
START -9116 3440 15828 9407 -1485 5630 END
START -8136 2696 13744 8330 -2774 7294 END
START -7384 3100 14060 7789 -3305 9394 END
START -6348 3016 13672 7644 -2530 11127 END
START -5428 2884 13096 7277 -939 12168 END
START -4368 2396 12184 7003 67 12865 END
START -3448 1956 11380 6408 276 13257 END
START -2796 1536 10716 5351 -371 13791 END
START -2320 1496 10568 4682 -1678 14604 END
START -1508 1348 10324 4265 -2488 15524 END
START -112 2816 9748 3820 -2334 16514 END
START -52 2044 9224 2632 -1106 17265 END
START 680 1772 8472 1356 -316 17583 END
START 1016 1776 8428 354 6 17640 END
START 1412 1416 8232 -376 -569 17700 END
START 2208 1688 8244 -1119 -1965 17847 END
START 2640 1072 8292 -2036 -2928 17801 END
START 3612 1136 8604 -2664 -3799 17766 END
START 4088 1304 8792 -3154 -4093 17477 END
START 4520 1260 8764 -3725 -4689 16972 END
START 5208 1100 9060 -4383 -5397 16479 END
START 6004 752 9752 -5316 -5512 16069 END
START 6948 536 10332 -6169 -5035 15912 END
START 7512 460 11068 -6730 -3807 15753 END
START 7876 772 11532 -7022 -2304 15224 END
START 7672 648 11488 -7490 -1224 14410 END
START 7292 472 11280 -8127 -821 13948 END
START 7500 44 11648 -8988 -1471 14022 END
START 8324 -268 12116 -9608 -1999 13999 END
START 9408 -164 12304 -10235 -1721 13175 END
START 9800 -288 12276 -10714 -728 11647 END
START 9260 -1012 12416 -11423 -182 10075 END
START 8428 -1680 12824 -12108 -523 9484 END
START 8532 -1824 13352 -12496 -1159 9823 END
START 9328 -1868 13916 -12994 -940 10049 END
START 10136 -2052 14108 -13866 220 9334 END
START 10672 -2816 15112 -14358 891 8142 END
START 11120 -3532 15984 -14617 1056 6929 END
START 11584 -4000 16964 -14774 1719 5781 END
START 11408 -3728 17548 -15069 2956 4764 END
START 10900 -3604 17456 -14895 4295 3628 END
START 10436 -3504 17064 -14902 5214 2453 END
START 10428 -4176 17184 -15037 5261 1038 END
START 10792 -4956 18140 -14916 4360 -438 END
START 11220 -5932 19368 -14687 3237 -1776 END
START 11620 -6584 20548 -14148 2478 -2889 END
START 11840 -6348 21140 -13585 3508 -3714 END
START 11788 -6472 21872 -12956 5940 -4817 END
START 11168 -6932 21808 -12190 6737 -5970 END
START 11284 -7320 21916 -11647 5761 -7200 END
START 11504 -7456 23060 -11143 4922 -8998 END
START 11104 -7160 23920 -10269 5054 -10978 END
START 10260 -7088 23960 -8993 4963 -13114 END
START 9112 -6988 23960 -7710 3592 -14887 END
START 8120 -6840 24024 -6454 2135 -16310 END
START 7508 -6836 24056 -5604 1103 -17319 END
START 7464 -6424 24184 -5577 1372 -18094 END
START 6968 -6164 24236 -5583 2299 -18662 END
START 6512 -5936 24720 -5300 2020 -19069 END
START 6480 -5424 25308 -4521 1092 -19360 END
START 6612 -5208 25608 -3567 925 -19916 END
START 6048 -5424 25848 -2509 966 -20417 END
START 5256 -5888 26188 -1352 1187 -20371 END
START 3916 -5844 26440 101 1563 -19503 END
START 3096 -5792 26032 1587 1713 -18427 END
START 2156 -5468 25340 2569 1747 -17636 END
START 1208 -5560 25336 3694 1114 -17080 END
START 936 -5704 25492 5212 457 -16870 END
START 464 -5688 25556 6771 -8 -16708 END
START 144 -5372 25564 8477 145 -16476 END
START -808 -5472 25104 10063 697 -15990 END
START -1872 -5396 23844 11227 1288 -14559 END
START -2308 -4864 23160 12073 1599 -12783 END
START -2372 -4588 22628 13099 1757 -11217 END
START -2464 -4180 21956 14209 1496 -9880 END
START -2316 -3628 21152 15041 1070 -9033 END
START -2660 -2484 20580 15876 876 -8458 END
START -2836 -2484 19328 16529 896 -7638 END
START -2092 -2748 19304 16753 -81 -6133 END
START -352 -3020 20776 17249 -1430 -4214 END
START 1676 -2336 21340 18320 -967 -2387 END
START 1252 -688 19984 19359 2536 -1567 END
START -1040 484 17588 19934 5685 -1669 END
START -3516 1024 14744 19831 6726 -1480 END
START -4680 1104 13292 18807 6573 -325 END
START -5152 304 12492 17695 6158 1680 END
START -5436 256 12048 16610 5958 4109 END
START -5220 104 11716 15384 6087 6615 END
START -4764 140 11524 14295 6055 8861 END
START -4072 -164 10996 13461 5326 10770 END
START -3224 -76 10100 12380 4705 12427 END
START -2552 -140 9540 11312 4820 13999 END
START -1224 -304 9028 10112 5214 15504 END
START 444 -124 8828 8989 5840 16915 END
START 1900 408 8512 7941 6662 17475 END
START 4088 1400 8600 7016 7435 17138 END
START 6176 1772 8692 6381 8035 15615 END