START -2768 2372 16744 13911 -1520 2044 END
START -8852 5348 26708 14429 -2005 1969 END
START -5496 3540 15532 14389 -1719 2033 END
START -4708 2908 12632 13238 -2427 3589 END
START -4144 2452 11200 11720 -3865 6526 END
START -3552 3212 10668 9620 -4017 9675 END
START -1960 3116 10696 7578 -1897 12127 END
START -688 3724 11048 5768 1931 13345 END
START 16 3620 11072 4963 4998 13534 END
START 468 3592 9996 4439 6289 13549 END
START 216 3140 9408 3844 5347 13548 END
START 464 3068 8748 3069 2700 13983 END
START 1188 3052 8568 1941 565 14739 END
START 1556 3120 8380 681 -4 15393 END
START 2264 3028 8184 -436 453 15932 END
START 2576 2856 8344 -1756 1276 16505 END
START 3252 2700 8328 -2969 1761 17003 END
START 4016 2276 8636 -3868 1358 17292 END
START 4456 2032 8696 -4819 324 17161 END
START 4764 1724 8964 -5793 -719 16961 END
START 5256 1792 9140 -6526 -1298 16866 END
START 5504 1620 9192 -7429 -1573 16611 END
START 6068 1232 9500 -8655 -1956 16563 END
START 6868 860 10512 -9880 -2257 16447 END
START 7616 384 11496 -10591 -2186 16252 END
START 8028 4 12104 -10755 -1449 15578 END
START 7944 52 11792 -10703 -215 14775 END
START 7384 116 11268 -11327 923 13878 END
START 7212 -736 11744 -12805 532 13393 END
START 7400 -1128 12820 -13785 -1198 13309 END
START 8152 -1580 13740 -14709 -2117 13074 END
START 8768 -1732 14504 -14877 -1691 12605 END
START 9216 -1940 14684 -14888 -227 11572 END
START 9044 -2436 14560 -15357 174 10296 END
START 9048 -3128 15244 -15824 -453 9377 END
START 9676 -3576 16416 -16133 -1777 8725 END
START 10404 -3652 17164 -16347 -2287 8192 END
START 10960 -3780 17900 -16496 -2083 7417 END
START 11288 -3920 18100 -16251 -1083 6387 END
START 11488 -4132 18588 -16174 -70 4989 END
START 11660 -4588 19380 -16153 621 3802 END
START 12004 -4992 20036 -15859 668 2874 END
START 12476 -5440 20652 -15247 512 1871 END
START 12708 -5388 21028 -14405 859 576 END
START 13120 -5420 21236 -13288 1593 -1284 END
START 13052 -5956 21584 -12152 2096 -3371 END
START 12912 -6504 21700 -11327 1909 -5251 END
START 12616 -6528 21840 -10698 1344 -7085 END
START 12700 -6696 21960 -10528 735 -8702 END
START 12580 -6588 22612 -10410 686 -10236 END
START 12340 -6648 23320 -9794 972 -11667 END
START 11996 -6500 24272 -8782 1500 -12791 END
START 11552 -6252 24560 -7720 2325 -14094 END
START 10904 -6252 24368 -6678 2903 -15551 END
START 9812 -6320 24132 -6015 2196 -16924 END
START 8932 -5756 24420 -5372 808 -17934 END
START 8528 -5516 24896 -4704 -362 -18805 END
START 8124 -5320 25524 -3627 -506 -19639 END
START 7540 -5320 25412 -2194 -202 -20109 END
START 6624 -5440 25120 -854 111 -20077 END
START 6004 -5348 24960 154 604 -19820 END
START 5360 -5148 24556 1143 1201 -19442 END
START 4512 -5004 24008 2317 1054 -18884 END
START 4056 -4876 23912 3359 484 -18285 END
START 4080 -4372 23760 4461 301 -17455 END
START 4216 -3940 23764 5604 1119 -16712 END
START 4208 -3428 23544 6708 3672 -15737 END
START 2960 -3348 23132 7497 6967 -14701 END
START 1604 -3512 22372 8273 9392 -13617 END
START 24 -3776 21976 9331 9888 -12274 END
START -828 -4140 21440 10593 8974 -11298 END
START -1560 -3776 20584 11668 7037 -10667 END
START -2092 -3412 20656 12584 4586 -10010 END
START -2024 -3024 20480 13758 3955 -9264 END
START -2344 -3064 20252 14521 4953 -8403 END
START -2824 -2956 19460 14983 6005 -7104 END
START -3480 -2632 18592 15185 6057 -5460 END
START -3332 -2148 17812 15362 5466 -3428 END
START -3184 -1860 17052 15145 5039 -1692 END
START -2940 -1452 17032 14985 4714 42 END
START -2224 -760 17132 15168 4843 1198 END
START -1740 -432 16756 15579 5552 1663 END
START -1792 8 15836 15727 6392 2050 END
START -2152 104 15240 15484 6927 2648 END
START -2504 484 14332 15117 6933 3624 END
START -2584 824 13912 14716 6493 4701 END
START -2320 960 13236 14121 6413 5626 END
START -2072 944 12876 13600 6592 6586 END
START -1896 1420 12844 13037 7276 7714 END
START -1948 1764 12560 12833 7979 9024 END
START -1636 1612 11720 12498 8439 10250 END
START -1128 1688 10672 11803 8450 11217 END
START -760 1816 9636 10866 7926 12072 END
START -344 1652 9068 9571 6982 12980 END
START 496 1844 9060 8145 5359 13976 END