START -7628 1724 19092 6204 726 2929 END
START -3792 248 14976 6473 1049 3105 END
START -7156 728 18796 7051 407 3701 END
START -7868 1264 18072 7915 -5 5016 END
START -7944 1128 16884 8441 -281 6458 END
START -7856 1228 15568 8414 -750 7812 END
START -7452 1436 14580 8268 -1111 8909 END
START -6524 1408 13248 7825 -1375 9795 END
START -6092 1900 12432 7087 -1560 10567 END
START -5328 2136 11428 6348 -1565 11088 END
START -5004 2296 10768 5386 -2081 11443 END
START -4392 2264 10100 4759 -2936 12075 END
START -3456 2268 9728 4227 -3538 12921 END
START -2768 2428 8928 3361 -3515 13851 END
START -1644 2364 8600 2084 -2861 14503 END
START -596 2388 8496 816 -1939 14756 END
START 316 2336 8452 -81 -1402 14832 END
START 1152 2232 8308 -681 -1527 14907 END
START 1908 2464 8068 -1189 -1399 14852 END
START 2308 2432 7692 -2150 -826 14549 END
START 2492 2536 7500 -3603 214 14391 END
START 2356 2404 7636 -4921 492 14464 END
START 2640 2000 8156 -5870 208 14904 END
START 3636 1956 8672 -6737 -31 15186 END
START 4528 1668 9156 -7786 206 15059 END
START 5376 1348 10012 -8797 403 14617 END
START 5704 1076 10720 -9192 995 13868 END
START 5772 516 10908 -9576 1418 12830 END
START 5800 -156 11016 -10238 1117 12106 END
START 5736 -616 11316 -10771 871 11634 END
START 5436 -1172 11448 -11282 1420 11396 END
START 5152 -1616 11696 -12207 1587 11555 END
START 5420 -1892 12632 -13074 1447 11267 END
START 5756 -2516 13796 -13622 1051 10543 END
START 6260 -3316 14772 -13824 1044 9684 END
START 6396 -4016 15400 -14237 1231 8919 END
START 6340 -4452 15656 -14501 1494 8315 END
START 6740 -4828 16428 -14922 1101 7486 END
START 7324 -5216 17348 -15260 228 6353 END
START 7912 -5400 18408 -15191 -584 4932 END
START 8456 -5732 19012 -14602 -439 3473 END
START 8228 -6248 19720 -14456 -70 2211 END
START 8360 -6692 20668 -13932 -268 1207 END
START 8680 -6896 21240 -13272 -383 307 END
START 9140 -7168 21720 -12655 310 -586 END
START 8888 -7212 21552 -12454 1315 -1461 END
START 8300 -7576 21696 -12203 2205 -2424 END
START 7808 -7836 22436 -11868 1954 -3157 END
START 7516 -7996 22692 -11004 1292 -3824 END
START 7920 -8364 22912 -10195 1061 -4651 END
START 7868 -8252 23184 -9654 1516 -5498 END
START 7620 -8440 23528 -9017 1856 -6358 END
START 7372 -8428 23792 -8199 1893 -7296 END
START 7308 -8488 23664 -7352 1906 -8242 END
START 7232 -8108 23872 -6643 2157 -9273 END
START 6776 -8296 24040 -5750 2651 -10474 END
START 6348 -8052 24092 -4683 2779 -11590 END
START 5744 -7748 23880 -3692 2358 -12356 END
START 5128 -7164 23756 -3238 2405 -13205 END
START 4716 -7104 23992 -2539 2234 -14029 END
START 4184 -6676 24044 -1556 1665 -14772 END
START 3844 -6312 24080 -831 1116 -15519 END
START 3564 -5944 24308 2 1004 -16245 END
START 3132 -5800 24784 927 939 -16716 END
START 2660 -5676 24816 1855 563 -16917 END
START 2148 -5508 24904 2848 -407 -16957 END
START 2104 -5192 25188 3918 -1505 -17032 END
START 2016 -4796 25344 5230 -1840 -17024 END
START 1680 -4384 25140 6272 -1237 -16646 END
START 1100 -3996 24924 7022 -774 -16059 END
START 772 -3488 24776 7799 -414 -15582 END
START 416 -3304 24564 8770 106 -15343 END
START -584 -3072 24084 9879 34 -14798 END
START -1316 -2912 23520 10856 -250 -13882 END
START -1816 -2624 22876 11341 -437 -12535 END
START -2312 -2380 22800 11767 -343 -11319 END
START -2700 -2092 22260 12376 -625 -10263 END
START -3284 -1652 21700 12987 -436 -9242 END
START -3936 -1768 21316 13342 -347 -8088 END
START -4060 -1484 21160 13732 -616 -6782 END
START -3924 -1440 20672 14649 -772 -5687 END
START -3748 -1256 20164 15282 -859 -4655 END
START -3780 -1084 19564 15603 -608 -3426 END
START -3704 -728 19116 15779 63 -2105 END
START -3600 -440 18276 15919 711 -1034 END
START -3632 -452 17592 16072 1243 -167 END
START -3576 -344 16864 16122 1507 732 END
START -3592 -336 16352 16110 1651 1749 END
START -3400 -216 15856 16193 1914 3166 END
START -3124 28 15100 15980 2841 4348 END
START -2944 308 14428 15607 3643 5340 END
START -2820 676 13908 15310 3775 6367 END
START -2700 964 12920 15327 3650 7490 END
START -2384 1272 11888 15204 3380 8691 END
START -1924 1788 10684 14581 3566 9517 END
START -1128 2136 10032 13730 4523 9887 END
START 276 2176 9776 12734 6234 9773 END
START 1240 2212 9384 11612 8031 9546 END
START 2492 2304 9060 10282 9732 9333 END
START 4056 2644 8712 8716 11214 9191 END
START 5372 2620 8260 7084 11863 9058 END
START 6296 2228 8880 5483 11919 8714 END