START -3892 3392 11712 6963 -4545 2593 END
START -3256 4976 10860 7191 -5520 2928 END
START -2228 3988 14908 7684 -4856 3173 END
START -4628 4348 16364 7987 -2659 4284 END
START -4140 3904 15316 7317 -149 5294 END
START -4432 3620 14936 6795 1248 6407 END
START -4736 2888 14012 6846 1525 7571 END
START -4888 2784 13084 6678 541 8560 END
START -4648 2576 12356 6590 -734 9156 END
START -4176 2648 11568 6411 -1783 9520 END
START -3792 2400 10952 5956 -2125 9801 END
START -3084 2108 9964 5194 -2067 10073 END
START -2944 1756 9332 3973 -2636 10459 END
START -2228 1520 9020 3093 -3067 11270 END
START -1624 1524 9104 2420 -3065 12374 END
START -768 1472 8668 1768 -2598 13510 END
START 136 1388 8416 1089 -2113 14289 END
START 924 1488 8300 579 -1598 14778 END
START 1724 1668 8024 194 -973 14730 END
START 2472 1308 7548 -760 -1226 14590 END
START 3388 1004 8200 -1782 -1997 14455 END
START 3980 1048 8960 -2315 -2449 14192 END
START 4196 1040 9172 -2529 -1834 14360 END
START 4364 1316 8528 -3036 -477 14714 END
START 4644 1448 7828 -4025 721 14946 END
START 4760 1532 7956 -5523 786 15090 END
START 5360 1468 8392 -6819 303 15040 END
START 5948 1032 8972 -7881 -200 14749 END
START 6448 684 9728 -9002 -301 14235 END
START 6928 280 10772 -9858 112 13971 END
START 7184 524 11536 -10615 1348 13562 END
START 6800 396 11464 -11332 2911 13257 END
START 6676 -340 11400 -12161 2965 12890 END
START 7004 -956 12072 -13284 1728 12289 END
START 7584 -1672 12864 -13943 696 11421 END
START 8096 -2556 13852 -14396 388 10522 END
START 8192 -3056 14732 -14839 782 9915 END
START 8208 -3076 15036 -15321 1771 9393 END
START 8356 -3264 15416 -15906 2551 8669 END
START 8572 -3768 16176 -16650 2337 8004 END
START 9032 -4748 17292 -16981 1758 7103 END
START 9840 -5516 18660 -16751 1641 6077 END
START 10272 -5940 19384 -16204 2700 4874 END
START 10008 -6360 19632 -15646 4128 3610 END
START 9332 -6468 19676 -15218 5259 2399 END
START 8892 -7060 20320 -14857 5045 1322 END
START 9184 -7392 21224 -14336 3996 573 END
START 9820 -7736 21360 -13863 3281 -248 END
START 10056 -7596 21752 -13461 3527 -1501 END
START 10168 -7764 22136 -12873 4093 -3223 END
START 10256 -7964 22740 -11954 4123 -5021 END
START 10216 -8088 23292 -10964 4184 -6843 END
START 9964 -8284 23356 -10258 4271 -8454 END
START 9512 -8584 23640 -9649 3932 -9758 END
START 9536 -8208 23848 -8860 3610 -10805 END
START 8472 -8200 24412 -8124 3790 -12043 END
START 8112 -8284 24580 -7453 3905 -13359 END
START 7212 -8380 24648 -6755 3699 -14427 END
START 6452 -8400 24876 -5712 2529 -15574 END
START 6024 -8272 25096 -4614 1678 -16756 END
START 5308 -8096 25260 -3767 719 -17752 END
START 5216 -7740 25328 -2713 -68 -18093 END
START 4936 -7576 25872 -1725 -424 -18140 END
START 3948 -8364 26232 -699 -909 -17841 END
START 3984 -7656 26016 551 -2091 -17303 END
START 4620 -6500 25828 1569 -3519 -17023 END
START 4872 -5984 25732 2226 -3944 -17795 END
START 4808 -6180 25692 3072 -3784 -19037 END
START 3568 -6140 25476 3860 -3839 -19505 END
START 2744 -5612 25400 4814 -3393 -18963 END
START 2672 -5020 24824 5503 -1088 -18230 END
START 1624 -4888 24220 6109 1377 -17644 END
START 564 -5108 23724 7215 1691 -16784 END
START 164 -5124 23216 8669 646 -16149 END
START -84 -4752 22892 9837 -396 -15667 END
START -700 -4564 22748 10912 -706 -15216 END
START -1728 -4324 22220 12085 -483 -14079 END
START -2752 -3948 21416 12913 -677 -12062 END
START -2548 -3740 20812 13488 -461 -9735 END
START -1604 -3696 20764 14009 859 -8060 END
START -1544 -3640 20488 14767 2048 -6914 END
START -1584 -3236 19556 15464 2072 -6032 END
START -1672 -2460 18932 15881 2320 -5608 END
START -2152 -2176 18164 16335 2871 -5312 END
START -2740 -2084 17168 16588 2373 -4366 END
START -2584 -1892 16992 16633 1588 -2745 END
START -1900 -1304 16660 16715 1722 -1293 END
START -1736 -896 15876 16989 3053 -286 END
START -2284 -260 14740 17014 3688 571 END
START -2652 460 14044 16948 3026 1584 END
START -2356 1152 13432 16766 2127 2556 END
START -1736 1868 12968 16591 2187 3182 END
START -908 1728 11828 16032 3257 3504 END
START -1004 1200 11120 14828 3895 4312 END
START -1064 1184 10552 13622 3634 5998 END
START -828 1156 10564 12956 3708 8012 END
START -456 1472 10028 12032 4275 9866 END
START 104 1744 9760 11147 5131 11391 END
START 720 1772 9368 10503 6061 12371 END
START 1560 2040 9344 9796 6295 12747 END