START 12 1012 10288 4730 3368 11830 END
START 3980 1808 1948 4752 2542 12205 END
START -584 1844 14780 4609 2696 12541 END
START 932 1284 12352 4244 3029 13360 END
START 1212 1060 11016 3747 2253 14027 END
START 1472 692 9856 3047 600 14308 END
START 2092 484 9416 2331 -387 14667 END
START 2536 284 9104 1214 -436 14790 END
START 3364 -92 8760 117 110 14946 END
START 3628 -204 8724 -792 221 15269 END
START 4344 -168 8696 -1641 320 15566 END
START 4908 0 8724 -2622 544 15760 END
START 5388 312 8932 -3356 663 15925 END
START 5800 288 8700 -3859 419 15851 END
START 6056 360 8160 -4505 -10 15411 END
START 6412 -12 8424 -5246 -962 14971 END
START 7116 -352 8868 -5935 -1907 14805 END
START 8152 -784 9952 -6493 -2483 14722 END
START 8988 -976 10676 -6970 -2079 14477 END
START 9464 -1104 10804 -7336 -941 13923 END
START 9708 -1052 10268 -7814 1122 13170 END
START 8868 -856 9712 -8752 2988 12306 END
START 8296 -640 9684 -9622 4037 11458 END
START 7912 -1548 10344 -10625 3438 11111 END
START 8348 -1920 11152 -11443 2233 11396 END
START 9308 -2052 12308 -11881 2208 11825 END
START 10140 -1688 12920 -12218 3570 11393 END
START 10380 -1276 13464 -12646 5259 9941 END
START 10148 -1356 13660 -13258 5993 8146 END
START 10320 -2052 14424 -13987 5274 6659 END
START 10892 -2760 15448 -14664 3922 5585 END
START 11892 -3352 16540 -15169 3327 4542 END
START 12916 -3916 18140 -15445 3878 3044 END
START 13076 -4164 19576 -15286 5539 1095 END
START 12824 -4676 20604 -14728 7005 -1141 END
START 12436 -5172 21376 -14375 7197 -2927 END
START 12332 -6100 22448 -14232 6686 -4374 END
START 12676 -6808 23468 -13844 6209 -5527 END
START 12508 -7780 24844 -13500 5750 -6946 END
START 11984 -8292 26292 -12728 4978 -7897 END
START 11836 -9020 27596 -11523 4433 -7910 END
START 12084 -8348 28516 -10321 4922 -7662 END
START 12592 -7708 29392 -8712 6592 -8727 END
START 11908 -7188 29380 -6613 7604 -11283 END
START 10164 -7528 28832 -5238 6604 -14343 END
START 7796 -7140 28372 -4292 3410 -16779 END
START 5928 -7064 27708 -3392 264 -18256 END
START 4156 -6388 27476 -2588 -1895 -18986 END
START 3144 -6172 27940 -1510 -2869 -18857 END
START 3232 -5076 28548 644 -2383 -18632 END
START 3304 -4160 28100 2828 -586 -19034 END
START 2712 -3380 26996 4285 1497 -19848 END
START 1236 -3088 25684 5225 2956 -20605 END
START -488 -3316 24616 5565 1954 -20806 END
START -2472 -3500 24564 6293 -1113 -20299 END
START -2936 -3504 24744 7616 -4759 -18975 END
START -2804 -2716 24776 8898 -5748 -17698 END
START -3104 -1980 24580 9770 -5304 -16714 END
START -3640 -1356 23560 10590 -4342 -15322 END
START -4676 -1312 22584 11461 -3298 -13403 END
START -5496 -1316 21408 12206 -2795 -10773 END
START -5672 -944 20388 12248 -3204 -7849 END
START -4984 -588 20236 12102 -4047 -5330 END
START -3596 0 20600 12565 -4368 -3727 END
START -2828 568 20268 13317 -3501 -3208 END
START -3036 740 19524 14020 -2629 -2925 END
START -3176 784 18756 14590 -2199 -2414 END
START -2784 396 18300 14812 -2174 -1165 END
START -2468 216 17804 15075 -1984 433 END
START -2356 408 16408 15062 -1177 1854 END
START -2188 356 15208 14386 -684 3171 END
START -2228 476 14604 13523 -912 4208 END
START -1556 448 14396 13298 -844 4770 END
START -1168 488 14068 13655 -199 4709 END
START -1280 300 13244 14183 548 4604 END
START -1564 164 12356 14405 954 4897 END
START -1544 -328 11320 14354 1022 5663 END
START -972 -504 10704 14300 1558 6769 END
START -216 -536 9804 13830 2645 8045 END
START 808 -584 9116 12430 4105 9241 END
START 2184 -528 8972 10901 5989 10270 END
START 3280 -636 9072 9769 8358 11004 END
START 4244 -480 9064 9014 10742 11432 END