START -7592 5624 26388 7052 -3931 4658 END
START -6704 5564 17220 6726 -3390 5003 END
START -4116 4764 17168 6163 -1813 5134 END
START -3436 4516 16264 5905 872 5033 END
START -3656 3280 15936 6506 1847 5004 END
START -3448 2436 14672 7036 2650 5916 END
START -3272 1248 13448 7173 3055 7680 END
START -3272 780 12028 6858 3056 9970 END
START -3052 572 10444 6171 2479 12384 END
START -2284 460 9432 5518 1802 14290 END
START -1112 776 8540 5152 1517 15344 END
START -312 828 8040 4697 1735 15632 END
START 424 892 7464 4185 2276 15683 END
START 692 1036 7236 3447 2057 15853 END
START 1500 812 6908 2556 1356 16206 END
START 2148 1044 7024 1607 935 16700 END
START 2824 940 7016 644 812 17352 END
START 3416 1004 7164 -169 752 17949 END
START 4048 1224 7364 -935 1247 18288 END
START 4612 1204 7592 -1813 1786 18296 END
START 5352 716 7816 -2938 1478 18249 END
START 5652 112 8544 -3949 46 18162 END
START 6096 -332 8812 -4673 -1758 18173 END
START 6936 -572 9188 -5528 -2731 18146 END
START 7492 -736 9244 -6872 -2487 17703 END
START 7852 -1016 9972 -7880 -2402 16960 END
START 8100 -1584 10576 -8902 -3091 16574 END
START 8844 -1984 10912 -9629 -4247 16644 END
START 9812 -2036 11328 -10144 -4907 16870 END
START 11020 -1908 11508 -10873 -4663 16769 END
START 12172 -1688 11992 -11849 -3489 16079 END
START 12636 -1736 12556 -12699 -2311 15077 END
START 13092 -2068 12976 -13556 -1443 13776 END
START 13448 -2460 13276 -14165 -526 12297 END
START 13548 -3328 13364 -14673 461 10953 END
START 13680 -4200 13760 -15305 874 9907 END
START 13916 -4924 14540 -15792 1461 9115 END
START 13908 -5132 15184 -16160 2036 8615 END
START 14020 -5156 15860 -16392 2708 7918 END
START 14436 -5140 16236 -16584 3548 6648 END
START 14732 -5536 16944 -16675 3940 4591 END
START 15008 -6068 17512 -16426 4187 2167 END
START 15068 -6620 18292 -15938 4393 -195 END
START 14804 -6720 18768 -15403 4328 -2175 END
START 14608 -7208 19324 -15152 4154 -3692 END
START 14704 -7252 20044 -15094 3700 -4763 END
START 15212 -7444 21000 -15000 3897 -6029 END
START 15428 -7428 21732 -14478 5124 -7930 END
START 14964 -7904 21788 -13754 6588 -10342 END
START 14048 -7844 20980 -13443 6989 -12792 END
START 13200 -7836 20232 -13885 5869 -14929 END
START 12940 -7732 19132 -14819 3464 -17013 END
START 12764 -7316 20292 -15932 -1388 -19553 END
START 13536 -6932 22580 -14538 -5425 -22246 END
START 14040 -7140 23948 -12786 -4560 -24723 END
START 12624 -8160 24548 -12011 -313 -25632 END
START 11060 -9036 25432 -11335 2789 -24308 END
START 10192 -9492 26736 -9605 3356 -22387 END
START 10480 -8784 28164 -7497 3300 -21545 END
START 10664 -8612 29404 -5233 4164 -22103 END
START 9420 -8448 30432 -2125 5475 -23131 END
START 7264 -8392 30488 1530 7230 -23707 END
START 5136 -8456 29532 5019 8896 -23292 END
START 2600 -8672 27112 7441 9333 -21558 END
START 1216 -8064 25492 8323 7911 -19547 END
START 592 -7468 25064 9606 5830 -18088 END
START 228 -6720 24344 11603 3919 -16933 END
START -72 -5736 23484 13049 2673 -16012 END
START 128 -4840 22956 14285 2020 -15482 END
START 36 -4932 22208 15701 2424 -14938 END
START -872 -4520 21596 17318 3126 -13469 END
START -1288 -4256 20324 18311 4467 -10901 END
START -1396 -3960 19232 18447 6434 -8211 END
START -1436 -3636 18320 18131 8011 -6079 END
START -1360 -3184 17880 18210 8364 -4466 END
START -1048 -2524 17380 19024 8555 -3534 END
START -924 -1972 16816 20151 9221 -3242 END
START -1192 -1680 15716 21058 10194 -3036 END
START -2560 -1852 14132 21528 10168 -2073 END
START -2876 -1704 12956 21345 9494 235 END
START -2380 -1348 12020 20115 9439 2568 END
START -1984 -972 11440 18473 9983 4597 END
START -1336 -504 10856 17207 10483 6228 END
START -1132 20 10100 15952 10367 7048 END
START -1224 300 9652 14997 9597 7359 END
START -1080 624 8892 14190 8485 7845 END
START -736 456 8272 13376 7243 8665 END
START -244 644 7840 12594 6438 9902 END
START 556 700 7496 11612 6122 11270 END
START 1656 672 6840 10361 5951 12511 END
START 2956 668 6744 8734 5523 13580 END
START 4400 808 6972 7199 5109 14545 END
START 5864 968 7352 5984 4792 15122 END
START 7720 1136 7960 4714 4857 15431 END
START 9668 1500 8572 3253 5370 15487 END