START -2700 2740 17092 6524 567 7160 END
START -8416 5512 24756 6690 1567 7172 END
START -4944 3540 15204 6759 1103 7601 END
START -4044 2852 13368 6439 1384 7858 END
START -4212 2160 12996 6042 1664 8158 END
START -3748 1576 11892 5401 2233 8709 END
START -3908 1404 11584 4223 2051 9316 END
START -3596 1208 11256 3226 1834 10213 END
START -3200 1168 10656 2772 1466 11207 END
START -2556 1008 9856 2328 1368 11923 END
START -2000 788 9132 1856 1113 12302 END
START -1452 836 8692 1646 407 12456 END
START -660 920 8140 1574 202 12398 END
START -348 924 6884 1150 291 12167 END
START -4 956 6432 135 239 12030 END
START 84 948 6032 -1169 -605 12211 END
START 540 792 6196 -2420 -1538 12667 END
START 976 788 6392 -3674 -2166 13186 END
START 1576 740 6484 -4976 -2516 13852 END
START 2556 792 6948 -6088 -2658 14043 END
START 3260 688 7292 -6994 -2792 13975 END
START 4072 168 8212 -7753 -3677 13839 END
START 5352 -120 9236 -8570 -4116 13895 END
START 6328 -284 10564 -9677 -3294 13546 END
START 6584 -444 11448 -10415 -1387 13197 END
START 6608 -420 11316 -10829 413 12439 END
START 6236 -664 11304 -11328 896 11393 END
START 6156 -1180 11760 -12035 -12 10426 END
START 6572 -1896 12572 -12859 -753 9817 END
START 7064 -2652 13592 -13743 -1104 9750 END
START 7736 -2836 15004 -14378 -580 9687 END
START 7988 -2920 15392 -14528 956 9091 END
START 7892 -2996 15324 -14791 2613 7768 END
START 7396 -3560 15796 -15096 2887 6096 END
START 7184 -4352 17000 -15323 1610 4768 END
START 7496 -5060 18212 -15267 820 3896 END
START 7808 -5228 18908 -15021 763 3185 END
START 8240 -5884 19344 -14900 1350 2272 END
START 8320 -6204 19872 -14879 1984 1124 END
START 8060 -6268 20720 -14675 2326 -120 END
START 7924 -6468 21536 -13827 1956 -1318 END
START 8404 -6832 22484 -12902 1217 -2537 END
START 8976 -6956 23312 -12008 1361 -4009 END
START 9284 -7252 24224 -10968 2238 -5738 END
START 8948 -7536 24592 -10115 3087 -7323 END
START 8320 -7568 24912 -9403 3802 -8685 END
START 7924 -7772 25092 -8851 4854 -9915 END
START 6964 -7884 25344 -8278 5047 -10673 END
START 6648 -7844 25660 -7284 4756 -11432 END
START 5892 -7492 25760 -6252 3887 -12370 END
START 5376 -7044 26128 -5150 3192 -13455 END
START 4648 -6664 26268 -4232 2795 -14992 END
START 3772 -6408 26476 -3257 2372 -16458 END
START 2916 -6404 26472 -1914 1940 -17561 END
START 1944 -6348 26712 -762 1480 -18223 END
START 1316 -6568 26676 274 730 -18374 END
START 972 -6140 26924 1481 -155 -18033 END
START 804 -5612 27420 2688 7 -17773 END
START 240 -4884 27316 3912 666 -17826 END
START -516 -4424 26828 5213 505 -18015 END
START -1212 -4396 26428 6370 84 -18114 END
START -1928 -4576 26020 7545 -615 -17465 END
START -2596 -4752 25888 8873 -908 -16280 END
START -3352 -4392 25544 10172 -674 -14858 END
START -4028 -4340 24796 11644 234 -13567 END
START -5020 -4208 23404 12900 721 -12213 END
START -5824 -4100 22276 13142 1094 -10646 END
START -5676 -3860 22336 13143 397 -8572 END
START -5036 -3804 22480 14061 32 -7184 END
START -4428 -3824 22216 14923 -14 -6178 END
START -4292 -3668 21616 15826 207 -5195 END
START -4448 -3384 20808 16910 480 -4140 END
START -4540 -3012 19400 17587 924 -3004 END
START -4716 -2796 18024 17927 1253 -1913 END
START -4860 -2420 16792 17857 1411 -735 END
START -4560 -2228 16072 17205 1243 438 END
START -4100 -1912 15468 17184 1302 1464 END
START -4052 -1684 14376 17188 1850 2110 END
START -4200 -1512 12872 16750 2044 2535 END
START -4772 -1316 12080 16410 1485 2984 END
START -4648 -1064 11608 16288 1084 3967 END
START -4380 -820 11068 16092 1257 5277 END
START -3800 -484 10396 15316 1764 6691 END
START -2668 -464 9528 14085 2352 8133 END
START -1904 -432 9192 12508 2058 9515 END
START -376 -52 9540 11261 1379 10921 END
START 1128 336 9952 10445 1266 11736 END