START -11080 2376 15676 8537 -2522 5330 END
START -8604 1492 12400 8589 -2542 5506 END
START -9156 1504 12884 8608 -2737 6016 END
START -8836 1656 12328 8568 -2225 7095 END
START -8360 1396 11104 7911 -1795 8412 END
START -7800 1156 9876 6852 -1923 9885 END
START -6892 1336 8872 5967 -2437 11434 END
START -5692 1432 8104 4865 -2605 12367 END
START -4428 1408 7672 3704 -2502 12642 END
START -3464 1460 7760 2751 -2413 12820 END
START -2324 1472 7864 2125 -3015 13263 END
START -940 1752 7712 1464 -3122 13488 END
START -192 1708 7404 640 -2675 13552 END
START 536 1692 6980 -305 -1823 13844 END
START 908 2044 6472 -1427 -928 13944 END
START 1376 2092 6108 -2760 -675 13761 END
START 2048 2072 6300 -4225 -1298 13518 END
START 2736 1708 6772 -5472 -1946 13402 END
START 3116 1188 7368 -6231 -2090 13416 END
START 3820 1472 7316 -7028 -1332 13316 END
START 3972 968 7520 -8352 -295 12693 END
START 4100 1196 7588 -9582 264 12108 END
START 4196 884 8140 -10661 -684 11600 END
START 5120 452 9276 -11463 -2695 11529 END
START 6380 136 10476 -12262 -2970 11235 END
START 7352 -236 11372 -13225 -1676 10532 END
START 7292 -644 11760 -13834 60 9304 END
START 6648 -1172 12236 -14374 917 8114 END
START 6276 -1472 12516 -14895 355 7321 END
START 6376 -1924 13688 -15395 -1063 6757 END
START 7404 -2300 15144 -15695 -1537 6203 END
START 8104 -2632 15816 -15997 -119 5255 END
START 7976 -3052 15992 -16454 1568 4156 END
START 7296 -3464 16820 -17000 2231 2864 END
START 6940 -3772 18304 -17175 1316 1774 END
START 7244 -4220 19996 -16905 318 1129 END
START 7940 -4684 21260 -16698 -317 526 END
START 8996 -4752 22080 -16396 -388 -372 END
START 9916 -5308 23184 -15997 708 -2154 END
START 9872 -5728 24756 -15146 1754 -4307 END
START 9520 -5952 26028 -13719 2022 -6270 END
START 9268 -6208 26752 -12211 1756 -7808 END
START 9160 -6272 26840 -11188 2023 -9271 END
START 8680 -6516 27592 -10524 2596 -10735 END
START 8028 -6660 28544 -8974 2968 -12060 END
START 7152 -6744 28612 -7178 2944 -13203 END
START 6508 -6396 28376 -5834 2611 -14414 END
START 5416 -5972 28524 -4546 2149 -15683 END
START 4188 -5488 28840 -2972 1165 -16992 END
START 3020 -5536 28892 -1402 17 -18166 END
START 1684 -4960 29420 -64 -1259 -18443 END
START 1116 -4112 29844 957 -1776 -18601 END
START 496 -3820 29900 2015 -1836 -19136 END
START -68 -4120 30108 3258 -1810 -19711 END
START -1024 -4824 30136 4542 -1496 -19800 END
START -2276 -5012 29820 5942 -236 -19224 END
START -3420 -5448 29412 7225 1731 -18125 END
START -4588 -5676 28856 8987 3270 -16520 END
START -6084 -5684 27896 10959 3831 -15030 END
START -6768 -5584 26736 12866 3139 -13974 END
START -7384 -6008 25644 14646 1819 -13056 END
START -7676 -5440 24816 16077 634 -11810 END
START -7704 -4760 23612 17030 1165 -10221 END
START -8232 -4312 22592 17617 2235 -8280 END
START -8008 -4092 21204 18099 3510 -6091 END
START -7848 -4412 19752 18125 5220 -4078 END
START -7408 -4244 18936 17755 6863 -2233 END
START -7488 -4216 18560 17990 8222 -845 END
START -7820 -4216 17396 18633 9059 231 END
START -8204 -4344 15736 19050 8675 1233 END
START -8428 -4416 14188 19317 7453 2316 END
START -8020 -4484 13180 18798 5769 3764 END
START -6892 -4384 13824 18251 4604 5801 END
START -5732 -2936 14648 17726 5175 8223 END
START -5132 -544 14604 17019 6772 10070 END
START -4116 408 13420 16218 7811 10730 END
START -4268 1076 11868 15454 7244 10524 END
START -4656 1104 10128 14862 5161 10285 END
START -4868 1480 9240 13883 2851 10351 END
START -4580 2032 8420 12886 1328 11083 END
START -3568 2380 8184 11406 1341 12630 END
START -2316 2644 7688 9450 2562 14071 END
START -1644 2532 7156 7783 3808 15346 END
START -864 2484 6556 6383 4159 15996 END
START 112 2356 5936 4934 4137 16140 END
START 852 2024 5584 3456 3350 15804 END
START 1600 1448 6032 2204 1945 15572 END
START 2664 1424 6896 1222 1142 15723 END
START 4108 1452 7752 242 1955 16020 END
START 5596 1896 8668 -859 3619 16223 END
START 6856 2268 9344 -1725 5073 15924 END
START 8456 2464 10444 -2342 5634 14882 END
START 10056 2492 11232 -2504 5360 12868 END