START -3856 -6736 27364 -8788 4681 -3039 END
START -8344 -4560 30480 -8620 2681 -2379 END
START -7812 -3104 26728 -9027 2178 -524 END
START -6992 -5484 28084 -8469 1235 3443 END
START -5420 -7672 30428 -7100 3728 5883 END
START -4412 -7448 32767 -5760 4289 5555 END
START -3232 -8136 32767 -3307 4207 2655 END
START -3456 -7820 32767 1304 2326 -1215 END
START -4956 -8640 32767 6604 316 -3899 END
START -6544 -9900 32767 10971 -2128 -4250 END
START -8164 -10216 32767 14118 -2675 -2230 END
START -8896 -10772 32767 15773 -1360 1251 END
START -8520 -11896 32767 17151 1761 4272 END
START -7960 -12704 32767 18340 4321 6612 END
START -7020 -13132 32767 20430 5041 9013 END
START -4860 -13248 31440 23305 4391 10250 END
START -2700 -12416 28808 26479 2767 10171 END
START -844 -12304 25248 29043 302 9393 END
START 560 -11876 22280 30165 -1514 8848 END
START 1188 -10844 19344 30674 -1993 8721 END
START 2236 -9672 16268 30833 -1218 8940 END
START 3056 -8740 13484 30271 164 9104 END
START 4128 -8012 11000 29310 969 8899 END
START 6144 -6788 8264 28066 1192 7988 END
START 6724 -5924 7212 26971 674 6244 END
START 7556 -5172 5852 26093 -437 4175 END
START 7944 -4496 4840 25222 -1821 2189 END
START 8196 -3980 3700 24320 -2926 439 END
START 8300 -3100 3036 23139 -3070 -593 END
START 8760 -2252 1776 21487 -1880 -1295 END
START 9048 -1728 436 19064 -632 -2093 END
START 9300 -712 -304 16491 183 -3100 END
START 9656 92 -1040 14202 399 -4566 END
START 9496 428 -1532 12399 -209 -6616 END
START 8892 832 -1708 11051 -1561 -8994 END
START 7800 984 -2204 9956 -3004 -10899 END
START 6848 816 -3328 8813 -4179 -11966 END
START 5772 1056 -4208 7044 -4450 -12505 END
START 5080 960 -4896 4472 -3776 -12702 END
START 4272 808 -5648 1535 -2991 -13022 END
START 3472 264 -5508 -1539 -2830 -13669 END
START 1944 100 -5492 -4015 -3627 -14435 END
START 192 28 -4900 -5988 -5598 -15387 END
START -2172 -80 -4224 -7390 -8146 -16220 END
START -4728 56 -3568 -8958 -11412 -16528 END
START -7192 -72 -2604 -10817 -13459 -16482 END
START -10116 -576 -936 -13303 -13261 -16665 END
START -14660 -1324 1920 -16430 -10695 -16277 END
START -19500 -2232 5756 -18936 -8062 -14130 END
START -23572 -4056 10264 -19904 -6925 -9839 END
START -26176 -5456 13712 -19612 -7513 -3853 END
START -26612 -7700 18104 -19388 -8668 2528 END
START -25092 -8764 22652 -20345 -7580 9556 END
START -22272 -8388 28016 -21959 -2745 15209 END
START -17560 -7272 32767 -22084 5272 19516 END
START -12744 -5936 32767 -19556 13898 21238 END
START -8388 -4060 32767 -15586 19889 21744 END
START -4096 -2452 32767 -10905 22045 21003 END