START -6372 -3468 30896 -8373 363 3067 END
START -5976 -3392 28792 -8420 -1239 3673 END
START -7340 -2108 32004 -8416 -3331 5284 END
START -4196 -2556 32767 -7084 -5582 7923 END
START -1708 -2200 32767 -4914 -4715 7985 END
START 80 -1168 32767 -1678 -2292 5684 END
START 264 -1452 32767 2002 1613 2921 END
START -584 -2096 32767 5204 5585 625 END
START -2004 -3344 32767 7449 8664 -222 END
START -4816 -5060 32767 9347 9899 896 END
START -5820 -6272 32767 11365 9699 3271 END
START -5876 -7420 32767 14246 6934 5083 END
START -4988 -8960 32767 18244 3635 5791 END
START -3072 -9332 32767 23102 950 5702 END
START -1504 -10616 32767 26897 -808 4784 END
START -768 -10484 30436 29514 -1880 4260 END
START 252 -10732 25532 31304 -2214 4473 END
START 1672 -10516 21068 31720 -1135 4793 END
START 3008 -10000 16480 30912 1018 4919 END
START 4164 -9988 12560 29435 3374 4995 END
START 5740 -10000 9408 27878 4925 5361 END
START 7468 -10168 6384 26457 4334 5037 END
START 8768 -9612 3620 25075 2219 4188 END
START 10468 -8272 1308 23946 -8 2851 END
START 11916 -6968 -132 22960 -1709 846 END
START 12780 -5668 -1760 21907 -2948 -1539 END
START 13236 -4300 -3636 20377 -4161 -4087 END
START 13184 -3072 -5180 18631 -4663 -6598 END
START 12652 -2248 -6824 15948 -3560 -8426 END
START 11828 -1920 -7512 12789 -2396 -9839 END
START 10912 -1488 -8248 10074 -2043 -10819 END
START 9792 -1400 -8756 7661 -2877 -11612 END
START 8740 -1112 -9336 5501 -4408 -12483 END
START 7476 -880 -10076 3349 -5785 -13421 END
START 6312 -1212 -10960 576 -6270 -14790 END
START 3748 -1612 -11164 -2833 -6069 -16367 END
START -64 -2184 -10596 -6783 -6101 -17551 END
START -4144 -3464 -10068 -10607 -6251 -18091 END
START -10348 -4364 -8244 -14652 -6561 -18467 END
START -16736 -5440 -5020 -18400 -7072 -17511 END
START -23528 -5928 -740 -21129 -7985 -14514 END
START -29112 -5628 4552 -22959 -8911 -8926 END
START -32140 -6444 10864 -23834 -9040 -1571 END
START -32756 -7176 17680 -23822 -8237 5519 END