START -1496 -6376 30668 -10187 115 -1890 END
START -3612 -6168 32767 -9807 -886 -2054 END
START -3664 -6448 32596 -8839 -899 -2090 END
START -3332 -8036 32767 -6985 389 -1087 END
START -4092 -8996 32767 -5520 2007 77 END
START -4584 -9432 32767 -3192 2120 1442 END
START -4412 -10572 32767 -42 1500 2445 END
START -4496 -11468 32767 3003 165 2796 END
START -4376 -11856 32767 6169 -1074 2555 END
START -4364 -12080 32767 9841 -1255 2128 END
START -4736 -12928 32767 13482 726 2542 END
START -4516 -13832 32767 16432 2874 3883 END
START -4348 -14496 32767 19421 3928 5542 END
START -4292 -15188 32767 22213 3365 7229 END
START -3648 -15088 32552 25101 2304 8585 END
START -2480 -14808 29508 27914 1324 9320 END
START -1100 -14068 25672 29710 1247 9290 END
START -316 -13280 22020 30033 1418 9132 END
START 948 -12104 19208 29960 1838 9260 END
START 2580 -11212 16036 29832 2533 9309 END
START 3756 -10104 13148 29240 2818 9169 END
START 5604 -8940 10604 28584 1814 8515 END
START 6804 -8120 8992 28081 -30 7036 END
START 7820 -7156 7524 27778 -2237 5166 END
START 8644 -6228 5984 27448 -3739 3101 END
START 9364 -5660 5104 26363 -3796 1294 END
START 10300 -5008 5192 25150 -2509 39 END
START 11448 -4720 5016 23915 -1051 -844 END
START 12684 -4536 4508 22774 320 -2000 END
START 13280 -3668 3340 21869 1260 -3609 END
START 13620 -2784 1608 20966 1683 -5667 END
START 13112 -1716 -220 19925 1497 -7996 END
START 12912 -1348 -3828 18460 1357 -10114 END
START 11396 -696 -6360 16434 10 -12191 END
START 10376 -500 -8620 13829 -1094 -13897 END
START 8988 -340 -10284 11152 -1860 -15031 END
START 7184 -844 -12004 7900 -3098 -15814 END
START 5148 -996 -12380 4755 -5376 -16301 END
START 3680 -1172 -12692 1845 -7641 -16425 END
START 2516 -1860 -13048 -1419 -8876 -16786 END
START 720 -2744 -12892 -5506 -9181 -17610 END
START -1872 -3688 -12116 -9676 -8839 -18833 END
START -6216 -5372 -10152 -13672 -8218 -19773 END
START -11520 -7448 -7248 -16868 -9140 -19593 END
START -17896 -8492 -3160 -19423 -11969 -18467 END
START -23444 -9140 2116 -21197 -16657 -16600 END
START -28156 -9892 8540 -20992 -21886 -13880 END
START -31080 -10444 14952 -19426 -25906 -9227 END
START -32328 -9244 20908 -18484 -23346 -1418 END
START -31700 -7700 26120 -20009 -13448 8209 END
START -28596 -5736 31104 -22242 -833 17835 END
START -23452 -4416 32767 -23362 10518 24797 END
START -16812 -4240 32767 -22688 18198 28205 END
START -10080 -3680 32767 -19360 19597 27285 END
START -5332 -3624 32767 -13484 14444 24203 END