START -2184 -6904 27960 -4841 -343 -799 END
START -2364 -7128 28772 -4661 -444 -1051 END
START -3756 -7668 31248 -4687 -1250 -1438 END
START -4800 -9104 32767 -3899 832 -1081 END
START -7132 -8940 32767 -2443 4259 556 END
START -8852 -8956 32767 837 6137 3215 END
START -9016 -9256 32767 5177 7886 5653 END
START -8700 -10624 32767 9753 7037 7021 END
START -8664 -8192 32767 13023 5986 8364 END
START -7344 -9280 32767 14661 4444 8339 END
START -7148 -8976 32767 16249 3230 8104 END
START -6616 -9528 32767 18505 2060 7991 END
START -6552 -9476 32767 20770 1221 8199 END
START -6552 -9520 30916 22720 455 8978 END
START -5748 -9384 27596 24445 -179 9938 END
START -4816 -9328 24076 25040 -806 10296 END
START -4144 -8568 20656 24891 -1994 10048 END
START -3408 -7268 16676 24960 -2088 9689 END
START -3016 -6592 13080 24262 -1170 9457 END
START -3172 -6160 10244 22339 -1430 9033 END
START -3012 -5336 8464 20326 -3055 8639 END
START -2592 -5004 7440 19353 -5918 8691 END
START -1016 -4668 7040 19278 -9779 8411 END
START 1172 -4188 6796 20010 -11885 7666 END
START 3556 -3888 6300 20701 -12113 6429 END
START 5812 -3992 4936 20514 -10898 4881 END
START 8028 -3828 3512 19661 -9163 2920 END
START 9524 -3244 2440 18710 -6977 1026 END
START 10884 -2580 1132 17708 -5446 -867 END
START 12152 -1544 -500 16906 -5039 -2864 END
START 12960 -968 -1240 16257 -5652 -5043 END
START 13664 -96 -2188 16036 -6026 -7928 END
START 14032 252 -3536 15129 -4532 -10842 END
START 13704 436 -4800 13276 -2384 -13585 END
START 12904 176 -5472 10910 -823 -15866 END
START 11568 12 -5888 9097 -16 -17242 END
START 10296 -376 -6348 7687 262 -18155 END
START 8508 -776 -7072 5852 197 -18984 END
START 6592 -892 -7556 3184 558 -19385 END
START 4476 -1468 -7608 -184 950 -19380 END
START 2004 -1856 -7388 -3499 844 -19119 END
START -832 -1748 -7044 -6301 -92 -18602 END
START -3776 -1800 -6672 -9003 -1779 -18818 END
START -8476 -1808 -5880 -11625 -4623 -20250 END
START -16320 -2700 -2612 -13650 -8177 -21143 END
START -25020 -3140 -64 -14331 -12129 -17985 END
START -30900 -4084 1712 -15965 -15160 -11584 END
START -32768 -5344 4264 -21466 -15764 -3700 END
START -32768 -5260 9792 -28479 -14097 3765 END
START -32768 -4932 19004 -32662 -8629 9570 END
START -31712 -4352 28096 -31947 -1853 14277 END
START -28164 -4564 32767 -28241 2544 18244 END
START -22548 -4324 32767 -22988 3221 21926 END
START -15172 -3952 32767 -17217 3163 24793 END
START -7972 -3952 32767 -13301 2152 26555 END
START -960 -3232 32767 -10640 1288 25896 END