START -2328 -5284 20116 -5131 1317 3708 END
START -2888 -5156 20616 -5314 1051 3584 END
START -4328 -4840 22984 -6006 -709 3274 END
START -3452 -5612 24256 -5333 -3110 2973 END
START -3216 -6496 27012 -3885 -3376 2666 END
START -3928 -6840 29832 -2567 -3192 2755 END
START -4116 -7900 32436 -1514 -1421 3923 END
START -4696 -7812 32767 -613 1526 5878 END
START -4784 -7784 32767 710 4291 7549 END
START -4452 -8236 32767 2665 6113 7992 END
START -4528 -8252 32767 5424 6822 6949 END
START -5868 -8644 32767 8555 6618 5981 END
START -6952 -9768 32767 11802 6635 6418 END
START -8188 -10380 32767 15125 7221 8386 END
START -8336 -11812 32767 17770 9905 10999 END
START -8428 -12500 32767 19144 13237 13714 END
START -7768 -12232 31532 20588 12862 16574 END
START -5816 -11556 27636 23196 6928 17798 END
START -4192 -10172 23864 26239 -2372 17239 END
START -1168 -8336 20260 29452 -10402 15168 END
START 1272 -6276 16228 31542 -11620 12078 END
START 2356 -5428 12068 31160 -8894 9030 END
START 3008 -4992 8816 29239 -6290 6920 END
START 3584 -5380 6176 27322 -5371 5817 END
START 4236 -5360 4608 26003 -5858 5047 END
START 5508 -5256 3836 25004 -7055 3954 END
START 7296 -5108 3440 24426 -7795 1960 END
START 8404 -4912 2444 24042 -7416 -533 END
START 8408 -5576 1880 22757 -6933 -2872 END
START 9836 -3988 1140 21370 -6090 -3964 END
START 11264 -3160 704 20086 -5390 -4392 END
START 12924 -1968 664 19228 -4283 -5373 END
START 13804 -1012 -384 18685 -3255 -7720 END
START 13848 -516 -1468 18158 -2724 -10623 END
START 13048 60 -3180 17189 -3268 -13675 END
START 12016 628 -5468 16022 -3716 -15984 END
START 10648 704 -7152 14220 -2996 -17642 END
START 8620 328 -9032 12100 -1942 -18644 END
START 6456 620 -10680 9225 -820 -18983 END
START 4512 -44 -12092 5163 -314 -19082 END
START 2488 -668 -12776 422 -1584 -19564 END
START 20 -776 -11788 -3832 -3907 -20511 END
START -2860 -1852 -10828 -6602 -5663 -21720 END
START -6980 -2556 -9948 -9310 -7887 -23323 END
START -11836 -4036 -9152 -12506 -9300 -24238 END
START -17984 -5288 -7352 -16002 -11526 -22999 END
START -22628 -4920 -5644 -19310 -14878 -18908 END
START -27860 -6416 -764 -22700 -18247 -13503 END
START -31268 -6480 3752 -26368 -18098 -6574 END
START -32768 -7340 10836 -30551 -14668 889 END
START -32628 -8612 19220 -32768 -9430 8069 END
START -30552 -8800 26900 -31829 -4801 13616 END
START -27044 -9256 32767 -27914 -2353 17830 END
START -23088 -9688 32767 -23136 -1994 21130 END
START -18096 -9568 32767 -19582 -2556 24158 END
START -13008 -7748 32767 -17198 -2105 26977 END
START -7288 -6076 32767 -15255 1963 29300 END
START -2368 -4088 32767 -13011 7974 30472 END
START 2476 -2540 32767 -10296 14170 30736 END
START 7196 -1984 32767 -7197 17914 29272 END