START -4236 -4400 27560 -12066 2269 -2824 END
START -4860 -4380 28264 -12067 1622 -2836 END
START -4928 -5500 29236 -12116 1180 -2645 END
START -2824 -7892 31816 -11172 1214 -2946 END
START -2236 -8428 32767 -8225 434 -4901 END
START -2452 -8080 32767 -3428 -1974 -7350 END
START -3460 -9248 32767 1524 -4300 -7571 END
START -4252 -9868 32767 3714 -5430 -4225 END
START -3728 -8676 32767 3533 -4759 784 END
START -1880 -7724 32767 3101 -2133 4211 END
START 132 -5872 32767 4050 819 4999 END
START 1308 -5108 32767 6385 2617 4115 END
START 1192 -5212 32767 9588 2494 2735 END
START 516 -6136 32767 12679 319 1919 END
START -568 -7008 32767 15549 -2885 2032 END
START -1080 -7248 32767 18267 -4781 2910 END
START -1008 -7944 32767 20311 -4243 4078 END
START -616 -8448 32720 21654 -1793 5121 END
START 136 -9272 30508 22544 50 5897 END
START 964 -9956 28140 22838 847 6088 END
START 1460 -9984 26256 23250 -72 5725 END
START 2344 -9972 23392 24310 -2114 5104 END
START 3480 -9476 21024 25729 -3978 4205 END
START 4672 -8804 17640 26876 -4286 3021 END
START 5904 -8240 13888 27089 -2908 1788 END
START 6400 -7644 10492 26086 -783 1095 END
START 6716 -7256 8020 24660 407 687 END
START 6888 -6812 6352 23532 506 513 END
START 6828 -6492 4656 22734 -302 385 END
START 7564 -6052 3236 22112 -1386 -28 END
START 8252 -5532 2100 21442 -2159 -1103 END
START 8804 -4800 400 20610 -2577 -2607 END
START 9792 -3828 -788 19471 -2445 -4235 END
START 10096 -3108 -1980 17903 -1965 -6126 END
START 9280 -2504 -2596 16001 -1410 -7932 END
START 8048 -1572 -3248 14347 -259 -8870 END
START 6976 -1112 -4344 12509 941 -9247 END
START 6060 -572 -5508 10293 1322 -9267 END
START 5024 -12 -5920 7631 474 -9532 END
START 4580 400 -6372 5222 -951 -9855 END
START 4476 488 -6824 2988 -1750 -10085 END
START 4216 700 -7864 143 -1293 -10927 END
START 3024 340 -8388 -3185 -487 -12465 END
START 908 8 -8172 -6821 -119 -13806 END
START -1752 -628 -7492 -9826 -416 -14069 END
START -4540 -1412 -6512 -12465 -1398 -13452 END
START -7224 -2128 -5704 -14834 -2826 -12210 END
START -9780 -2684 -5016 -17514 -4006 -11216 END
START -13152 -3580 -2960 -20242 -4855 -10701 END
START -17032 -2744 904 -22327 -6343 -10108 END
START -20956 -3072 6372 -22997 -7812 -9177 END
START -24752 -2172 12396 -22241 -10876 -7137 END
START -26304 -2512 18432 -20377 -14062 -1944 END
START -25068 -3656 26880 -18371 -13934 4742 END
START -21488 -5596 32767 -15974 -9874 10042 END
START -17472 -6212 32767 -11552 -6162 12637 END
START -13228 -5480 32767 -3784 -5809 13199 END
START -9240 -3664 32767 4771 -8099 13825 END
START -4640 -724 32767 10529 -6685 14931 END
START 4 1632 32767 12125 744 16198 END
START 3796 2204 32767 10914 9389 17066 END