START -2100 -3308 20452 -388 -1458 448 END
START -1016 -3456 18540 -867 -1659 446 END
START -2180 -3300 20552 -1675 -1417 477 END
START -2572 -3344 22208 -2082 -1497 1068 END
START -3024 -3492 24120 -1835 -1287 1553 END
START -3228 -3240 26472 -1774 -1524 1035 END
START -2952 -3096 29596 -1257 -1122 -115 END
START -4216 -3420 32676 889 -326 -751 END
START -5492 -3896 32767 4286 152 -252 END
START -5996 -4004 32767 7316 1100 1145 END
START -6184 -4176 32767 9469 1897 2916 END
START -5876 -4240 32767 10535 2815 4309 END
START -5576 -4612 32767 11224 2974 5235 END
START -5560 -4800 32056 12267 1836 5952 END
START -5196 -4560 30960 13852 -275 6631 END
START -4664 -4140 28796 15817 -1244 7190 END
START -3832 -3788 26548 17061 -459 7756 END
START -2864 -3344 24288 17517 1513 7983 END
START -2084 -3264 21620 17265 3602 7790 END
START -1732 -3372 19660 16844 4684 7388 END
START -1500 -3388 17440 16931 4447 7036 END
START -1480 -3248 15076 17495 2841 6844 END
START -1136 -3192 12732 18024 696 6692 END
START -624 -2948 10612 18090 -989 6301 END
START -448 -2580 9168 17819 -1690 5716 END
START 160 -2304 7952 17145 -1842 5477 END
START 1112 -2048 6668 16285 -2064 5523 END
START 3240 -1560 6020 15258 -1907 5031 END
START 5268 -916 5896 14079 -1233 3856 END
START 6948 -624 6448 12954 -1080 2569 END
START 8592 344 6784 12748 -1101 1418 END
START 10092 1384 6768 13442 -1433 173 END
START 11932 2356 5928 13684 -2102 -1519 END
START 13120 3440 4628 13661 -2911 -4158 END
START 13456 4000 3528 13373 -2507 -6956 END
START 13016 4256 1952 11985 -1060 -9510 END
START 11880 4188 152 10289 321 -11258 END
START 10816 4040 -1544 8429 919 -12425 END
START 9252 3836 -2820 6615 -126 -13622 END
START 7652 3476 -4152 5565 -2078 -14487 END
START 6264 2920 -5560 4062 -4128 -15606 END
START 4636 2220 -6860 2144 -5514 -17031 END
START 2776 1292 -8064 -706 -5721 -19247 END
START -432 64 -7972 -4178 -5671 -21591 END
START -4604 -1088 -7136 -7215 -6040 -22728 END
START -9252 -2528 -5544 -9545 -6568 -22257 END
START -14724 -3932 -2948 -10432 -7885 -19843 END
START -18280 -5000 -1644 -10663 -10194 -15974 END
START -20216 -6212 -912 -13002 -12457 -12054 END
START -21848 -6560 2260 -18570 -13090 -8768 END
START -22860 -7436 8864 -23335 -11894 -5928 END
START -24360 -7528 16908 -24244 -10592 -2961 END
START -25380 -8212 24372 -21983 -8611 1439 END
START -24904 -9124 30960 -19476 -5905 7305 END
START -22996 -10312 32767 -17380 -1834 14157 END
START -19212 -10808 32767 -16768 4031 20120 END
START -14848 -9564 32767 -16381 8763 23017 END
START -10928 -9004 32767 -13688 9697 23655 END
START -6792 -6616 32767 -8568 7625 22905 END
START -3352 -4412 32767 -3204 5329 22472 END
START 1168 -2292 32767 819 4974 22646 END
START 5408 -372 32767 2563 6957 22411 END
START 9308 672 32767 3172 9837 21522 END
START 11464 1452 32767 3379 12131 20282 END
START 12964 2172 31356 3906 13066 18993 END