START -4636 -5980 28748 -18168 425 446 END
START -5076 -5828 29596 -17958 288 1179 END
START -6084 -5344 32767 -17498 -513 2705 END
START -4120 -6676 32767 -14681 -1377 4199 END
START -2544 -7180 32767 -11656 2243 2911 END
START -2456 -7192 32767 -9322 5798 -291 END
START -3368 -7132 32767 -5876 7471 -2629 END
START -5096 -7268 32767 -917 5599 -2764 END
START -6240 -8052 32767 4321 838 -830 END
START -6120 -7508 32767 7696 -3302 1376 END
START -4744 -7816 32767 9121 -5121 2650 END
START -4352 -7456 32767 9292 -4633 2971 END
START -3380 -7864 32767 10109 -1901 3523 END
START -2720 -8564 32767 12023 1236 3715 END
START -2248 -9296 32767 14483 3180 3591 END
START -1996 -10540 32767 16968 3139 3425 END
START -2532 -11000 32464 19288 708 3638 END
START -2396 -11288 30464 22054 -2316 4218 END
START -1608 -11472 28336 24189 -2476 4511 END
START -1280 -10496 25704 24848 610 4681 END
START -920 -11784 23260 25179 4088 4839 END
START -592 -10772 19920 25201 6087 6029 END
START 504 -10528 16940 25721 4941 6887 END
START 2348 -9992 14460 26765 1697 6575 END
START 4076 -9276 11824 27978 -2112 5019 END
START 5320 -8188 8836 28870 -4856 3019 END
START 6228 -7256 5768 28554 -5356 1544 END
START 7164 -6024 2388 26878 -3893 947 END
START 8148 -4804 212 24328 -1898 1081 END
START 9384 -3920 -1000 21437 118 1278 END
START 10932 -2776 -1348 18988 1677 802 END
START 12460 -2204 -1064 17186 2175 -814 END
START 13712 -1632 -992 16109 1629 -3352 END
START 14428 -1464 -1152 15448 -66 -6407 END
START 14432 -1296 -1152 15013 -1752 -9629 END
START 14032 -1204 -2188 14530 -2587 -12787 END
START 12948 -1064 -3884 12728 -1732 -14993 END
START 11296 -1064 -4880 10013 -383 -16285 END
START 9400 -392 -5772 7521 133 -16876 END
START 7828 -196 -6416 5310 -320 -17309 END
START 5948 40 -6724 2909 -2148 -17788 END
START 4396 -116 -7032 715 -4983 -18469 END
START 2740 -740 -7032 -1412 -8405 -19514 END
START 472 -1032 -7244 -4158 -11543 -21089 END
START -2532 -1740 -6596 -7796 -12558 -22760 END
START -7516 -2536 -5848 -12164 -11456 -23520 END
START -13956 -3380 -3584 -16467 -10571 -22906 END
START -20052 -3648 -836 -19739 -10950 -20126 END
START -25792 -3344 3136 -21298 -12932 -15392 END
START -29012 -3876 6840 -22290 -14455 -9715 END
START -31028 -3548 12312 -23236 -15168 -3547 END
START -30700 -3976 17668 -23630 -14454 2462 END
START -28912 -4956 23640 -24364 -10650 7775 END
START -26792 -6368 29060 -24070 -4588 12664 END
START -23636 -9384 32767 -22377 826 16946 END
START -19992 -11912 32767 -19150 2709 20244 END
START -15620 -13324 32767 -13935 987 22973 END
START -10884 -12432 32767 -8186 -1560 24744 END
START -5860 -10176 32767 -3236 -1070 25216 END