START -3140 -5992 24192 -7793 6569 -3324 END
START -3396 -6068 25080 -7670 6086 -3456 END
START -4152 -5992 24260 -7449 3912 -3512 END
START -4720 -7104 26420 -5534 152 -2013 END
START -5164 -7464 28088 -2562 -3337 -114 END
START -4260 -7584 28576 -241 -5390 1217 END
START -3504 -7968 30192 -64 -5253 1321 END
START -3216 -8560 32516 -636 -2742 903 END
START -3860 -8712 32767 -422 877 485 END
START -4928 -9256 32767 1181 4002 1052 END
START -6044 -10076 32767 4304 6148 2741 END
START -6880 -11020 32767 8508 7017 4877 END
START -7224 -11288 32767 13159 6221 6852 END
START -6872 -12080 32767 16924 3965 8524 END
START -5768 -12884 32767 19666 438 9564 END
START -4912 -12512 32767 21355 -3113 10106 END
START -3972 -11732 31924 23386 -5430 10353 END
START -2284 -10560 29196 25765 -5463 10493 END
START -1144 -9728 25232 27403 -4156 10290 END
START -200 -9292 21160 27373 -3698 10185 END
START 1808 -8668 18340 27201 -3953 9977 END
START 3416 -8356 15560 27418 -4232 9126 END
START 4664 -7724 13056 27562 -4969 7716 END
START 6388 -7360 10500 27350 -5730 6206 END
START 7380 -6936 8844 26657 -6822 4226 END
START 8084 -6136 6996 26028 -7059 2488 END
START 8324 -5744 5556 25171 -6861 974 END
START 8500 -5348 3660 24120 -6730 -185 END
START 9024 -4832 2072 22734 -6219 -1291 END
START 9200 -4108 1020 21145 -5731 -2428 END
START 9584 -3564 -580 19708 -4782 -3729 END
START 9492 -2932 -1832 18244 -3836 -4843 END
START 9228 -1960 -3108 16411 -3130 -5862 END
START 9180 -1072 -4200 14467 -2729 -6943 END
START 9336 -84 -5836 12920 -1910 -8155 END
START 9220 480 -7136 11065 -1439 -9583 END
START 8940 916 -8360 8755 -1215 -11401 END
START 8292 1220 -9624 6213 -1026 -13071 END
START 7616 1140 -10416 3351 -1422 -14441 END
START 6312 1060 -11232 308 -1686 -15440 END
START 4772 156 -11140 -2675 -1364 -16311 END
START 1944 -308 -11592 -5817 -1035 -17301 END
START -1224 -220 -11356 -9293 -1032 -18585 END
START -6436 -1208 -9908 -12978 -741 -20601 END
START -12716 -2116 -7572 -16485 -1168 -22244 END
START -20316 -3096 -3532 -19305 -2720 -22170 END
START -28164 -3908 1624 -20992 -5601 -19767 END
START -32768 -5940 7676 -21791 -8501 -14758 END
START -32768 -7964 14976 -22950 -8435 -7861 END
START -32768 -8388 22544 -24731 -4262 -203 END
START -32768 -8760 30172 -25206 1075 8116 END
START -32768 -7900 32767 -23498 4723 15937 END
START -29120 -6720 32767 -20669 6207 22728 END
START -22600 -5480 32767 -18315 6432 27443 END
START -14932 -3584 32767 -16269 6991 30084 END
START -7708 -2056 32767 -13392 8271 30689 END
START -1620 -1532 32767 -9327 8778 29394 END
START 3556 -1916 32767 -4265 8469 27074 END
START 7864 -2236 32767 424 8067 24634 END