START -1912 -4256 32767 -12640 6329 -191 END
START -2304 -4436 32767 -12501 5483 -1284 END
START -3628 -5376 32767 -11736 4002 -3247 END
START -4808 -8672 32767 -8910 7 -3187 END
START -5776 -9564 32767 -5661 -3828 -1856 END
START -6028 -10548 32767 -1745 -7231 -657 END
START -6212 -10984 32767 2559 -7542 -110 END
START -6264 -11096 32767 7244 -5458 599 END
START -6092 -11264 32767 11949 -2526 1979 END
START -5284 -11160 32767 16066 959 3940 END
START -4628 -12120 32767 18340 3782 5540 END
START -3896 -12208 32767 19704 4410 6655 END
START -3528 -12484 32767 21849 2428 7452 END
START -2664 -12472 32767 24563 -1376 7868 END
START -1312 -12248 30348 27337 -4467 7561 END
START -372 -11756 26928 29278 -4903 7016 END
START 292 -11248 23228 30215 -2048 6908 END
START 400 -11020 19412 29591 2033 7469 END
START 892 -10624 15892 28028 4728 8458 END
START 1784 -9768 13320 26417 4607 9297 END
START 3428 -9056 11808 25880 1643 8886 END
START 5704 -7708 9820 26542 -2182 6907 END
START 7436 -7484 7496 27130 -5440 3878 END
START 8456 -6604 5468 26735 -7088 892 END
START 9080 -6200 3652 25515 -7070 -1245 END
START 9536 -5292 1620 23698 -5764 -2271 END
START 9956 -4096 -544 21850 -3987 -2721 END
START 10500 -2872 -2032 19824 -2414 -3469 END
START 11120 -2088 -3676 17974 -2060 -4734 END
START 11508 -1336 -5220 16379 -2934 -6218 END
START 12016 -900 -6172 14339 -4434 -8518 END
START 12332 -320 -7164 12464 -4983 -11123 END
START 12064 -192 -7680 10289 -4577 -13515 END
START 11068 -196 -8280 7723 -3930 -15466 END
START 9964 -56 -8832 5365 -3952 -16781 END
START 9060 48 -9376 3035 -4493 -17985 END
START 8156 32 -9548 593 -5881 -19538 END
START 7036 -40 -9512 -1682 -7210 -21243 END
START 4764 -1004 -8900 -3992 -8864 -23081 END
START 1672 -2200 -7960 -6240 -10873 -24467 END
START -2604 -3084 -6488 -8794 -12369 -25292 END
START -7612 -3708 -4856 -11637 -13539 -25036 END
START -13460 -4892 -1312 -14902 -13453 -23695 END
START -20264 -5600 3500 -18306 -12080 -20973 END
START -26912 -6116 9820 -20771 -11063 -16879 END
START -31828 -8504 16208 -22125 -9191 -11146 END
START -32768 -6960 22580 -22008 -7322 -2825 END
START -32768 -7620 27104 -21660 -3379 6828 END
START -32768 -6648 31116 -21587 1181 16360 END
START -29484 -6520 32767 -21550 5364 24418 END
START -23784 -6012 32767 -20570 8007 29779 END