START -2368 -5892 29156 -13262 4903 -465 END
START -2588 -5744 29492 -12922 4124 -1101 END
START -3268 -5944 30248 -11563 3252 -2368 END
START -3816 -6804 30524 -8268 752 -2776 END
START -4976 -6564 30844 -5388 -2889 -1176 END
START -4676 -7040 31124 -2685 -7635 2151 END
START -2864 -7572 32036 -862 -10010 5097 END
START -1020 -8884 32767 -603 -9803 6641 END
START 1320 -9372 32767 -31 -7075 5410 END
START 2776 -9044 32767 1959 -2503 1466 END
START 1908 -9568 32767 5657 2433 -3014 END
START -816 -11028 32767 9900 5267 -5025 END
START -3228 -11856 32767 13781 4168 -3764 END
START -4496 -12552 32767 16622 339 -292 END
START -4132 -11724 30552 18811 -2106 2296 END
START -2440 -16788 32204 20455 -3143 2265 END
START -2432 -12860 31716 22412 -1228 3472 END
START -1272 -15956 30336 25082 1656 4231 END
START -1240 -14996 27540 27239 4155 5199 END
START -384 -15412 24508 28170 5154 5663 END
START -416 -14480 21496 28462 4468 5811 END
START 108 -13556 19624 29196 2812 5946 END
START 1052 -12052 17248 30205 1601 5917 END
START 2364 -10816 14472 30889 1425 5774 END
START 3820 -9272 11608 30589 2508 5155 END
START 4992 -7808 9364 29224 4286 4265 END
START 5964 -6576 7352 27539 5515 3153 END
START 6440 -5452 5976 26143 6133 2089 END
START 6812 -5052 5012 25145 5559 715 END
START 6604 -4408 4380 24738 4280 -618 END
START 6376 -3772 3468 24405 2301 -2125 END
START 6104 -3068 2896 23856 304 -3597 END
START 6108 -2232 2048 22927 -742 -4425 END
START 6700 -1380 764 21565 -550 -4769 END
START 7852 -552 -1192 19547 1183 -5041 END
START 8480 156 -2952 16748 3523 -5387 END
START 9052 608 -4164 13701 4441 -6154 END
START 9308 1344 -4808 11079 4164 -7411 END
START 9036 2084 -4832 9070 2488 -9147 END
START 9292 2424 -4524 7582 91 -10854 END
START 9296 2360 -3936 6130 -2299 -13187 END
START 9036 2344 -3200 4427 -4077 -15709 END
START 7776 1772 -2028 2468 -4498 -17971 END
START 5840 1376 -1212 378 -4071 -19222 END
START 4000 636 -652 -1623 -3935 -19327 END
START 2656 132 -168 -3640 -4164 -18811 END
START 924 -500 180 -5676 -4324 -18590 END
START -2252 -300 944 -7739 -5095 -18991 END
START -6096 -784 2204 -9576 -6730 -19327 END
START -10848 -1876 3644 -11179 -8476 -19034 END
START -16388 -3000 5864 -12739 -9870 -18136 END
START -22580 -5168 9564 -14150 -11249 -16193 END
START -28308 -6832 13260 -14693 -12285 -11540 END
START -32328 -6792 16348 -14273 -13158 -4247 END
START -32768 -6916 18476 -13803 -12008 4212 END
START -32736 -6404 19876 -14227 -9104 13219 END
START -29784 -6312 21540 -15692 -4492 22128 END
START -24424 -5400 22916 -17228 650 30403 END
START -17968 -5208 26276 -18780 6437 32767 END