START -1244 -6884 32767 -8408 5977 -9608 END
START -2872 -6924 32767 -7807 5667 -10404 END
START -5308 -7588 32767 -6298 4585 -11454 END
START -7520 -10272 32767 -3450 4002 -8747 END
START -8732 -12068 32767 -2566 6425 -3085 END
START -8568 -12920 32767 -3765 7466 2109 END
START -7876 -11952 32767 -4091 6384 4454 END
START -7020 -11052 32767 -646 5445 5207 END
START -5920 -10468 32767 5620 4799 5360 END
START -5932 -10476 32767 10481 3600 5540 END
START -5712 -10732 32767 12689 1466 6756 END
START -4524 -10912 32767 13892 1042 8040 END
START -3808 -11060 32767 15835 2817 9144 END
START -3124 -11352 32148 17764 4970 9947 END
START -2208 -11324 29272 19579 5365 10730 END
START -1232 -11612 26516 21184 3041 11336 END
START 644 -10624 23964 22567 354 10997 END
START 1776 -9916 21136 24101 -1453 9880 END
START 2800 -9024 18040 25383 -3124 8406 END
START 3672 -8088 14252 26043 -4726 7100 END
START 4152 -7004 11292 25587 -5144 5406 END
START 3868 -6492 9700 24354 -4959 3572 END
START 3676 -5952 8048 23666 -4915 2482 END
START 3672 -6152 6876 23514 -6014 1835 END
START 3816 -6248 5808 23331 -7650 1230 END
START 4604 -6096 5080 22716 -8769 650 END
START 5236 -5596 4564 21840 -8521 -21 END
START 6204 -5176 4264 20853 -6915 -678 END
START 7544 -4468 3616 19927 -4689 -1677 END
START 8948 -3720 3012 19133 -2517 -2945 END
START 9672 -2956 2248 18248 -1134 -4580 END
START 10140 -2024 1076 17707 -863 -6019 END
START 10252 -1380 -40 17152 -1715 -7707 END
START 10364 -256 -1952 16268 -2552 -9701 END
START 9572 188 -2900 14712 -2475 -11712 END
START 8192 756 -4048 13480 -2030 -12992 END
START 7236 940 -5632 11300 -1170 -13506 END
START 6480 1200 -7208 8184 -371 -13962 END
START 5204 1320 -8384 4087 1092 -14516 END
START 3316 1340 -8360 -235 2005 -15201 END
START 1004 1552 -7848 -3747 1738 -15937 END
START -1860 1256 -6600 -6445 -260 -16863 END
START -5456 888 -5464 -7972 -4309 -17406 END
START -8752 376 -4392 -9212 -9390 -17229 END
START -11676 540 -3420 -11149 -13561 -16660 END
START -15888 -40 -920 -14360 -15455 -16036 END
START -21152 208 3652 -17680 -15617 -13916 END
START -25608 -492 8968 -19456 -15745 -9011 END
START -27852 -1244 14796 -18968 -17919 -1980 END
START -26072 -1976 20844 -15318 -23312 5296 END
START -21820 -2164 24764 -10761 -31433 9464 END
START -16088 -3472 30700 -6913 -32768 10258 END
START -11528 -2960 32767 -4052 -32768 11009 END
START -6896 -2412 32767 -3554 -26484 15592 END
START -1492 -1356 32767 -4321 -1525 21896 END
START 1328 -1608 32767 -6578 19302 27419 END