START -7072 -5252 32767 -9815 -2188 1476 END
START -6948 -5336 32767 -9199 -2160 1232 END
START -7976 -5496 32767 -7479 -2884 395 END
START -8304 -7444 32767 -2423 -3962 -423 END
START -9020 -8780 32767 5160 -4279 568 END
START -9320 -9544 32767 12193 -4251 3230 END
START -8720 -9752 32767 17211 -2954 6980 END
START -7800 -10028 32767 20217 -958 10422 END
START -5768 -10828 32767 22793 593 12862 END
START -3480 -10900 32767 25273 1321 13348 END
START -1200 -10944 32767 28105 551 12497 END
START 412 -11264 31816 30651 -1573 11053 END
START 1412 -11064 27748 32767 -4412 9806 END
START 2596 -10724 23532 32767 -6478 8991 END
START 4316 -10296 18512 32767 -6939 8299 END
START 5920 -9688 13596 32767 -5778 7298 END
START 7220 -8988 9224 32767 -3458 6192 END
START 8388 -8216 5224 30643 -1090 4932 END
START 9188 -7044 1924 28627 -204 3307 END
START 9668 -6256 -732 27237 -1137 1436 END
START 10044 -5380 -3404 26118 -3262 -883 END
START 10216 -4232 -5912 24379 -6138 -3600 END
START 9896 -3188 -7676 22527 -9268 -6379 END
START 9216 -2480 -9464 20172 -10429 -8536 END
START 8320 -1928 -10856 16671 -8263 -10009 END
START 7044 -1928 -11984 12023 -4608 -10507 END
START 5776 -1796 -12616 7215 -1330 -10117 END
START 4936 -1244 -12152 3477 -386 -9697 END
START 4348 -908 -11988 989 -939 -9802 END
START 4568 -792 -11580 -1491 -2259 -10925 END
START 4128 -104 -10736 -3902 -3935 -13286 END
START 2660 12 -9580 -5843 -6321 -15708 END
START 1360 -12 -9080 -7732 -8248 -17498 END
START -532 -152 -8196 -10140 -9325 -18799 END
START -3312 -956 -6352 -13558 -8822 -19343 END
START -6176 -992 -4128 -17464 -7314 -19358 END
START -10168 -1488 -292 -21176 -5374 -19006 END
START -14740 -2256 5412 -23499 -4738 -18043 END
START -19664 -3108 12572 -23285 -6469 -15995 END
START -23692 -3368 18768 -21027 -9246 -12156 END
START -26028 -4268 24848 -19630 -9348 -6560 END
START -27444 -3760 30176 -19631 -5645 1404 END
START -26512 -2844 32767 -20306 498 10001 END
START -23464 -1628 32767 -20845 7312 17357 END
START -19628 -1048 32767 -20181 12936 23170 END
START -14900 -1392 32767 -17742 14683 27056 END
START -10016 -1764 32767 -13056 12643 28671 END
START -4868 -1504 32767 -6261 9928 28069 END
START -1048 -1048 32767 92 8559 25974 END
START 1804 -772 32767 4507 8893 23973 END