START -1796 -6700 32756 -8074 4727 -1225 END
START -2476 -6704 32767 -9053 4989 -1066 END
START -3328 -6704 32767 -11155 7384 -789 END
START -3292 -7680 32767 -10258 9700 -532 END
START -4692 -8812 32767 -4525 11237 -1090 END
START -6956 -10628 32767 2442 9472 -1180 END
START -8404 -12172 32767 9475 5419 1002 END
START -8696 -12084 32767 14800 1187 4416 END
START -6440 -11652 32767 18311 -56 7288 END
START -3956 -11060 32767 20390 1867 8299 END
START -2280 -11080 32767 22498 4748 8227 END
START -1436 -11656 32767 24548 6206 7724 END
START -696 -12604 32767 26166 5427 7304 END
START -1312 -13300 29700 27451 1800 7035 END
START -1484 -13316 26372 29039 -2838 6963 END
START -1592 -12964 23236 30606 -5300 6702 END
START -1800 -12552 19388 31360 -5163 6811 END
START -1680 -12012 15104 31095 -4322 7603 END
START -752 -10472 10992 30251 -3300 8658 END
START 692 -8776 7532 28561 -3220 8984 END
START 2304 -7092 5460 26624 -4359 8261 END
START 3564 -5664 4192 25359 -6303 6602 END
START 4720 -4452 2704 24634 -7988 4348 END
START 5188 -4116 1500 23447 -8998 2022 END
START 5668 -3540 392 21562 -8897 -26 END
START 6096 -3244 -104 19470 -7533 -1481 END
START 5892 -3456 -348 17187 -6009 -2398 END
START 6660 -2892 -1404 15659 -4849 -2993 END
START 7172 -2364 -2348 14298 -4407 -3994 END
START 8080 -2188 -3660 12688 -4024 -5636 END
START 8296 -2112 -4468 10761 -3646 -7737 END
START 8092 -2048 -5304 8703 -3911 -9910 END
START 7412 -1720 -5744 6721 -4469 -11738 END
START 6728 -1312 -6064 5241 -4648 -13031 END
START 6028 -1312 -6404 3362 -4715 -14022 END
START 5400 -1152 -7224 1160 -4623 -15088 END
START 4584 -1160 -7836 -1693 -3455 -16197 END
START 1988 -1544 -7724 -5099 -2144 -17369 END
START -1204 -1684 -7368 -8160 -1605 -17845 END
START -4780 -1912 -6864 -11170 -2263 -17702 END
START -8424 -1700 -5292 -14468 -3620 -17203 END
START -12552 -1068 -2880 -17863 -5681 -16126 END
START -16696 -872 836 -20583 -8199 -14499 END
START -21184 -1168 5808 -22272 -9784 -12607 END
START -25784 -1488 12568 -23417 -11276 -9330 END
START -27912 -2828 19524 -22555 -13239 -2918 END
START -26228 -3900 26280 -20459 -13022 5379 END
START -22600 -4888 31748 -19036 -8687 13000 END
START -17720 -5664 32767 -18625 -891 19001 END
START -13484 -5788 32767 -16884 7733 22907 END
START -8972 -4836 32767 -12509 13943 23902 END
START -4724 -3836 32767 -6872 15436 22762 END