START -6104 -8336 32767 -7515 -1179 1657 END
START -6696 -8188 32767 -7616 -979 1618 END
START -7436 -7540 32767 -8035 -1809 1728 END
START -6928 -8656 32767 -5922 -2546 2881 END
START -6748 -8936 32767 -1779 -2814 3662 END
START -7060 -8592 32767 3529 -5011 4103 END
START -6256 -9500 32767 8706 -5788 4920 END
START -6060 -10212 32767 11513 -4970 5483 END
START -5220 -11020 32767 12890 -3303 5956 END
START -4932 -11596 32767 14610 -1626 6452 END
START -4176 -12096 32767 17532 -698 6947 END
START -3604 -12628 32767 20903 -1206 7778 END
START -2400 -12884 32767 24147 -2429 8530 END
START -512 -12900 30804 26643 -3023 8802 END
START 888 -12688 27204 27845 -3367 8382 END
START 2220 -12076 23912 28633 -3829 7476 END
START 3656 -10956 20724 29676 -3878 6599 END
START 4980 -10588 17292 30196 -3529 5690 END
START 6416 -10068 13876 30138 -3589 4486 END
START 7780 -9636 10652 29418 -3919 2878 END
START 8884 -9032 7888 28663 -4364 1196 END
START 9416 -8476 5384 27951 -4660 -537 END
START 9820 -7772 2556 27015 -4855 -2159 END
START 10092 -7356 768 25459 -4483 -3946 END
START 10112 -6056 -1156 23738 -3902 -5480 END
START 10240 -5136 -3064 21985 -3698 -6504 END
START 10516 -4116 -4772 20014 -3545 -7561 END
START 10360 -3096 -6380 17632 -3224 -8838 END
START 9868 -2128 -7696 14864 -2719 -10047 END
START 9532 -1708 -8656 12253 -1761 -11228 END
START 8720 -1040 -9384 9674 -1437 -12171 END
START 7884 -1012 -9648 7367 -1837 -13110 END
START 6724 -796 -9840 5089 -2940 -13975 END
START 5616 -1064 -10164 2676 -2839 -14500 END
START 4132 -1188 -10760 -552 -2149 -14778 END
START 2328 -1468 -10440 -4365 -1719 -14860 END
START 588 -1872 -9560 -8246 -1735 -14934 END
START -1600 -2524 -7972 -11463 -2496 -14898 END
START -4284 -3156 -6404 -14307 -3277 -14845 END
START -7604 -4076 -4556 -17281 -4029 -15086 END
START -11580 -4088 -1424 -20060 -4563 -15477 END
START -16136 -5044 3272 -22065 -5022 -16071 END
START -21588 -4616 8508 -22386 -5634 -15957 END
START -26460 -4560 13416 -21442 -7202 -13602 END
START -30176 -4204 18332 -19941 -9574 -7926 END
START -31012 -3860 22120 -19089 -10612 -37 END
START -28964 -3904 26876 -19569 -7679 7686 END
START -25708 -4092 32640 -20689 -770 13151 END
START -22052 -4728 32767 -20291 6776 15947 END
START -18712 -5784 32767 -17925 12283 17554 END
START -15860 -6388 32767 -13752 12584 19303 END
START -12176 -6900 32767 -8718 8687 21055 END
START -7916 -6472 32767 -4161 4035 22146 END
START -2852 -5752 32767 -428 1768 22064 END