START 2652 -4740 31128 -19633 -8616 -654 END
START 1696 -4360 32328 -19071 -9291 -1153 END
START 1780 -3948 32767 -17497 -7458 -2340 END
START 3068 -5508 32767 -14197 -1751 -2867 END
START 2892 -7232 32767 -12180 6103 -2861 END
START 1924 -8560 32767 -11255 11372 -2541 END
START 288 -10232 32767 -9341 12389 -1698 END
START -1236 -11400 32767 -5874 8416 -567 END
START -1800 -11576 32767 -797 1566 84 END
START -1848 -11544 32767 4542 -4758 71 END
START -1568 -10792 32767 9798 -8720 8 END
START -1240 -10040 32767 13687 -8668 398 END
START -580 -9984 32767 17221 -4909 1449 END
START -340 -9744 32767 19288 -167 2846 END
START 24 -10056 32767 21239 3103 4261 END
START 620 -10868 32767 23385 4671 5131 END
START 772 -11348 32564 25343 5088 5702 END
START 896 -11640 29572 27066 4203 5902 END
START 1460 -11944 26644 28269 2183 5626 END
START 2016 -11800 23216 29104 287 4827 END
START 2648 -11348 19984 28962 -564 3895 END
START 3224 -10564 17220 27957 352 3061 END
START 3792 -9872 14624 26944 2641 2698 END
START 4088 -9260 12088 25857 5298 2666 END
START 4512 -8480 10464 24911 6178 2791 END
START 5876 -8276 9096 24910 3709 2437 END
START 7292 -7768 8584 25760 -929 1126 END
START 8972 -6940 7648 27239 -5741 -1520 END
START 10004 -6576 6560 28419 -9151 -4786 END
START 10452 -5336 4300 28613 -9104 -7919 END
START 10144 -4360 1824 26683 -4457 -9424 END
START 9252 -3872 -660 22993 1875 -8874 END
START 8580 -3264 -2652 18851 6008 -7257 END
START 8956 -2060 -3904 14886 6694 -6079 END
START 9600 -960 -4220 12651 4769 -6515 END
START 9916 -408 -4460 11646 1965 -8529 END
START 9744 -152 -4772 10921 -631 -11286 END
START 8720 -336 -5528 10042 -3809 -14004 END
START 7020 -204 -6448 8683 -6562 -15857 END
START 5364 -484 -7864 6501 -7408 -16359 END
START 3512 156 -9048 3006 -6543 -16156 END
START 2184 60 -9960 -1490 -4482 -15451 END
START 296 -392 -9976 -6409 -2461 -15203 END
START -1928 -616 -9532 -11229 -1142 -15343 END
START -5160 -1116 -8100 -15455 -1107 -15929 END
START -9524 -1112 -6220 -18377 -3420 -16445 END
START -14076 -2092 -2956 -20242 -7273 -16327 END
START -19580 -1160 1644 -21168 -12237 -14560 END
START -24280 -1520 7508 -20649 -16133 -10590 END
START -26632 -2036 14156 -19809 -16782 -4883 END
START -25592 -3888 21328 -19221 -11648 1942 END
START -22944 -4776 27360 -19483 -2055 8006 END
START -18144 -5356 32767 -19918 7779 12464 END
START -13720 -4932 32767 -18407 12957 14154 END
START -9616 -3764 32767 -13127 11104 14732 END
START -5264 -1732 32767 -6138 5311 13958 END
START -1280 196 32767 167 -725 12768 END