START -2208 -5016 30344 -12636 5730 1704 END
START -3220 -4892 32320 -12679 5383 1471 END
START -3948 -4676 32767 -12682 4183 498 END
START -2564 -6400 32767 -9525 2884 -1992 END
START -2368 -7148 32767 -4431 2976 -6314 END
START -3792 -8036 32767 137 1563 -10031 END
START -6500 -9888 32767 4057 -998 -10563 END
START -9316 -10324 32767 7673 -3472 -6998 END
START -9736 -9104 32767 11391 -2632 -715 END
START -8048 -8464 32767 14796 1330 3971 END
START -6188 -8572 32767 17662 5361 6271 END
START -4924 -9204 32767 20090 7688 7659 END
START -4184 -9376 32767 21716 7222 8760 END
START -2936 -9588 32767 23340 4442 9264 END
START -1928 -9328 30180 25068 672 9151 END
START -644 -9080 27148 26495 -1688 8506 END
START 180 -8828 24236 27242 -1803 7833 END
START 920 -8852 21036 26970 -219 7442 END
START 1152 -8832 18080 25840 1828 7557 END
START 1624 -8512 15368 24655 2662 8079 END
START 2328 -8264 13200 24035 1822 8329 END
START 3540 -7888 10632 23912 -764 7904 END
START 5372 -7496 8648 23827 -3639 6642 END
START 6864 -6620 6548 23541 -5627 4666 END
START 8064 -5584 4124 22537 -6346 2608 END
START 9420 -4020 2636 20936 -6011 977 END
START 10768 -2584 988 19372 -5091 -248 END
START 11888 -1560 -228 17944 -4259 -1588 END
START 12656 -332 -1212 16549 -4124 -3394 END
START 13196 360 -2296 15398 -4341 -5599 END
START 13464 892 -3628 14158 -4894 -8062 END
START 13412 1236 -5084 12653 -5235 -10668 END
START 12960 1280 -5820 10839 -5514 -13402 END
START 11980 1040 -6408 9365 -5735 -15862 END
START 10780 520 -7212 7883 -6102 -17527 END
START 9356 144 -7740 5936 -6869 -18962 END
START 7936 -356 -8504 3617 -6855 -20416 END
START 6168 -848 -9504 535 -6655 -22049 END
START 3396 -1528 -9396 -2552 -6924 -23785 END
START -84 -2388 -8672 -5798 -7781 -25114 END
START -4000 -3344 -7488 -8879 -9386 -25744 END
START -9532 -4816 -4804 -12109 -10884 -25903 END
START -15244 -5456 -1272 -15662 -11185 -24470 END
START -21704 -6080 3004 -18572 -11111 -20688 END
START -28104 -6916 8764 -20567 -11446 -15687 END
START -32768 -7224 14280 -21332 -12051 -8899 END
START -32768 -6832 19056 -20920 -12850 -446 END
START -32768 -6992 24352 -20867 -11874 8008 END
START -32136 -6816 28968 -21014 -8610 16373 END
START -27756 -6304 32244 -19955 -4707 23586 END
START -21844 -5604 32767 -17969 -262 29280 END
START -14888 -6400 32767 -16090 3609 32767 END
START -7484 -6396 32767 -14080 6630 32767 END