START -5436 -3500 23848 -12756 -6776 1504 END
START -4396 -3784 24068 -12383 -7333 1723 END
START -3820 -4776 26440 -12208 -9170 1494 END
START -2432 -6412 31364 -12803 -9699 -667 END
START -2588 -7676 32767 -13828 -7063 -3408 END
START -4264 -10384 32767 -13896 -3280 -5116 END
START -7908 -10928 32767 -11882 -66 -3666 END
START -10244 -11624 32767 -6647 2182 1196 END
START -10364 -10536 32767 680 3084 6467 END
START -8156 -9764 32767 6814 4357 9334 END
START -6336 -8752 32767 9753 5718 9640 END
START -5500 -8544 32767 10534 6503 9087 END
START -5520 -8904 32767 11156 6307 8822 END
START -5620 -9972 32767 13100 4293 9572 END
START -5328 -10324 32767 16732 1374 10885 END
START -4232 -10700 32767 20995 -101 12286 END
START -2480 -10260 32767 24698 792 12950 END
START -416 -9976 28972 27865 1993 12980 END
START 1104 -9656 23868 29556 2131 12161 END
START 2016 -8568 19044 29736 636 10914 END
START 2780 -7292 15284 29396 -1072 9572 END
START 3672 -6312 11356 29363 -2379 8545 END
START 4524 -5652 7708 28768 -3305 7602 END
START 5068 -4948 4476 27159 -4197 6330 END
START 4952 -4128 2192 24996 -5254 4621 END
START 4664 -3672 1800 23015 -6245 2532 END
START 4612 -3608 660 21558 -7205 386 END
START 4128 -3760 672 20259 -8408 -947 END
START 4512 -4100 380 19140 -9320 -1357 END
START 4864 -3620 456 17527 -8922 -1403 END
START 6132 -3068 496 16097 -7525 -1464 END
START 7500 -2720 180 14592 -5675 -2009 END
START 8644 -2116 -268 13452 -4149 -3044 END
START 9796 -1728 -944 11891 -2986 -4560 END
START 9912 -1132 -1700 10526 -2405 -6180 END
START 10080 -360 -2320 9075 -2083 -7598 END
START 10012 64 -3176 7543 -1128 -8983 END
START 9980 956 -4024 5449 134 -10483 END
START 9292 1800 -4352 3183 1025 -11972 END
START 8928 2224 -4632 1361 1789 -13301 END
START 8556 2776 -4980 -496 1845 -14812 END
START 8040 2836 -4868 -2689 858 -16766 END
START 7212 2332 -4096 -4851 -409 -19209 END
START 5036 2164 -3216 -6342 -2205 -21425 END
START 2148 1536 -1740 -6973 -4974 -22972 END
START -1136 1040 -1012 -6960 -9372 -23409 END
START -4364 408 -476 -7427 -13736 -23550 END
START -8512 -220 1084 -9162 -16207 -23472 END
START -13744 -1768 3508 -11921 -15788 -22240 END
START -20292 -2864 6440 -15650 -12744 -18347 END
START -25332 -4020 10268 -19037 -8237 -12392 END
START -29004 -4468 13864 -20389 -3906 -5623 END
START -31008 -4068 16012 -19369 -1988 1875 END
START -29780 -4504 17672 -19201 -2487 9549 END
START -24632 -6440 20840 -21178 -2959 15039 END
START -19544 -7656 27500 -24843 -1537 16029 END
START -15944 -8316 32767 -25337 77 15750 END
START -14172 -7844 32767 -21485 1324 16851 END
START -11816 -6876 32767 -16327 1220 19485 END
START -7852 -6188 32767 -11105 1929 21838 END
START -3076 -5132 32767 -5933 4160 23068 END
START 1720 -3100 32767 -990 7969 23045 END
START 5592 -2708 32767 1657 9755 21669 END
START 9252 -2244 32767 2230 8860 19721 END