START -5016 -4932 29640 -13921 3912 -301 END
START -7120 -4392 29952 -13573 3266 -605 END
START -6788 -4092 31812 -12760 1756 -1421 END
START -6620 -6564 32767 -10076 -939 -1729 END
START -7348 -8544 32767 -7456 -2767 -1379 END
START -8388 -8888 32767 -4931 -4982 -247 END
START -8612 -10720 32767 -1905 -5277 1009 END
START -9200 -10568 32767 1186 -3564 2491 END
START -8592 -9888 32767 5068 -989 3529 END
START -8352 -9564 32767 9531 1112 4052 END
START -7876 -9104 32767 13375 2354 4858 END
START -7204 -9760 32767 15736 2367 5706 END
START -6488 -10392 32767 17395 1118 6226 END
START -6228 -10856 32767 19653 -1517 6671 END
START -5436 -11604 32767 23098 -4043 7080 END
START -4448 -11960 32520 26521 -4959 7316 END
START -3472 -12548 28292 28458 -4317 7588 END
START -2368 -12352 24264 28793 -1964 8201 END
START -1008 -12124 20784 28177 847 9144 END
START 908 -11476 17076 27840 1622 9872 END
START 3492 -10568 13484 27749 175 9464 END
START 5452 -9464 9936 27497 -2434 7755 END
START 6964 -7888 6996 27040 -5549 5251 END
START 7988 -6508 4656 26342 -7424 2726 END
START 8480 -5268 2384 25195 -7401 485 END
START 8608 -4208 708 23404 -6809 -962 END
START 8828 -3484 -508 21387 -5994 -1805 END
START 8916 -2544 -1616 19292 -5497 -2578 END
START 9292 -1280 -2496 17528 -5203 -3342 END
START 10024 -112 -3124 16036 -5338 -4323 END
START 10680 276 -3872 14593 -5623 -5535 END
START 11076 732 -4552 12730 -5344 -7499 END
START 10860 1032 -4992 10651 -4131 -9660 END
START 10052 1056 -4852 8621 -2822 -11521 END
START 8988 1040 -4904 6905 -1973 -12793 END
START 8176 836 -5224 5385 -1758 -13683 END
START 7232 528 -5864 3450 -2186 -14481 END
START 6376 396 -5964 1366 -2763 -15392 END
START 4892 316 -6116 -940 -2866 -16402 END
START 3472 36 -6344 -3480 -2301 -17176 END
START 1716 -324 -6056 -6026 -2358 -17725 END
START -828 -780 -5936 -8595 -3237 -18391 END
START -3276 -1852 -5088 -10709 -4998 -19269 END
START -7788 -2516 -4028 -12549 -7595 -20832 END
START -13384 -3400 -1528 -14638 -10756 -22059 END
START -20352 -3380 1576 -16838 -13788 -21414 END
START -26308 -3924 5856 -18733 -15861 -18334 END
START -30844 -5016 11072 -21108 -15015 -12549 END
START -32768 -6184 16112 -23089 -10793 -3426 END
START -32144 -6608 20896 -24238 -5592 6715 END
START -29164 -6724 24016 -24838 -2217 15290 END
START -23792 -7388 28052 -24726 -1103 21520 END
START -17648 -8148 32767 -22718 -2133 25067 END
START -11704 -7556 32767 -18394 -4056 26807 END