START -1208 -5612 20676 -3589 3370 -135 END
START -1652 -5576 21052 -3827 3236 -20 END
START -2304 -5772 20856 -4719 2028 523 END
START -2336 -6600 23672 -5147 817 1697 END
START -2120 -7056 25556 -5076 1772 1842 END
START -2752 -6900 27952 -4796 2933 1082 END
START -3784 -7220 30044 -4203 4498 317 END
START -5328 -7452 32767 -3018 4770 343 END
START -6180 -8068 32767 -394 4110 1476 END
START -6868 -8752 32767 3057 2076 2686 END
START -6984 -10020 32767 6744 -592 3868 END
START -6660 -10792 32767 10466 -1968 4805 END
START -6136 -11140 32767 13860 -951 5544 END
START -6072 -11668 32767 15738 2413 6506 END
START -6280 -11640 32767 17544 5589 7846 END
START -6092 -11488 32767 20279 6318 9339 END
START -5604 -11588 32767 23156 4699 10305 END
START -4372 -10460 30484 26052 1050 10416 END
START -3016 -9092 26412 29712 -2153 9892 END
START -1640 -8476 22304 32546 -3062 9003 END
START -364 -7824 17384 32767 -1812 8088 END
START 536 -7180 12796 32136 79 7562 END
START 1296 -6980 9268 30190 1709 7386 END
START 2156 -6632 6384 27829 2520 7035 END
START 2952 -6144 3924 25933 1962 6625 END
START 3824 -5716 1952 24832 699 6072 END
START 4736 -4960 316 24136 -1136 5170 END
START 6064 -4200 -1220 23508 -3293 4021 END
START 7644 -3492 -2508 22116 -5357 2085 END
START 8812 -2252 -2828 20072 -6213 45 END
START 9948 -1220 -2692 18407 -5385 -1190 END
START 10732 164 -2644 17096 -4373 -2250 END
START 11924 1336 -3056 15827 -3548 -3348 END
START 12844 2044 -3696 14051 -2318 -4761 END
START 13240 2764 -4180 12171 -1638 -7084 END
START 13104 2820 -4636 10375 -1581 -9912 END
START 12352 2796 -4840 8788 -2137 -13011 END
START 10980 2832 -5476 7343 -2813 -15769 END
START 9120 2204 -5500 5789 -3247 -18029 END
START 6712 1528 -6184 4011 -3176 -19100 END
START 4352 1040 -7120 1455 -2738 -19614 END
START 1452 224 -6600 -2193 -2080 -20280 END
START -2180 -1092 -5600 -5302 -1629 -20974 END
START -6620 -2600 -4208 -7569 -2424 -21711 END
START -11432 -4012 -3400 -9521 -4892 -22021 END
START -16472 -5004 -2172 -11762 -7980 -21436 END
START -21388 -6376 48 -14735 -10613 -19560 END
START -26060 -5896 3148 -17153 -13088 -15525 END
START -29200 -5216 6308 -18993 -14963 -9842 END
START -31172 -4524 9984 -21777 -15005 -3723 END
START -31368 -5416 15284 -24437 -14151 3238 END
START -29392 -5348 19736 -25615 -12376 10794 END
START -24888 -7204 25712 -26446 -9340 17219 END
START -20240 -7400 30920 -25899 -5574 21655 END
START -16028 -8116 32767 -23793 -1517 24978 END
START -11320 -7892 32767 -20611 2430 28204 END
START -6064 -6936 32767 -16904 6391 30373 END
START -1168 -5556 32767 -13482 9482 30443 END
START 3676 -3824 32767 -10134 11831 28120 END
START 6664 -2780 32767 -6194 12722 24393 END