START -5516 -6740 31104 -15767 312 1060 END
START -5796 -6580 31920 -15201 -118 1003 END
START -5896 -6592 32767 -13801 -1819 884 END
START -4676 -7856 32767 -10248 -2744 683 END
START -4588 -8852 32767 -7095 -2157 175 END
START -5124 -8764 32767 -3949 -2013 -194 END
START -5700 -9916 32767 -373 -1588 200 END
START -6420 -10368 32767 2910 -1321 1107 END
START -6704 -10256 32767 6352 -1130 2536 END
START -6844 -10564 32767 9980 -617 4429 END
START -6552 -9932 32767 13602 -383 6211 END
START -5188 -10148 32767 16483 -760 7386 END
START -3976 -10364 32767 18808 -2489 7480 END
START -2792 -10844 32767 21381 -5718 6869 END
START -1640 -11808 32767 25087 -8396 6247 END
START -772 -12772 32767 29179 -8975 5868 END
START -128 -13616 32767 32767 -8146 5623 END
START 888 -14516 29620 32767 -7129 5087 END
START 1172 -14928 24820 32767 -6274 4422 END
START 1428 -14356 19848 32767 -6003 3869 END
START 1876 -13068 15012 32767 -5425 3377 END
START 2320 -11768 10536 32767 -4276 2882 END
START 3144 -10580 6476 32561 -2725 2614 END
START 3800 -9792 3140 30272 -1219 2260 END
START 4400 -9092 636 28050 -710 2116 END
START 4808 -8624 -1268 25915 -1273 2146 END
START 5996 -7780 -2356 23579 -2516 2204 END
START 7020 -6484 -3004 21560 -3493 1893 END
START 8096 -4912 -3452 19908 -3928 828 END
START 9496 -3780 -3592 18438 -3528 -1047 END
START 10596 -2720 -4592 16853 -2610 -3790 END
START 11028 -1948 -5780 14912 -2172 -6711 END
START 11068 -1516 -6644 12921 -2493 -8976 END
START 10464 -944 -7980 10912 -3359 -10584 END
START 9820 -440 -8832 8646 -4131 -12117 END
START 8876 -80 -9660 6492 -4864 -13446 END
START 8060 40 -10160 4402 -5898 -14950 END
START 6700 64 -10492 1987 -7020 -16805 END
START 5000 -696 -10324 -822 -7279 -18886 END
START 2616 -1400 -9928 -4239 -6777 -20000 END
START -220 -2196 -9344 -7732 -6750 -20115 END
START -3060 -3248 -8096 -11199 -7437 -19488 END
START -6552 -3668 -6688 -15001 -8337 -18766 END
START -10400 -4308 -3964 -18773 -9440 -17861 END
START -14472 -5348 200 -22220 -9723 -16523 END
START -18096 -5712 4768 -24731 -8937 -14535 END
START -22120 -5240 10104 -26347 -7606 -12171 END
START -26216 -4500 15676 -26779 -6933 -8321 END
START -29384 -2992 21396 -26052 -7283 -2659 END
START -29260 -4132 26424 -24457 -7713 4383 END
START -27764 -3320 30092 -23098 -6575 11971 END
START -23584 -3720 32767 -22381 -3268 18113 END
START -18460 -3632 32767 -21529 1282 22312 END
START -12760 -4308 32767 -19329 6510 24526 END
START -8116 -4352 32767 -15600 11011 25338 END
START -3084 -4988 32767 -11242 12824 25705 END
START 1112 -4916 32767 -6670 12177 24942 END