START -3168 -4276 24292 -11596 4774 3516 END
START -4308 -4368 25692 -11945 3843 3612 END
START -4752 -4200 26228 -12831 2583 3972 END
START -3124 -5548 27780 -12561 -52 5050 END
START -2684 -6272 30932 -11297 -1908 5099 END
START -1616 -6572 32767 -8122 -3718 4079 END
START -988 -7100 32767 -3531 -3102 2303 END
START -1136 -7536 32767 903 -1118 415 END
START -1964 -8024 32767 4127 728 -470 END
START -3652 -9300 32767 6761 1032 -2 END
START -5016 -9632 32767 9958 -401 1781 END
START -5492 -10316 32767 14408 -3362 4350 END
START -4564 -11904 32767 19547 -5790 6202 END
START -3468 -12184 32767 23586 -6546 7084 END
START -2004 -13080 32767 26261 -4659 7394 END
START -648 -13092 32767 27719 -1696 7217 END
START 96 -12596 32767 28560 1454 6888 END
START 780 -13076 31044 29484 3418 6816 END
START 968 -12800 26988 30248 3710 7004 END
START 952 -12276 23552 30614 2216 7339 END
START 1760 -11348 19536 31012 279 7815 END
START 2864 -10856 15924 31443 -710 7647 END
START 4352 -10072 12072 31243 -928 6432 END
START 4984 -9468 8388 30208 -974 4530 END
START 5504 -8832 5420 28858 -1173 2896 END
START 5888 -7672 2376 27387 -1297 1735 END
START 6352 -6240 -452 25868 -1602 1032 END
START 6820 -4756 -3028 23959 -1860 536 END
START 7468 -3188 -4656 21399 -2390 -220 END
START 8608 -1688 -5716 18944 -2869 -1506 END
START 9340 -300 -6456 16390 -3119 -3473 END
START 10136 508 -6880 14046 -3166 -5705 END
START 10568 872 -7088 12270 -3263 -7845 END
START 10680 1380 -7792 10419 -3404 -9680 END
START 10808 1408 -8560 8019 -3335 -11548 END
START 10276 1216 -8456 5329 -3682 -13165 END
START 8996 992 -8484 3057 -3480 -14360 END
START 7880 608 -8780 964 -3688 -15170 END
START 6356 180 -9188 -1703 -3428 -16194 END
START 4364 -132 -9528 -5215 -3276 -17354 END
START 1800 -952 -9368 -8930 -3355 -18564 END
START -2432 -1496 -7524 -12200 -4481 -19119 END
START -6944 -2088 -5832 -14845 -6393 -18391 END
START -11320 -3296 -3120 -17277 -7987 -16962 END
START -16772 -4028 1064 -19738 -9048 -15383 END
START -22268 -4508 7304 -20853 -11050 -12781 END
START -25828 -7040 14524 -19764 -12269 -8361 END
START -27668 -7880 20056 -18308 -11943 -1943 END
START -26612 -9168 25464 -18341 -7213 5971 END
START -23896 -8396 28976 -19346 594 13392 END
START -19704 -7524 32767 -20355 8696 19307 END
START -15408 -6592 32767 -20053 15133 22549 END
START -10300 -4632 32767 -16859 17994 22688 END