START -2948 -1396 30672 -14811 -1381 -4012 END
START -3980 -1552 32552 -14850 -1585 -4327 END
START -5336 -2780 32767 -15327 -746 -4316 END
START -5628 -6120 32767 -14349 -190 -2005 END
START -7080 -7648 32767 -11584 -927 934 END
START -6724 -8024 32767 -8369 -1960 2592 END
START -5904 -7852 32767 -4039 -1428 2732 END
START -6212 -7068 32767 901 -200 2759 END
START -6568 -6364 32767 5816 869 3719 END
START -7224 -5424 32767 10312 409 5486 END
START -7008 -4392 32767 14102 -1339 7638 END
START -5744 -4096 32767 17734 -3748 9902 END
START -3536 -4512 32767 21201 -5428 11777 END
START -824 -5316 32767 23996 -5265 12713 END
START 1848 -6108 32767 25774 -3195 12293 END
START 4396 -7792 32767 26925 -362 10900 END
START 5712 -8804 32767 27953 1115 9206 END
START 6252 -9992 28852 28772 -94 7541 END
START 5660 -10552 24952 29020 -3771 5962 END
START 5732 -9788 21272 29502 -7202 4344 END
START 5872 -9004 17284 29938 -7314 2456 END
START 4764 -8528 14600 29480 -5334 535 END
START 5060 -8364 9968 28330 -2806 -558 END
START 4708 -7920 6772 26709 -1242 -813 END
START 4792 -6984 3936 24643 -1026 -788 END
START 5672 -6740 1752 22839 -1631 -974 END
START 6596 -5880 -384 20916 -3386 -1846 END
START 7488 -4568 -2112 19308 -5538 -3435 END
START 8248 -3336 -3868 18149 -7604 -5379 END
START 8836 -3124 -5596 16702 -9163 -7487 END
START 9048 -2904 -7488 14544 -9475 -9629 END
START 8544 -2508 -8508 11596 -7859 -11348 END
START 7840 -2600 -9660 8020 -4576 -12224 END
START 6428 -2688 -10016 4626 -1178 -12641 END
START 5644 -3172 -9988 955 932 -13003 END
START 4340 -3232 -9932 -1563 817 -13541 END
START 3652 -3308 -9612 -3699 -323 -14307 END
START 2648 -3516 -9168 -5673 -1892 -15620 END
START 944 -3868 -8480 -7668 -3246 -17219 END
START -1812 -3680 -8064 -10165 -3251 -18474 END
START -5300 -3692 -7196 -13593 -2065 -18898 END
START -9292 -3944 -5596 -17385 -564 -17852 END
START -14012 -3816 -2660 -21371 741 -15639 END
START -18864 -3660 2112 -24750 1116 -13458 END
START -23216 -3440 8436 -26668 -144 -10845 END
START -27572 -2680 15992 -25894 -2852 -7267 END
START -29468 -3276 23392 -23473 -5365 -1753 END
START -29200 -2720 30176 -21064 -5425 5603 END
START -26104 -2692 32767 -19313 -2746 13624 END
START -20592 -2216 32767 -18294 3711 20832 END