START -4676 -6920 32160 -10971 -661 553 END
START -4796 -7428 32767 -11159 -1080 1093 END
START -5168 -7832 32767 -11885 -847 2355 END
START -3104 -9228 32767 -11935 552 3679 END
START -2236 -10172 32767 -10118 1867 3185 END
START -2056 -8784 32767 -5329 2042 2032 END
START -1396 -9176 32767 625 2267 1051 END
START -2288 -9392 32767 5845 1394 931 END
START -2476 -8516 32767 9478 1012 2077 END
START -2440 -9504 32767 10857 836 3054 END
START -2132 -10208 32767 11153 1735 3629 END
START -3312 -10964 32767 11796 3923 4150 END
START -3844 -12224 32767 14359 5602 5401 END
START -3568 -12524 32767 19173 5715 7215 END
START -1776 -12660 32767 23822 4031 8123 END
START -336 -12344 31012 26651 515 7317 END
START 512 -10964 26960 28502 -2177 6002 END
START 1284 -10044 22768 30138 -3162 4760 END
START 2084 -9112 18456 31511 -2767 3893 END
START 2724 -8640 13812 31316 -1203 3431 END
START 3552 -8712 9852 29765 -557 3347 END
START 3924 -8356 7384 27874 -807 3349 END
START 4304 -8092 6280 26223 -1792 3164 END
START 4736 -7204 4676 25272 -2748 2782 END
START 5612 -6048 3196 24235 -3571 2049 END
START 6640 -5476 1480 22940 -4389 1422 END
START 8668 -4896 84 21350 -4722 739 END
START 10164 -4224 -832 19672 -4769 -383 END
START 11092 -3552 -1464 17780 -4873 -2206 END
START 11332 -2256 -2508 16152 -5060 -4092 END
START 11316 -1444 -4136 14474 -5167 -5672 END
START 10964 -300 -5692 12187 -4981 -7128 END
START 10568 616 -7020 9603 -4573 -8655 END
START 10120 1260 -7824 7384 -4142 -10240 END
START 9244 1624 -8432 5138 -4142 -11954 END
START 8348 1712 -9460 3013 -4316 -13306 END
START 7436 1280 -9864 278 -4943 -14553 END
START 6104 656 -9664 -2192 -5171 -15587 END
START 3944 180 -9432 -4969 -4841 -16576 END
START 1068 -928 -8504 -7770 -4464 -17318 END
START -2552 -2192 -7464 -10410 -4267 -17804 END
START -7040 -3192 -5264 -13495 -4650 -18019 END
START -12820 -3744 -1360 -16151 -5707 -18045 END
START -18796 -4808 3928 -17960 -6853 -16975 END
START -25268 -5128 10228 -18696 -7539 -14082 END
START -29760 -6612 17116 -18073 -5748 -8672 END
START -32768 -6488 22600 -17328 -861 -1779 END
START -32768 -6200 26440 -16863 5277 5711 END
START -31812 -6240 29016 -17099 11290 12590 END
START -28192 -5368 31804 -17583 14626 18921 END
START -22588 -4512 32767 -16537 15330 23567 END
START -15484 -3776 32767 -14328 13011 25845 END