START -3416 -8368 29480 1169 6568 -8220 END
START -4304 -8464 30044 1734 6748 -8160 END
START -7796 -8192 31576 3292 6218 -7380 END
START -9360 -8104 30932 5742 4008 -4491 END
START -10424 -9172 31644 8124 414 -538 END
START -10384 -9824 31980 10262 -2267 3444 END
START -9172 -9908 32560 12025 -2802 7353 END
START -7156 -10200 32767 13535 -603 10160 END
START -4716 -9996 32767 14782 2347 11111 END
START -3100 -9888 31920 16463 4690 10465 END
START -2744 -9728 30556 18345 5184 9287 END
START -3036 -8916 28872 20197 3797 8635 END
START -3176 -8868 26856 22004 2020 8399 END
START -3188 -8932 24708 23293 870 8505 END
START -3272 -8692 23136 24287 876 9142 END
START -2948 -8448 20284 25018 1624 10181 END
START -2236 -8216 17924 25507 1866 11380 END
START -1048 -7356 15576 25734 1014 11797 END
START 288 -6268 13528 25797 -238 11059 END
START 1772 -4960 11676 25832 -1670 9429 END
START 2936 -4112 10132 25634 -2344 7263 END
START 3548 -2960 8928 24946 -2946 5078 END
START 3792 -1908 7968 24126 -3099 3387 END
START 4036 -1320 6724 23304 -2918 2389 END
START 4460 -600 5548 22844 -2606 2075 END
START 4964 -64 4048 22579 -2344 1898 END
START 6164 412 2584 21863 -2300 1235 END
START 7148 1020 392 20938 -2889 193 END
START 8324 1772 -856 20036 -4179 -1414 END
START 9444 2592 -2688 19090 -5768 -3883 END
START 10008 3052 -4076 17750 -7085 -6904 END
START 10496 3356 -5080 15609 -7127 -9762 END
START 10084 3624 -5704 12762 -5193 -12015 END
START 9260 3344 -6440 9332 -2427 -13329 END
START 8716 3028 -6892 5831 -733 -13933 END
START 8120 2560 -6728 3073 -223 -14484 END
START 7364 2016 -6428 917 -565 -15306 END
START 6096 1152 -6688 -645 -1812 -16199 END
START 4808 320 -6848 -2135 -3749 -17394 END
START 2680 -468 -7040 -4055 -5257 -19128 END
START -728 -1520 -7460 -7121 -5278 -20665 END
START -6296 -1644 -6216 -10837 -5517 -21104 END
START -11408 -1812 -4940 -14597 -6551 -19490 END
START -16712 -2464 -2000 -18296 -7839 -16457 END
START -20696 -4112 1612 -21562 -9010 -13031 END
START -24884 -4916 6380 -24836 -9227 -9867 END
START -27400 -6112 11988 -27180 -8117 -6634 END
START -30200 -6240 18296 -27905 -6268 -3059 END
START -32148 -6032 23616 -26834 -5246 2531 END
START -31956 -5304 28124 -24591 -4614 10081 END
START -28976 -4652 31096 -22438 -3550 17913 END
START -23560 -5052 32767 -21187 -1272 24058 END
START -17620 -4848 32767 -19634 2336 26542 END
START -11712 -4748 32767 -16254 6035 25846 END
START -7672 -4848 32767 -11013 7682 24377 END
START -4168 -5076 32767 -5553 8455 23186 END
START -436 -5196 32767 -2280 11044 22758 END
START 3308 -4936 32767 -1373 15784 22877 END
START 7768 -4716 32767 -2014 21449 22836 END