START -6360 -5872 29880 -10520 -2224 -5040 END
START -8168 -5836 32100 -10809 -4127 -4559 END
START -7628 -6876 31588 -11486 -5987 -2808 END
START -6636 -9004 32767 -11103 -5897 123 END
START -6508 -10096 32767 -9999 -3645 1994 END
START -6168 -10972 32767 -7108 -2389 2484 END
START -6188 -10444 32767 -2293 -1055 2187 END
START -6488 -10392 32767 3509 -1259 2654 END
START -5864 -9564 32767 9085 -1678 4509 END
START -5000 -8824 32767 12778 -1124 6922 END
START -3644 -7896 32767 14730 161 8535 END
START -2808 -7912 32767 15562 1237 8906 END
START -2136 -8580 32767 16855 1977 9029 END
START -1796 -10484 32767 18928 1630 8981 END
START -1148 -11484 32767 21318 443 8627 END
START -92 -11572 32767 24075 -665 7709 END
START 480 -11900 29740 26857 -1603 6346 END
START 908 -11976 25828 28453 -2860 5337 END
START 988 -9464 22364 29053 -2719 4920 END
START 1924 -12896 19048 29448 -3160 3882 END
START 2208 -8036 14136 29594 -2246 4595 END
START 3836 -9288 10668 28826 -1467 4678 END
START 4912 -7944 7296 27418 -1316 3965 END
START 5736 -7716 4616 25868 -2030 2966 END
START 6336 -6956 2500 24602 -3440 1758 END
START 7100 -6552 580 23369 -4799 192 END
START 7628 -5588 -760 22072 -5406 -1730 END
START 8156 -4588 -2216 20370 -5611 -3614 END
START 8404 -3844 -3112 18412 -5927 -5119 END
START 8648 -3044 -3840 16432 -5941 -6260 END
START 8668 -2772 -4668 14320 -4800 -7308 END
START 8628 -2532 -5560 11626 -3010 -8343 END
START 8056 -2332 -5620 8790 -1475 -9365 END
START 7196 -1928 -5832 6677 -474 -10126 END
START 6480 -1852 -6200 4892 -219 -11031 END
START 5292 -1484 -6344 3235 -365 -12007 END
START 3600 -900 -6556 1598 -1309 -12805 END
START 2160 -740 -7220 100 -2645 -13028 END
START 1064 -588 -7580 -2040 -3899 -13001 END
START -588 -308 -7652 -4642 -4985 -12994 END
START -2632 -456 -7028 -7707 -5075 -12937 END
START -6068 -716 -6068 -11496 -4586 -12781 END
START -10456 -308 -3504 -15355 -4767 -12506 END
START -15284 -1160 140 -18148 -6111 -11622 END
START -20964 -1336 5464 -19260 -8421 -9767 END
START -25276 -2120 10144 -19078 -10790 -6042 END
START -29068 -4680 16924 -18966 -11986 -594 END
START -30664 -6336 23616 -19609 -10301 7035 END
START -29392 -6788 29492 -20105 -6224 16528 END
START -24728 -6472 32767 -19344 -726 26138 END
START -17520 -5328 32767 -16861 4789 32419 END
START -8396 -3712 32767 -12092 10708 32323 END