START -1068 -5796 32767 -3057 3783 870 END
START -1116 -5684 32767 -2567 3714 -114 END
START -1444 -5988 32767 -2491 4282 -2434 END
START -2180 -7360 32767 -4305 2533 -4507 END
START -3880 -7844 32767 -5311 -142 -3600 END
START -5752 -10964 32767 -2649 -4695 -1049 END
START -5944 -7180 32767 2549 -5225 3340 END
START -4224 -8936 32767 6006 -2964 5397 END
START -3272 -8780 32767 8179 373 5586 END
START -2648 -8568 32767 10529 2031 5401 END
START -2156 -9044 32767 13566 1517 5487 END
START -1372 -9704 32767 16366 -115 5562 END
START -940 -10084 32767 18394 -1725 5262 END
START -652 -10440 32767 19742 -2170 4886 END
START -864 -10848 31992 20735 -1041 4625 END
START -1192 -11440 29760 21548 1218 4945 END
START -1000 -11816 27360 21774 2673 5446 END
START -480 -11420 24760 21888 1862 5791 END
START 344 -10744 22492 22766 -850 5848 END
START 1692 -9528 20548 24013 -4391 5024 END
START 3052 -8596 17848 25096 -6082 3399 END
START 4060 -7928 15004 25136 -5267 1787 END
START 4036 -7504 12596 24034 -3508 678 END
START 3632 -7112 10704 22552 -2345 520 END
START 3444 -6388 8828 21717 -2559 710 END
START 3644 -5724 6596 21244 -4413 553 END
START 3716 -4944 5580 20367 -7474 -178 END
START 4184 -3328 4312 19741 -9928 -1026 END
START 4860 -2112 2592 19274 -10112 -1736 END
START 5740 -976 -36 18481 -8703 -2142 END
START 7132 -588 -2092 16727 -7423 -2740 END
START 8716 -876 -4012 14073 -6822 -4036 END
START 9540 -880 -4984 12083 -6905 -5699 END
START 10468 -1016 -5848 10578 -7006 -7854 END
START 9988 -1268 -6868 9119 -7479 -10638 END
START 9216 -1476 -7928 7797 -7799 -12609 END
START 8036 -1788 -8932 5916 -6746 -13555 END
START 6980 -2088 -9548 3203 -4892 -13870 END
START 5536 -2136 -9872 122 -3283 -13567 END
START 3640 -2288 -9100 -2964 -2585 -12936 END
START 1904 -1888 -8472 -5576 -2679 -12315 END
START 512 -1612 -7956 -8155 -3183 -12094 END
START -1160 -1876 -7276 -10835 -3476 -12665 END
START -4568 -1612 -5984 -14069 -3555 -13560 END
START -9196 -1576 -3664 -17485 -2784 -14246 END
START -14356 -2280 624 -20204 -2509 -13310 END
START -18772 -3372 4752 -21489 -3380 -10626 END
START -22676 -3940 10996 -22238 -4377 -6877 END
START -24880 -4340 18632 -21397 -3565 -2759 END
START -25580 -3608 24984 -19748 -219 2056 END
START -24900 -3476 29576 -18541 4919 6989 END
START -23268 -2164 32767 -17898 9574 11972 END
START -19956 -1320 32767 -16930 13891 15994 END
START -16652 -616 32767 -15038 17100 18016 END
START -13524 -828 32767 -11878 16724 18651 END
START -9804 -1372 32767 -7466 11993 18756 END
START -5552 -2248 32767 -3003 5255 19041 END