START -2104 -2232 29512 -11942 5198 -445 END
START -2336 -2496 29400 -11749 3432 -342 END
START -3392 -2612 31776 -10998 1387 53 END
START -3488 -4280 32767 -8563 -1739 940 END
START -3504 -5600 32767 -5822 -2637 803 END
START -4452 -5784 32767 -3326 -1272 -244 END
START -7540 -6912 32767 999 299 -16 END
START -9464 -7556 32767 6787 240 2430 END
START -9660 -8904 32767 13589 -956 6059 END
START -7544 -9940 32767 19439 -2369 8927 END
START -4452 -10500 32767 23016 -2980 10086 END
START -2000 -10512 32767 24655 -3144 9403 END
START 288 -10324 32767 26458 -3886 8273 END
START 1888 -10624 32767 29230 -5686 7222 END
START 3612 -10632 31452 32739 -7619 6242 END
START 5748 -11520 26240 32767 -7675 5011 END
START 7256 -12040 20228 32767 -5076 3712 END
START 8608 -12688 14992 32767 -651 2669 END
START 9128 -12816 10512 31114 3131 2190 END
START 9536 -12616 6656 29303 4514 1787 END
START 10524 -11888 3368 28684 3594 819 END
START 11384 -11096 -352 28031 1746 -1067 END
START 11980 -10008 -3076 26315 -1059 -4072 END
START 11912 -8432 -5772 24287 -3589 -7009 END
START 11348 -6964 -8288 22135 -5195 -9061 END
START 10736 -5888 -9996 19655 -5221 -10428 END
START 9948 -4908 -11624 15963 -3456 -11227 END
START 8772 -4088 -12108 11706 -1496 -11394 END
START 8068 -3392 -12320 7890 -450 -11351 END
START 7328 -2844 -12452 4798 -703 -11375 END
START 6516 -2052 -12628 1853 -1748 -11760 END
START 5288 -1528 -12620 -877 -3712 -12411 END
START 3768 -896 -12664 -3752 -5826 -13335 END
START 2060 -724 -12512 -7107 -6948 -14448 END
START -496 -992 -11600 -11022 -6777 -15515 END
START -4148 -2052 -9844 -15391 -5373 -16856 END
START -9428 -2876 -6724 -19799 -3599 -17966 END
START -15072 -3628 -2052 -23118 -3050 -17884 END
START -20852 -4492 3904 -24763 -3707 -15957 END
START -25304 -6152 11260 -24441 -6012 -12721 END
START -27564 -8096 18500 -22061 -9304 -8436 END
START -27912 -8808 24896 -19985 -9563 -2812 END
START -26876 -8488 30240 -19544 -4262 4890 END
START -24324 -7924 32767 -19555 2972 11897 END
START -21844 -6836 32767 -18792 8478 17020 END