START -2896 -5236 26140 -10352 786 183 END
START -2672 -5604 24788 -10711 -303 738 END
START -2280 -5568 27520 -11685 -254 1329 END
START -664 -7300 31644 -11826 580 534 END
START -640 -8288 32767 -11128 3624 -2077 END
START -3120 -9432 32767 -8526 5404 -4158 END
START -5568 -10180 32767 -3766 5118 -3644 END
START -7116 -11040 32767 1199 3516 -1268 END
START -7008 -11024 32767 4261 1754 1310 END
START -6152 -9944 32767 6390 679 3172 END
START -5332 -9508 32767 7828 507 4313 END
START -4724 -9272 32767 8455 588 4931 END
START -3788 -9144 32767 9274 1330 5166 END
START -3884 -9176 32767 10405 2993 5241 END
START -4152 -8968 32767 12089 4627 5970 END
START -3868 -9004 32767 13908 5999 6960 END
START -3320 -9112 30312 15659 6793 7837 END
START -2688 -9332 27984 16454 6432 8424 END
START -2116 -9248 25956 17152 3999 8511 END
START -1688 -8572 24444 18466 194 8043 END
START -812 -8084 22312 20958 -2705 7743 END
START 140 -7520 19332 23301 -3584 7558 END
START 1572 -7548 15992 23705 -2850 7232 END
START 2688 -6848 12496 22660 -1836 6527 END
START 3560 -6060 10236 21236 -1727 5712 END
START 4564 -5228 8236 20291 -2803 4844 END
START 5628 -4684 7228 19863 -4625 3517 END
START 6976 -4236 6236 19736 -6524 1472 END
START 7864 -3880 5872 19655 -7900 -1092 END
START 7968 -4020 5100 19501 -8557 -3441 END
START 7964 -3484 4276 19072 -8297 -4846 END
START 8576 -3080 3220 18217 -6903 -5887 END
START 8720 -2412 1788 16718 -4242 -6996 END
START 8700 -2096 700 15149 -2045 -7919 END
START 8700 -1420 -200 14205 -1271 -8952 END
START 8484 -1244 -992 13611 -1852 -10161 END
START 8400 -784 -1892 13216 -2602 -11506 END
START 7940 -324 -2896 12831 -2570 -12865 END
START 7236 -124 -4040 11845 -2096 -13843 END
START 6356 -44 -5516 10037 -1792 -14375 END
START 4836 460 -5552 7746 -2349 -14913 END
START 4216 636 -6692 5624 -2064 -15785 END
START 2076 204 -6296 3541 -1070 -16674 END
START -1060 -464 -5788 2147 -1046 -16777 END
START -4320 -1596 -5836 1942 -2833 -15750 END
START -7976 -1720 -5940 1660 -6672 -13898 END
START -11976 -1188 -6824 321 -11784 -11568 END
START -15504 1068 -7416 -3370 -16462 -9067 END
START -18652 2252 -6536 -9891 -17663 -6665 END
START -20676 2260 -2692 -19622 -14040 -4857 END
START -22044 1204 5800 -29323 -7351 -3608 END
START -22772 -336 17160 -32768 -1630 -2494 END
START -22984 -1588 26752 -29780 -3 -1437 END
START -22320 -3436 32767 -23372 -2915 909 END
START -20420 -4060 32767 -16928 -6548 5470 END
START -16928 -4240 32767 -14145 -6828 10832 END
START -12352 -3860 32767 -14232 -1833 15998 END
START -8932 -3480 32767 -15182 5389 20311 END
START -4676 -4344 32767 -15145 12112 23194 END