START -2476 -4356 28472 -9856 6404 926 END
START -3424 -3956 29716 -9291 6079 671 END
START -3260 -4316 28400 -8398 6631 29 END
START -3076 -6316 28940 -7262 6747 -572 END
START -3228 -7968 29848 -7116 6269 -960 END
START -4280 -8772 31152 -7287 4008 -1294 END
START -5400 -9056 32767 -6429 -158 -953 END
START -6076 -9436 32767 -3884 -4202 317 END
START -6044 -9448 32767 375 -7171 1398 END
START -5492 -8968 32767 5601 -7244 1692 END
START -5668 -8972 32767 10222 -4609 1959 END
START -5948 -9588 32767 13084 -797 3053 END
START -6040 -10240 32767 13658 2878 4895 END
START -5604 -10512 31764 13266 6076 6948 END
START -5392 -10120 30192 13246 7086 9042 END
START -4752 -9932 28540 14339 5437 10298 END
START -3808 -9736 26924 15798 2181 10349 END
START -2724 -8900 25684 17554 -651 9410 END
START -1572 -8408 24092 19674 -2470 8031 END
START -612 -8492 22584 21574 -2569 7005 END
START 12 -8956 20568 22683 -1637 6574 END
START 428 -8756 18812 22883 -698 6699 END
START 1044 -8832 16864 22804 -903 6793 END
START 1808 -8272 15816 23134 -2121 6387 END
START 2752 -7676 14240 24552 -4043 5528 END
START 3780 -6916 12696 25989 -5900 3909 END
START 4556 -5732 10344 26724 -6822 1754 END
START 4748 -5092 8556 26763 -7042 -151 END
START 5312 -3844 6320 26416 -6890 -1071 END
START 6640 -2864 4348 25665 -6729 -1927 END
START 8708 -2316 2044 24434 -5809 -2791 END
START 10448 -2084 -136 22320 -3984 -4255 END
START 11232 -2060 -2240 19771 -1771 -6593 END
START 10748 -1392 -3384 17363 -1175 -9412 END
START 10096 -1436 -4240 15622 -1778 -11625 END
START 9020 -704 -4892 14000 -2623 -13007 END
START 8188 -460 -5464 12490 -2836 -14063 END
START 7336 -252 -6072 10258 -1990 -14690 END
START 6504 -280 -6484 7459 -764 -15019 END
START 5880 8 -6904 4710 328 -15445 END
START 4716 16 -7196 2063 562 -15986 END
START 3372 248 -7276 -373 -745 -17050 END
START 1148 536 -6988 -2507 -3427 -18332 END
START -1476 628 -6048 -4355 -7179 -19657 END
START -4512 472 -4492 -5988 -10549 -20449 END
START -7716 332 -3516 -8184 -11978 -19936 END
START -10808 -60 -2056 -12151 -11154 -18537 END
START -15492 -772 740 -17260 -8842 -16639 END
START -20620 -1056 5412 -21240 -6684 -13632 END
START -24516 -1304 10240 -23272 -4784 -9396 END
START -27264 -1056 15040 -23695 -3077 -4379 END
START -28608 -1080 19376 -23846 -1417 676 END
START -28892 -904 23616 -23677 -840 5561 END
START -28056 -1880 28152 -23626 241 10347 END
START -26752 -3280 32332 -23296 1854 15680 END
START -24192 -5180 32767 -21414 3240 22092 END
START -20636 -6416 32767 -19198 3749 28409 END
START -14064 -7744 32767 -16042 4715 32187 END
START -8360 -6876 32767 -11119 6407 32316 END
START -4300 -6352 32767 -5514 7180 31158 END
START 392 -5636 32767 -1608 8001 29255 END
START 3948 -5868 32767 -1278 9270 26190 END
START 6792 -6268 32767 -2112 10131 23569 END
START 9188 -6276 32767 -1588 10000 21618 END
START 11656 -6484 31776 401 8039 19878 END
START 14168 -6604 29032 3198 6429 17363 END