START -3420 -6296 21368 -8916 -2236 694 END
START -4888 -6288 23696 -9189 -3429 969 END
START -4276 -6204 22684 -9571 -4631 1455 END
START -2828 -7420 24668 -8785 -4668 1963 END
START -2408 -8124 27788 -7891 -2611 1357 END
START -2144 -8972 31044 -6685 -852 51 END
START -3564 -8856 32767 -4679 -294 -978 END
START -5060 -10336 32767 -1505 -1069 -766 END
START -5940 -11020 32767 2542 -2615 741 END
START -5992 -11420 32767 6237 -4143 1998 END
START -6304 -12648 32767 8949 -4631 2449 END
START -6280 -12840 32767 11166 -2531 2980 END
START -6320 -13128 32767 13867 1174 4246 END
START -6056 -13736 32767 16784 4847 6358 END
START -5220 -13820 32767 19693 5938 8632 END
START -3628 -13452 31964 22557 4539 10006 END
START -1992 -12716 28716 25303 1559 10224 END
START -248 -11940 25516 27605 -1616 9431 END
START 1344 -10928 22372 29460 -3478 8067 END
START 2280 -10692 18612 30604 -3302 6914 END
START 3176 -10380 14688 30275 -1887 6193 END
START 3296 -10276 11480 28875 -515 5902 END
START 3764 -9640 9396 27698 -647 6023 END
START 4624 -9468 7388 27695 -2031 5980 END
START 6120 -8920 4896 27567 -4687 5059 END
START 7876 -8088 2584 26638 -6986 2922 END
START 9124 -7168 840 25232 -7868 213 END
START 9836 -6516 -668 23930 -7612 -2330 END
START 10004 -6144 -2120 22377 -6481 -4369 END
START 9512 -5492 -3640 20495 -5352 -5737 END
START 8556 -4512 -5052 18464 -5006 -6513 END
START 7312 -3016 -6264 16643 -4447 -6802 END
START 6704 -1504 -8252 14577 -3609 -6875 END
START 5820 -220 -9760 12019 -3038 -7331 END
START 4844 1068 -10752 9098 -2613 -8035 END
START 4200 1884 -11800 5882 -2503 -9093 END
START 3380 2376 -12124 2270 -2741 -10718 END
START 1136 3392 -11540 -1091 -3455 -12054 END
START -984 3732 -11304 -3804 -3970 -13314 END
START -4388 3880 -10640 -6859 -4544 -14961 END
START -8252 3368 -9616 -10209 -4561 -16086 END
START -13508 3044 -8112 -13897 -4765 -16158 END
START -18368 1852 -5672 -17591 -6072 -14863 END
START -23296 1560 -1072 -20715 -8053 -11626 END
START -26096 1012 3972 -22904 -9340 -6082 END
START -26244 708 8080 -23951 -9263 -503 END
START -24816 -400 12268 -25292 -6251 2753 END
START -23280 -1724 19228 -27392 -2506 5049 END
START -20548 -3248 26284 -26744 -1347 8926 END
START -16500 -5720 32432 -23282 -2873 12860 END
START -11628 -8324 32767 -19194 -4140 15611 END
START -6680 -9864 32767 -14622 -3842 17310 END
START -852 -10512 32767 -10712 -143 17602 END
START 3756 -10436 32767 -6764 6572 16111 END