START -3092 -4616 32708 -15479 4486 218 END
START -3428 -4776 32767 -14902 4136 -778 END
START -4008 -5240 32767 -13594 2104 -3171 END
START -5456 -7968 32767 -9467 -1600 -5585 END
START -7824 -9896 32767 -4594 -4471 -5822 END
START -9840 -11004 32767 -933 -6962 -3494 END
START -9820 -12112 32767 1684 -6100 -236 END
START -9780 -11736 32767 3459 -3425 2166 END
START -8804 -11380 32767 5980 -430 3597 END
START -7764 -10976 32767 8703 1437 4160 END
START -7172 -11040 32767 10874 992 4337 END
START -6272 -11356 32767 13033 -1013 4461 END
START -5684 -11828 32767 15298 -2835 4524 END
START -5396 -11956 32767 18190 -3814 4990 END
START -4504 -12148 32336 21604 -3044 5806 END
START -4072 -12608 29568 24196 -1727 6810 END
START -3004 -12388 25792 25720 -361 8234 END
START -1764 -11884 21856 25938 19 9340 END
START 132 -10516 18572 25442 -1016 9267 END
START 1844 -9052 16280 25292 -3434 7960 END
START 3324 -7676 13884 25858 -6182 6239 END
START 4420 -6616 11400 26504 -8058 4512 END
START 5348 -5892 9096 26417 -8760 2957 END
START 6620 -6040 7620 25301 -8000 1976 END
START 6996 -6288 5108 23893 -6973 412 END
START 6612 -5096 4244 22438 -6020 26 END
START 7348 -5608 3248 21241 -5825 -580 END
START 8120 -5040 2588 20124 -5565 -1320 END
START 8572 -2948 2020 19033 -4979 -1719 END
START 9824 -5036 1196 18428 -4865 -3779 END
START 9956 -1768 20 17218 -3488 -4809 END
START 10832 -2132 -944 15875 -2309 -6307 END
START 10584 -980 -2336 14557 -908 -7890 END
START 10572 -688 -3576 12844 -69 -9384 END
START 10164 -204 -4928 11009 288 -10816 END
START 9328 -100 -5748 9033 -313 -12168 END
START 8476 300 -6240 7361 -1585 -13490 END
START 7392 308 -7000 5456 -2819 -14852 END
START 6340 -152 -7192 2984 -3411 -16191 END
START 4608 -312 -7532 453 -4227 -16888 END
START 3088 -460 -7328 -2002 -5206 -17234 END
START 1516 -772 -7152 -4555 -6099 -17777 END
START -232 -1348 -6708 -7211 -6626 -18759 END
START -3236 -1816 -6132 -10081 -7086 -20132 END
START -7516 -2544 -5352 -13529 -7631 -21279 END
START -12888 -2784 -3016 -17339 -8492 -21372 END
START -18144 -3204 768 -20497 -9531 -19625 END
START -23444 -3004 5488 -22391 -10345 -16197 END
START -27240 -3600 10756 -22977 -12306 -10312 END
START -28536 -4572 16076 -22890 -12154 -3301 END
START -28120 -5168 22032 -23370 -8193 3231 END
START -26064 -5552 28920 -23743 -610 9367 END
START -23384 -5952 32767 -22750 8481 14302 END