START -496 -5140 29556 -10021 13273 -2838 END
START -2136 -5116 32084 -10651 12727 -2891 END
START -2144 -6132 32767 -11134 11608 -2620 END
START -2876 -7884 32767 -8448 8033 -1605 END
START -3796 -8228 32767 -4018 3038 -1801 END
START -4468 -8636 32767 726 -2078 -2759 END
START -5412 -8808 32767 4808 -4545 -3733 END
START -6840 -8808 32767 7453 -4404 -3205 END
START -7524 -8304 32767 9316 -2148 -534 END
START -7048 -7740 32767 10966 1844 2772 END
START -6388 -7324 32767 12160 4991 5335 END
START -5268 -7264 32767 13356 6065 6634 END
START -4072 -8000 32767 14809 4977 7126 END
START -3404 -8748 32767 15841 1391 7126 END
START -2036 -8620 31936 17598 -3069 6543 END
START -1388 -8564 30948 20335 -5728 6049 END
START -736 -8756 29212 22787 -5336 5938 END
START -16 -8888 26524 24179 -1552 6170 END
START 496 -8884 23376 24329 3351 6647 END
START 1120 -9048 20332 23515 6860 7010 END
START 2028 -8624 17900 22311 7675 6663 END
START 2888 -7888 15616 22121 5540 5763 END
START 3880 -7128 13736 23057 1410 4581 END
START 5140 -6504 11992 24446 -2388 2837 END
START 6368 -5556 9760 25023 -4336 1030 END
START 7188 -5156 7760 24424 -4548 -649 END
START 7584 -4600 6076 23149 -3111 -1922 END
START 7620 -4248 4540 21277 -344 -2520 END
START 7608 -3952 3724 19375 2184 -2741 END
START 7652 -3304 2600 18137 3811 -3058 END
START 7564 -2784 1712 17360 3742 -3777 END
START 7292 -2104 840 17093 2271 -4864 END
START 6928 -1368 -372 17368 204 -5774 END
START 7536 -672 -1876 17312 -1265 -6500 END
START 7884 -80 -3468 15963 -2467 -7934 END
START 8388 192 -5188 13542 -2972 -9763 END
START 7924 872 -5556 10804 -3503 -11446 END
START 7216 1156 -5772 8283 -3982 -12704 END
START 6240 1116 -5952 5932 -4527 -13603 END
START 4760 540 -6304 3389 -5623 -14021 END
START 2632 268 -5888 685 -7422 -14207 END
START 652 100 -5508 -1852 -9472 -13905 END
START -1796 -40 -4820 -4162 -11198 -13299 END
START -3496 -508 -4456 -7286 -11297 -12467 END
START -5904 -556 -4028 -11821 -9730 -11670 END
START -9084 -116 -2792 -17071 -7028 -11087 END
START -12564 72 16 -22028 -4309 -10459 END
START -16484 -16 4376 -24959 -2799 -9703 END
START -19936 -808 9176 -26357 -978 -8927 END
START -23832 -2444 14468 -27224 1968 -7396 END
START -27792 -4276 19852 -27446 6460 -4306 END
START -30740 -5232 23904 -27853 11972 1538 END
START -30972 -5156 27104 -28007 16384 9602 END
START -27684 -5216 27676 -27090 18671 16948 END
START -23612 -6180 27816 -26346 18490 22341 END
START -18776 -7892 30656 -26247 15453 24537 END
START -14740 -7880 32767 -24446 9559 23085 END