START -15236 -820 8480 22132 7269 2469 END
START -17860 -176 10572 21289 5679 3302 END
START -15816 -1240 5680 19236 5413 4740 END
START -15336 -2924 3868 16221 5235 7656 END
START -15528 -2596 3112 12819 5248 10520 END
START -14504 -3780 1744 10230 4592 13285 END
START -12620 -3692 392 8504 2810 15129 END
START -10668 -4120 -908 7058 1132 16029 END
START -9004 -4380 -2604 5272 -636 16358 END
START -7728 -4464 -4284 3215 -2680 16736 END
START -6376 -4872 -5548 555 -4768 17366 END
START -5200 -4904 -6292 -2104 -6186 18277 END
START -3680 -5052 -6764 -5226 -7255 19522 END
START -1644 -4852 -6640 -8496 -8092 20778 END
START 616 -4824 -6008 -11532 -9065 21751 END
START 3656 -4408 -4752 -14477 -9243 21671 END
START 6424 -3724 -2432 -17275 -9148 20554 END
START 8728 -2772 892 -19082 -9881 19351 END
START 10908 -1396 4148 -19991 -10757 18134 END
START 13512 232 7960 -20999 -10803 16727 END
START 16188 2568 12384 -22221 -9515 15226 END
START 18828 4776 17876 -23267 -6190 12679 END
START 20060 7372 23424 -23269 -2669 9002 END
START 20732 9900 28136 -21725 -261 4751 END
START 20580 11916 31996 -18917 1294 -145 END
START 19416 13236 32767 -15731 2729 -5599 END
START 16868 13636 32767 -12172 2956 -10604 END
START 13116 13076 32767 -8359 2680 -14783 END
START 9068 11660 32767 -5371 3221 -17649 END
START 4256 9496 32767 -2616 3738 -19345 END
START -224 7440 32767 378 3404 -19897 END
START -4504 5464 32767 4011 2080 -19292 END
START -7832 3844 32767 8155 376 -17653 END
START -9208 3108 32767 11818 -872 -15316 END
START -9700 2604 32767 14852 -1716 -13055 END
START -9312 2236 32352 17335 -2203 -11122 END
START -8680 2000 28840 19204 -1418 -9990 END
START -8304 1480 25088 20176 -306 -9163 END
START -8144 960 21280 20661 192 -8129 END
START -7792 612 17800 20795 630 -7079 END
START -7180 248 14212 20361 1325 -6093 END
START -6728 96 10340 19720 1868 -5134 END
START -5996 64 6640 18697 2154 -4318 END
START -5192 -80 3168 17055 2253 -3676 END
START -4448 -328 -352 14352 2178 -3206 END
START -4108 -640 -2740 11353 2191 -2874 END
START -3832 -1580 -4844 7855 2519 -2413 END
START -3988 -2864 -6036 4348 2670 -1818 END
START -4428 -4044 -6820 1205 2151 -814 END
START -4476 -4884 -7040 -1612 1186 487 END
START -4516 -5496 -7216 -4189 141 1693 END
START -4232 -5692 -7260 -6640 -786 2982 END
START -3748 -5788 -7200 -9390 -1843 4244 END
START -2832 -5776 -6772 -12634 -2301 5246 END
START -1736 -5944 -5904 -16149 -2334 5938 END
START -1036 -5856 -4776 -19354 -2601 6373 END
START -156 -6304 -3208 -22277 -3032 6210 END
START 336 -7236 -1756 -24921 -3272 5431 END
START 352 -7860 16 -27286 -3323 4456 END
START -108 -8556 1256 -29408 -3399 3741 END
START -708 -9456 2492 -31847 -3490 2913 END
START -1656 -10360 3576 -32768 -3954 1930 END
START -2704 -11352 6008 -32768 -5198 1304 END
START -2944 -10836 10864 -32768 -7307 2120 END
START -1152 -8280 17268 -32768 -8590 4418 END
START 3792 -5216 26048 -32768 -6976 5603 END
START 8808 -3752 32767 -32768 -1753 2361 END
START 10200 -3320 32767 -32768 4378 -4914 END
START 7508 -3672 32767 -32768 8554 -11999 END
START 1804 -4100 32767 -29123 8873 -15029 END
START -2492 -4716 32767 -16397 6526 -14062 END
START -3256 -5200 32767 -5077 3902 -11683 END
START -2708 -5312 32767 1705 2596 -10404 END
START -2704 -5236 32767 5786 3860 -9472 END
START -3124 -4716 32767 8796 7504 -7890 END
START -3456 -4228 32767 11379 10433 -5560 END