START -13596 708 13512 21015 3600 3601 END
START -13264 632 11700 20761 3605 4134 END
START -15900 884 12776 19810 3446 5615 END
START -13776 -792 9428 18211 4827 8336 END
START -13656 -876 6772 15347 6643 11126 END
START -12780 -1700 4440 11743 7865 13505 END
START -11932 -2208 2776 8465 7716 15325 END
START -10900 -3024 1856 6032 5797 16867 END
START -9664 -3384 972 4891 2504 18095 END
START -8020 -3852 -312 4107 -188 18597 END
START -6368 -3912 -1932 3313 -2297 18687 END
START -5012 -4112 -3548 1898 -3837 18896 END
START -3604 -4356 -5092 -386 -4803 19476 END
START -2432 -4836 -6108 -3746 -5399 20368 END
START -916 -4764 -5852 -7707 -5610 21311 END
START 764 -4344 -5100 -11335 -5491 21955 END
START 3272 -3892 -3920 -14460 -5579 22099 END
START 5824 -3040 -2356 -17332 -6122 21495 END
START 9052 -1836 552 -19654 -6872 20311 END
START 11912 -284 3868 -21169 -7254 18650 END
START 14612 1304 7364 -22110 -6912 16239 END
START 17152 3252 11616 -22772 -5896 13517 END
START 19328 5652 16128 -23361 -4426 9906 END
START 21088 8340 21380 -23636 -2072 5888 END
START 21716 10332 26404 -22601 652 1382 END
START 21860 11916 31080 -20166 2790 -3474 END
START 20660 12384 32767 -16964 4075 -9128 END
START 18212 11844 32767 -13224 4270 -14880 END
START 14096 10308 32767 -9095 3556 -20261 END
START 8152 8188 32767 -4865 1923 -23888 END
START 2408 6468 32767 -529 170 -25171 END
START -2132 4764 32767 3749 -1025 -24312 END
START -5684 3436 32767 8106 -1943 -22212 END
START -7908 2524 32767 11692 -2520 -19553 END
START -9260 1936 32767 13867 -2191 -16654 END
START -9556 1476 31896 15332 -1104 -14066 END
START -9688 1144 28576 16210 -21 -11802 END
START -9548 976 25104 17156 624 -9972 END
START -9292 540 22124 18053 1263 -8451 END
START -8788 224 17892 18375 2128 -7137 END
START -8536 12 14396 18245 2901 -5546 END
START -7956 -116 10280 17538 2896 -4033 END
START -6944 20 6548 16423 2900 -2674 END
START -6132 -24 3400 14877 3062 -1582 END
START -5024 4 736 12797 2861 -789 END
START -4476 -300 -1452 10618 2190 -453 END
START -3976 -772 -3488 8002 1292 -443 END
START -3828 -1384 -4812 5443 629 -448 END
START -3968 -2000 -5736 2743 199 79 END
START -4156 -2244 -6664 160 -206 859 END
START -4012 -2768 -7048 -2712 -738 2032 END
START -3728 -3008 -7376 -5862 -1224 3394 END
START -2828 -3316 -7192 -9148 -1487 4443 END
START -2132 -4060 -6440 -12447 -1559 4916 END
START -1636 -4736 -5244 -15595 -1603 5113 END
START -1476 -5648 -3744 -18317 -1848 5167 END
START -1020 -7192 -2008 -20763 -2394 5052 END
START -1252 -8036 -36 -22849 -2926 4604 END
START -1940 -8816 1316 -24628 -3229 4479 END
START -3036 -9264 2896 -26753 -3347 4468 END
START -4360 -9372 4412 -28952 -3919 4617 END
START -4880 -9084 7300 -31351 -5169 5564 END
START -4136 -7188 11580 -32768 -6722 7581 END
START -988 -3660 17852 -32768 -7838 10630 END
START 6100 836 26216 -32768 -5789 11939 END
START 12036 3296 32767 -32768 1406 7710 END
START 13736 3352 32767 -32768 9464 -634 END
START 10280 1556 32767 -32768 13062 -8137 END
START 4340 -44 32767 -28086 10910 -11203 END
START 972 -1100 32767 -17069 6885 -10258 END
START 512 -1632 32767 -6189 4353 -8931 END
START 824 -1796 32767 1055 4784 -8719 END
START 916 -2424 32767 5205 6956 -8908 END
START -380 -2448 32767 8048 9670 -8749 END