START -12696 -56 13264 21852 5188 1467 END
START -13648 -236 12812 21522 4126 2114 END
START -13908 -196 11132 20632 3908 3557 END
START -14112 -1156 9820 19593 3405 6374 END
START -13412 -1216 7192 17584 4147 8656 END
START -12832 -1708 4700 14879 5358 10456 END
START -12700 -2212 2800 11939 4955 12153 END
START -11876 -2408 1096 9331 2988 14068 END
START -10588 -2732 4 7485 698 16128 END
START -8996 -2924 -1340 5956 -1045 17221 END
START -7188 -3100 -3000 3962 -2564 17686 END
START -5716 -3096 -4216 1600 -3919 17899 END
START -3904 -3360 -5348 -1151 -5223 18093 END
START -2508 -3456 -5884 -4202 -6289 18536 END
START -564 -3544 -5624 -7456 -6972 19143 END
START 1616 -3176 -4596 -10303 -7286 19724 END
START 3940 -2820 -3592 -12962 -7310 19887 END
START 6348 -2276 -1920 -15364 -7399 19291 END
START 8360 -1552 440 -17365 -7780 17998 END
START 10168 -756 2824 -18838 -7822 16283 END
START 11604 168 5892 -20223 -7821 14559 END
START 13148 1384 9588 -21385 -7524 13114 END
START 15076 3292 14040 -22298 -6740 11704 END
START 17088 5884 18408 -22559 -4927 9807 END
START 19336 8528 23016 -22395 -2138 6495 END
START 19964 10660 27384 -21449 197 1833 END
START 19336 12316 31308 -19631 1494 -3236 END
START 17804 13068 32767 -16900 2133 -8432 END
START 15204 12680 32767 -13377 2410 -12981 END
START 12060 11116 32767 -9445 2158 -16711 END
START 7552 8904 32767 -5524 1304 -19214 END
START 3340 6888 32767 -1431 185 -20034 END
START -272 5756 32767 2812 -403 -19619 END
START -3204 4200 32767 6579 -458 -18340 END
START -5220 3156 32767 9329 -27 -16554 END
START -6660 2400 32767 11298 524 -14736 END
START -7500 1836 32188 13233 665 -12933 END
START -7756 1260 29056 15218 161 -11458 END
START -7560 908 25472 16962 141 -10460 END
START -7296 660 22100 17999 972 -9831 END
START -7444 364 18356 18593 1701 -8986 END
START -7364 144 14776 18622 1842 -7692 END
START -6652 40 10812 17852 2084 -6398 END
START -6052 -88 7776 16385 2877 -5280 END
START -5328 -184 4596 14456 3743 -4335 END
START -4404 -580 1860 12206 4286 -3641 END
START -3984 -1056 -100 9705 3997 -3340 END
START -3968 -1524 -1680 7455 3205 -3388 END
START -4588 -2660 -3400 5315 2306 -3432 END
START -5348 -3384 -4580 3234 1168 -2796 END
START -5848 -4020 -5508 999 -345 -1400 END
START -5612 -4268 -6148 -1692 -1347 463 END
START -5208 -4544 -6584 -5056 -1256 2438 END
START -4444 -4620 -6644 -9011 -790 4311 END
START -3768 -5072 -6092 -13122 -665 5594 END
START -3152 -5368 -4748 -16569 -802 6170 END
START -2668 -5760 -3548 -19345 -1302 6222 END
START -2508 -6128 -2548 -21777 -2257 6079 END
START -2112 -6600 -1204 -24273 -2902 5729 END
START -2188 -7388 -76 -26941 -3320 5171 END
START -2624 -8404 1680 -29418 -3788 4506 END
START -3736 -9516 3884 -31663 -4924 3963 END
START -4392 -9932 6884 -32768 -7256 4454 END
START -3688 -9596 11092 -32768 -9231 6459 END
START -836 -7524 17120 -32768 -9463 9261 END
START 4964 -4680 25556 -32768 -7001 10882 END
START 10792 -2436 32767 -32768 234 8006 END
START 11452 -1796 32767 -32768 8475 2971 END
START 9652 -1772 32767 -32768 13479 -1107 END
START 6472 -2320 32767 -32061 14146 -3695 END
START 3976 -3684 32767 -20698 10596 -5445 END
START 3048 -4140 32767 -9199 5365 -7081 END
START 2824 -4168 32767 -495 2898 -8782 END
START 2264 -4376 32767 4924 4180 -9730 END
START 996 -4092 32767 8471 7498 -9634 END