START -14720 2044 12896 13987 7353 1534 END
START -16996 2592 14132 13954 5411 2180 END
START -15080 1088 10148 13083 3549 3663 END
START -14908 24 8544 12430 1882 6627 END
START -14460 -624 7048 10373 2275 9022 END
START -13656 -1680 5344 7706 3182 11305 END
START -12872 -2052 4540 5043 3267 13564 END
START -11668 -2924 3448 3171 1988 15403 END
START -10148 -3388 2472 2461 -1116 16290 END
START -8512 -3788 832 2813 -4986 16370 END
START -6944 -4280 -796 2730 -7945 16303 END
START -5464 -4624 -2828 1690 -10197 16584 END
START -3904 -5132 -4072 -472 -12380 17397 END
START -1732 -4604 -4812 -3354 -12998 18583 END
START 812 -4632 -5040 -7507 -11592 19801 END
START 3420 -4140 -3956 -11718 -9573 20541 END
START 5784 -3464 -2264 -15083 -8340 20146 END
START 8256 -2848 456 -16890 -8856 18766 END
START 10140 -1912 2724 -17475 -9641 16753 END
START 11952 -1288 5084 -17751 -9776 14893 END
START 13484 -336 7596 -18546 -9471 13298 END
START 15304 1020 10940 -20286 -8322 11935 END
START 16904 3344 16396 -22115 -5984 10470 END
START 18892 6364 21744 -22902 -2457 8349 END
START 20816 9284 26800 -22299 1532 4701 END
START 21252 12004 31144 -20523 4635 -693 END
START 19688 13816 32767 -17611 5428 -6664 END
START 17052 14532 32767 -13605 4077 -12517 END
START 13064 13828 32767 -9222 2274 -17448 END
START 8784 12184 32767 -5412 1105 -20603 END
START 3588 8996 32767 -1779 192 -21988 END
START -332 6176 32767 1584 -666 -21821 END
START -3976 3296 32767 4788 -1323 -20613 END
START -6584 1552 32767 8122 -1067 -18096 END
START -8004 456 32767 11501 -393 -15242 END
START -8360 -44 32767 14040 251 -12774 END
START -8212 -332 32767 16309 745 -10905 END
START -8200 -472 28788 18169 884 -9482 END
START -7624 -544 24728 19574 1153 -8411 END
START -7612 -612 20768 20420 1543 -7410 END
START -7396 -572 16652 20792 1855 -6222 END
START -6692 -516 12232 20091 2826 -4853 END
START -6224 -248 8128 18477 4073 -3435 END
START -5748 -160 4872 16419 4632 -2131 END
START -5180 -120 2456 14077 4358 -1113 END
START -4264 -60 164 11991 3672 -402 END
START -3672 -356 -1216 9977 3111 -270 END
START -3568 -928 -2992 7671 2545 -564 END
START -3836 -1388 -4192 5156 1838 -709 END
START -4472 -2220 -4920 2437 1378 -92 END
START -4956 -2912 -5628 -176 791 1397 END
START -4936 -3328 -5996 -2959 408 3157 END
START -4656 -3804 -6072 -6014 164 4753 END
START -4148 -4140 -5980 -9238 -103 5923 END
START -3664 -4660 -5240 -12469 -360 6417 END
START -3196 -5332 -4036 -15296 -867 6792 END
START -3100 -5640 -3092 -17733 -1731 7081 END
START -3116 -6340 -2136 -20146 -2493 7407 END
START -3236 -7272 -1180 -22897 -2714 7702 END
START -3564 -7832 32 -25856 -2449 8093 END
START -3932 -8964 1608 -28658 -1635 8375 END
START -4676 -10200 2928 -31960 -248 8629 END
START -4860 -10584 5408 -32768 321 9164 END
START -3812 -10100 9356 -32768 40 11034 END
START -844 -7764 14552 -32768 768 13923 END
START 4800 -4060 21204 -32768 3937 16642 END
START 11564 -1136 28916 -32768 14006 14452 END
START 12292 -376 32767 -32768 23816 8193 END
START 10012 -1492 32767 -32768 25301 1297 END
START 5696 -3688 32767 -32768 18651 -4293 END
START 3312 -5472 32767 -20576 8435 -8241 END
START 1952 -6512 32767 -8484 1878 -11451 END
START 0 -7456 32767 -1042 1434 -13200 END
START -2412 -8116 32767 2971 5329 -12827 END
START -4576 -8864 32767 6150 10425 -10791 END
START -5780 -9088 32767 9481 13564 -8722 END
START -6480 -9000 32767 12885 13673 -7451 END
START -6720 -8752 31276 16327 11025 -6960 END