START -14140 1088 11996 10130 2902 1051 END
START -16228 1568 10444 9759 2105 1581 END
START -14052 448 8544 8883 1247 2727 END
START -13020 -236 8408 8118 564 4452 END
START -12652 -628 7460 7182 441 6065 END
START -11160 -912 6076 6283 92 7452 END
START -10388 -1384 5228 5005 -172 8616 END
START -9380 -1748 4124 3579 -413 9815 END
START -8408 -1900 2952 2450 -697 10775 END
START -7424 -2384 1620 1212 -1335 11641 END
START -6168 -2600 136 -379 -2244 12344 END
START -5032 -3168 -720 -2433 -3012 12709 END
START -4036 -3548 -1208 -4653 -3473 12605 END
START -3424 -3568 -788 -6359 -4460 12967 END
START -2096 -3452 -604 -7907 -6007 13732 END
START -380 -2904 -168 -9827 -6980 14970 END
START 1880 -2476 840 -11913 -7167 15670 END
START 4104 -1700 2540 -13952 -6765 15744 END
START 6780 -748 5088 -15878 -5979 14956 END
START 9048 80 7908 -17351 -5621 13843 END
START 11084 1328 12008 -18410 -5335 12287 END
START 12840 3596 16568 -19141 -4966 10704 END
START 14508 6408 21616 -18917 -4277 8885 END
START 17196 9348 26232 -17935 -2628 5658 END
START 17736 11940 30572 -16114 -663 954 END
START 17112 13196 32767 -13238 -373 -3754 END
START 15252 13844 32767 -10027 -329 -8579 END
START 12176 13108 32767 -6921 -129 -12702 END
START 8276 11368 32767 -4215 272 -15345 END
START 4308 9024 32767 -1754 858 -16551 END
START 216 6460 32767 738 1126 -16648 END
START -3180 4020 32767 3543 596 -15923 END
START -5616 2380 32767 7098 -698 -14555 END
START -7152 956 32767 10815 -1923 -12659 END
START -7684 380 32767 13884 -2987 -10677 END
START -7716 340 31244 16385 -3389 -8917 END
START -7144 548 27660 17992 -2994 -7604 END
START -6540 800 23776 18889 -1843 -6763 END
START -6220 816 19296 18620 328 -6055 END
START -6004 868 16080 17687 2254 -5119 END
START -6000 872 12448 16766 3317 -3927 END
START -5528 640 9208 15713 3615 -2700 END
START -4800 772 6028 14475 3322 -1911 END
START -4000 716 3432 13123 2592 -1491 END
START -3316 816 1092 11420 1544 -1530 END
START -2724 536 -1020 9828 503 -2111 END
START -2604 180 -2584 8025 -227 -2780 END
START -2824 -444 -4100 5939 -857 -3050 END
START -3096 -1236 -5392 3183 -1019 -2661 END
START -3348 -1828 -6600 -284 -848 -1429 END
START -3460 -2340 -6968 -4091 -592 34 END
START -3284 -3064 -6868 -7734 -386 1315 END
START -3268 -3532 -6288 -10873 -538 2304 END
START -2820 -4412 -5596 -13734 -1358 2993 END
START -2404 -5036 -4808 -16501 -2179 3231 END
START -1860 -5484 -3420 -19033 -2880 3254 END
START -1280 -6332 -2104 -21698 -3228 2985 END
START -1484 -7028 -600 -24268 -3539 2607 END
START -2084 -7804 1132 -26378 -4233 2309 END
START -2916 -8336 3056 -28223 -5545 2311 END
START -3340 -8668 5624 -29942 -7516 2798 END
START -2628 -8016 9460 -31699 -9458 4002 END
START -576 -6188 14872 -32768 -10311 5911 END
START 2828 -3652 21884 -32768 -9755 7507 END
START 7700 -2508 29476 -32768 -6738 6628 END
START 11484 -1896 32767 -32768 -1502 2539 END
START 11944 -760 32767 -32768 3863 -2420 END
START 10440 -636 32767 -29583 6922 -5631 END
START 8740 -828 32767 -22959 7812 -7355 END
START 7404 -1180 32767 -14767 7480 -8939 END
START 6240 -1748 32767 -6429 6323 -11048 END
START 4732 -2260 32767 585 5016 -12826 END
START 3416 -2508 32767 5530 4877 -13842 END
START 2052 -2768 32767 8976 5858 -14141 END
START 516 -2992 32767 10925 7283 -13743 END
START -932 -3556 30476 11649 8752 -13138 END