START -16628 -1172 10648 16625 10519 5098 END
START -18024 -1360 10312 16025 9659 6236 END
START -19176 -2072 10820 14876 8981 9252 END
START -16676 -3264 6724 13422 8443 13635 END
START -15000 -3732 4584 11091 7881 16667 END
START -13256 -4364 2584 8423 7201 18455 END
START -11400 -4784 1032 6299 5744 19327 END
START -9752 -5280 -636 4699 3879 19789 END
START -8156 -5984 -2428 3299 2423 20325 END
START -6312 -6544 -4800 1608 1314 20950 END
START -4444 -7332 -7056 -1123 416 21715 END
START -2596 -7896 -8468 -4973 -1278 22491 END
START -644 -7792 -8512 -9218 -3063 23166 END
START 1500 -7508 -7344 -12431 -4318 23597 END
START 4360 -7284 -5932 -14785 -4593 23121 END
START 6748 -6800 -4316 -16918 -4513 21801 END
START 8952 -6224 -2304 -18903 -4961 19900 END
START 10836 -5544 712 -20768 -5633 17838 END
START 12304 -4544 4012 -22224 -5911 16029 END
START 14224 -3340 8020 -23775 -5736 14160 END
START 16072 -952 12204 -24990 -4675 12558 END
START 18596 1992 17744 -26130 -2381 10105 END
START 20516 5280 22740 -26483 612 6368 END
START 21908 8696 27312 -25792 3048 2340 END
START 22832 10944 31720 -24002 5131 -3004 END
START 21628 12664 32767 -21280 6096 -9574 END
START 18716 12472 32767 -17947 5274 -15516 END
START 14484 11488 32767 -13851 3827 -19760 END
START 10104 9416 32767 -9280 2877 -21913 END
START 5332 7472 32767 -5097 2136 -22746 END
START 656 4888 32767 -1119 1269 -22482 END
START -3876 3188 32767 2838 171 -21091 END
START -7196 2244 32767 6994 -1395 -18737 END
START -8992 1404 32767 11128 -2587 -15855 END
START -9664 864 32767 14416 -2240 -13315 END
START -9484 612 32767 16911 -756 -11512 END
START -9896 132 32767 19050 597 -9911 END
START -9844 -532 31076 20944 997 -8439 END
START -9496 -992 26552 22611 1540 -7058 END
START -8992 -1532 22192 23577 2178 -6182 END
START -8616 -2016 17484 24048 2728 -5459 END
START -8364 -2096 12884 23926 2923 -4563 END
START -7820 -2184 8280 23213 3354 -3441 END
START -7164 -2284 3832 21727 3743 -2290 END
START -6504 -2856 -112 19118 4082 -1360 END
START -5996 -3228 -3608 15859 4617 -704 END
START -6064 -3984 -6408 12535 4481 -176 END
START -6472 -4736 -8504 9471 2939 405 END
START -6600 -5180 -10284 6721 948 1300 END
START -6340 -5348 -11356 3530 -1192 2723 END
START -5420 -5316 -12184 -384 -2267 4425 END
START -4384 -4904 -11964 -4707 -2394 6215 END
START -2904 -5100 -11252 -9229 -2325 7528 END
START -1640 -5536 -9628 -13336 -2408 7939 END
START -688 -5980 -7372 -16723 -2614 7725 END
START -28 -6608 -5028 -19476 -3207 7488 END
START 424 -7472 -2748 -22072 -3455 7107 END
START 588 -7900 -516 -24520 -3252 6702 END
START 240 -8416 1316 -26738 -2922 6275 END
START -80 -8728 3400 -29014 -3067 6026 END
START -160 -8208 5616 -31285 -3833 6252 END
START 740 -7364 9040 -32768 -4371 6453 END
START 1928 -5008 14380 -32768 -4634 6616 END
START 4264 -2048 21028 -32768 -5361 7141 END
START 8484 572 28748 -32768 -4863 6513 END
START 12744 1576 32767 -32768 -1800 2700 END
START 13692 1812 32767 -32768 2075 -3067 END
START 11492 2640 32767 -29334 3867 -6966 END
START 10056 2680 32767 -21674 4313 -8501 END
START 9588 2476 32767 -13761 4495 -9589 END
START 9296 2436 32767 -6993 4987 -11088 END
START 8392 1692 32767 -1962 6017 -12689 END
START 6872 736 32767 2342 7018 -13983 END
START 5356 -16 32767 6797 7630 -14813 END
START 4060 -996 32767 11011 7931 -15444 END
START 2908 -1860 32767 13926 7652 -15892 END