START -11056 3784 13904 18170 3799 383 END
START -12892 4212 15104 18134 2447 928 END
START -12368 4156 11560 17787 2327 2233 END
START -11812 2588 9804 16683 1934 4602 END
START -11912 2316 8404 14238 2530 6611 END
START -11968 1708 6516 11642 2329 8661 END
START -11420 1344 5324 9779 1745 11072 END
START -9952 1164 4284 8604 968 13070 END
START -7944 1260 2672 8103 268 14130 END
START -6180 1556 372 8057 -858 14578 END
START -4652 1580 -2540 7836 -2377 14293 END
START -2772 1260 -5804 6437 -4514 13348 END
START -1268 108 -8928 3147 -6510 11956 END
START -660 -772 -9936 -1504 -7861 10667 END
START -604 -2016 -9756 -6398 -8518 10066 END
START -672 -3228 -9124 -10326 -8574 10630 END
START -520 -3668 -7560 -13155 -8623 12209 END
START 784 -3900 -6540 -15221 -9375 14294 END
START 3104 -4020 -5416 -17284 -10226 15283 END
START 6504 -3328 -3696 -19811 -9832 14850 END
START 8976 -2388 -820 -22629 -9023 13394 END
START 10968 -1088 2692 -25031 -8201 11800 END
START 12692 1424 7212 -26776 -6714 10573 END
START 14260 4312 12204 -28274 -4873 9263 END
START 15912 7644 18032 -28906 -3108 7436 END
START 17952 10288 23628 -28595 -1245 4215 END
START 18176 11696 29108 -27418 766 -1360 END
START 16360 11440 32767 -25177 1812 -7390 END
START 12484 9536 32767 -21642 1549 -12540 END
START 8236 7144 32767 -16868 -76 -15827 END
START 3480 5600 32767 -11488 -2034 -16158 END
START 120 4760 32767 -5863 -2786 -14063 END
START -2144 4496 32767 -1457 -2573 -11557 END
START -3336 4660 32767 2365 -1494 -9105 END
START -3952 4636 32767 5717 -211 -7302 END
START -4476 4676 32767 9256 509 -6189 END
START -4996 4352 32767 13047 195 -5542 END
START -4776 3952 32767 16981 -699 -5310 END
START -4572 3504 32767 20397 -1528 -5313 END
START -4340 2908 30788 22926 -1504 -5484 END
START -4260 2240 26048 24524 -911 -5378 END
START -4644 2096 21312 25239 426 -4820 END
START -4656 2568 16904 24726 1010 -3810 END
START -3964 1760 12440 23504 1706 -3024 END
START -3692 1600 8664 22033 1714 -2319 END
START -3168 1752 4896 20606 1156 -1861 END
START -2588 1272 1592 18874 484 -1802 END
START -2132 1136 -1024 16660 -90 -1886 END
START -1600 1124 -3648 13967 -748 -1866 END
START -1528 692 -5492 10982 -1179 -1862 END
START -1868 -372 -6820 7779 -1611 -1914 END
START -2268 -1104 -7640 4508 -2227 -1403 END
START -2340 -2132 -7620 1173 -2495 -243 END
START -2184 -2592 -7576 -1885 -2148 1488 END
START -1536 -2804 -7220 -4966 -1998 3205 END
START -420 -2752 -7092 -7787 -2058 4434 END
START 728 -2936 -6564 -10645 -2036 4857 END
START 1640 -2900 -6020 -13348 -1962 4657 END
START 2168 -3272 -4760 -15682 -2192 4250 END
START 2524 -4088 -3476 -17865 -3191 3578 END
START 2624 -4648 -2024 -19976 -3654 2684 END
START 2440 -5588 -660 -22191 -3305 2071 END
START 1684 -6712 896 -24783 -2519 1350 END
START 400 -7424 2416 -27234 -1926 769 END
START -948 -7860 4368 -29450 -2135 707 END
START -1900 -7268 6572 -31717 -2873 1219 END
START -2124 -5820 10260 -32768 -3639 2637 END
START -260 -3548 15828 -32768 -3699 4785 END
START 3472 -2160 22988 -32768 -2054 5902 END
START 7032 -1576 31640 -32768 1440 4353 END
START 8372 -928 32767 -32768 4686 664 END
START 7440 -536 32767 -32768 5467 -3153 END
START 6268 -472 32767 -28210 3754 -6219 END
START 5088 -128 32767 -21427 1516 -7855 END
START 4276 360 32767 -14986 615 -8342 END
START 3824 728 32767 -9324 1298 -7606 END
START 3852 1024 32767 -4721 2786 -6410 END
START 4068 1100 32767 -29 4057 -5665 END
START 4120 876 32767 4682 4670 -5666 END
START 4000 616 32767 9415 4390 -6023 END
START 3804 236 32767 14146 3883 -6444 END
START 3600 -448 32767 18077 3302 -7104 END
START 3216 -928 32767 21038 2952 -7889 END
START 2780 -1376 28660 22778 3198 -8626 END
START 2496 -1900 23120 23419 3816 -9180 END
START 1752 -2860 18364 23407 4434 -9725 END
START 788 -4572 14516 22943 4619 -10580 END
START -900 -6308 11396 22072 4576 -11463 END
START -3344 -7360 9080 20730 3816 -11319 END