START -15824 1216 10100 13906 3411 866 END
START -16568 1100 10440 14208 1744 1710 END
START -15716 724 7920 14142 -243 3300 END
START -14708 -472 6504 12999 -2985 5651 END
START -13908 -1036 5688 11147 -3682 7870 END
START -12796 -1340 4304 9071 -3118 10043 END
START -11272 -1052 3144 7097 -2410 11828 END
START -9960 -1140 1792 5405 -1816 13407 END
START -8380 -1040 -792 4269 -2207 14710 END
START -6628 -1612 -4040 3110 -3514 15285 END
START -4584 -2320 -7212 897 -5883 15279 END
START -2376 -3972 -9288 -2592 -8183 15134 END
START -656 -4896 -9972 -6907 -9367 14768 END
START 464 -5836 -8660 -10738 -9200 15103 END
START 1648 -6300 -7020 -13230 -9302 16206 END
START 4104 -5500 -5400 -14962 -9650 17123 END
START 6840 -4660 -3512 -16760 -10038 17415 END
START 10232 -2808 -668 -18842 -9810 17053 END
START 13516 -596 2772 -20946 -8729 15869 END
START 16508 1336 7408 -22929 -7180 13729 END
START 18392 4420 13424 -24222 -4968 10614 END
START 19748 6852 19704 -24936 -2326 7037 END
START 19580 9176 26072 -24539 295 2954 END
START 18076 10672 31372 -22757 1465 -759 END
START 16104 11804 32767 -19785 766 -4268 END
START 14296 11752 32767 -16595 -266 -7604 END
START 12016 11376 32767 -13514 -799 -10046 END
START 9612 9500 32767 -10665 -589 -11964 END
START 6532 7068 32767 -7444 123 -13367 END
START 2872 5344 32767 -3094 434 -13890 END
START -676 3244 32767 2382 -573 -13467 END
START -2936 1976 32767 7787 -1992 -12655 END
START -4280 1048 32767 12357 -2030 -12147 END
START -5864 160 32767 16050 -1187 -11588 END
START -7028 -460 32767 19120 -369 -10265 END
START -7368 -912 32767 21309 550 -8696 END
START -7436 -1356 27576 22656 1283 -7432 END
START -7280 -1688 22748 23445 1315 -6185 END
START -7020 -1524 17688 23793 1362 -5278 END
START -6244 -1320 12788 23617 1713 -4497 END
START -5520 -780 7924 22641 2004 -3725 END
START -4728 -176 3188 21188 1905 -2955 END
START -3680 32 -824 18873 1318 -2359 END
START -2808 144 -3776 15877 647 -2096 END
START -2164 360 -5868 12663 285 -2096 END
START -1788 -216 -6996 9728 415 -2408 END
START -1912 -828 -7980 7102 705 -2590 END
START -2152 -2044 -8968 4206 615 -2318 END
START -2336 -2692 -9396 864 752 -1361 END
START -2476 -2760 -9244 -2413 1261 138 END
START -2012 -2700 -8932 -5524 1822 1677 END
START -1212 -2576 -9076 -8679 1901 2556 END
START -652 -2616 -8284 -11586 1385 2782 END
START -28 -2868 -7360 -14024 771 2637 END
START 704 -3468 -6268 -16113 498 2193 END
START 820 -4336 -5220 -18130 315 1516 END
START 976 -5608 -3624 -20037 48 933 END
START 656 -6816 -2088 -21744 -353 555 END
START 248 -8620 -260 -23718 -638 294 END
START -540 -10208 1376 -25891 -458 -132 END
START -2364 -11448 3292 -27920 -824 -291 END
START -4172 -12088 5424 -30039 -2748 332 END
START -5612 -11076 8108 -32368 -5216 1907 END
START -5264 -8584 12540 -32768 -7520 4809 END
START -2560 -5320 18228 -32768 -8283 8001 END
START 2204 -1900 26568 -32768 -6445 9509 END
START 7600 -412 32767 -32768 -1772 7313 END
START 10048 -1924 32767 -32768 2506 1413 END
START 8528 -3164 32767 -32768 2453 -3585 END
START 6780 -2924 32767 -26119 490 -5551 END
START 5352 -2488 32767 -17300 52 -6078 END
START 4616 -2016 32767 -10380 1233 -5680 END
START 4304 -1380 32767 -5425 3214 -4277 END
START 4560 -560 32767 -1008 5505 -3442 END
START 4228 -312 32767 4135 6695 -3607 END
START 4052 -380 32767 9799 6387 -4368 END
START 3772 -1056 32767 15025 4949 -5509 END
START 3664 -1728 32767 19455 3379 -6988 END
START 3176 -2548 32767 22286 2936 -8538 END
START 2584 -3264 28900 23952 4030 -9463 END
START 1696 -4016 23464 24464 5717 -9712 END
START 684 -4708 18436 24499 6698 -9493 END
START 152 -5048 14096 24120 7109 -9508 END
START -424 -6028 9924 23614 6770 -10329 END