START -14312 -2172 12696 15939 8563 4670 END
START -15156 -2088 12764 15251 7726 5400 END
START -15672 -2356 10188 13455 8254 7206 END
START -15616 -3600 6676 10884 8682 10812 END
START -15528 -4080 4680 7986 7705 14610 END
START -14092 -4680 2728 6116 5833 17636 END
START -11632 -4640 848 4853 4214 19061 END
START -9680 -4904 -1236 4042 2140 19184 END
START -7272 -5136 -3680 3551 -1013 18436 END
START -5112 -5584 -6092 2511 -4814 17472 END
START -3476 -6048 -8124 240 -7587 16937 END
START -2264 -6868 -8436 -2914 -9368 17412 END
START -380 -6796 -8240 -7012 -10202 19098 END
START 2952 -6172 -6648 -11215 -9248 20987 END
START 6532 -5232 -4312 -15065 -7462 21669 END
START 10552 -3796 -444 -18289 -6768 20812 END
START 14388 -1832 4532 -20454 -6655 18620 END
START 17460 988 10092 -21171 -5805 15475 END
START 19736 4472 16168 -21297 -4432 12121 END
START 22172 8576 22948 -20980 -2229 8424 END
START 23160 11452 28852 -19338 921 3348 END
START 22700 13288 32767 -16372 3441 -2596 END
START 20336 14188 32767 -12884 4226 -8818 END
START 16404 13332 32767 -9458 3697 -14324 END
START 10604 11292 32767 -5882 2695 -18218 END
START 5100 9152 32767 -2042 1834 -19847 END
START -92 5968 32767 1644 980 -19557 END
START -3948 3572 32767 4635 -425 -18252 END
START -7184 1788 32767 7540 -1409 -16022 END
START -9020 772 32767 10492 -1810 -13312 END
START -9860 364 32767 13508 -1557 -10811 END
START -10136 164 32767 15733 -1431 -8727 END
START -9988 208 29076 17691 -1498 -7056 END
START -9288 200 24704 18927 -1290 -5857 END
START -8960 400 20348 19616 -878 -4903 END
START -8332 412 16560 19862 -533 -3891 END
START -7672 400 12256 19389 61 -2813 END
START -6880 544 8536 18476 624 -1983 END
START -5952 612 5004 17060 1123 -1224 END
START -5188 500 1572 14968 1360 -735 END
START -4348 104 -1024 12560 1077 -696 END
START -4028 -408 -3500 9981 606 -1042 END
START -4188 -1136 -5240 7778 -246 -1214 END
START -4556 -1836 -6708 5358 -1505 -812 END
START -4284 -2412 -8092 2554 -2879 156 END
START -3844 -2812 -8916 -819 -3525 1251 END
START -3320 -3036 -9168 -4869 -2945 2417 END
START -2536 -3756 -8652 -9156 -2034 3293 END
START -2160 -4300 -7332 -12830 -1703 3758 END
START -1664 -4844 -5768 -15674 -2405 3967 END
START -1136 -5476 -4776 -18301 -3297 3820 END
START -696 -6204 -3948 -21184 -3684 3544 END
START -332 -6824 -2688 -24161 -3547 3460 END
START 328 -7412 -1904 -27293 -3075 3194 END
START 852 -8576 -724 -30475 -2803 2454 END
START 636 -9576 688 -32768 -3060 1103 END
START -448 -10716 2440 -32768 -4335 -236 END
START -1784 -10976 6172 -32768 -7184 -855 END
START -1608 -10556 12420 -32768 -11409 482 END
START 1208 -8204 20772 -32768 -13893 3354 END
START 7116 -4784 30920 -32768 -10951 5338 END
START 13700 -1236 32767 -32768 -2745 3465 END
START 16192 264 32767 -32768 5556 -1960 END
START 14636 -160 32767 -32768 9940 -7594 END
START 10876 -1720 32767 -24670 9317 -11585 END
START 8140 -3540 32767 -12414 5212 -13802 END
START 6528 -4844 32767 -1370 2273 -15347 END
START 5000 -5632 32767 5522 3351 -15721 END
START 3000 -6460 32767 9200 6625 -14789 END
START 1264 -6624 32767 11110 9928 -12869 END
START -4 -6860 32767 12058 12436 -11196 END
START -1404 -6916 29488 12963 13491 -10306 END
START -3184 -7688 24376 14327 12598 -9904 END