START -14820 -1196 11820 18140 9512 3754 END
START -13780 -1404 9996 17804 9285 4339 END
START -15328 -928 9452 16469 8319 5602 END
START -13400 -2780 7108 14703 7530 7495 END
START -13476 -2852 5508 12659 6172 9612 END
START -12952 -3644 3736 10504 4356 12262 END
START -11732 -3704 2292 8127 3550 15243 END
START -10108 -3952 788 5713 3771 17761 END
START -8136 -4480 -952 3225 3897 19657 END
START -6524 -4564 -2456 729 2739 20749 END
START -4508 -4656 -3596 -1352 523 21016 END
START -3000 -4488 -4512 -3012 -2286 20522 END
START -1492 -4640 -5228 -4414 -5331 20050 END
START -284 -4444 -5780 -6030 -8259 20063 END
START 1400 -4176 -5680 -8289 -10154 20561 END
START 3532 -3916 -5176 -11310 -10522 21230 END
START 6144 -3408 -3784 -14869 -9960 21452 END
START 8832 -2640 -1320 -18566 -8414 20999 END
START 11132 -1544 2640 -21443 -7041 19808 END
START 14012 388 7252 -23128 -6486 18056 END
START 16364 2180 11924 -24033 -6073 15719 END
START 18868 5080 18112 -24101 -5099 12569 END
START 20988 7684 23412 -22778 -3183 8397 END
START 21912 10156 28028 -20645 -1366 3501 END
START 21764 12384 31696 -18000 281 -1887 END
START 19932 13152 32767 -15268 1504 -7121 END
START 16680 13452 32767 -12256 1611 -11855 END
START 12620 12808 32767 -9193 1312 -15353 END
START 9056 11436 32767 -5732 1018 -17610 END
START 5004 9632 32767 -2053 177 -19026 END
START 1680 7896 32767 1512 -740 -19235 END
START -940 6136 32767 5044 -1369 -18757 END
START -3100 4492 32767 8549 -1813 -17913 END
START -5052 3188 32767 11879 -1800 -16590 END
START -6444 2064 32767 14694 -1006 -14762 END
START -7012 1400 32767 16817 422 -12606 END
START -7324 768 28840 18170 1792 -10810 END
START -7412 220 24936 19324 2825 -9283 END
START -7280 -148 20732 20310 3067 -8043 END
START -6840 -624 16140 20911 2997 -7048 END
START -6368 -724 11704 20965 2699 -6162 END
START -5756 -916 7480 20185 2257 -5409 END
START -5392 -1016 3808 18390 2133 -4804 END
START -5236 -900 708 15898 2225 -3851 END
START -4988 -952 -1732 13329 2226 -2774 END
START -4680 -1428 -4052 10165 2324 -1859 END
START -4736 -2096 -5424 6805 2140 -1167 END
START -4888 -2628 -6516 3552 1644 -396 END
START -5168 -3044 -7144 724 679 588 END
START -5056 -3392 -7372 -1808 -407 1861 END
START -4680 -3728 -7456 -4673 -1486 3519 END
START -3756 -4080 -7312 -7828 -2185 4991 END
START -2828 -4292 -6732 -11257 -2429 6093 END
START -2044 -4720 -5440 -14731 -2367 6719 END
START -1476 -5256 -4176 -17881 -2183 7022 END
START -996 -6008 -2376 -20865 -1865 6819 END
START -900 -6528 -548 -23350 -1603 6476 END
START -520 -7424 1236 -25670 -1374 5817 END
START -1100 -8000 3188 -27610 -869 4761 END
START -2196 -7992 4896 -29237 -690 3987 END
START -3168 -8212 6760 -30615 -1505 3368 END
START -3636 -7780 9304 -32085 -3059 3341 END
START -2544 -5816 13376 -32768 -4790 4847 END
START 1452 -3012 19484 -32768 -4515 6418 END
START 6412 1056 27516 -32768 -1491 5859 END
START 10344 3016 32767 -32768 2593 2610 END
START 12316 3444 32767 -32768 6600 -3143 END
START 10428 2512 32767 -30238 8751 -9126 END
START 6456 1448 32767 -22021 7768 -12088 END
START 3560 292 32767 -11945 4344 -12144 END
START 2508 -80 32767 -3228 1893 -11261 END
START 2232 -440 32767 3065 964 -10607 END
START 1584 -472 32767 6916 2204 -10149 END