START -13696 4504 18352 17104 8502 -2035 END
START -13804 3852 17284 17056 8584 -1520 END
START -15780 3220 16396 16566 7575 116 END
START -15868 1300 13608 16530 8060 2851 END
START -17260 -144 11236 14595 10389 5833 END
START -17496 -1956 8536 12141 11037 9228 END
START -17400 -3732 6508 9978 9958 12403 END
START -16056 -4440 4380 8584 7912 15095 END
START -13628 -5248 1516 7894 5851 16669 END
START -11576 -6092 -1440 7403 2795 17313 END
START -9216 -7236 -5052 6301 -1171 17464 END
START -7228 -8244 -7520 4065 -4593 17689 END
START -5264 -9288 -9316 390 -6943 18684 END
START -3000 -9816 -9616 -3780 -8301 20334 END
START -544 -9764 -8648 -7861 -8490 21967 END
START 2700 -9092 -7232 -11456 -7910 23179 END
START 5928 -8300 -5448 -14743 -7765 23297 END
START 9152 -6992 -2908 -17361 -7764 21985 END
START 12584 -5060 1140 -19368 -8017 19861 END
START 15612 -2508 5956 -20832 -8257 17528 END
START 18320 480 10848 -21877 -7381 15206 END
START 21192 4608 16760 -22982 -5426 12239 END
START 23820 8988 24488 -23772 -2273 7903 END
START 24364 12956 31900 -22311 1540 2315 END
START 23484 15376 32767 -18499 4494 -3704 END
START 21036 16348 32767 -13486 4889 -9724 END
START 17060 15720 32767 -8758 3612 -15490 END
START 11680 13968 32767 -4357 1889 -20278 END
START 5724 11660 32767 231 146 -22393 END
START 108 8652 32767 4332 -1728 -21939 END
START -3280 6144 32767 7746 -2947 -20281 END
START -6408 3980 32767 10455 -2991 -18143 END
START -8668 2300 32767 13061 -1990 -15353 END
START -9676 1636 32767 15484 -537 -12273 END
START -9836 836 32767 17461 812 -9703 END
START -9556 268 29960 19211 1271 -7854 END
START -9172 -108 25432 20863 1243 -6437 END
START -8236 -424 20240 22206 1243 -5495 END
START -7624 -328 15060 22784 1531 -4614 END
START -6684 -440 9944 22557 1725 -3840 END
START -5704 -740 4536 21158 1896 -3343 END
START -5156 -1252 -96 18408 2015 -3014 END
START -5148 -1560 -3000 14972 1845 -2620 END
START -5416 -2220 -5668 11632 1729 -1843 END
START -5736 -3132 -7564 8479 1171 -832 END
START -5624 -3716 -9164 5736 119 195 END
START -5432 -4408 -10160 2743 -1183 1308 END
START -4952 -4292 -11048 -786 -2230 2660 END
START -3884 -4624 -11248 -4844 -2778 3642 END
START -3284 -4892 -10760 -8990 -3000 4234 END
START -2652 -5576 -9456 -12938 -3423 4716 END
START -2500 -6280 -8172 -16676 -4078 5297 END
START -2044 -7148 -6752 -20314 -4189 5790 END
START -1608 -8148 -4764 -23978 -3744 6030 END
START -1460 -8904 -2372 -27088 -3738 6261 END
START -880 -9380 -320 -29431 -4162 6400 END
START -184 -9544 900 -31820 -4287 6007 END
START 380 -10100 2144 -32768 -4129 4958 END
START 384 -10380 4352 -32768 -3786 3616 END
START 292 -9056 8200 -32768 -4723 3075 END
START 1556 -6524 13744 -32768 -6926 3724 END
START 5496 -4384 21808 -32768 -8382 4430 END
START 11128 -2668 31516 -32768 -4976 2085 END
START 12968 160 32767 -32768 1446 -3252 END
START 11968 144 32767 -32768 4869 -8542 END
START 9064 -824 32767 -31780 4872 -12451 END
START 5684 -3116 32767 -22206 2908 -14308 END
START 2800 -4996 32767 -12099 816 -13915 END
START 1328 -5980 32767 -4535 421 -12074 END
START 696 -6412 32767 111 2519 -9842 END
START -4 -6656 32767 2980 5696 -7814 END
START -520 -6160 32767 5986 8188 -5994 END
START -836 -5644 32767 9526 9017 -4466 END
START -744 -4772 32767 13107 8688 -3594 END