START -15484 -1384 10612 18527 6708 1757 END
START -17244 -1016 12004 18303 5197 2261 END
START -16880 -1824 9368 17785 3661 3403 END
START -16216 -2444 5320 17102 961 5614 END
START -15892 -2408 2936 15376 -881 8105 END
START -14948 -2784 584 12559 -1033 10937 END
START -13268 -3072 -1180 8656 -275 13786 END
START -12176 -3580 -2352 4783 -410 15926 END
START -10840 -4036 -2840 2144 -3054 17954 END
START -8220 -4252 -4004 845 -6432 19408 END
START -6032 -4208 -5068 -538 -9165 19530 END
START -3956 -4376 -5816 -2132 -11449 19563 END
START -1948 -4208 -6076 -4270 -13636 20204 END
START 936 -4256 -5744 -7222 -14744 21354 END
START 4224 -4280 -4392 -10666 -14087 21899 END
START 7624 -4528 -1776 -14353 -12160 21103 END
START 10012 -3824 2228 -16849 -11155 19446 END
START 12052 -3016 6272 -17724 -11019 17395 END
START 13720 -2056 10436 -17755 -10849 15480 END
START 15580 -48 14768 -17653 -10080 13853 END
START 17936 2268 19200 -17882 -7753 12125 END
START 19432 5312 23456 -18045 -3978 9605 END
START 20508 8132 27624 -17351 -298 6744 END
START 21528 10744 30724 -16026 2635 3335 END
START 21304 12796 32767 -14215 4541 -1047 END
START 19624 13736 32767 -11586 5079 -6434 END
START 16028 13788 32767 -8018 4277 -11688 END
START 12184 12632 32767 -3839 2671 -15676 END
START 8232 10728 32767 -339 1258 -18324 END
START 4152 8288 32767 2147 486 -19480 END
START 432 6288 32767 3879 684 -19355 END
START -2948 3784 32767 5634 922 -18252 END
START -5788 1440 32767 7825 799 -16207 END
START -7184 96 32767 10375 677 -13888 END
START -7532 -424 32767 12950 635 -12067 END
START -7484 -948 29280 15262 398 -10765 END
START -7496 -976 25376 16994 145 -9738 END
START -7312 -924 21604 18130 51 -8768 END
START -6716 -644 17564 18483 671 -7961 END
START -6068 -436 12776 17885 2013 -7220 END
START -5572 -704 8916 16474 2964 -6471 END
START -5288 -912 5796 14693 3057 -5745 END
START -4836 -992 2856 12857 2379 -5038 END
START -4352 -1056 644 10956 1894 -4517 END
START -4336 -1536 -1216 8813 2090 -4269 END
START -4932 -2000 -3164 6478 2145 -3948 END
START -5972 -2912 -4620 3966 1485 -2932 END
START -6340 -3452 -5656 1294 431 -1274 END
START -6108 -3816 -6344 -1650 -430 471 END
START -5696 -4004 -6332 -4635 -1170 2118 END
START -4712 -4252 -6052 -7748 -1767 3597 END
START -3688 -5172 -4960 -10867 -2074 4565 END
START -3144 -5880 -3596 -13920 -2191 5156 END
START -3152 -7128 -1540 -16552 -2376 5263 END
START -4024 -7684 588 -18130 -3464 5570 END
START -4772 -7764 1768 -18776 -4874 6829 END
START -4416 -8276 2592 -20206 -5677 8277 END
START -3504 -8712 3820 -23186 -5403 9868 END
START -2424 -8212 6024 -26812 -4186 11618 END
START -512 -7524 9292 -30184 -2308 12545 END
START 1312 -5396 13280 -32523 -900 12469 END
START 3120 -3112 18036 -32768 -399 11778 END
START 4492 -444 23184 -32768 -470 10726 END
START 6776 2128 28504 -32768 466 9428 END
START 9984 4188 32767 -32768 4165 6249 END
START 10700 4972 32767 -32768 8730 2198 END
START 10260 3920 32767 -30975 10855 -1345 END
START 9300 968 32767 -26048 10204 -4713 END
START 7180 -1808 32767 -19286 8189 -7848 END
START 4528 -3500 32767 -10685 5532 -9705 END
START 2472 -4604 32767 -1855 3044 -10117 END
START 1800 -4880 32767 4655 2634 -9789 END
START 1152 -4860 32767 8409 4028 -9162 END