START -15052 -784 12332 20443 6093 4757 END
START -14444 -1148 11112 20105 4700 5099 END
START -14752 -1564 9892 19389 3826 5726 END
START -14288 -2284 7092 18347 3089 7148 END
START -14316 -2024 5072 16214 2321 8976 END
START -13288 -2624 2620 13281 2229 11353 END
START -11700 -2580 856 9827 2686 14114 END
START -10060 -2864 -376 6649 2428 16066 END
START -7776 -3348 -1496 4329 879 17308 END
START -5596 -3380 -2552 2851 -1164 17509 END
START -3388 -3596 -3828 1436 -3608 16997 END
START -1144 -3764 -4944 -441 -6173 16238 END
START 512 -3352 -5088 -2921 -8243 15874 END
START 1964 -2976 -4816 -5351 -9280 16087 END
START 3988 -2432 -3800 -8032 -9553 16612 END
START 6092 -1740 -2624 -10907 -9252 16820 END
START 7964 -1064 -688 -13872 -8728 16423 END
START 10352 -536 2544 -16122 -8429 15331 END
START 12220 416 6156 -17328 -8174 13698 END
START 14048 1768 10356 -17844 -8396 11592 END
START 15556 3396 15072 -18305 -8117 9495 END
START 16788 5708 20380 -18482 -6678 7406 END
START 18028 8784 26112 -17870 -4013 5072 END
START 18648 10916 30388 -16072 -644 1625 END
START 18132 12360 32767 -13698 2409 -2804 END
START 15936 13000 32767 -10886 3944 -7576 END
START 12376 12760 32767 -7551 3608 -11771 END
START 8380 11472 32767 -3757 2326 -14833 END
START 4092 10016 32767 -326 1280 -16713 END
START 520 8392 32767 2404 544 -17295 END
START -2444 6720 32767 4657 102 -16839 END
START -4676 5156 32767 6770 -296 -15539 END
START -6324 3924 32767 8877 -464 -13897 END
START -7152 2904 31684 10814 -90 -12355 END
START -7744 2088 28888 12381 486 -11098 END
START -8140 1500 25960 13822 556 -9858 END
START -8008 920 22632 15031 106 -8720 END
START -7452 772 19332 15828 -109 -7734 END
START -7160 584 15424 16277 99 -6838 END
START -6700 344 11840 15974 447 -5970 END
START -6052 160 7996 14813 665 -5048 END
START -5540 -40 4884 12960 820 -4270 END
START -5216 -304 2600 10526 1023 -3522 END
START -5172 -748 464 7993 1493 -2826 END
START -5344 -1596 -988 5685 1907 -2171 END
START -5780 -2456 -2772 3493 1354 -1309 END
START -6000 -3312 -3980 1235 490 -126 END
START -6024 -3768 -4748 -1088 -369 1251 END
START -5536 -4124 -5284 -3640 -1153 2759 END
START -5000 -4108 -5556 -6592 -1694 4180 END
START -4340 -4008 -5364 -9379 -2040 5376 END
START -3572 -3904 -4928 -12121 -2533 6347 END
START -2948 -3924 -4704 -15012 -2986 6866 END
START -2648 -4132 -3760 -17726 -3517 7061 END
START -2796 -4728 -2868 -19935 -4729 7091 END
START -2836 -5856 -1372 -21964 -6640 7082 END
START -2692 -7428 1416 -23980 -8353 7143 END
START -2152 -8268 5512 -25939 -9399 7910 END
START -1008 -7568 10876 -27890 -9204 9347 END
START 1548 -5316 17900 -30119 -7960 11523 END
START 5548 -2056 25696 -32480 -4595 12835 END
START 10644 2348 32767 -32768 1296 10890 END
START 12792 4724 32767 -32619 8177 5763 END
START 12168 5816 32767 -28767 11174 320 END
START 10568 5416 32767 -22799 10289 -3942 END
START 8684 4640 32767 -15489 7931 -6981 END
START 6960 3776 32767 -7857 6293 -8981 END
START 5728 2908 32767 -1538 5431 -10070 END
START 4380 1892 32767 2878 5746 -10414 END
START 3340 996 32767 5981 6741 -10360 END
START 2424 132 32767 8251 7594 -10263 END
START 1556 -420 32767 10328 7686 -10194 END
START 620 -1252 31624 12671 6946 -10357 END