START -10068 -420 6952 9547 1352 10603 END
START -9664 -460 5776 8881 -161 10953 END
START -10816 -376 5948 7375 -578 11433 END
START -7936 -1420 4180 5685 -917 12812 END
START -6876 -1516 2660 3165 -114 14147 END
START -5052 -2048 940 856 484 14612 END
START -3916 -2620 96 -725 -93 14442 END
START -2700 -3632 -920 -1525 -1989 13782 END
START -2088 -4488 -1528 -2075 -5747 12654 END
START -1368 -5192 -2300 -2919 -9211 12417 END
START -256 -5412 -2172 -4650 -11057 13280 END
START 1384 -5304 -1080 -7016 -10865 14729 END
START 3396 -5016 356 -9519 -10142 15927 END
START 5584 -4360 2600 -11798 -9591 16758 END
START 7752 -3256 5708 -13971 -9051 16698 END
START 9832 -1168 9652 -15226 -8629 16190 END
START 11916 1940 13800 -15969 -8085 15667 END
START 14612 5648 18052 -16590 -6625 14643 END
START 17776 9708 23120 -16951 -3924 12306 END
START 19872 13260 28164 -16429 -695 8516 END
START 21016 15828 32508 -14839 2028 3704 END
START 20864 17252 32767 -12184 4326 -2250 END
START 18476 17552 32767 -8225 5286 -8596 END
START 14420 16516 32767 -3557 3996 -13669 END
START 10020 14468 32767 1162 1931 -17366 END
START 5776 11716 32767 4798 491 -19534 END
START 2116 8768 32767 6907 184 -20212 END
START -1760 5708 32767 7801 667 -19332 END
START -4288 3204 32767 8764 1060 -17696 END
START -6044 1136 31308 10350 1297 -15897 END
START -7260 -216 28696 12505 1292 -14020 END
START -7676 -844 25056 14481 793 -12221 END
START -7620 -1120 20808 15741 230 -10739 END
START -7032 -1132 16408 16139 434 -9521 END
START -6812 -1360 12132 15560 1151 -8594 END
START -6740 -1632 8280 14240 1195 -7571 END
START -6380 -1860 4672 12654 641 -6496 END
START -6232 -2204 2032 10336 586 -5561 END
START -6540 -2664 -124 7557 1531 -4672 END
START -7168 -3408 -1820 4943 2206 -3591 END
START -7928 -3940 -3256 2651 1570 -2210 END
START -7996 -4332 -4464 450 310 -524 END
START -7516 -4528 -5340 -1915 -555 1116 END
START -6676 -4936 -5644 -4842 -908 2697 END
START -5644 -5340 -5484 -7901 -1272 4003 END
START -4984 -5908 -4488 -10742 -2113 4825 END
START -4524 -6584 -2964 -13093 -3049 5588 END
START -4188 -7300 -1676 -15343 -3394 6052 END
START -4664 -8060 -244 -17282 -3905 6628 END
START -4852 -8884 1056 -19065 -4635 7584 END
START -5284 -9304 2076 -21189 -4680 8477 END
START -5648 -9480 3696 -23281 -4555 9081 END
START -5296 -9580 6288 -24963 -5344 9176 END
START -4136 -7452 10856 -26843 -6246 9122 END
START -700 -2124 18540 -29792 -6839 11495 END
START 6244 6152 28428 -32768 -3280 14991 END
START 13840 11932 32767 -32768 4804 14549 END
START 19216 15048 32767 -32768 16455 7433 END
START 17176 15560 32767 -31673 22609 -2861 END
START 10620 12668 32767 -18955 18633 -11303 END
START 6232 9448 32767 -3376 9090 -16431 END
START 4164 6112 32767 7881 2806 -19529 END
START 1592 2756 32767 14065 471 -20789 END
START -1632 736 32767 16411 2403 -19277 END
START -3428 -760 32767 17393 6290 -15898 END