START -16432 -564 9888 19782 11718 -1330 END
START -16300 -576 8812 19087 10126 -232 END
START -17416 -104 7596 17388 9673 2172 END
START -16192 -1588 4960 15792 8796 5992 END
START -15580 -2012 2856 13000 8367 9115 END
START -13984 -2368 612 9053 8513 11511 END
START -12776 -2600 -1056 4658 7625 13843 END
START -11252 -3196 -1764 228 5018 15862 END
START -9856 -3428 -1660 -2840 1645 17803 END
START -7704 -3456 -1748 -4856 -1571 19571 END
START -4872 -3720 -1952 -6687 -3686 20682 END
START -2248 -3752 -1768 -8312 -4799 21157 END
START 144 -3636 -1812 -9951 -6439 21153 END
START 2312 -3576 -1568 -11742 -8992 20905 END
START 4488 -3220 -952 -13549 -11499 20443 END
START 6660 -2664 368 -15122 -12190 19539 END
START 8476 -2212 1840 -16671 -11841 18326 END
START 9748 -1128 4060 -18404 -11696 17166 END
START 11316 -772 6500 -20164 -11319 16173 END
START 12848 228 9916 -21830 -10883 15001 END
START 14728 1724 14228 -23117 -9822 13649 END
START 15720 3932 19268 -23858 -8263 11464 END
START 17160 6200 24348 -23178 -6671 8884 END
START 18060 8992 29336 -21489 -4721 5426 END
START 18264 11332 32767 -18999 -2539 1511 END
START 17344 12932 32767 -15681 -746 -2752 END
START 16040 13844 32767 -11438 131 -7505 END
START 13480 13516 32767 -6850 270 -12852 END
START 9184 12180 32767 -2156 -601 -17444 END
START 4524 10232 32767 1988 -1792 -20148 END
START -496 7764 32767 5801 -2250 -20849 END
START -4228 5708 32767 9334 -2201 -19737 END
START -6908 3496 32767 12431 -1642 -17760 END
START -8900 1640 32767 14965 -915 -15332 END
START -9888 568 32767 17075 -471 -12888 END
START -9900 -48 29652 18719 -295 -10924 END
START -9884 -480 25440 19867 165 -9539 END
START -9608 -456 21636 20831 484 -8051 END
START -9016 -564 16968 21159 628 -6696 END
START -8192 -652 12464 20787 742 -5504 END
START -7268 -888 8224 19688 697 -4444 END
START -6640 -1116 4752 18011 529 -3390 END
START -6092 -1208 1592 15779 702 -2351 END
START -5956 -1572 -1040 13383 1016 -1447 END
START -6448 -2352 -3552 10761 829 -1057 END
START -7340 -3340 -5784 8398 -525 -723 END
START -8560 -4544 -7924 6131 -2892 100 END
START -9148 -5248 -9048 3352 -5365 1990 END
START -8624 -5776 -9876 -285 -7246 4963 END
START -7144 -5900 -9752 -4683 -8139 8333 END
START -4584 -6136 -8732 -9427 -7741 10956 END
START -1956 -6680 -7000 -13714 -6702 12047 END
START -96 -7292 -4328 -17084 -6400 11641 END
START 560 -7920 -1804 -18867 -7554 11236 END
START 932 -8556 172 -19818 -8901 11082 END
START 1136 -9024 1596 -20895 -9143 11057 END
START 632 -9724 2428 -22995 -8240 11203 END
START -56 -9840 3640 -25736 -6843 11612 END
START -308 -9668 5628 -28671 -5760 12447 END
START 428 -7796 9148 -31730 -4686 13632 END
START 1944 -4928 13444 -32768 -3442 15064 END
START 5092 -564 20224 -32768 -1875 16097 END
START 10148 2816 27708 -32768 1134 14337 END
START 14000 6260 32767 -32768 6202 9185 END
START 14836 7628 32767 -32768 9981 2718 END
START 14004 7060 32767 -29474 10418 -2988 END
START 12728 4828 32767 -22825 8798 -7448 END
START 10548 2756 32767 -16019 7131 -9853 END
START 9188 1364 32767 -9314 6087 -10150 END
START 8784 508 32767 -3547 7663 -9714 END
START 8548 -100 32767 551 10682 -9698 END
START 7760 -1064 32767 3625 13242 -10126 END
START 6196 -1700 32767 6896 14058 -10755 END