START -19452 -3016 4436 17494 12449 2032 END
START -21864 -2728 6604 15852 11395 3491 END
START -20716 -3928 3856 11830 11322 6974 END
START -18068 -5364 1504 6673 10900 12222 END
START -16784 -5812 1304 2887 9280 16589 END
START -13964 -6624 968 1082 7543 19731 END
START -11636 -6712 756 448 4958 21374 END
START -9180 -7096 36 367 1485 21964 END
START -7020 -6984 -820 183 -2420 21954 END
START -4644 -6688 -2076 -469 -5790 21945 END
START -2772 -6640 -3336 -2104 -7366 22275 END
START -852 -6460 -4388 -5162 -7710 23012 END
START 1048 -6196 -4584 -9055 -7548 23755 END
START 3344 -5788 -3852 -12702 -7403 24071 END
START 5668 -5040 -2408 -15739 -7432 23787 END
START 7732 -4152 -600 -17847 -7971 22948 END
START 10088 -3052 1692 -19145 -9187 21486 END
START 12692 -1244 4472 -19970 -10145 19460 END
START 14704 1152 7628 -20732 -11197 17257 END
START 18052 4060 11696 -21795 -11102 15151 END
START 20848 7164 16304 -23039 -8183 12269 END
START 22688 9736 21512 -23836 -4078 8323 END
START 23264 11720 26132 -23697 -876 3523 END
START 22748 12956 30220 -22273 1222 -1741 END
START 20888 13452 32767 -19752 2359 -7580 END
START 17448 13064 32767 -16266 2275 -12949 END
START 12740 11484 32767 -12184 1299 -17122 END
START 7544 9288 32767 -8162 -312 -19799 END
START 3560 6892 32767 -4685 -1711 -20656 END
START -888 4692 32767 -1047 -2263 -20167 END
START -4300 3040 32767 2931 -2047 -18906 END
START -6704 1936 32767 7038 -1859 -17091 END
START -8280 1008 32767 10659 -1822 -15214 END
START -9112 376 32767 13893 -1744 -13540 END
START -9604 -252 32767 17151 -1260 -12175 END
START -9896 -736 30360 19845 -666 -10820 END
START -9696 -924 25888 21713 -399 -9412 END
START -9360 -1160 21356 22550 -34 -8103 END
START -8992 -896 17176 22522 561 -6469 END
START -8332 -960 12496 21839 1510 -4852 END
START -7236 -992 8332 20379 2521 -3290 END
START -6156 -1808 4672 18576 3051 -2220 END
START -5184 -2816 1252 16778 2934 -1733 END
START -4704 -3956 -2084 15171 1791 -1537 END
START -4824 -4976 -5260 13941 -403 -1524 END
START -5368 -5876 -8608 12720 -3553 -1162 END
START -5628 -6220 -11320 10158 -6738 39 END
START -5604 -6404 -13252 6178 -8403 2338 END
START -5088 -6204 -14224 754 -8551 5261 END
START -3788 -6176 -14292 -5408 -7226 8054 END
START -2068 -5964 -13160 -11623 -5275 10005 END
START -732 -6460 -10852 -17082 -4253 10775 END
START 536 -6856 -7716 -20887 -4744 10432 END
START 1152 -7552 -4520 -23548 -5481 9274 END
START 828 -7932 -1256 -25742 -6046 8165 END
START 440 -8712 1592 -27973 -6181 7499 END
START -76 -8624 4984 -30541 -6378 7586 END
START -64 -7936 8976 -32768 -6580 8324 END
START 1412 -5680 14156 -32768 -6923 9324 END
START 4568 -2764 20932 -32768 -6854 10001 END
START 9212 568 29184 -32768 -4492 9562 END
START 14464 1760 32767 -32768 2175 5817 END
START 15160 2480 32767 -32768 10692 -449 END
START 11932 2636 32767 -32768 15658 -5152 END
START 8192 2328 32767 -28860 15167 -6715 END
START 6720 2072 32767 -19200 11854 -6987 END
START 6212 2360 32767 -8950 8048 -8317 END
START 6012 2108 32767 -482 4452 -9951 END
START 5396 2012 32767 5413 2739 -11178 END
START 4884 1832 32767 10013 3021 -11874 END