START -17472 -2964 9916 19738 7863 6335 END
START -18592 -2912 9572 19264 7014 7261 END
START -18308 -3084 8700 18204 6282 9681 END
START -17044 -4144 5804 16381 5223 14229 END
START -15192 -4056 3428 13893 4618 17813 END
START -12680 -4144 1112 11662 4287 20012 END
START -10260 -3560 -1748 9974 3045 20856 END
START -7508 -3688 -5004 8654 985 20456 END
START -5408 -4480 -7900 7101 -2284 19147 END
START -3916 -5136 -10112 4645 -6514 18011 END
START -2168 -5688 -10860 1504 -9719 18087 END
START 104 -6152 -11224 -2509 -10169 19128 END
START 2108 -5960 -11044 -7126 -9124 20670 END
START 4924 -5228 -9860 -12206 -7758 21944 END
START 8092 -4424 -7844 -16998 -6479 21789 END
START 10908 -3060 -5012 -20642 -6344 19613 END
START 13032 -1400 -960 -22577 -6519 16441 END
START 14304 -136 3000 -23372 -7252 13368 END
START 15704 1468 7328 -23776 -7810 11291 END
START 17464 4248 12144 -24797 -7373 9538 END
START 19768 7132 18152 -26299 -5083 6939 END
START 20876 10488 24588 -26729 -1858 2893 END
START 20760 13184 30672 -25439 603 -2744 END
START 18864 14120 32767 -23502 1912 -8488 END
START 16068 14160 32767 -20237 2045 -13389 END
START 12584 12044 32767 -16111 2318 -17342 END
START 7596 9168 32767 -10736 1884 -19947 END
START 2464 6108 32767 -4001 332 -20967 END
START -1492 3740 32767 2568 -774 -20936 END
START -5552 1508 32767 8310 -1435 -19782 END
START -8360 184 32767 13208 -1726 -17505 END
START -10072 -604 32767 16572 -951 -14865 END
START -11140 -1108 32767 19056 -50 -12062 END
START -11340 -1008 32767 20907 1347 -9476 END
START -11168 -1460 28068 21977 3051 -7456 END
START -11044 -1656 23040 22688 3589 -5406 END
START -10184 -1316 17600 23169 3400 -3584 END
START -8972 -1000 12404 23232 3315 -2222 END
START -7556 -780 7452 22624 2978 -1361 END
START -6204 -1152 2472 21158 1951 -1177 END
START -5288 -1220 -1216 18934 626 -1322 END
START -4920 -1476 -4328 16381 -475 -1396 END
START -4536 -2368 -7148 13232 -1006 -1271 END
START -4472 -3192 -9232 9584 -1169 -783 END
START -4524 -4044 -10796 5670 -1735 463 END
START -4176 -4488 -11568 1624 -2348 2203 END
START -3368 -4436 -11844 -2668 -2617 4099 END
START -2584 -4464 -11680 -7108 -2315 5448 END
START -1496 -4528 -10752 -11450 -2045 6049 END
START -576 -4796 -9580 -15676 -1899 5809 END
START -136 -5396 -7688 -19204 -2278 5137 END
START 280 -6304 -5220 -22273 -2489 4238 END
START -40 -7168 -2980 -24730 -2710 3604 END
START -416 -8276 -612 -27060 -3157 3316 END
START -916 -9008 1144 -29715 -2789 3376 END
START -1888 -9860 2416 -32666 -2003 3381 END
START -3284 -10536 4244 -32768 -1711 3001 END
START -4672 -10488 6664 -32768 -3151 2632 END
START -5156 -9280 11168 -32768 -6075 3845 END
START -2688 -6244 17400 -32768 -8427 6793 END
START 2980 -4316 25416 -32768 -7856 8932 END
START 8760 -3632 32767 -32768 -2227 6208 END
START 9472 -2916 32767 -32768 4068 623 END
START 7980 -2680 32767 -32768 6358 -3585 END
START 6120 -3220 32767 -29963 5260 -6211 END
START 5180 -2932 32767 -19386 2873 -7130 END
START 5276 -2896 32767 -10209 2135 -7801 END
START 4664 -2980 32767 -3131 3073 -8154 END
START 3868 -3472 32767 2316 4170 -8077 END
START 3348 -3968 32767 7151 5143 -7914 END
START 2632 -4348 32767 11887 5611 -7982 END
START 2232 -4792 32767 15992 5075 -8329 END
START 1820 -5028 31756 18751 4577 -8831 END
START 1224 -5344 26476 20301 4661 -9459 END
START -84 -6204 21384 20610 5105 -9637 END