START -14428 1236 16064 19090 8364 293 END
START -14908 1464 14572 18545 7385 1044 END
START -16112 864 13468 17401 8339 2512 END
START -16816 -464 11480 15445 9861 5665 END
START -17044 -968 9436 12694 11098 8965 END
START -16684 -2116 7400 10610 10822 11772 END
START -15504 -2876 5904 9439 8804 13815 END
START -13964 -3432 4288 8855 6140 15340 END
START -12228 -3824 2260 8269 3436 15858 END
START -10516 -4268 456 7389 1418 15795 END
START -9216 -4780 -1440 6107 408 15619 END
START -7700 -5436 -3512 4074 361 15822 END
START -6008 -6312 -5400 1165 360 16356 END
START -4244 -6968 -6388 -2258 40 17078 END
START -2564 -7684 -6732 -5774 -714 17615 END
START -736 -7628 -6000 -8622 -1811 18198 END
START 1276 -7176 -4760 -10679 -2963 19062 END
START 4020 -6112 -4100 -12651 -3932 19656 END
START 7508 -4536 -2224 -14811 -4426 19522 END
START 11348 -2140 788 -17043 -4936 18870 END
START 15364 8 4368 -18883 -4790 17671 END
START 18856 2336 8420 -20322 -3817 15475 END
START 22312 4616 13292 -21664 -1727 11860 END
START 24592 7228 19056 -22230 1144 6604 END
START 24948 9196 23496 -21190 3336 1072 END
START 23984 10928 27192 -18796 4397 -4534 END
START 20952 12004 29484 -15915 3900 -9983 END
START 16940 12644 30836 -13641 2148 -14380 END
START 12420 12744 32767 -11827 220 -17485 END
START 7996 12308 32767 -10652 195 -19319 END
START 3392 10816 32767 -9510 735 -20065 END
START -796 8040 32767 -7804 186 -20143 END
START -4592 5188 32767 -5215 -458 -19933 END
START -8616 2720 32767 -941 -1383 -18747 END
START -11692 880 32767 4619 -2611 -16619 END
START -12884 -428 32767 9902 -3287 -14125 END
START -13312 -1452 32767 13446 -2026 -11658 END
START -13504 -2064 32767 15821 -329 -8838 END
START -13192 -2144 30536 17668 593 -6074 END
START -12116 -1968 25880 19316 920 -3847 END
START -10772 -1580 21164 20522 1061 -2309 END
START -9208 -1092 15956 21023 974 -1335 END
START -8004 -624 11584 20882 898 -776 END
START -6600 -296 7640 20262 886 -434 END
START -5660 -404 3960 18934 725 -314 END
START -4968 -572 772 16850 303 -242 END
START -4668 -812 -1708 14508 -265 -26 END
START -4432 -1336 -3840 12128 -843 403 END
START -4304 -1944 -5656 9368 -1405 1085 END
START -3888 -2436 -7096 6240 -2411 1967 END
START -3492 -2968 -7740 2951 -3176 2994 END
START -2916 -3444 -8228 -401 -3785 3945 END
START -2272 -3956 -8112 -3934 -4304 4860 END
START -1552 -4476 -7616 -7592 -4426 5578 END
START -1036 -5040 -6912 -11282 -4402 6107 END
START -720 -5644 -6036 -15127 -4369 6570 END
START -544 -6120 -4480 -18574 -4487 6997 END
START -572 -6504 -3044 -21643 -4573 7464 END
START -148 -6988 -1260 -24517 -4784 7922 END
START 536 -7560 496 -27423 -4743 7646 END
START 680 -8184 2448 -29818 -4713 6647 END
START -296 -8632 4916 -31680 -5479 5374 END
START -956 -8532 8256 -32768 -7563 4699 END
START -1104 -6736 12780 -32768 -10535 5527 END
START 1452 -2180 19560 -32768 -13395 8115 END
START 7732 1704 26944 -32768 -12879 9688 END
START 14996 3964 32767 -32768 -5961 6245 END
START 17336 5136 32767 -32768 3059 -488 END
START 15116 5180 32767 -32743 8751 -6132 END
START 11496 3036 32767 -24714 10598 -9750 END
START 7980 740 32767 -14558 9156 -11683 END
START 5960 -1180 32767 -4924 6507 -13087 END
START 4700 -2276 32767 3019 4726 -14410 END
START 3004 -3048 32767 8196 4547 -14813 END
START 1332 -3276 32767 11582 5643 -13903 END
START 604 -3188 32767 13258 7680 -12373 END