START -10868 6612 15184 13182 -712 -2940 END
START -13760 6828 16420 13810 -1469 -2827 END
START -13936 6756 15844 14239 -2728 -2357 END
START -13908 5156 14172 14860 -4037 -1048 END
START -14324 4612 12828 14822 -4187 174 END
START -14228 3368 11896 14349 -3368 1419 END
START -14272 2824 10180 13497 -2204 2953 END
START -13964 1984 9292 11992 -2217 4400 END
START -13568 1620 8340 10747 -2170 5660 END
START -12804 1656 7512 9562 -1859 7161 END
START -12056 1820 6732 8713 -1911 9099 END
START -10512 2280 5704 8286 -2440 11038 END
START -7904 2452 4248 7909 -2417 11955 END
START -5832 2756 2244 7200 -2088 11263 END
START -4752 2204 236 5594 -2374 9600 END
START -4356 1572 -1372 3567 -3725 8401 END
START -4108 1060 -2412 894 -4794 8143 END
START -3868 436 -2640 -2160 -4938 9018 END
START -2804 132 -2380 -5616 -4305 10744 END
START -932 -560 -1616 -9327 -3514 12414 END
START 1164 56 172 -12374 -2552 13444 END
START 3572 20 1912 -14205 -2100 13014 END
START 5220 588 3652 -15029 -2390 11603 END
START 6768 1132 5116 -14837 -3213 9722 END
START 7704 1560 5752 -14819 -3839 8058 END
START 8308 1940 5868 -15570 -3722 6720 END
START 9148 2340 6564 -17193 -2774 5616 END
START 9696 2728 7432 -19356 -1044 4225 END
START 9980 3276 9320 -21485 629 2544 END
START 9516 4188 11552 -23240 1625 900 END
START 9156 5520 14472 -24304 2032 -936 END
START 8160 7352 17728 -24843 2212 -2937 END
START 7052 9372 21348 -24826 1873 -4804 END
START 6556 10640 25164 -24624 2410 -7233 END
START 5348 10592 29260 -24346 3442 -10624 END
START 2732 9280 32767 -23406 3485 -13825 END
START -232 7280 32767 -20904 2494 -15573 END
START -3148 4916 32767 -16261 1216 -16054 END
START -6448 2608 32767 -9681 -73 -15222 END
START -8160 992 32767 -3264 -1113 -14065 END
START -9520 -1212 32767 1802 -457 -12875 END
START -11420 -2412 32767 5609 1332 -11524 END
START -13204 -3024 32767 9221 2816 -9297 END
START -14388 -3136 32767 12768 3581 -6488 END
START -14440 -3116 32767 16481 3545 -3597 END
START -13332 -2560 32767 19758 3315 -1303 END
START -11712 -2148 29540 22370 3030 31 END
START -10292 -1712 25560 24282 2457 436 END
START -9032 -1368 21448 25555 2109 509 END
START -8092 -1140 17932 26092 2083 565 END
START -7264 -1032 14172 25852 2462 860 END
START -6536 -852 11192 24990 2768 1268 END
START -5904 -448 8164 23951 2619 1785 END
START -4964 -236 5616 22808 2097 2193 END
START -3896 148 2780 21329 1442 2209 END
START -3236 308 588 19569 663 1983 END
START -2636 688 -1024 17639 -77 1709 END
START -2032 632 -2652 15206 -584 1337 END
START -1708 628 -3804 12585 -1119 1236 END
START -1192 464 -5112 9908 -1574 1267 END
START -480 -168 -5860 6988 -1914 1139 END
START 32 -456 -6604 3740 -2273 877 END
START 480 -680 -6380 832 -2463 753 END
START 736 -1012 -6232 -1861 -2631 732 END
START 1088 -1216 -5592 -4473 -2814 780 END
START 1380 -1396 -5336 -6780 -3156 775 END
START 1604 -1588 -4968 -9089 -3413 744 END
START 2148 -1856 -4788 -11658 -3268 585 END
START 2564 -2224 -4460 -14649 -2616 89 END
START 2688 -2872 -3976 -17641 -2130 -552 END
START 2428 -3764 -3244 -20514 -1980 -1308 END
START 2312 -4896 -2404 -23432 -1651 -2294 END
START 1748 -6516 -1268 -26413 -1520 -3465 END
START 984 -7956 -52 -29264 -1536 -4592 END
START -320 -9752 1368 -31423 -2050 -5492 END
START -2012 -10956 2992 -32768 -3616 -6126 END
START -3700 -12024 5508 -32768 -6075 -6044 END
START -4612 -12160 8516 -32768 -7944 -4968 END
START -4708 -11604 13932 -32768 -8607 -2969 END
START -3392 -10464 22212 -32768 -7098 -1391 END
START -2460 -8204 31712 -32768 -4559 -1268 END
START -1632 -6888 32767 -32768 -2557 -2115 END
START -660 -5620 32767 -32768 -1350 -3725 END
START -636 -5532 32767 -32768 -68 -5583 END
START -1548 -5956 32767 -25816 677 -6885 END
START -2652 -6784 32767 -17596 906 -7295 END
START -3524 -7804 32767 -10039 1342 -6945 END
START -4192 -7984 32767 -2978 2156 -5852 END
START -4616 -8112 32767 3061 3555 -4268 END
START -4584 -7920 32767 7831 4998 -2690 END
START -4292 -7720 32767 11112 6639 -1235 END
START -4196 -7136 32767 14795 6608 -89 END
START -3652 -7144 32767 18224 5928 452 END
START -3240 -7308 29180 20869 4897 608 END
START -3244 -7264 25124 22746 3665 536 END
START -3128 -7152 21288 24006 2761 177 END
START -2792 -7208 17856 24747 2643 -546 END