START -14452 2040 14484 10091 -1131 3339 END
START -14956 2144 13660 9972 -1530 3773 END
START -14340 1848 13168 9332 -2287 4809 END
START -14740 128 12608 8743 -2460 6702 END
START -14840 756 12600 8269 -2267 8833 END
START -14496 180 11816 7917 -2280 10864 END
START -13220 -64 11272 7371 -2663 12743 END
START -11968 48 10776 7063 -2894 14207 END
START -11200 516 10356 7051 -3803 15452 END
START -9332 612 9508 7123 -4725 16397 END
START -7292 1180 8132 7034 -5585 16613 END
START -5788 1680 7360 6729 -5998 16063 END
START -4376 1552 5300 6103 -5904 14824 END
START -3772 1344 3112 4896 -6062 13477 END
START -3632 624 1276 2968 -6213 12397 END
START -3924 -24 -296 246 -6019 12080 END
START -3844 -808 -1180 -2672 -5749 12547 END
START -3444 -1320 -1652 -6039 -5103 13639 END
START -2100 -2052 -1824 -9311 -4787 14679 END
START -496 -1956 -1944 -12621 -4321 15222 END
START 1708 -3180 -160 -15814 -3635 14209 END
START 2280 -2748 2120 -17825 -3311 12992 END
START 3300 -1868 4760 -18994 -4867 12255 END
START 4800 -1204 7368 -19375 -5800 12112 END
START 6912 44 9448 -19997 -5194 11521 END
START 8644 800 11516 -21026 -3792 10087 END
START 9584 2012 14544 -22270 -2583 8223 END
START 10592 3680 18200 -23266 -1050 5826 END
START 11380 6004 22380 -23622 594 2780 END
START 11084 7872 26056 -23355 1635 -532 END
START 10548 9528 30744 -21978 2043 -4018 END
START 9688 10432 32767 -19635 2226 -7364 END
START 8200 9900 32767 -16912 2464 -10294 END
START 6064 8156 32767 -13972 2922 -12953 END
START 2724 6004 32767 -10147 3417 -14621 END
START -748 3916 32767 -4648 3027 -15002 END
START -3444 2284 32767 1762 1970 -14382 END
START -5412 920 32767 7957 403 -13269 END
START -6516 -292 32767 12551 -1073 -12231 END
START -7556 -800 32767 16189 -1341 -10846 END
START -7880 -1156 32767 19045 -1288 -9235 END
START -7816 -1268 32767 21562 -1148 -7496 END
START -7212 -1216 29548 23693 -842 -6286 END
START -6652 -1040 25264 25198 -715 -5595 END
START -6212 -1096 21400 26199 -963 -5451 END
START -5856 -912 17784 26849 -1146 -5450 END
START -5092 -680 13748 26911 -778 -5844 END
START -4820 -744 9828 25728 483 -6462 END
START -5164 -748 6540 23899 1338 -6483 END
START -4944 -1124 3428 21532 1783 -6001 END
START -4868 -1104 828 18491 2124 -5194 END
START -4480 -1396 -948 15316 2333 -4176 END
START -3720 -1380 -2600 11789 2630 -3150 END
START -3004 -2032 -3524 7736 3342 -2413 END
START -2808 -2780 -3920 4214 4019 -2100 END
START -3284 -3748 -4472 1626 4048 -2035 END
START -4280 -5072 -5516 -559 3171 -2169 END
START -5796 -5748 -5872 -2645 1528 -1802 END
START -6476 -5928 -6564 -4964 -256 -479 END
START -6396 -6312 -6676 -7720 -1596 1645 END
START -5288 -6644 -5728 -11049 -2047 3615 END
START -4356 -7112 -4360 -14379 -1643 4882 END
START -3316 -7596 -2480 -17084 -1433 5477 END
START -2760 -8028 -680 -19517 -1225 5581 END
START -2576 -8228 540 -21634 -1002 5570 END
START -2456 -8472 1680 -23668 -637 5437 END
START -2820 -8436 2704 -25780 -39 5176 END
START -3308 -8552 3024 -28010 239 4795 END
START -3916 -9152 3568 -30822 -667 3759 END
START -4780 -9536 4792 -32768 -2244 2466 END
START -5020 -10256 8140 -32768 -4002 1707 END
START -5044 -9900 12760 -32768 -5433 2285 END
START -3168 -7656 19120 -32768 -6900 4863 END
START 2312 -4756 28448 -32768 -6451 6933 END
START 8808 -3004 32767 -32768 104 2747 END
START 8480 -492 32767 -32768 7274 -3322 END
START 5672 180 32767 -32768 9963 -6779 END
START 3296 496 32767 -29302 9158 -8489 END
START 1788 96 32767 -19094 6345 -9486 END
START 472 -1020 32767 -9168 3277 -10319 END
START -400 -2316 32767 -1037 1282 -11047 END
START -1464 -3860 32767 4137 1347 -11303 END
START -2940 -5404 32767 7391 2694 -10437 END
START -4192 -6696 32767 9784 4495 -8632 END
START -4824 -7648 32767 12049 5828 -6771 END
START -5300 -8360 32476 14592 6279 -5142 END
START -5800 -8512 27468 17052 5530 -3753 END
START -5628 -9180 22056 19606 4595 -2640 END
START -5508 -10240 16020 20852 4590 -2370 END
START -6044 -11076 10744 20083 4646 -2501 END
START -7352 -10944 6472 17637 3581 -1939 END
START -7780 -10464 4408 14404 2076 -305 END