START -14300 784 13636 19565 7898 4791 END
START -14148 576 11288 19196 7928 5403 END
START -12852 308 7616 17699 7284 6700 END
START -13792 -460 8712 16114 6364 8955 END
START -13524 -696 6724 14714 5463 11028 END
START -12748 -944 4968 13054 4033 12394 END
START -11708 -1204 3424 11125 3170 13649 END
START -10568 -1496 2236 8878 2544 14671 END
START -9184 -1484 1008 6643 2434 15657 END
START -8108 -1776 -324 4062 3207 16564 END
START -7020 -2344 -1712 1379 3375 17297 END
START -6024 -2752 -2456 -1060 2135 17832 END
START -4784 -2992 -3240 -3060 -136 18229 END
START -3192 -3180 -3688 -4830 -2750 18196 END
START -2028 -3412 -4176 -6881 -4772 17651 END
START -920 -3484 -4544 -9242 -5448 17291 END
START -72 -3608 -4048 -12250 -5297 17461 END
START 1040 -3540 -3068 -15231 -5196 18206 END
START 3032 -3180 -1356 -18152 -5184 18749 END
START 5464 -2408 1240 -20713 -5170 18534 END
START 8292 -1164 4392 -22691 -5159 17417 END
START 11076 548 8592 -23894 -4874 15442 END
START 13912 2676 13288 -24533 -4874 13280 END
START 16928 5268 18388 -24553 -4681 10651 END
START 19980 7900 23776 -23670 -3531 6719 END
START 22064 10448 28584 -22059 -835 1370 END
START 21916 12452 32767 -19615 1550 -4127 END
START 20516 12980 32767 -16461 2973 -9488 END
START 17656 12920 32767 -13159 3751 -14585 END
START 12860 11568 32767 -9861 4425 -18749 END
START 7576 9632 32767 -6183 4743 -21273 END
START 2052 7600 32767 -1623 4307 -22161 END
START -2576 5580 32767 3666 2574 -21606 END
START -5528 3768 32767 8809 17 -20226 END
START -7200 2588 32767 12806 -1730 -18524 END
START -8028 1780 32767 16018 -2350 -16751 END
START -8928 908 32767 18407 -1895 -14796 END
START -9096 244 31252 20135 -1027 -12800 END
START -9324 -324 27668 21401 -120 -10757 END
START -9032 -780 23936 22369 530 -9097 END
START -8380 -1092 19876 22890 1728 -8138 END
START -8512 -1368 16024 22941 2609 -7138 END
START -8396 -1636 11908 22724 2566 -5713 END
START -7836 -1504 7900 22081 2156 -4089 END
START -7020 -1264 4056 20692 2082 -2702 END
START -6120 -1008 520 18269 1921 -1600 END
START -4912 -844 -2376 15282 1614 -686 END
START -3884 -956 -4700 11827 1265 -305 END
START -3552 -1744 -6384 8172 1195 -345 END
START -3952 -2704 -7580 4262 1129 -214 END
START -4500 -3416 -7956 772 535 573 END
START -4748 -3872 -7980 -1898 -444 1720 END
START -4712 -4288 -8036 -4829 -1670 3309 END
START -4068 -4576 -7752 -7823 -2581 4921 END
START -3244 -5004 -7080 -11117 -2956 6094 END
START -2480 -5764 -6020 -14571 -3117 6745 END
START -2104 -6300 -4604 -17707 -3091 6743 END
START -2088 -7080 -3224 -20614 -3456 6769 END
START -1708 -7572 -1816 -23325 -3718 6980 END
START -1516 -8640 -360 -26463 -2721 7093 END
START -1644 -9724 664 -31138 807 7189 END
START -2428 -10912 2000 -32768 5288 7020 END
START -3504 -11640 3800 -32768 8229 6615 END
START -4416 -12444 5608 -32768 8351 5776 END
START -4476 -12860 8048 -32768 6749 4291 END
START -4192 -12280 11748 -32768 4012 3246 END
START -2608 -9684 17100 -32768 1928 3477 END
START 1516 -6080 24760 -32768 3671 3760 END
START 5876 -5136 32767 -32768 10232 -25 END
START 5328 -5544 32767 -32768 16683 -6640 END
START 240 -7016 32767 -32768 17704 -11719 END
START -4876 -7728 32767 -32768 11419 -12219 END
START -6076 -8136 32767 -17176 3011 -11049 END
START -5528 -7544 32767 -3777 -2613 -10569 END
START -4932 -6980 32767 5535 -5343 -10269 END
START -4880 -6456 32767 10635 -4282 -9330 END
START -4744 -6424 32767 13087 32 -7633 END
START -4876 -6200 32767 14693 4994 -5718 END