START -13064 3892 15096 13683 5736 2032 END
START -14420 3752 16556 13577 4617 2514 END
START -13380 2708 13148 13076 4248 3395 END
START -13260 1456 12200 12306 3741 4758 END
START -13380 512 10648 10685 3793 5955 END
START -13252 -828 9248 8843 4337 7484 END
START -12712 -1616 7744 7081 5255 9408 END
START -12272 -2348 6308 5396 5324 11612 END
START -11352 -3060 4652 4150 4192 13984 END
START -9584 -3736 2496 3296 3061 15955 END
START -7776 -4752 -480 2928 1763 16879 END
START -6892 -5468 -3204 2200 -1597 16845 END
START -6168 -6232 -5492 1182 -7194 16552 END
START -5548 -6148 -6468 575 -12632 17314 END
START -3768 -6284 -7164 -126 -16159 19288 END
START -1488 -6476 -8076 -2260 -16660 21820 END
START 1716 -7088 -8804 -6769 -15666 24199 END
START 5304 -7196 -8020 -13106 -14844 25625 END
START 8628 -6380 -4968 -19001 -14499 25748 END
START 12860 -4924 -136 -23131 -14004 24984 END
START 17000 -2488 5940 -25445 -12674 23092 END
START 21156 124 11516 -26776 -9343 19341 END
START 23808 3288 18044 -27463 -5489 14607 END
START 25836 6112 25100 -27287 -2091 8952 END
START 26388 8928 31488 -26100 1230 3146 END
START 25364 10904 32767 -23487 3978 -2381 END
START 23068 11824 32767 -19346 5827 -8200 END
START 19080 11792 32767 -14513 6702 -13705 END
START 13696 10728 32767 -9693 6448 -17862 END
START 8712 9136 32767 -5452 5445 -19981 END
START 4076 7064 32767 -1623 4041 -20255 END
START 64 5032 32767 1693 2674 -19265 END
START -2796 3472 32767 4712 1609 -17681 END
START -5200 2176 32767 8262 706 -15377 END
START -6172 1372 32767 11884 154 -12732 END
START -6096 932 32767 15160 -23 -10439 END
START -5536 464 32767 17780 -235 -9001 END
START -4928 476 31684 20044 -280 -8118 END
START -4036 508 27784 22076 -91 -7534 END
START -3332 164 24120 23593 585 -7557 END
START -2928 -128 19312 24117 1581 -7814 END
START -2920 -340 15176 23518 3582 -7924 END
START -3220 -584 10816 21973 6271 -7382 END
START -3692 -844 6916 19915 8567 -6147 END
START -3992 -1112 3472 17832 9004 -4649 END
START -3668 -1284 596 15614 8096 -3410 END
START -3340 -1052 -1548 13352 6494 -2623 END
START -2716 -980 -3284 10781 5003 -2464 END
START -2416 -1268 -4576 8432 4299 -2692 END
START -2880 -2204 -5800 5961 3935 -2970 END
START -3912 -2988 -6812 3340 3258 -2812 END
START -4920 -3756 -7580 649 1742 -1686 END
START -5532 -4080 -7896 -2251 20 315 END
START -5272 -4396 -7812 -5280 -958 2558 END
START -4528 -4680 -7768 -8991 -1208 4593 END
START -3680 -5360 -6608 -13003 -1102 6027 END
START -2820 -5924 -5192 -16814 -848 6698 END
START -2432 -6604 -3308 -19984 -1007 6731 END
START -2588 -7148 -916 -22241 -2179 6571 END
START -2452 -7616 872 -23583 -3825 6569 END
START -2500 -7912 2284 -24974 -4684 6207 END
START -2680 -8356 3404 -26762 -5089 5958 END
START -3128 -8840 4640 -28992 -5700 5986 END
START -2888 -8916 6708 -31293 -6863 6681 END
START -1820 -8068 10220 -32768 -8256 8195 END
START 1208 -5780 14968 -32768 -9835 10242 END
START 7004 -2884 22216 -32768 -9391 10968 END
START 13140 -776 30548 -32768 -3712 7528 END
START 15744 152 32767 -32768 4559 1299 END
START 14236 940 32767 -32768 10272 -3779 END
START 11248 228 32767 -32768 12175 -6245 END
START 8808 148 32767 -27679 11257 -6779 END
START 8144 -540 32767 -17325 9785 -7932 END
START 7600 -1200 32767 -7885 7834 -10421 END
START 6156 -1764 32767 -14 5582 -13026 END
START 4604 -2292 32767 5666 5191 -14310 END
START 3148 -2756 32767 9965 6986 -14540 END