START -15808 2056 14020 22453 10163 -64 END
START -15000 1776 11020 22218 8765 802 END
START -16136 1748 11016 21335 8171 2380 END
START -15712 348 8384 19870 7811 4832 END
START -15684 -120 5780 17056 8699 6620 END
START -15216 -1292 3700 13595 8757 8828 END
START -14408 -1852 2120 10479 7654 11240 END
START -13008 -2780 1120 7673 5763 13681 END
START -11324 -3120 276 6079 2903 15531 END
START -8864 -3856 -1336 5277 161 16431 END
START -6812 -4296 -3232 4246 -1844 16509 END
START -5040 -4928 -5000 2094 -3633 16382 END
START -3648 -5592 -6280 -752 -5243 16368 END
START -2264 -5812 -6932 -3895 -6392 17102 END
START -892 -5988 -6916 -7405 -6947 18420 END
START 880 -6112 -6340 -10813 -7109 19706 END
START 2628 -5848 -5488 -13772 -7137 20427 END
START 4864 -5620 -3988 -16369 -7041 20333 END
START 6644 -4948 -2112 -18684 -7143 19338 END
START 8048 -4388 492 -20396 -7688 18145 END
START 9648 -3588 3596 -21599 -8365 17160 END
START 11532 -1892 7056 -22693 -8616 16292 END
START 13796 252 11216 -24540 -7823 15380 END
START 16620 3516 16148 -26254 -5316 13822 END
START 19372 7324 22128 -26979 -1796 11209 END
START 21684 10656 27128 -26050 1540 6637 END
START 22168 12980 31232 -24168 3953 904 END
START 21060 14024 32767 -21315 4798 -4974 END
START 18656 13896 32767 -17170 4290 -10933 END
START 14560 12888 32767 -12488 2652 -16008 END
START 10168 10956 32767 -8474 682 -19707 END
START 5436 8976 32767 -5173 -560 -21633 END
START 764 7424 32767 -1820 -1222 -21736 END
START -3320 5772 32767 2037 -2148 -20473 END
START -6272 4500 32767 5993 -2890 -18268 END
START -8312 3408 32767 9305 -2974 -15739 END
START -8720 2468 32767 12182 -3027 -13440 END
START -8768 1804 32767 14731 -3049 -11658 END
START -8372 1352 32767 17101 -2903 -10302 END
START -7712 700 28920 18917 -1877 -9595 END
START -7480 96 25136 20057 -590 -9187 END
START -7744 -488 21220 20747 131 -8331 END
START -7752 -720 17448 21081 700 -7064 END
START -7316 -476 13228 20724 1454 -5648 END
START -6592 -72 8724 19664 2503 -4218 END
START -5772 352 4788 17869 3028 -3097 END
START -4752 668 1388 15571 2691 -2358 END
START -3688 892 -1124 13240 2156 -2153 END
START -3296 472 -2796 10405 1942 -2328 END
START -3600 -188 -4284 7922 1990 -2317 END
START -4284 -1328 -5860 5282 2285 -1893 END
START -5320 -2604 -6916 2421 2197 -959 END
START -6176 -3680 -7172 -311 1688 674 END
START -6112 -4852 -7088 -3004 406 2441 END
START -5412 -5672 -6440 -5807 -1179 3960 END
START -4476 -6488 -5560 -8837 -2592 4843 END
START -3892 -7224 -3888 -11818 -3673 5435 END
START -3504 -7936 -1900 -14265 -4298 6159 END
START -2900 -8480 -644 -16297 -5132 7145 END
START -1784 -8936 888 -18705 -5255 7790 END
START -1172 -9756 2512 -21252 -4351 7895 END
START -784 -10548 4228 -23773 -3043 7489 END
START -1392 -11644 6680 -25917 -2171 6984 END
START -2764 -11764 8328 -27284 -2103 6638 END
START -3652 -11688 9992 -28240 -3129 7293 END
START -3508 -9724 11608 -29587 -4559 8931 END
START -1196 -7304 14040 -32086 -4696 10938 END
START 2056 -3668 18756 -32768 -3313 12176 END
START 5772 -492 25336 -32768 -1491 12073 END
START 9892 3004 32767 -32768 727 9676 END
START 13296 6140 32767 -32768 3278 5366 END
START 15588 7588 32767 -32768 6854 -975 END
START 14728 6060 32767 -28807 8974 -7455 END
START 11584 3560 32767 -22392 8427 -11948 END
START 7900 2012 32767 -13477 6240 -12476 END
START 6564 816 32767 -3889 5665 -11713 END
START 6116 -156 32767 3406 6998 -11749 END
START 4924 -1096 32767 8369 8418 -12372 END
START 3500 -2184 32767 12047 9150 -12954 END
START 1684 -3036 32767 14918 9575 -12981 END