START -15252 -680 12308 19194 9367 7164 END
START -15416 -552 11484 18657 8414 7842 END
START -15508 -720 10160 17380 7730 9275 END
START -13436 -2764 7856 15503 7215 11463 END
START -12980 -3068 6504 12732 6897 13067 END
START -11932 -4048 4736 10363 6435 14225 END
START -10512 -4476 3068 8708 5582 15875 END
START -9232 -5004 1184 8019 4497 17572 END
START -7232 -5760 -1920 7350 3182 18663 END
START -5472 -6952 -5364 5783 1566 19129 END
START -3624 -7952 -7836 3124 -1507 19403 END
START -2260 -8108 -9088 -474 -5172 19593 END
START -864 -8300 -8856 -3652 -7655 20365 END
START 704 -7744 -8564 -6243 -8506 21722 END
START 3020 -7016 -8468 -9185 -8211 22742 END
START 5624 -6136 -8044 -13023 -7654 23346 END
START 8612 -5040 -6268 -17436 -6692 22879 END
START 11416 -3256 -3308 -21123 -6139 21298 END
START 14244 -1240 952 -23895 -6572 19418 END
START 17024 1616 5520 -25713 -6737 17811 END
START 20268 5356 11164 -27351 -5580 15975 END
START 24584 9448 18376 -29410 -1845 11992 END
START 26296 13272 24708 -30524 4214 4480 END
START 24896 15212 30792 -29482 7644 -3156 END
START 21628 15684 32767 -25820 7179 -10381 END
START 16876 14704 32767 -20206 4279 -16477 END
START 11656 12672 32767 -13548 589 -20416 END
START 7356 10080 32767 -7836 -1412 -21861 END
START 3628 6936 32767 -3418 -1863 -21828 END
START -192 4712 32767 137 -1379 -20924 END
START -3884 2700 32767 3350 -464 -19247 END
START -7032 1420 32767 6833 358 -16909 END
START -8920 364 32767 10521 587 -14478 END
START -9900 -548 32767 13893 303 -12222 END
START -10348 -1028 32767 17095 -12 -10275 END
START -10300 -1340 32236 19909 93 -8535 END
START -9980 -1664 27568 21839 669 -7067 END
START -9456 -1632 22396 22596 1820 -5567 END
START -8812 -1588 17516 22334 3249 -3712 END
START -8100 -1300 12848 21398 4771 -1939 END
START -6972 -1148 8328 20075 5645 -473 END
START -5808 -1076 3992 18646 4908 329 END
START -4976 -1108 692 17000 3009 420 END
START -4372 -1044 -2232 15131 1306 -41 END
START -4424 -1412 -4440 13321 2 -494 END
START -4344 -2088 -6624 10951 -1005 -583 END
START -4888 -2796 -8432 7895 -2269 65 END
START -4792 -3304 -9500 4553 -3186 1569 END
START -4292 -3588 -10204 611 -3471 3675 END
START -3440 -3600 -10340 -3605 -2991 5503 END
START -2516 -3784 -9880 -7870 -2721 6852 END
START -1580 -4164 -9088 -11522 -3010 7290 END
START -836 -4536 -8168 -14965 -3567 6867 END
START -248 -5392 -6348 -18120 -4170 6003 END
START -264 -6408 -4312 -20869 -5032 5454 END
START -44 -7364 -2168 -23398 -5199 5311 END
START -4 -8404 -124 -26104 -4516 5245 END
START -532 -9216 1772 -28781 -3987 5288 END
START -1468 -9792 3140 -31301 -3922 5154 END
START -2644 -10240 4764 -32768 -4693 4804 END
START -3200 -9232 7504 -32768 -6764 5548 END
START -1560 -7084 12004 -32768 -8972 7851 END
START 3248 -2472 18860 -32768 -9537 10858 END
START 12328 744 29564 -32768 -5298 10702 END
START 17372 2248 32767 -32768 3972 3467 END
START 15596 2900 32767 -32768 11022 -5666 END
START 10160 476 32767 -32768 10744 -10820 END
START 6388 -792 32767 -22093 5560 -12073 END
START 4708 -1744 32767 -8272 2026 -12809 END
START 3636 -2684 32767 1373 555 -13260 END
START 2444 -3500 32767 6824 274 -12692 END
START 1516 -3740 32767 9818 1978 -11315 END
START 644 -4276 32767 11840 5241 -9561 END
START -500 -4744 32767 13976 7752 -7710 END
START -1236 -5040 32767 15987 8007 -6224 END
START -1564 -5112 29996 18284 6951 -5458 END
START -1068 -4948 24708 20073 5420 -5667 END