START -14964 1608 14072 13529 -1147 175 END
START -15192 1680 13408 13534 -2555 968 END
START -15656 1312 11804 13681 -3660 2666 END
START -15056 452 10320 13539 -4966 5737 END
START -14468 -12 8560 12252 -4256 8143 END
START -13580 -300 7288 10342 -3082 9880 END
START -11836 -820 6180 8467 -2725 10733 END
START -10256 -672 5212 6951 -2921 11006 END
START -8820 -636 4404 6159 -3893 11324 END
START -7308 -932 3156 6097 -5360 11653 END
START -5064 -1212 480 6083 -6458 11506 END
START -3144 -2276 -2492 5358 -7230 10519 END
START -1648 -3536 -5500 2771 -8097 9533 END
START -980 -4972 -6952 -1461 -7827 9146 END
START -476 -5792 -7152 -6210 -6446 9610 END
START 404 -5756 -5692 -10438 -5412 11159 END
START 2232 -5208 -3936 -13685 -5386 13191 END
START 5268 -3964 -1976 -16251 -5781 14054 END
START 8940 -2384 1240 -18396 -5820 13299 END
START 12220 -608 5392 -20044 -5372 10834 END
START 14648 1148 10144 -20513 -4386 7244 END
START 15128 3692 14952 -20312 -3546 3592 END
START 15336 6444 20224 -20480 -3119 64 END
START 14732 9048 26164 -20081 -2114 -3397 END
START 13160 11444 31596 -18636 -217 -7246 END
START 10740 12092 32767 -16623 2285 -10551 END
START 7260 11548 32767 -13957 3873 -13715 END
START 3652 9644 32767 -10492 3744 -16177 END
START -520 7028 32767 -6548 2479 -17504 END
START -4380 4192 32767 -1846 523 -17228 END
START -7800 1936 32767 3455 -1502 -15727 END
START -9888 396 32767 8366 -2490 -13127 END
START -10796 -628 32767 12236 -2112 -10223 END
START -11088 -716 32767 15270 -1103 -7523 END
START -10468 -888 32767 17585 253 -5486 END
START -10024 -940 30192 19411 841 -4075 END
START -9640 -712 25368 21096 837 -2919 END
START -8764 -712 21112 22418 694 -1992 END
START -7812 -660 16080 22645 1018 -1183 END
START -6836 -456 11868 21814 1486 -484 END
START -5788 -416 7868 20249 1712 -19 END
START -5024 -228 4504 18586 2105 446 END
START -4296 -272 1444 16685 2071 735 END
START -3424 -580 -1068 14403 1363 605 END
START -2960 -716 -3108 12217 458 208 END
START -2848 -1176 -4776 10039 -144 -80 END
START -3120 -1684 -6584 7398 -724 69 END
START -3272 -2088 -7880 4417 -1321 724 END
START -2984 -2532 -8692 758 -1834 1630 END
START -2464 -2636 -8808 -3033 -1975 2511 END
START -2088 -3080 -8280 -6699 -1910 3035 END
START -1796 -3548 -7372 -9759 -2207 3246 END
START -1508 -4420 -6420 -12342 -2529 3168 END
START -1348 -5640 -5084 -14696 -2797 2780 END
START -1712 -6544 -3616 -17180 -3085 2402 END
START -1832 -7728 -2076 -19933 -3133 2564 END
START -1596 -8672 -468 -23044 -2527 2793 END
START -1608 -9900 1704 -26064 -1621 2893 END
START -2008 -11080 3444 -29062 -1196 2848 END
START -2232 -11980 5444 -32016 -975 2185 END
START -2688 -12556 7804 -32768 -686 1339 END
START -3328 -12296 9852 -32768 -1219 992 END
START -2824 -11116 12556 -32768 -2896 1506 END
START -828 -7908 16712 -32768 -4746 2679 END
START 2812 -4044 22896 -32768 -5357 3694 END
START 9224 -2588 31964 -32768 -2474 1191 END
START 12040 -16 32767 -32768 4381 -5283 END
START 10304 -4 32767 -32768 10844 -10665 END
START 6788 -2352 32767 -32768 12643 -13296 END
START 3196 -4636 32767 -23405 9636 -14196 END
START 2040 -6092 32767 -10498 3561 -14795 END
START 2172 -6656 32767 719 -1019 -15911 END
START 1492 -7144 32767 7679 -1680 -16647 END
START 144 -7136 32767 11478 265 -15806 END
START -492 -7224 32767 13479 3606 -13985 END
START -944 -7324 32767 14693 7515 -12229 END
START -2244 -7320 32767 16280 9142 -10796 END