START -12892 684 7732 12994 6150 557 END
START -14052 532 7788 12573 4931 1368 END
START -14224 320 6788 11909 3819 3028 END
START -13240 -1172 5684 11166 1774 6468 END
START -12204 -1992 4700 9646 1642 9395 END
START -11592 -1564 3564 7583 1200 11705 END
START -10484 -1984 2548 5676 -208 13717 END
START -8672 -1596 1872 4148 -1506 14874 END
START -7252 -1480 1020 3262 -2624 15603 END
START -5516 -1192 -872 2595 -3413 15655 END
START -4520 -1288 -3112 1349 -4197 15187 END
START -3472 -1684 -4992 -1117 -5191 14560 END
START -1800 -2844 -6440 -4679 -6138 14008 END
START -704 -3044 -6380 -9013 -6632 14041 END
START 708 -3264 -5420 -12836 -7140 14447 END
START 2424 -3296 -3720 -15904 -6913 14702 END
START 4388 -2868 -2068 -18408 -6679 14501 END
START 6532 -2448 304 -20526 -7228 13773 END
START 8748 -1784 3028 -21724 -7886 12555 END
START 10632 -764 6332 -22131 -7834 10964 END
START 12268 336 9468 -22698 -7238 8955 END
START 13904 1548 13080 -23837 -6316 6656 END
START 14564 3500 17808 -25218 -4527 4172 END
START 14816 5776 23240 -25964 -1966 1290 END
START 14316 7732 27644 -26275 369 -2103 END
START 12924 8416 32328 -25655 1758 -5187 END
START 10152 8928 32767 -23620 2750 -7915 END
START 7488 8568 32767 -19864 2544 -10117 END
START 4804 7184 32767 -14811 1660 -12041 END
START 1880 5864 32767 -8794 27 -13383 END
START -708 4228 32767 -2489 -1643 -13417 END
START -2816 3156 32767 3857 -2516 -12047 END
START -3928 2416 32767 9042 -1724 -10082 END
START -4804 1756 32767 12804 45 -8205 END
START -5304 1440 32767 15421 1228 -6531 END
START -5560 1188 32767 18044 1568 -5075 END
START -5300 980 32767 20901 1288 -4108 END
START -4784 1144 30392 23655 763 -3701 END
START -4428 904 26332 25556 216 -3752 END
START -3932 604 21652 26569 -163 -3962 END
START -3768 620 17748 26749 57 -4200 END
START -3704 756 13728 25887 1188 -4576 END
START -3828 180 10164 24149 2136 -4733 END
START -3888 0 7020 22293 2252 -4458 END
START -3752 -196 4128 20662 2088 -3984 END
START -3372 -344 1472 18759 1610 -3612 END
START -3092 -616 -652 16744 759 -3295 END
START -2664 -628 -2936 14296 -34 -2851 END
START -1956 -908 -4616 10944 -294 -2417 END
START -1520 -1180 -5708 6729 85 -2252 END
START -1568 -1744 -6460 2953 945 -2222 END
START -1740 -2224 -6696 -565 1007 -1946 END
START -1892 -2568 -6880 -3645 181 -1379 END
START -1972 -2728 -6780 -6186 -690 -560 END
START -1740 -2912 -6620 -8693 -1196 178 END
START -1268 -3036 -6680 -11503 -1420 762 END
START -1060 -3388 -6336 -14893 -1349 1029 END
START -912 -4016 -5348 -18482 -1335 1139 END
START -552 -5008 -4208 -21799 -1599 1032 END
START -344 -5964 -2496 -24548 -2102 540 END
START -292 -7384 -516 -26689 -2791 -91 END
START -504 -8516 1336 -28476 -3692 -660 END
START -816 -9940 3200 -30197 -4477 -1120 END
START -1264 -11252 5592 -32267 -5019 -1569 END
START -2328 -11816 8608 -32768 -5934 -1317 END
START -2668 -11096 12712 -32768 -6920 141 END
START -1332 -9008 18252 -32768 -6273 2257 END
START 844 -6516 24712 -32768 -3616 3658 END
START 2940 -4228 32088 -32768 239 3223 END
START 3604 -2724 32767 -32768 3026 938 END
START 3636 -2236 32767 -32768 3216 -2264 END
START 2704 -2040 32767 -29508 785 -5364 END
START 2064 -2032 32767 -20354 -2619 -7414 END
START 1920 -2448 32767 -11918 -4232 -7856 END
START 2012 -2756 32767 -6316 -2234 -7261 END
START 1716 -3648 32767 -2866 1430 -6406 END
START 644 -4696 32767 731 4244 -5434 END
START -60 -5360 32767 4928 5050 -4636 END
START -484 -5812 32767 9571 5311 -4113 END
START -884 -5952 32767 14109 5361 -3631 END
START -920 -5864 32767 17484 4813 -3077 END
START -428 -5448 28448 19388 4395 -3009 END
START 84 -5020 23872 19987 4635 -3687 END
START 196 -5092 20528 19996 4851 -4494 END