START -15040 2160 13476 18727 9825 4476 END
START -16220 2428 13736 18277 8612 4923 END
START -15956 1912 8752 17307 8392 5846 END
START -14568 120 6596 16546 7135 7755 END
START -14700 -364 4484 14950 6263 9142 END
START -14072 -1268 2140 13038 4552 10462 END
START -12916 -1768 16 10456 3058 12127 END
START -11552 -2680 -1372 7655 2131 13523 END
START -10328 -3392 -2500 4951 1555 14721 END
START -8552 -4012 -3772 2152 1586 15960 END
START -6828 -5244 -4720 -869 1013 16884 END
START -5248 -5764 -4888 -3479 -822 17430 END
START -3764 -6420 -5208 -5880 -2618 17768 END
START -2480 -6488 -4680 -8095 -4380 18150 END
START -892 -6388 -4420 -10143 -6010 18961 END
START 1004 -5932 -3808 -12457 -6929 19726 END
START 3228 -5324 -2864 -15189 -7075 19956 END
START 5744 -4588 -936 -17963 -6573 19375 END
START 7660 -3460 1468 -20295 -6067 18435 END
START 9872 -1980 4576 -22443 -6021 17517 END
START 12136 352 8816 -24311 -6051 16749 END
START 15188 3052 13688 -25726 -5411 15782 END
START 18484 6088 19336 -26718 -3258 13667 END
START 21848 9476 25624 -26373 931 9162 END
START 22740 11680 30372 -24607 4804 3127 END
START 21624 13524 32767 -21204 6022 -3045 END
START 19708 14324 32767 -16611 5140 -8941 END
START 16596 14444 32767 -11276 3500 -14192 END
START 12304 12980 32767 -5896 2141 -18501 END
START 7608 11220 32767 -1533 1397 -21164 END
START 3080 9420 32767 2222 683 -22163 END
START -524 7264 32767 5201 487 -21845 END
START -3520 5668 32767 7923 659 -20940 END
START -6332 3880 32767 10695 731 -19311 END
START -8384 2764 32767 13674 -48 -16957 END
START -9024 2064 32767 16488 -935 -14801 END
START -8984 1524 30384 18752 -1239 -12904 END
START -9024 1024 26728 20377 -886 -11534 END
START -8632 568 22772 21458 -227 -10518 END
START -8308 172 19060 21849 840 -9805 END
START -8396 -212 15468 21659 1794 -8791 END
START -8264 -636 11788 20915 2630 -7195 END
START -7948 -884 8272 19272 3290 -5436 END
START -7268 -1272 5252 17359 3631 -3850 END
START -6368 -1424 2216 15226 3451 -2597 END
START -5576 -1620 -468 13135 3025 -1902 END
START -5572 -2088 -3016 10380 2682 -1853 END
START -6344 -2616 -5148 7622 1773 -1947 END
START -7828 -3256 -6920 5061 157 -1019 END
START -8436 -3624 -8144 2466 -1803 1137 END
START -7876 -4080 -8940 -698 -3281 3891 END
START -6204 -4484 -9520 -4704 -3912 6265 END
START -4352 -5248 -8512 -9307 -4258 7778 END
START -3036 -6316 -6552 -13419 -4574 8365 END
START -2048 -7360 -3740 -16848 -4588 8653 END
START -1568 -8772 -1052 -19610 -4006 8694 END
START -1724 -10100 1592 -21988 -2923 8674 END
START -2140 -10112 3400 -23953 -2095 8823 END
START -2692 -9740 4092 -25733 -1609 9442 END
START -3320 -8156 4012 -27506 -1032 9956 END
START -3256 -6672 3188 -29619 -883 9981 END
START -2636 -6000 3104 -32700 -952 8904 END
START -2020 -4968 5132 -32768 -1516 7725 END
START -396 -2928 9920 -32768 -2434 7539 END
START 2352 1000 17320 -32768 -3467 8649 END
START 7492 5272 26224 -32768 -2667 9413 END
START 16072 8304 32767 -32768 5087 3863 END
START 17136 5544 32767 -32768 14048 -6764 END
START 11752 1148 32767 -32768 16438 -16340 END
START 3200 -2884 32767 -31688 11217 -19456 END
START -1280 -5084 32767 -18070 3781 -17638 END
START -1604 -6368 32767 -5322 -1553 -15329 END
START -780 -7072 32767 1637 -3048 -14442 END
START -1556 -6752 32767 4599 -1346 -13079 END
START -2324 -6320 32767 6606 2140 -10321 END
START -2108 -5620 32767 8761 5906 -7735 END
START -2004 -5132 32767 11459 8010 -6167 END
START -2328 -4752 32400 15107 6895 -5320 END
START -2188 -4800 27864 18623 4718 -5096 END