START -10784 3336 17208 1920 2964 2855 END
START -10664 3248 16980 1798 2628 3144 END
START -11012 3120 16448 1713 2323 3669 END
START -10888 2180 16868 2279 1273 4743 END
START -10780 1536 16812 3439 794 5895 END
START -10596 1104 16364 4597 783 7074 END
START -10220 628 15544 5332 722 8217 END
START -9764 236 14752 5708 617 9243 END
START -9216 24 13596 5726 477 9999 END
START -8692 -184 12820 5537 786 10496 END
START -8372 -276 11448 5444 823 10982 END
START -7540 -412 10108 5548 872 11070 END
START -7560 -252 8452 5435 -167 11265 END
START -7064 -720 6792 5478 -2138 11554 END
START -6384 -428 5336 5205 -4008 12076 END
START -4784 -292 3820 4271 -4636 12580 END
START -3592 52 2900 2345 -4474 13035 END
START -1992 576 2020 -155 -3992 13269 END
START -184 1016 1772 -3141 -3518 13137 END
START 1136 1568 2112 -6245 -2965 12718 END
START 2464 2144 2716 -8699 -2267 11669 END
START 3044 2336 3176 -10516 -1924 10352 END
START 3996 2696 3772 -12038 -1984 8949 END
START 4536 2852 4676 -13446 -2293 7645 END
START 5012 3136 5768 -14631 -2529 6353 END
START 5532 3140 7028 -15799 -2619 5134 END
START 6076 3232 8600 -16882 -2480 3900 END
START 7028 3348 10392 -18196 -2149 2468 END
START 7508 3392 12768 -19624 -1472 520 END
START 7092 3824 15720 -21021 -1201 -1629 END
START 6124 4424 19248 -22241 -1234 -4162 END
START 4020 4912 23940 -22624 -1763 -6137 END
START 1884 5604 29304 -21516 -2363 -6443 END
START 388 5716 32767 -19491 -2718 -5774 END
START 88 4692 32767 -17028 -2679 -5189 END
START -544 3292 32767 -14026 -2155 -5361 END
START -1416 1956 32767 -9543 -1754 -6207 END
START -2972 824 32767 -3696 -1943 -6986 END
START -4124 164 32767 2745 -2384 -6884 END
START -4800 68 32767 8721 -2031 -6057 END
START -5564 116 32767 13639 -1322 -4747 END
START -5604 192 32767 17421 -601 -3538 END
START -5500 404 32767 20197 56 -2625 END
START -5420 532 32767 22184 249 -1891 END
START -5232 392 30076 24061 242 -1310 END
START -4820 384 26264 25404 233 -1013 END
START -4404 0 22972 26204 485 -950 END
START -4276 -324 19560 26487 555 -1179 END
START -4240 -536 16136 26200 496 -1493 END
START -4088 -612 12708 25464 612 -2105 END
START -3856 -628 9716 24095 893 -2924 END
START -3932 -780 6724 22417 938 -3344 END
START -4068 -692 4092 20466 823 -3350 END
START -3840 -732 1688 18282 825 -2861 END
START -3648 -644 -536 15694 944 -1991 END
START -2896 -436 -2408 12981 822 -1105 END
START -1880 -532 -3740 9817 455 -438 END
START -1104 -504 -4312 6868 379 -263 END
START -340 -1120 -5308 4178 149 -565 END
START -96 -1652 -6000 1443 -272 -1417 END
START -200 -1948 -6380 -1415 -738 -2217 END
START -656 -2268 -6308 -4126 -1161 -2316 END
START -672 -2420 -6396 -6587 -1338 -1826 END
START -504 -2328 -6384 -8840 -1767 -1135 END
START -60 -2072 -6668 -11383 -1986 -771 END
START -60 -2376 -6468 -14474 -1938 -702 END
START 272 -2836 -6096 -17935 -1888 -673 END
START 792 -3948 -4940 -21458 -1759 -1188 END
START 884 -5648 -2936 -24693 -1948 -2435 END
START 580 -7116 -584 -26954 -2959 -3843 END
START -204 -9188 1704 -28549 -4297 -4886 END
START -1164 -11640 4252 -29855 -5161 -5375 END
START -2396 -13780 6252 -31784 -5311 -5276 END
START -4396 -15108 8872 -32768 -5504 -4404 END
START -6072 -15512 12072 -32768 -6338 -2438 END
START -6380 -14100 16520 -32768 -7132 946 END
START -4396 -11432 22224 -32768 -6862 4695 END
START -1312 -8548 28692 -32768 -4629 6229 END
START 1844 -6304 32767 -32768 -2166 4604 END
START 3096 -5092 32767 -32768 -1619 1209 END
START 3288 -4676 32767 -32768 -3135 -2304 END
START 2984 -4504 32767 -24494 -5475 -4851 END
START 2812 -4464 32767 -15849 -6301 -5382 END
START 2896 -4348 32767 -9504 -4344 -4896 END
START 2648 -4592 32767 -4803 -873 -4463 END
START 1884 -5292 32767 -340 2351 -4176 END
START 1044 -6168 32767 4133 4042 -3844 END
START 36 -6796 32767 8684 4556 -3562 END
START -680 -7036 32767 13105 4260 -3284 END
START -868 -7000 32767 17342 3550 -2971 END
START -696 -6888 31432 20368 2890 -2854 END
START -360 -6544 27396 21984 2684 -3200 END
START -176 -6456 22984 22570 2977 -3734 END
START -228 -6132 19440 22498 3429 -4045 END
START -180 -5816 16140 21857 3673 -4319 END
START 176 -6072 13156 21034 3995 -4875 END
START 344 -6940 10704 20222 4354 -5731 END
START -8 -8016 8056 19007 4288 -6665 END
START -1156 -8884 6212 17359 3421 -7098 END