START -13804 2472 13276 24328 6463 -2404 END
START -15876 2552 14780 23323 5763 -1743 END
START -16900 1432 12764 20794 6846 -178 END
START -17016 -824 9776 17254 8843 3430 END
START -18540 -2400 8680 14090 9405 7616 END
START -18696 -3488 7668 12897 7956 12052 END
START -16896 -4384 5700 12058 6264 15529 END
START -14508 -4708 3424 11041 4927 17012 END
START -12392 -5168 1496 10001 3706 17226 END
START -10688 -5468 -232 9015 1769 17360 END
START -8592 -6144 -2440 7955 -386 17607 END
START -6508 -6744 -5152 6298 -2219 18022 END
START -4708 -7788 -7592 3057 -3592 18912 END
START -2668 -8224 -8724 -1428 -3744 20040 END
START -292 -8352 -8692 -6164 -3091 21035 END
START 1664 -8056 -7640 -10256 -2652 21608 END
START 3908 -7376 -6024 -13185 -3224 21566 END
START 6528 -6300 -4256 -15234 -4012 20611 END
START 9336 -4656 -2320 -17220 -4976 19110 END
START 11920 -2980 972 -19314 -5862 17406 END
START 14256 -892 4820 -21283 -5880 15539 END
START 16320 2044 9408 -22672 -4827 13457 END
START 18152 5244 14600 -23674 -3782 11002 END
START 20792 8816 21160 -24130 -2473 7622 END
START 22708 12260 27744 -23176 -620 3033 END
START 23328 14180 32767 -20664 1588 -2641 END
START 21908 15028 32767 -17331 2975 -8822 END
START 17372 14664 32767 -13571 2999 -14531 END
START 11676 13528 32767 -8977 1584 -18540 END
START 5472 11652 32767 -3473 -247 -20095 END
START 648 9600 32767 1768 -1902 -19717 END
START -2488 7560 32767 5714 -3261 -18526 END
START -5268 5560 32767 8799 -3588 -16783 END
START -7372 4236 32767 11606 -2584 -14399 END
START -8468 3060 32767 13982 -359 -11618 END
START -8852 2012 32767 15683 1830 -9230 END
START -9024 1380 29708 17043 2618 -7238 END
START -8596 952 25272 18351 2913 -5748 END
START -7812 556 19996 19523 3324 -4703 END
START -6932 324 14300 20466 3510 -3858 END
START -5868 -408 8676 20303 3581 -3375 END
START -5112 -1424 3212 18781 3506 -3435 END
START -5200 -2244 -652 16397 2711 -3351 END
START -5448 -3240 -3860 13573 1522 -2953 END
START -5832 -3980 -6728 11228 644 -2064 END
START -5716 -4564 -9216 8255 111 -808 END
START -5456 -5140 -11640 4530 -305 628 END
START -4928 -5324 -12724 -231 -374 2286 END
START -4284 -5108 -12700 -5243 -391 3847 END
START -3352 -4780 -11956 -9510 -568 5034 END
START -2444 -4828 -10828 -13051 -997 5559 END
START -1648 -5208 -9616 -16443 -2016 5646 END
START -1024 -5576 -7624 -19764 -2815 5417 END
START -312 -6240 -5856 -22995 -3364 5088 END
START 260 -7244 -3076 -25984 -3584 4478 END
START -60 -7964 -408 -28436 -3782 3938 END
START -372 -8772 1768 -30568 -4263 3705 END
START -748 -9612 3508 -32768 -4599 3580 END
START -956 -9780 6600 -32768 -5610 3543 END
START -636 -8932 11332 -32768 -7515 3973 END
START 1712 -7460 18216 -32768 -9238 4583 END
START 5436 -5336 27448 -32768 -8911 4304 END
START 8904 -2580 32767 -32768 -5561 2531 END
START 11008 -268 32767 -32768 -1166 -138 END
START 11756 1360 32767 -32589 2281 -2868 END
START 11944 2016 32767 -26676 4873 -5139 END
START 11488 1632 32767 -19781 6242 -7511 END
START 10464 980 32767 -12453 6197 -10120 END
START 9076 -152 32767 -5590 5423 -12419 END
START 7656 -968 32767 181 5477 -14027 END
START 5948 -2036 32767 4243 6754 -14787 END
START 4140 -3044 32767 6996 8214 -15025 END
START 2092 -4160 32316 8723 9508 -14786 END