START -13016 1324 8444 15157 9224 5356 END
START -15516 2000 8956 14292 8878 5949 END
START -15160 1532 8000 12847 8507 7180 END
START -14296 -624 6008 11041 7417 9035 END
START -13900 -1060 4800 9045 6424 10740 END
START -12880 -1976 3472 7275 5327 12350 END
START -11688 -2812 2064 5268 4711 13989 END
START -10332 -3440 996 3425 4166 15613 END
START -9180 -3944 -424 2239 3068 16798 END
START -7496 -4536 -2248 1274 1100 17639 END
START -5120 -5212 -4180 26 -852 18053 END
START -3364 -5600 -5908 -1839 -2744 18156 END
START -1116 -5840 -7068 -4842 -4907 17752 END
START 628 -5648 -6808 -8212 -6286 17357 END
START 2132 -5268 -5856 -11032 -6856 17809 END
START 4440 -4476 -4888 -13795 -6885 18750 END
START 7100 -3116 -3172 -16879 -6970 19407 END
START 11184 -1420 -132 -20283 -6721 19382 END
START 14700 820 4256 -22806 -5400 17810 END
START 18452 3392 9084 -24246 -4040 14548 END
START 20900 5856 15504 -25112 -2661 10450 END
START 22460 8872 21860 -24736 -911 5367 END
START 22436 11092 27516 -22804 1228 39 END
START 20840 12540 31432 -20205 2767 -4753 END
START 18612 12856 32767 -16905 2453 -8783 END
START 16064 12736 32767 -13954 1933 -12153 END
START 12188 11828 32767 -11220 2409 -15094 END
START 7316 10300 32767 -8159 2722 -17043 END
START 2812 8364 32767 -4649 2330 -17707 END
START -704 6308 32767 -877 1462 -17753 END
START -4432 4104 32767 3105 55 -17382 END
START -7220 2780 32767 7189 -1232 -16397 END
START -9524 1252 32767 11275 -1888 -14623 END
START -10544 -32 32767 14589 -1618 -12272 END
START -10852 -780 32767 17229 -623 -9880 END
START -10740 -1316 30656 19038 488 -7929 END
START -10656 -1532 26504 20558 1127 -6228 END
START -10016 -1424 21660 21611 1256 -4565 END
START -9340 -1280 17176 21980 2000 -2979 END
START -8252 -740 12668 21516 2746 -1598 END
START -7084 -368 8180 20616 3118 -626 END
START -5856 -224 4500 19391 2875 -127 END
START -4728 -288 908 17699 2331 -53 END
START -3988 -384 -1860 15625 1519 -193 END
START -3740 -656 -4956 13370 416 -307 END
START -3568 -1164 -7008 10940 -842 -227 END
START -3544 -1584 -8884 7886 -1942 405 END
START -3164 -2208 -10156 4422 -2624 1646 END
START -2440 -2684 -10720 145 -2617 3203 END
START -1532 -2544 -10692 -4424 -2054 4334 END
START -584 -2916 -10024 -8758 -1718 5022 END
START -56 -3300 -9064 -12097 -2133 5024 END
START 384 -3864 -7756 -14844 -3062 4673 END
START 880 -4992 -6308 -17490 -3699 4216 END
START 1100 -6324 -4520 -20420 -3973 3684 END
START 860 -7728 -2124 -23355 -3988 3476 END
START 556 -9296 496 -26290 -3257 3437 END
START -192 -10092 2756 -28678 -2650 3489 END
START -1112 -10476 4444 -30747 -2651 3961 END
START -1988 -10772 5684 -32768 -2907 3799 END
START -3424 -9944 8088 -32768 -4800 3874 END
START -3084 -7808 12104 -32768 -7462 5233 END
START -484 -2452 18868 -32768 -9620 8331 END
START 6084 1860 26820 -32768 -8231 10393 END
START 13556 3460 32767 -32768 -401 6221 END
START 15212 3096 32767 -32768 7805 -3073 END
START 10492 680 32767 -32768 10779 -9865 END
START 5580 -1272 32767 -28284 6833 -11485 END
START 4064 -2580 32767 -13723 1927 -11200 END
START 4696 -3080 32767 -3039 37 -11685 END
START 4148 -3560 32767 1508 962 -12179 END
START 2812 -3924 32767 4393 2895 -11677 END
START 1652 -4452 32767 7267 5606 -10285 END
START 836 -4668 32767 10026 7526 -8772 END