START -14724 1112 9628 15058 11287 3127 END
START -15820 944 10432 14465 9901 4263 END
START -16648 780 8300 13353 9618 6558 END
START -16044 8 5564 11195 8547 10209 END
START -15004 -944 3708 8515 7585 12682 END
START -13744 -1796 1864 5682 7727 13707 END
START -12964 -2612 980 3680 8076 14013 END
START -12284 -3428 -780 3226 7376 14409 END
START -10636 -4492 -4048 3068 4938 15637 END
START -8224 -5528 -8060 1706 1637 16724 END
START -6080 -6764 -10204 -1895 -1730 17328 END
START -3848 -7504 -10220 -6248 -4396 18046 END
START -1668 -8100 -8936 -9823 -5542 19512 END
START 944 -7800 -7528 -12546 -5372 21126 END
START 3996 -7196 -6440 -15171 -5186 21869 END
START 7624 -6564 -4392 -17376 -5730 21508 END
START 10996 -5552 -1608 -19145 -6543 19993 END
START 13944 -4220 1552 -20175 -7583 18056 END
START 17224 -2316 5688 -21280 -7712 15863 END
START 20172 -524 10188 -22265 -6120 13253 END
START 22256 2176 15032 -23131 -3425 9863 END
START 23624 4724 21024 -23359 -244 5402 END
START 23612 7012 25528 -22159 2532 969 END
START 22864 8812 28792 -19991 4627 -3732 END
START 20584 9568 31228 -17748 5851 -8889 END
START 16788 9284 32767 -15669 5674 -13654 END
START 11532 8548 32767 -13363 4120 -17173 END
START 6500 8128 32767 -10692 2706 -18978 END
START 2216 7380 32767 -7933 1785 -19186 END
START -1116 5996 32767 -5453 825 -18578 END
START -4080 4588 32767 -2797 129 -17776 END
START -6496 3468 32767 459 -292 -16754 END
START -8536 2384 32767 4407 -654 -15369 END
START -10088 1328 32767 8708 -886 -13850 END
START -10860 516 32767 12593 -1047 -12002 END
START -11060 -128 32767 15809 -1353 -9902 END
START -10612 -556 32576 18417 -739 -7877 END
START -10032 -612 27748 20299 731 -6064 END
START -9504 -696 22896 21204 1936 -4535 END
START -8696 -544 18460 21525 2240 -3291 END
START -7652 -260 13804 21484 2153 -2508 END
START -6628 60 9204 21024 2313 -2007 END
START -5836 336 4964 20093 2531 -1548 END
START -4820 232 936 18113 2529 -1368 END
START -4308 -236 -2292 15397 2015 -1466 END
START -4620 -700 -4428 12521 841 -1596 END
START -4784 -1212 -6012 10114 -391 -1255 END
START -5100 -1768 -7412 7750 -1803 -279 END
START -4760 -2484 -8912 4959 -2862 909 END
START -4220 -2868 -9412 1461 -3173 2081 END
START -3728 -3360 -9248 -2467 -3042 3443 END
START -3168 -3980 -8572 -6353 -2590 4710 END
START -2220 -4752 -7068 -10080 -2193 5380 END
START -1824 -5940 -4988 -13328 -2624 5707 END
START -1480 -7068 -2532 -16084 -3295 6056 END
START -1436 -8036 -232 -18229 -3337 6551 END
START -1244 -8808 1376 -20546 -2577 7217 END
START -1536 -9368 2628 -23139 -1661 7780 END
START -1648 -9836 4132 -26169 -950 8070 END
START -2180 -9984 5756 -28744 -669 7868 END
START -2664 -9932 7420 -30617 -1828 7704 END
START -2236 -9092 10228 -32066 -4571 8134 END
START 0 -6784 14460 -32768 -7493 9229 END
START 3016 -3276 19240 -32768 -9562 10646 END
START 8300 544 25204 -32768 -8629 11239 END
START 14032 3508 32640 -32768 -3344 8616 END
START 17148 5016 32767 -32768 3917 2816 END
START 16756 3204 32767 -32768 9198 -4110 END
START 11596 1424 32767 -30876 10838 -8596 END
START 6728 24 32767 -21178 8362 -8644 END
START 4808 -628 32767 -10147 5280 -7620 END
START 5280 -596 32767 -589 2843 -8142 END
START 4580 -276 32767 5267 1956 -9237 END
START 3800 -468 32767 9109 1814 -9896 END
START 2864 -540 32767 12230 2539 -9953 END
START 2316 -880 32767 14944 3704 -9786 END
START 1760 -1580 31848 16924 4453 -9812 END