START -12732 1132 13564 20984 6862 2752 END
START -13520 1076 10276 20412 6672 2984 END
START -13460 592 10860 18956 6503 3994 END
START -13232 -864 9692 17434 6666 5927 END
START -13604 -1540 7924 15954 7565 8126 END
START -12936 -2108 5684 14076 7963 10136 END
START -12268 -2400 3832 12382 7432 11986 END
START -10984 -2716 1960 10225 6700 13723 END
START -9884 -3036 460 8122 5836 14962 END
START -8596 -3144 -1108 6067 4881 15724 END
START -6772 -3480 -2952 3980 4041 16252 END
START -5680 -4124 -4748 1565 2516 16724 END
START -3652 -4732 -6248 -1178 1113 17138 END
START -2300 -5316 -6964 -4490 81 17489 END
START -1172 -5592 -7128 -7920 -1046 17819 END
START 324 -5560 -6512 -11110 -2620 18394 END
START 2180 -5128 -5156 -13722 -3984 19240 END
START 4740 -4508 -3768 -16190 -4786 19820 END
START 8024 -3016 -1228 -18897 -5068 19372 END
START 11332 -1380 2196 -21603 -4865 17946 END
START 13920 1140 6780 -23979 -4341 15827 END
START 16848 3904 12936 -25629 -3417 13723 END
START 19796 7960 20236 -26364 -1086 10694 END
START 21992 11188 26648 -25651 2470 5868 END
START 21504 13940 31628 -23888 5904 -408 END
START 19396 14892 32767 -20463 6499 -6349 END
START 15548 15236 32767 -16009 4996 -11699 END
START 11048 14120 32767 -10904 2600 -16025 END
START 5492 12312 32767 -5443 311 -18713 END
START 504 10472 32767 -1158 -1076 -19331 END
START -3608 8424 32767 1957 -1897 -18102 END
START -6484 6540 32767 4620 -1663 -15835 END
START -8632 5092 32767 7568 -1060 -13257 END
START -9864 3868 32767 11111 -1099 -10652 END
START -10080 3164 32767 14794 -1677 -8438 END
START -9496 2528 32767 18029 -1966 -6953 END
START -8960 2076 28904 20449 -1956 -6077 END
START -8140 1512 24124 22203 -1804 -5559 END
START -7780 1140 19444 22976 -836 -5226 END
START -7884 504 15248 22773 451 -4499 END
START -7640 72 11644 22150 1353 -3368 END
START -7284 -44 8228 20947 2114 -2145 END
START -6628 -164 4940 19201 2799 -1000 END
START -6024 -336 2160 17220 3069 -56 END
START -5540 -108 -40 15113 2680 604 END
START -4780 -84 -2144 13214 2109 876 END
START -4368 -312 -4260 10668 1622 812 END
START -4132 -496 -5656 7806 874 641 END
START -4236 -676 -6740 5122 -160 930 END
START -4104 -1016 -7544 2401 -1064 1752 END
START -3352 -1132 -7904 -921 -1215 2876 END
START -2796 -1372 -8176 -4740 -883 3830 END
START -2240 -1876 -7976 -8603 -773 4484 END
START -1484 -2208 -7184 -12007 -1122 4748 END
START -912 -3160 -5864 -14998 -1705 4377 END
START -952 -4084 -4708 -17615 -2492 3871 END
START -872 -5132 -3112 -20242 -3225 3559 END
START -1224 -6312 -1128 -23115 -3623 3475 END
START -1484 -7256 736 -25722 -3982 3572 END
START -1932 -7916 2236 -27986 -4235 3959 END
START -1652 -8596 2984 -30776 -3935 4108 END
START -2356 -9232 4004 -32768 -3505 3600 END
START -3336 -9600 5916 -32768 -4230 3251 END
START -3896 -9332 9056 -32768 -6372 3811 END
START -2644 -7736 13044 -32768 -8505 5546 END
START 1268 -5828 19620 -32768 -9641 7603 END
START 6908 -3308 28888 -32768 -6457 6963 END
START 10052 -728 32767 -32768 -497 3285 END
START 10684 976 32767 -32768 3256 -1666 END
START 8736 1008 32767 -32768 5141 -6033 END
START 5904 532 32767 -28465 4286 -7797 END
START 4436 -112 32767 -19188 2523 -8005 END
START 4060 -940 32767 -10631 1376 -7806 END
START 3600 -1780 32767 -3979 754 -7953 END
START 2988 -2652 32767 895 1303 -7890 END
START 2116 -3196 32767 5090 3066 -7304 END
START 1376 -3752 32767 8824 4824 -6360 END