START -8288 2968 18144 20042 9117 5419 END
START -8188 2572 17156 19950 9288 5572 END
START -9808 2412 16352 19173 8818 5862 END
START -7908 424 12076 17906 8806 6131 END
START -8936 -336 9372 16482 8836 6031 END
START -9420 -1412 6500 15072 8586 6363 END
START -10192 -2016 3492 13481 7355 7575 END
START -9424 -3272 -16 11621 6221 9413 END
START -8672 -4360 -3388 9168 5211 11116 END
START -7640 -5496 -6484 5588 4284 12385 END
START -6784 -6864 -8444 1192 3453 13292 END
START -6380 -8044 -8768 -3432 1735 14257 END
START -5696 -8616 -7848 -6450 -971 15611 END
START -4280 -8756 -6960 -8199 -3921 17459 END
START -1748 -8584 -6496 -9921 -6361 18869 END
START 896 -7948 -5544 -12024 -8071 19374 END
START 3200 -7040 -4144 -14074 -8998 19177 END
START 4980 -6136 -2620 -16396 -9571 18706 END
START 7148 -4876 128 -18770 -10323 18272 END
START 9740 -3376 3568 -20686 -10536 17722 END
START 12596 -1068 7596 -22239 -10078 17032 END
START 16168 1928 12564 -23361 -8426 15426 END
START 19420 5264 17076 -24168 -5635 12675 END
START 22564 8580 22268 -24340 -2148 8488 END
START 23672 11508 26764 -23625 1014 2703 END
START 22836 13132 30892 -21696 2641 -4100 END
START 20348 13784 32767 -18650 2632 -10676 END
START 16260 13376 32767 -15147 1794 -16184 END
START 11400 11640 32767 -11624 1061 -19909 END
START 5676 8888 32767 -8107 245 -21462 END
START 772 6092 32767 -4992 -351 -21297 END
START -3228 3752 32767 -1385 -856 -19608 END
START -6512 2568 32767 2881 -1134 -17131 END
START -8096 1540 32767 7258 -1207 -14539 END
START -8836 944 32767 10932 -1296 -12648 END
START -9296 476 32767 14045 -1426 -11214 END
START -9448 68 32767 16714 -1467 -9807 END
START -9108 20 31192 19124 -1360 -8649 END
START -8660 -40 27156 20927 -950 -7477 END
START -8264 -120 22832 21793 -255 -6236 END
START -7640 -212 18420 21678 857 -4984 END
START -7028 -240 14216 20936 2160 -3830 END
START -6624 -224 10648 19726 3346 -2652 END
START -5896 -112 6992 18120 4442 -1699 END
START -5012 156 3456 16163 5205 -1019 END
START -4380 36 732 14050 4959 -595 END
START -3948 -188 -1628 11692 3980 -568 END
START -3976 -704 -3256 9287 2647 -583 END
START -4132 -1096 -4740 7274 1523 -421 END
START -4464 -1724 -6200 4991 211 41 END
START -4548 -2388 -7244 2457 -911 1041 END
START -4496 -3012 -7688 -746 -1758 2496 END
START -4004 -3544 -7692 -4301 -2217 4393 END
START -3144 -4544 -7100 -7941 -2274 5694 END
START -2676 -5412 -5908 -11216 -2385 6453 END
START -2108 -6472 -4252 -14439 -2743 7042 END
START -1828 -7628 -2040 -17364 -3139 7308 END
START -1908 -8632 316 -19473 -3979 7685 END
START -1992 -9440 2312 -21251 -4933 8329 END
START -1560 -9868 4172 -23213 -4915 9199 END
START -1336 -10456 5800 -25522 -4181 9912 END
START -1352 -10864 7716 -28225 -3375 10140 END
START -1444 -11168 9536 -30279 -3370 10237 END
START -1804 -10044 12328 -31914 -4302 10181 END
START -688 -6860 16196 -32768 -6571 11327 END
START 2352 -3088 20864 -32768 -8458 13064 END
START 7320 2812 26940 -32768 -8524 14126 END
START 14632 7088 32767 -32768 -4955 13054 END
START 20912 9516 32767 -32768 3028 6372 END
START 21872 7640 32767 -32433 9149 -2643 END
START 18260 4648 32767 -28397 10703 -9968 END
START 13008 2396 32767 -20113 8673 -12808 END
START 10152 308 32767 -9193 6430 -12888 END
START 9568 -1148 32767 -181 5552 -13378 END
START 8248 -2188 32767 5640 5850 -14433 END
START 6196 -2976 32767 9755 6371 -15057 END
START 4028 -3512 32767 12830 7137 -14721 END
START 2280 -3804 32767 15122 7823 -13823 END