START -12664 776 14088 16077 8710 3982 END
START -13800 1040 14688 15899 8105 4643 END
START -12520 664 11528 15408 8143 5989 END
START -12844 -352 10792 14575 7327 8041 END
START -12596 -612 9268 13325 6523 9790 END
START -11444 -924 7684 11654 5431 11104 END
START -10328 -1300 6336 10337 4271 12336 END
START -9328 -1088 5028 9262 2388 13889 END
START -7912 -1036 3328 8453 597 15007 END
START -5684 -1224 636 7553 -345 15606 END
START -4308 -1540 -2360 5798 -1018 15256 END
START -3116 -2232 -4916 2904 -2332 14257 END
START -2060 -3012 -6424 -540 -4047 13963 END
START -1096 -3660 -6608 -4127 -5457 13942 END
START -400 -4244 -6076 -7505 -6247 14291 END
START 984 -4352 -5356 -10414 -6562 15685 END
START 3224 -4004 -3868 -13137 -6587 17097 END
START 6064 -2740 -1808 -15776 -6481 18141 END
START 9712 -832 944 -18289 -5411 17545 END
START 13124 812 4308 -20231 -3486 15023 END
START 14960 2532 8384 -21487 -2202 11303 END
START 16100 4764 13256 -22071 -1912 7844 END
START 17544 6768 18176 -22158 -1135 4867 END
START 18372 8800 23064 -22320 1422 1029 END
START 17136 9860 27252 -22480 4526 -3374 END
START 14564 10440 31408 -21485 6264 -7395 END
START 11000 10528 32767 -19246 7057 -10565 END
START 6704 9600 32767 -15645 6478 -12706 END
START 3028 8656 32767 -11197 4216 -13226 END
START 240 7880 32767 -6966 1764 -13094 END
START -2016 7268 32767 -3678 540 -12863 END
START -4080 6684 32767 -536 137 -12245 END
START -5720 6132 32767 2957 134 -11269 END
START -7036 5232 32767 6802 260 -10129 END
START -7876 4600 32767 10520 622 -8933 END
START -8544 3640 32767 13944 935 -7737 END
START -8964 2844 32767 16718 1046 -6514 END
START -9160 2008 31864 19527 926 -5072 END
START -8776 1524 27724 21740 1044 -3766 END
START -8500 964 23620 23303 1118 -2656 END
START -7904 620 19504 24070 962 -1917 END
START -7364 492 15532 23881 1227 -1761 END
START -7096 528 11624 23130 1573 -1547 END
START -6740 512 8056 21937 1674 -1158 END
START -5952 424 4632 20527 1830 -591 END
START -5188 288 1584 18730 2243 -40 END
START -4520 -88 -1284 16295 2176 379 END
START -4000 -600 -2988 13459 1496 716 END
START -3652 -884 -4632 10648 778 735 END
START -3608 -1788 -5648 8359 -259 644 END
START -3480 -2388 -6592 5631 -1236 739 END
START -2992 -2912 -7324 2546 -2473 1402 END
START -2272 -3056 -7376 -436 -3329 2673 END
START -1408 -2900 -7196 -3385 -3292 3896 END
START -160 -2832 -7020 -6476 -2479 4430 END
START 452 -3000 -6860 -9809 -1843 4334 END
START 1208 -3128 -5588 -12705 -1778 3801 END
START 1908 -3588 -4352 -15297 -1945 2808 END
START 2108 -3988 -3204 -17679 -2097 1377 END
START 2012 -4772 -1768 -20155 -2022 10 END
START 1800 -5692 -140 -22501 -1842 -1136 END
START 664 -6440 1412 -24891 -1716 -1670 END
START -20 -7372 2604 -26979 -1660 -1553 END
START -656 -7972 3740 -29406 -1207 -1730 END
START -2288 -8596 5076 -32452 -664 -2384 END
START -4000 -9228 7772 -32768 -1773 -2660 END
START -5172 -8432 11608 -32768 -4327 -1750 END
START -3804 -6792 17176 -32768 -6590 403 END
START -648 -5564 24352 -32768 -6906 2436 END
START 3364 -3380 32767 -32768 -3067 1730 END
START 4860 -1572 32767 -32768 3997 -1914 END
START 3560 -92 32767 -32768 8439 -5288 END
START 1992 -84 32767 -32768 8197 -6968 END
START 1116 112 32767 -24536 5516 -7461 END
START 820 8 32767 -14994 2992 -7875 END
START 1100 -100 32767 -7128 1869 -8288 END
START 1032 124 32767 -866 2241 -8344 END
START 812 -180 32767 3685 3733 -8174 END
START 600 -484 32767 7561 5560 -8092 END
START 144 -1220 32767 11294 6715 -7878 END
START -220 -2204 32767 15210 6554 -7788 END
START -380 -2352 32767 18514 5844 -7945 END
START -412 -3276 29544 20535 5503 -8346 END
START -640 -3824 24900 21634 5525 -8635 END
START -832 -4368 20768 21797 6436 -8938 END
START -1668 -5632 17140 21657 7237 -9315 END
START -2400 -7424 13736 21406 6834 -9792 END