START -16352 -912 12028 20160 8840 6864 END
START -15912 -1240 10372 19705 8069 7370 END
START -16440 -1724 10644 18851 7247 8522 END
START -15444 -2792 8300 17542 6889 10465 END
START -15272 -3188 6432 15597 6324 12781 END
START -14112 -4184 4100 14052 5423 15530 END
START -12416 -4136 1624 11902 4814 18101 END
START -9852 -4520 -872 9570 4309 19637 END
START -7680 -4832 -3416 7414 3904 20176 END
START -6016 -5420 -5912 5350 2171 20210 END
START -4164 -5892 -8456 2940 -1283 20119 END
START -1724 -6364 -9664 -505 -4112 19918 END
START 108 -6592 -9532 -4048 -5121 19757 END
START 1592 -6264 -9144 -7333 -5524 19992 END
START 3516 -5768 -8896 -10384 -6468 20613 END
START 5676 -4764 -7832 -13568 -7218 20812 END
START 8232 -3668 -6296 -16912 -7396 20569 END
START 10944 -2240 -3476 -20215 -7462 19809 END
START 13864 -652 -240 -23146 -7124 18104 END
START 16864 892 4256 -25481 -6317 15698 END
START 19284 3372 10052 -26864 -5406 13024 END
START 22036 6640 16840 -27967 -3493 9507 END
START 23752 10128 23388 -27871 -710 5023 END
START 25008 13112 28836 -26380 2706 -1202 END
START 22796 14324 32767 -24242 4949 -8069 END
START 19320 13976 32767 -20825 4286 -13909 END
START 14684 12564 32767 -16672 3221 -18373 END
START 9116 10052 32767 -11477 2399 -20894 END
START 4080 7432 32767 -6431 1250 -21795 END
START -584 5396 32767 -2327 170 -21231 END
START -4280 3964 32767 1530 -372 -19889 END
START -7892 2460 32767 5659 -590 -17857 END
START -10392 1328 32767 9886 -860 -15372 END
START -11640 400 32767 13700 -1031 -12822 END
START -12088 -116 32767 16549 -717 -10620 END
START -12236 -680 32432 18905 18 -8807 END
START -12032 -1016 28344 20622 697 -7034 END
START -11596 -1276 23572 21783 1371 -4974 END
START -10728 -1332 18356 21871 2245 -2861 END
START -9380 -944 13632 20978 3348 -960 END
START -8020 -508 9124 19800 4128 470 END
START -6988 -592 5348 18586 4248 1405 END
START -5632 -364 1724 17122 3385 1808 END
START -4820 -476 -1328 15111 1955 1499 END
START -4344 -500 -4324 12933 643 853 END
START -4420 -1016 -6396 10768 -183 448 END
START -4660 -1736 -8484 8140 -1247 580 END
START -4524 -2884 -9980 4956 -2540 1361 END
START -4036 -3188 -10728 1064 -3399 2609 END
START -3312 -3624 -10692 -3164 -3856 4414 END
START -2124 -3788 -9976 -7881 -3988 6072 END
START -204 -4084 -8548 -11908 -3527 6429 END
START 616 -4556 -7168 -14977 -3531 6019 END
START 1168 -5068 -5752 -17563 -4292 5411 END
START 1364 -5444 -4608 -20258 -4777 5080 END
START 1176 -5776 -3580 -23097 -4596 5132 END
START 1172 -6444 -2808 -26312 -4124 5180 END
START 1148 -7344 -1604 -29558 -3856 4997 END
START 1208 -8320 -40 -32657 -3848 4344 END
START 920 -9848 1696 -32768 -4087 3138 END
START 156 -11768 4620 -32768 -5011 1688 END
START -148 -12852 9100 -32768 -7534 798 END
START 424 -12436 15016 -32768 -10291 1485 END
START 3052 -9740 25000 -32768 -10558 3538 END
START 6892 -6608 32767 -32768 -6211 4741 END
START 9356 -3916 32767 -32768 501 3118 END
START 9824 -1912 32767 -32768 5507 333 END
START 10000 -1960 32767 -32768 8918 -3548 END
START 7596 -2900 32767 -25120 9017 -7019 END
START 6084 -3736 32767 -13791 6276 -9266 END
START 5076 -3880 32767 -3019 3603 -10633 END
START 4468 -4408 32767 4554 3197 -11189 END
START 3452 -4384 32767 9417 4473 -10691 END
START 2316 -4352 32767 12810 6851 -9207 END
START 1700 -4308 32767 15448 8217 -7755 END
START 1512 -4668 32767 17783 8238 -7147 END
START 1208 -4796 28636 19790 7335 -7422 END
START 404 -5372 23776 21491 6352 -8029 END
START -404 -5972 19528 22574 5412 -8248 END