START 9684 9744 980 2090 3696 3217 END
START 10300 9952 -432 877 3555 2724 END
START 9048 10156 492 -1159 3968 1999 END
START 10392 8128 -372 -3937 3015 626 END
START 11100 8048 -1636 -6194 1808 -1248 END
START 11000 7276 -1888 -8634 -466 -3694 END
START 11764 6348 -2256 -10493 -2900 -6202 END
START 12052 5040 -1672 -12327 -3646 -9011 END
START 10920 3836 -1096 -13269 -4006 -11222 END
START 10332 2916 -912 -14318 -3665 -12662 END
START 9916 1508 -1284 -16591 -1778 -14003 END
START 8996 292 -1132 -19453 610 -15373 END
START 7260 -1564 -376 -21819 2232 -16376 END
START 5276 -3204 744 -23806 2609 -17006 END
START 2944 -5216 1708 -25454 1553 -17376 END
START 848 -7024 3512 -27303 95 -17651 END
START -1128 -8488 5864 -28704 -1033 -17395 END
START -3552 -10164 9132 -30034 -1083 -16102 END
START -5180 -11056 12668 -30944 -572 -14021 END
START -6356 -11012 16204 -31194 62 -12252 END
START -7704 -11464 20148 -31145 1176 -11344 END
START -9556 -11820 24268 -30231 1823 -10839 END
START -11636 -11824 28156 -28246 1216 -10005 END
START -13972 -11516 32316 -25209 -657 -8152 END
START -15216 -11224 32767 -21967 -2359 -5276 END
START -15320 -10784 32767 -19190 -2906 -1404 END
START -14812 -9940 32767 -16338 -2283 2860 END
START -13180 -8392 32767 -13091 -798 6253 END
START -11412 -6428 32767 -9262 1146 8465 END
START -9592 -4376 32767 -4849 2419 9493 END
START -7804 -2592 32767 -24 2253 9470 END
START -6200 -1096 32767 4767 1197 8938 END
START -4376 -208 32767 9244 -108 8154 END
START -2584 -132 32767 13007 -572 7199 END
START -1324 -508 32767 16570 -487 5941 END
START -724 -1276 32767 20151 -474 4662 END
START -104 -1968 32767 23560 -715 3604 END
START 404 -2544 31248 26335 -1066 2633 END
START 976 -2756 27460 28218 -1124 1504 END
START 1780 -2544 23904 29291 -745 249 END
START 2184 -2272 20108 29706 -225 -918 END
START 2904 -1876 17328 29659 558 -2063 END
START 3748 -1432 13716 28762 2124 -3589 END
START 4164 -832 10484 27426 4170 -5455 END
START 4220 -784 7160 25616 5104 -7374 END