START 18008 5512 5136 2530 2792 -7478 END
START 17744 5600 3660 1936 3795 -8771 END
START 17004 5584 4464 342 6754 -11303 END
START 16400 3740 2964 -2184 11086 -15189 END
START 13864 2920 1980 -4983 12830 -18183 END
START 11300 1888 1092 -7286 10765 -19058 END
START 9568 1296 644 -9073 6146 -18542 END
START 9440 1612 396 -10891 2454 -18122 END
START 10192 1448 -24 -12899 1443 -18907 END
START 10228 868 -432 -15504 3627 -20939 END
START 8904 -28 -224 -18046 6219 -22780 END
START 6880 -1460 -148 -20051 7469 -23830 END
START 5204 -2816 -56 -21859 6869 -24095 END
START 4188 -3956 116 -23770 5871 -24106 END
START 2616 -5360 884 -26041 5490 -24669 END
START 176 -6808 2236 -28419 5293 -25325 END
START -3748 -7496 4300 -30425 4837 -25150 END
START -7404 -7812 6748 -31515 3524 -23184 END
START -9584 -7984 9112 -32614 2669 -20069 END
START -10448 -8384 12332 -32768 3025 -17532 END
START -12008 -10568 16008 -32768 3188 -15805 END
START -13792 -10224 22488 -32768 990 -13659 END
START -14428 -11756 28056 -31262 -1266 -10384 END
START -14228 -12512 32767 -28605 -2002 -6614 END
START -13624 -12676 32767 -24832 -928 -2652 END
START -12264 -12432 32767 -20923 1487 993 END
START -10936 -11840 32767 -17217 4798 3661 END
START -10800 -9968 32767 -12207 7006 5502 END
START -10456 -7124 32767 -6144 7515 6663 END
START -9884 -4752 32767 -535 6860 7314 END
START -9264 -2864 32767 4418 5885 7633 END
START -8448 -1756 32767 9039 5258 8084 END
START -6796 -1668 32767 13047 5440 9060 END
START -4540 -2172 32767 16103 6473 9852 END
START -2960 -2556 32767 18648 7370 9776 END
START -1688 -3024 32767 21563 7266 9081 END
START -640 -3276 32767 24775 6043 8035 END
START 428 -3260 30100 27471 4770 6583 END
START 1248 -3164 26120 29217 4030 4889 END
START 2028 -2964 22300 30223 3764 3013 END
START 2376 -2780 19132 30711 3752 1326 END
START 2772 -2760 15732 30753 4271 -101 END
START 3152 -2864 12768 30065 4979 -1415 END