START 9044 7044 5584 6547 1852 3150 END
START 8040 7812 4672 5791 1450 2558 END
START 8688 8088 4032 4590 2064 1480 END
START 9860 6548 2352 2978 3532 -267 END
START 9464 5856 720 913 5038 -2578 END
START 8940 6028 -604 -1319 4776 -4398 END
START 8196 4768 -1356 -3245 2574 -5517 END
START 7612 5068 -1888 -5034 -644 -6147 END
START 8108 4556 -2460 -7006 -3163 -6850 END
START 8392 4308 -2528 -9561 -3944 -8329 END
START 8800 3524 -2308 -11898 -4056 -10293 END
START 8072 2764 -2000 -14113 -3623 -12322 END
START 7032 1888 -1820 -16143 -3579 -13424 END
START 6072 1028 -1352 -18785 -3584 -13539 END
START 5080 344 -836 -21806 -3149 -13467 END
START 4100 -624 544 -24625 -2769 -13503 END
START 2652 -1552 2708 -27064 -2428 -13691 END
START 996 -2708 6072 -29131 -2517 -14138 END
START -836 -3696 9456 -30534 -3025 -14604 END
START -2876 -4856 13568 -31193 -4118 -14570 END
START -4784 -6484 19184 -31255 -5236 -13568 END
START -5920 -8408 25168 -30761 -5212 -11673 END
START -6884 -9880 31552 -29306 -3945 -9328 END
START -7620 -10896 32767 -26592 -2127 -6408 END
START -7696 -11008 32767 -23177 625 -3396 END
START -7932 -9760 32767 -18945 3478 -917 END
START -7944 -8020 32767 -13801 5531 956 END
START -8260 -5612 32767 -8256 5966 2585 END
START -7680 -2980 32767 -3338 5418 3843 END
START -6768 -356 32767 901 5100 4644 END
START -5876 1288 32767 4401 5336 5263 END
START -4880 2696 32767 7768 6107 5935 END
START -4328 3044 32767 11324 6992 6403 END
START -3244 3188 32767 14907 7947 6619 END
START -2508 2836 32767 19599 10275 6459 END
START -1704 2472 32767 25438 13563 5919 END
START -1336 1248 32767 30031 15702 5015 END