START 11676 6872 844 -6937 22352 559 END
START 13220 6616 -1660 -7642 22003 -212 END
START 11628 6488 -20 -9073 22153 -2178 END
START 13328 4036 -736 -10300 19395 -6042 END
START 12820 3120 -980 -11792 14081 -10663 END
START 12208 1208 -756 -13476 7312 -14526 END
START 11364 436 -436 -15234 2027 -17031 END
START 10848 -648 640 -16728 -179 -18745 END
START 10260 -1028 1292 -17661 663 -20108 END
START 9104 -2336 1420 -19344 3431 -21150 END
START 7848 -3280 1792 -21843 5572 -22061 END
START 6336 -4324 3000 -24487 6107 -23577 END
START 3808 -4972 5204 -26204 4117 -24683 END
START 2184 -5616 7824 -27061 1282 -25327 END
START 44 -6460 11036 -27672 -978 -26091 END
START -2284 -7360 14584 -27871 -1980 -26147 END
START -5180 -8952 19032 -27244 -2500 -25529 END
START -8416 -10084 23092 -26176 -2512 -23817 END
START -11360 -10964 27016 -24840 -2664 -20774 END
START -13508 -10896 30736 -23007 -3309 -16734 END
START -14768 -10276 32767 -21001 -3503 -12385 END
START -15636 -9284 32767 -19327 -2738 -8047 END
START -16148 -8188 32767 -17109 -1888 -3867 END
START -15468 -6816 32767 -14139 -865 267 END
START -14192 -5228 32767 -11193 513 3579 END
START -12576 -3508 32767 -8064 2072 5960 END
START -10744 -1644 32767 -4583 3252 7430 END
START -8916 -108 32767 -854 3925 8548 END
START -6928 1100 32767 2493 4597 9114 END
START -4764 2000 32767 5829 5817 8941 END
START -2976 1968 32767 9114 7151 8195 END
START -1604 1756 32767 12402 7649 7382 END
START -596 1284 32767 15608 7394 6308 END
START 456 952 32767 18612 6873 5055 END
START 1264 716 32767 21106 6740 3781 END
START 1860 348 29816 23331 7050 2460 END
START 2300 180 26720 24914 7541 1194 END
START 2540 -356 23724 26102 7947 -306 END
START 2464 -420 20608 26914 8571 -1756 END
START 2640 -880 17248 27279 9353 -3306 END
START 2444 -1336 13500 27073 9677 -4853 END
START 2136 -2016 10084 26535 8388 -5942 END