START 10424 6732 5684 2757 8083 1178 END
START 9472 7232 6120 1775 6998 682 END
START 9492 7240 4776 235 6672 -273 END
START 9248 5160 4472 -1499 3640 -1698 END
START 9272 5288 3548 -2386 1067 -3436 END
START 9016 5068 2900 -2967 -147 -5147 END
START 8792 4156 1940 -4189 515 -6528 END
START 8456 3636 1048 -5885 1983 -7510 END
START 7788 2844 16 -8096 2802 -8250 END
START 7260 1672 -528 -10724 2267 -8901 END
START 6792 1412 -508 -13482 943 -9536 END
START 6856 616 -36 -15489 -377 -10400 END
START 7152 460 440 -17058 -1542 -11687 END
START 7448 -200 1412 -18526 -2821 -13457 END
START 7404 -420 2208 -19988 -4117 -15377 END
START 6928 -884 3620 -21832 -4491 -16980 END
START 5760 -1948 5432 -24666 -3478 -18049 END
START 3788 -3420 8768 -28546 -1460 -18967 END
START 96 -5128 15288 -31248 474 -19837 END
START -3816 -6960 21956 -31356 1619 -20463 END
START -9544 -9044 29732 -28205 546 -19354 END
START -13048 -10656 32767 -24247 -1043 -16675 END
START -15876 -11136 32767 -21297 -1105 -12343 END
START -17464 -10348 32767 -18321 868 -6874 END
START -18444 -8756 32767 -14673 3557 -1593 END
START -18276 -6816 32767 -10489 5137 3065 END
START -17044 -4276 32767 -6334 5098 6591 END
START -14696 -2268 32767 -1991 4691 9089 END
START -11556 -164 32767 2309 5503 10693 END
START -8456 1224 32767 6702 7050 11590 END
START -6052 1640 32767 11228 8649 11368 END
START -4020 1180 32767 15654 9046 10479 END
START -2732 488 32767 19640 8386 9159 END
START -2036 -48 32767 22979 7173 7856 END
START -1240 -632 29924 25606 6035 6661 END
START -764 -940 25740 27263 5551 5561 END
START -60 -1264 21436 28052 5729 4632 END
START 728 -1568 17320 27842 6479 3571 END
START 1324 -1416 14032 26689 7249 2508 END
START 1912 -1728 10480 25293 7578 1362 END
START 2476 -1948 7928 24221 6768 83 END