START 11912 8444 7752 3494 9956 4305 END
START 11700 8772 7692 3392 7608 3431 END
START 11896 8960 6136 3050 5317 1468 END
START 12744 7452 4332 3088 268 -1800 END
START 12536 7184 3188 2624 -3267 -5054 END
START 12436 6808 1660 1370 -6026 -7985 END
START 12288 5556 680 -629 -6421 -10354 END
START 11156 4808 476 -2822 -5757 -11811 END
START 10128 3692 132 -4934 -4666 -12304 END
START 9856 3120 -428 -7435 -3606 -12447 END
START 9728 2208 -1048 -10331 -2594 -12815 END
START 9436 1240 -716 -13106 -2228 -13594 END
START 9276 188 -276 -15340 -2449 -14780 END
START 8632 -752 324 -16766 -3494 -16111 END
START 8220 -1640 772 -17975 -4665 -17540 END
START 7332 -3092 1376 -19353 -5824 -18971 END
START 6108 -4812 2000 -21535 -6339 -20126 END
START 4388 -6316 3700 -24335 -5904 -20806 END
START 1632 -8236 6332 -27069 -4693 -20940 END
START -1184 -9644 10144 -28862 -3896 -20362 END
START -3920 -11664 14320 -29307 -3712 -18968 END
START -6036 -13260 18656 -29234 -3783 -17308 END
START -9328 -14500 23272 -28760 -3997 -15421 END
START -12376 -11468 29724 -27139 -4645 -12228 END
START -16976 -12240 32220 -24740 -4139 -7880 END
START -17488 -11000 32767 -21820 -4268 -2244 END
START -16876 -8680 32767 -20315 -2343 2469 END
START -15844 -6352 32767 -18978 -910 6112 END
START -13680 -5116 32767 -16701 176 8451 END
START -11076 -4776 32767 -13514 1100 9511 END
START -8776 -4372 32767 -9183 1633 9756 END
START -7560 -3056 32767 -4104 2284 9592 END
START -6740 -1336 32767 1603 3116 9838 END
START -5504 420 32767 6617 4549 10620 END
START -4216 1204 32767 10396 6605 11218 END
START -2872 992 32767 13502 8228 11418 END
START -1600 328 32767 16113 8390 11220 END
START -480 -284 32767 19313 7312 10620 END
START 864 -872 32767 22550 5359 9706 END
START 2132 -1200 32767 25299 3889 8408 END
START 3152 -1408 29364 27471 2913 6788 END
START 3884 -1740 25228 28962 2664 5126 END
START 4436 -1924 21636 29542 3354 3449 END
START 4576 -2320 17412 29254 4564 1813 END
START 4708 -2680 13664 28218 5730 246 END
START 4276 -2580 10560 26985 6172 -1205 END