START 10552 6948 3256 2388 -1096 5208 END
START 9384 7604 4460 1939 -2427 4462 END
START 11332 7664 1808 674 -2758 2909 END
START 14176 6220 308 -1701 -2534 -97 END
START 14916 6308 324 -4483 -972 -3785 END
START 15096 6240 80 -7034 22 -7159 END
START 14748 5032 500 -8780 295 -9466 END
START 14108 4628 380 -10218 -247 -11136 END
START 14140 3968 376 -11637 -1182 -12848 END
START 14360 3396 -56 -13534 -948 -15328 END
START 13368 2272 -184 -15602 -313 -17864 END
START 12336 1260 220 -17749 343 -19969 END
START 11068 -252 48 -19738 733 -21655 END
START 9608 -1536 412 -21861 816 -22882 END
START 7956 -3024 1700 -24367 1200 -23941 END
START 5572 -4516 3432 -26850 1325 -24631 END
START 2688 -5704 6084 -28754 756 -24269 END
START 184 -6960 9252 -30315 421 -23108 END
START -2148 -8032 12812 -31638 626 -21708 END
START -4348 -9056 16684 -31800 676 -19907 END
START -7240 -10072 20996 -31232 232 -17799 END
START -9168 -11208 25024 -30716 211 -15380 END
START -11976 -12000 30188 -29490 642 -12055 END
START -13876 -11840 32767 -27117 1562 -7745 END
START -14992 -10976 32767 -24237 2933 -3125 END
START -14844 -9716 32767 -21128 4334 1166 END
START -13824 -8088 32767 -17719 5346 4770 END
START -12140 -6432 32767 -14226 5862 7306 END
START -10412 -4312 32767 -10405 6467 8780 END
START -8588 -2308 32767 -5704 7034 9288 END
START -7508 -692 32767 -704 6948 9126 END
START -6400 580 32767 3855 5988 8727 END
START -4860 1264 32767 7743 5228 8131 END
START -3704 1352 32767 11352 5198 7437 END
START -2656 852 32767 14854 6019 6881 END
START -1824 -20 32767 18141 6894 6539 END
START -964 -692 32767 20861 7783 6081 END
START -288 -1280 32456 22984 8249 5277 END
START 332 -1560 28972 24753 8372 4151 END
START 828 -1996 25652 26106 8108 2808 END
START 1108 -2112 22372 27264 7669 1635 END
START 1748 -2160 18884 27928 7203 732 END
START 2520 -2340 15732 27615 7111 -316 END