START -128 8904 13160 3997 -1424 2975 END
START -236 9056 12800 4003 -1473 2916 END
START -716 9344 13180 3696 -1801 2803 END
START 376 8860 11716 3597 -2701 2777 END
START 936 9364 11532 3492 -2778 2605 END
START 2200 9628 10688 3267 -2684 1817 END
START 3204 9820 10300 2835 -2562 205 END
START 3976 9804 9424 2200 -2940 -1993 END
START 4260 9824 8984 1426 -3598 -4451 END
START 4364 9832 8528 828 -3828 -6533 END
START 3784 9540 7972 302 -4169 -7573 END
START 3744 8940 7292 -157 -3819 -7485 END
START 3592 8572 6336 -1183 -2923 -7204 END
START 3564 7628 5076 -2837 -1762 -7199 END
START 3288 6828 4436 -5159 -284 -7648 END
START 2488 5624 4460 -7148 499 -8088 END
START 2012 4812 4472 -8543 -51 -8407 END
START 1720 3788 4188 -9482 -765 -8655 END
START 1108 3028 4244 -9981 -1937 -8733 END
START 1204 2404 3948 -10585 -3341 -8546 END
START 916 1976 4152 -11696 -4212 -8175 END
START 704 1820 4452 -13095 -4628 -7456 END
START 848 1592 4976 -14561 -4628 -6547 END
START 1008 1388 5704 -15994 -4420 -5860 END
START 1168 1028 6640 -17527 -3977 -5682 END
START 640 468 7788 -18917 -3860 -6068 END
START -116 84 9048 -19802 -4460 -6363 END
START -916 -188 10976 -20106 -5262 -6392 END
START -1792 -476 13116 -20527 -5699 -6044 END
START -2664 -944 15000 -21508 -5309 -5157 END
START -3664 -1780 17796 -22935 -3846 -3821 END
START -5296 -3072 20636 -24442 -1986 -1793 END
START -6816 -3880 24972 -25343 -610 1143 END
START -7592 -5020 27996 -25910 1195 4715 END
START -8328 -6068 31180 -25929 3906 8362 END
START -9020 -7184 32767 -24941 7129 11641 END
START -8452 -7524 32767 -21608 8955 13763 END
START -7628 -7432 32767 -17028 10427 12971 END
START -7640 -7120 32767 -11364 9265 11605 END
START -7456 -5820 32767 -5763 6588 10417 END
START -6704 -4424 32767 -933 4065 10175 END
START -5720 -3024 32767 2923 3487 10638 END
START -4900 -1912 32767 6058 4771 11519 END
START -4000 -1252 32767 9258 6468 12519 END
START -2648 -884 32767 12808 7287 12832 END
START -1456 -484 32767 16540 7061 12151 END
START -460 -312 32767 19985 6049 10955 END
START 616 88 31572 22554 4743 9568 END
START 2032 400 29172 23931 4648 8015 END
START 3212 852 27056 24658 5676 5978 END
START 4188 1356 24960 24993 7471 3519 END
START 4916 1440 23040 25257 8747 612 END
START 5308 1348 20800 25452 8545 -2375 END
START 5576 1460 17836 25022 6441 -5765 END
START 5156 1660 15296 24244 2613 -9085 END
START 4720 1800 13292 23622 -1466 -12254 END
START 4316 2256 11444 23380 -3560 -14903 END
START 3308 2376 9588 23362 -3093 -16331 END
START 2344 2436 7388 22904 -2493 -16748 END
START 1864 2240 5224 21819 -2566 -17136 END
START 972 1828 3600 20201 -3592 -17855 END
START -244 1620 3072 18529 -4915 -18413 END
START -1808 928 2804 16741 -6146 -18490 END
START -3948 516 2952 15333 -7615 -17555 END
START -5524 292 3664 14229 -8608 -15525 END
START -6804 352 3824 12866 -8506 -12631 END