START 8972 6452 1384 1910 -3253 4786 END
START 9188 6340 1336 1050 -2884 4254 END
START 9768 5796 1328 -662 -2190 3151 END
START 10664 5128 912 -3821 -202 739 END
START 10576 4952 1116 -6446 -59 -1773 END
START 10708 4268 1448 -7755 -1575 -4152 END
START 10764 3760 1796 -8200 -3657 -6402 END
START 10676 3144 1848 -8755 -5516 -8263 END
START 10228 2560 1704 -9297 -6573 -9868 END
START 9828 1504 1284 -10468 -6447 -11362 END
START 9252 480 724 -12731 -5495 -12935 END
START 8120 -1060 524 -15676 -4174 -14447 END
START 6392 -2920 1208 -18574 -2931 -15545 END
START 4644 -4752 1904 -21200 -1846 -16092 END
START 2732 -6080 2988 -23572 -635 -16305 END
START 796 -7316 3692 -25954 452 -16166 END
START -912 -8424 5160 -28248 1360 -15745 END
START -3040 -9016 7924 -30547 2383 -15294 END
START -5644 -9124 10272 -31861 2610 -14566 END
START -8416 -8868 13556 -31710 1584 -13457 END
START -10332 -9156 16832 -31353 373 -12432 END
START -12640 -9072 20084 -31395 -181 -11156 END
START -14364 -9460 24860 -30881 216 -9281 END
START -15524 -9040 28380 -29432 734 -6967 END
START -15744 -8032 32767 -27605 1193 -3814 END
START -14944 -7544 32767 -25422 1393 -638 END
START -13452 -6392 32767 -22889 2599 1749 END
START -12064 -5400 32767 -19841 4539 3224 END
START -11168 -4536 32767 -15954 6506 3688 END
START -10928 -3668 32767 -11097 7289 3999 END
START -10712 -3080 32767 -5546 6544 4877 END
START -9792 -2128 32767 23 5478 5909 END
START -8612 -1468 32767 4823 5049 6599 END
START -7376 -880 32767 9432 5039 7422 END
START -6084 -784 32767 13195 5081 8176 END
START -4200 -1052 32767 16160 5046 8521 END
START -2828 -1416 32767 18851 5023 8003 END
START -1816 -1900 32767 21587 4837 6923 END
START -1232 -2412 32752 23967 4380 5748 END
START -1048 -2812 29496 25869 3867 4741 END
START -1032 -3128 26564 27331 3495 3939 END
START -832 -3056 23504 28511 3648 3142 END
START -636 -2912 20832 29086 4189 2565 END
START -348 -2836 18048 29115 4680 1938 END
START -28 -2676 15392 28513 4467 1118 END
START 192 -2012 12716 27555 3554 -23 END
START 712 -1712 10392 26214 1672 -1678 END
START 920 -1572 8720 24531 -399 -3891 END