START 9996 7812 7356 6052 1094 4808 END
START 9832 7928 7352 5168 560 4160 END
START 8960 8260 6524 3575 1364 2861 END
START 10068 6480 5132 1277 1167 620 END
START 10284 6212 3392 -603 1106 -2039 END
START 9840 5600 2940 -2218 -260 -4400 END
START 9936 5224 1884 -3340 -2374 -6146 END
START 10244 4580 1208 -5120 -4079 -7981 END
START 9852 3084 740 -6962 -5535 -9951 END
START 9560 3280 708 -8540 -6649 -11315 END
START 9560 2392 532 -10352 -6280 -12589 END
START 8760 1700 480 -12234 -5129 -13385 END
START 8048 584 324 -14323 -3958 -13659 END
START 6984 -492 420 -16702 -2921 -13742 END
START 6412 -1852 1300 -19172 -1709 -13891 END
START 5356 -3168 1932 -21656 -212 -14228 END
START 3808 -4496 2672 -24119 788 -14553 END
START 1596 -6096 4088 -26894 1635 -14962 END
START -1144 -7032 6376 -29253 1863 -14602 END
START -3648 -7724 9504 -30820 1706 -13267 END
START -5952 -8212 13628 -31458 1506 -11871 END
START -7736 -8140 17800 -31203 1015 -10581 END
START -9424 -8628 22792 -30630 330 -9128 END
START -10724 -8916 28212 -29671 -302 -6917 END
START -10452 -9256 32767 -27782 -378 -3997 END
START -9988 -9044 32767 -24950 827 -1294 END
START -9484 -8280 32767 -21125 2176 1126 END
START -7764 -6676 32767 -16224 4152 3299 END
START -6624 -4480 32767 -10571 6557 4712 END
START -5520 -2020 32767 -4436 8049 5280 END
START -4576 -56 32767 1481 8116 5059 END
START -3344 988 32767 6561 7144 4569 END
START -2232 1236 32767 10913 6112 3701 END
START -1452 1080 32767 15055 5538 2564 END
START -920 348 32767 18788 5519 1620 END
START -760 -540 32767 21923 6129 913 END
START -504 -1400 32767 24626 6970 469 END
START -288 -1916 30912 26845 7940 176 END
START -96 -2260 26364 28267 8706 -21 END
START 308 -2368 22328 29108 9634 -269 END
START 724 -2124 18348 29427 10180 -634 END