START 12036 4852 2396 2040 -8185 1272 END
START 11704 5416 1484 1282 -8923 793 END
START 12616 6052 -220 -554 -7641 -343 END
START 12444 4624 -392 -3971 -5022 -2506 END
START 11844 4156 -1008 -7656 -510 -4967 END
START 11204 3760 -832 -10742 1754 -6826 END
START 10376 2360 -384 -12020 1854 -8159 END
START 9540 1956 -368 -12508 418 -9143 END
START 9520 1260 -1232 -13320 -1110 -10293 END
START 9064 264 -1500 -15271 -2147 -11942 END
START 8472 -832 -1308 -17556 -2015 -13513 END
START 7064 -1928 -808 -19874 -895 -14585 END
START 5852 -2808 -120 -22337 618 -15053 END
START 4540 -3540 1092 -24656 1916 -14839 END
START 3392 -3844 2580 -26684 2929 -14351 END
START 2176 -3840 4392 -28731 4015 -14345 END
START 36 -4292 7296 -30514 4880 -14817 END
START -2224 -4780 10212 -31749 5121 -15042 END
START -5172 -5916 14668 -32652 4398 -14686 END
START -7684 -5808 19600 -32625 2265 -13705 END
START -10072 -7548 25072 -30851 684 -11654 END
START -10800 -8200 30224 -28608 -35 -8027 END
START -10932 -8156 32767 -26693 1746 -4068 END
START -10668 -7512 32767 -23893 4378 66 END
START -9276 -6368 32767 -20074 5912 3020 END
START -7188 -4436 32767 -15980 6502 3953 END
START -6072 -2752 32767 -11806 5717 3821 END
START -5336 -744 32767 -7568 4238 3770 END
START -4432 680 32767 -3734 3615 4277 END
START -2872 1996 32767 -480 4084 5057 END
START -1268 2960 32767 2377 5461 5552 END
START 24 3280 32767 5038 7274 5565 END
START 868 3184 32767 7880 8160 5287 END
START 1480 2896 32767 11140 8020 4552 END
START 2204 2316 32767 14673 6999 3314 END
START 3892 2156 32767 18478 6573 775 END
START 4404 1788 32767 22032 6915 -2507 END
START 4040 868 32767 25275 7399 -5303 END
START 3996 204 30176 27506 8076 -7114 END
START 4084 272 27144 29086 9445 -8843 END
START 4084 136 23688 29873 11432 -10449 END
START 3956 -116 20436 30129 13259 -12024 END
START 3684 -48 17032 29899 14380 -13436 END
START 2916 -284 13544 29025 13568 -14320 END
START 3032 -312 10252 27732 11300 -15505 END
START 2588 -484 7520 26439 8024 -17048 END
START 2080 -896 5376 25306 3984 -17986 END
START 940 -940 3392 23997 -437 -18067 END
START -28 -1248 2004 22520 -4173 -17541 END
START -1200 -1852 852 20549 -5593 -16639 END