START 15116 4924 1420 -368 2663 -10925 END
START 13004 6096 1420 -1419 2267 -11818 END
START 14116 5456 -1080 -3742 3630 -13688 END
START 12908 3076 -452 -6468 2451 -15654 END
START 11492 2900 -888 -8734 342 -16997 END
START 10804 2216 -812 -10640 -2340 -17873 END
START 9796 1176 -764 -12001 -4067 -18874 END
START 9172 -52 -920 -13449 -3854 -19572 END
START 7896 -936 -1516 -16079 -1989 -20475 END
START 6560 -2632 -1456 -19511 210 -21231 END
START 4504 -3680 -388 -22346 1774 -21508 END
START 2264 -4900 876 -24360 1781 -20817 END
START 552 -5300 1832 -26067 1054 -19683 END
START -740 -5576 3524 -27755 468 -18560 END
START -2084 -5484 5416 -29741 340 -17817 END
START -4020 -5352 8576 -31474 105 -17226 END
START -5952 -5532 12228 -32518 -520 -16504 END
START -8248 -5768 16768 -32441 -1775 -15235 END
START -9940 -6628 21784 -31763 -3295 -13306 END
START -11448 -7336 27376 -30728 -4508 -10567 END
START -10672 -8900 32040 -29128 -3736 -7268 END
START -12316 -8640 32767 -26201 -2577 -3609 END
START -11452 -8664 32767 -21877 -791 53 END
START -10848 -7516 32767 -17294 1072 2911 END
START -10172 -5176 32767 -12168 2654 5903 END
START -8684 -2392 32767 -7641 4646 8154 END
START -7304 444 32767 -4032 6888 9476 END
START -6160 2672 32767 -860 8406 10410 END
START -4404 4044 32767 2450 9062 11244 END
START -2212 4792 32767 5730 9309 11428 END
START -208 4688 32767 9051 9446 10863 END
START 1428 4032 32767 12054 9509 9765 END
START 2688 3396 32767 14489 9594 8453 END
START 3108 2676 32767 16830 9484 7015 END
START 3520 2032 32767 19320 9209 5694 END
START 3692 1276 32668 21608 8872 4555 END
START 4028 980 29476 23316 8558 3431 END
START 4460 820 26656 24435 8406 2132 END
START 4752 708 23872 25271 8134 741 END
START 5500 920 21468 26018 7591 -1246 END
START 5988 1176 18848 26659 6504 -4023 END
START 5960 1188 15560 26857 4977 -7016 END
START 5564 1148 12536 26121 3547 -9822 END
START 4772 1008 9748 24903 2187 -12269 END
START 3964 1032 7356 23552 733 -14250 END
START 2756 716 5480 22235 -734 -15919 END
START 1880 448 3748 20778 -2137 -17309 END
START 92 -44 2912 19310 -3121 -18373 END
START -1292 -1104 2416 17778 -3577 -18681 END
START -3096 -1868 2072 15516 -3598 -17509 END
START -4836 -2504 2468 12685 -3231 -15054 END
START -6764 -2724 2668 9412 -2297 -11851 END