START 5524 6128 6884 9606 -2410 -1962 END
START 6628 6396 4200 9045 -3347 -2313 END
START 5760 6396 4328 7901 -3215 -2823 END
START 7408 5896 2584 5993 -3574 -3471 END
START 8176 5740 920 3188 -2183 -4303 END
START 8548 5132 176 -14 -1161 -5433 END
START 8532 4568 416 -2438 -953 -6439 END
START 8548 3180 476 -4127 -526 -7692 END
START 8352 2360 776 -5671 88 -9217 END
START 7800 1236 1040 -7027 808 -10928 END
START 7044 360 1112 -7880 1403 -12348 END
START 5708 -676 816 -8903 1795 -12956 END
START 4616 -1820 348 -10343 2366 -12872 END
START 3872 -2412 -180 -12322 3263 -12319 END
START 2928 -3028 -352 -15116 3935 -12018 END
START 2248 -4496 108 -18068 4500 -12383 END
START 368 -5704 992 -20072 4173 -13020 END
START -1308 -6304 2064 -21387 2793 -13937 END
START -3468 -6736 3504 -22843 385 -14091 END
START -5240 -6328 5704 -24524 -1655 -13206 END
START -6032 -6060 8092 -26463 -2183 -11690 END
START -7096 -5808 11232 -28639 -1202 -10416 END
START -7776 -6588 15868 -30082 -260 -10107 END
START -8824 -7000 21184 -29807 -788 -10842 END
START -9668 -7832 25988 -27861 -2689 -11418 END
START -10536 -8096 31272 -24830 -4949 -11123 END
START -10904 -8320 32767 -21470 -6421 -9105 END
START -10288 -8252 32767 -19070 -5040 -6227 END
START -9868 -7868 32767 -17164 -1749 -3020 END
START -9484 -7660 32767 -15084 1261 -474 END
START -8912 -7404 32767 -11891 2894 1124 END
START -8468 -6684 32767 -7273 3254 1933 END
START -8192 -5792 32767 -2077 2342 2361 END
START -7772 -4908 32767 3096 1088 3036 END
START -7300 -4192 32767 7664 704 4049 END
START -6124 -3828 32767 11257 1558 5156 END
START -5516 -3760 32767 14467 2673 6346 END
START -4560 -3996 32767 17594 3813 7449 END
START -3380 -4280 32767 20792 4603 8119 END
START -1880 -4520 32767 23617 4689 8079 END
START -420 -4980 32767 25766 4178 7203 END
START 620 -4912 30200 27580 3592 6018 END
START 1828 -4656 26912 29226 3660 4826 END
START 2784 -4252 23636 30380 4623 3635 END
START 3808 -3716 19592 31006 6423 2325 END
START 4368 -3196 15540 30770 8867 990 END
START 5044 -3080 10824 29414 10521 -504 END
START 5476 -2956 7192 27528 10716 -2413 END
START 5568 -3080 4380 25698 8873 -4126 END
START 5644 -2516 1896 23983 5550 -5929 END