START 13696 6316 -1040 -2234 -1558 -4507 END
START 12832 6496 -1092 -2903 -2485 -5491 END
START 13332 6236 -1600 -4791 -2702 -7811 END
START 12636 4116 -1380 -7360 -3010 -10678 END
START 10752 3432 -1456 -9543 -4877 -12150 END
START 9968 2296 -1452 -11309 -7063 -11986 END
START 9536 1676 -1748 -13114 -8043 -11598 END
START 9100 940 -1804 -15730 -7077 -11535 END
START 8476 80 -1816 -18537 -4954 -11388 END
START 8484 1092 -1544 -21340 -3174 -11467 END
START 7212 -3304 -864 -24676 -1279 -12526 END
START 5988 -3712 272 -27174 -1820 -12649 END
START 5616 -5024 1720 -29434 -2085 -13535 END
START 4580 -6636 4468 -32042 -1201 -14118 END
START 3480 -9532 7976 -32768 1638 -14374 END
START 604 -8196 13212 -32768 3832 -13780 END
START -1580 -10400 17612 -32768 6145 -12846 END
START -4588 -11988 22656 -32768 8346 -12321 END
START -8096 -14572 26108 -32768 9678 -11800 END
START -13748 -11292 32767 -30786 6974 -9363 END
START -15776 -10600 32767 -25814 3830 -4905 END
START -16100 -8648 32767 -21940 2793 22 END
START -14936 -6640 32767 -19677 3514 4430 END
START -12532 -4716 32767 -18059 6031 8110 END
START -10096 -2896 32767 -15766 8785 10337 END
START -8000 -1336 32767 -11561 9702 11634 END
START -5520 104 32767 -6163 8846 11928 END
START -3352 1076 32767 -730 7410 11471 END
START -1688 1812 32767 4696 6087 10818 END
START 8 2324 32767 9552 5500 10199 END
START 1760 2600 32767 13160 5711 9472 END
START 3132 2352 32767 15926 6478 8733 END
START 4568 1956 32767 18139 7282 7707 END
START 5428 1224 32767 20152 7340 6115 END
START 5932 552 30760 22084 6397 4038 END
START 6272 -96 27428 23916 5123 1902 END
START 6436 -384 24324 25155 4655 -384 END
START 6464 -776 20996 25707 5018 -2596 END
START 6204 -908 18268 25753 5697 -4404 END
START 6328 -1128 15132 25410 6183 -6139 END
START 6224 -996 12536 24802 6111 -8148 END
START 5924 -872 10288 24005 5153 -10288 END
START 5696 -1160 8040 23048 3248 -12560 END
START 4864 -1312 5940 21995 660 -14858 END
START 3544 -1056 4956 20660 -2007 -16762 END
START 2356 -1364 4120 19133 -3626 -18218 END