START 12240 6252 476 65 2399 -761 END
START 10476 7080 1436 -928 2177 -1081 END
START 10876 7260 -60 -3058 3075 -1726 END
START 11364 4784 -240 -5700 2934 -2645 END
START 11780 4180 -1176 -7534 2868 -3983 END
START 11264 4416 -1000 -9157 1509 -5540 END
START 11212 3000 -1076 -10181 221 -7108 END
START 10660 2688 -1588 -11154 -530 -8681 END
START 10208 1684 -1908 -12884 -679 -10184 END
START 9272 756 -2052 -14917 -471 -11633 END
START 8292 -520 -1976 -16776 91 -12876 END
START 7252 -1220 -2240 -18901 1124 -14014 END
START 5592 -2984 -1696 -21364 2171 -15056 END
START 3768 -4128 -1376 -23651 2859 -15862 END
START 1680 -4692 -172 -26050 2789 -16229 END
START 384 -6684 1284 -28605 2721 -16282 END
START -1448 -6812 3288 -30678 1836 -15187 END
START -2264 -7360 6248 -32387 1356 -13925 END
START -3084 -7676 9956 -32768 2099 -13107 END
START -4888 -8136 15060 -32768 3510 -12797 END
START -6800 -8864 20628 -32768 4131 -12415 END
START -8776 -9424 25116 -32768 3570 -11346 END
START -10012 -8000 31300 -30868 2343 -10121 END
START -10112 -9044 32767 -27309 1127 -7676 END
START -10368 -8008 32767 -24020 1644 -5286 END
START -10588 -6560 32767 -20231 3036 -2535 END
START -10144 -5360 32767 -16534 4899 -30 END
START -9740 -3748 32767 -13117 6335 1734 END
START -8956 -2292 32767 -9375 7109 3074 END
START -8528 -900 32767 -5072 7259 4262 END
START -7464 264 32767 -865 6924 5437 END
START -6420 1124 32767 2773 6652 6360 END
START -5120 1624 32767 6085 6750 7011 END
START -3724 1860 32767 8979 7097 7226 END
START -2568 1688 32767 11386 7331 7031 END
START -1408 1276 32767 13827 7165 6250 END
START -332 944 32767 16194 6569 5224 END
START 784 492 32767 18758 5806 4028 END
START 1508 140 32767 21169 5354 2752 END
START 2504 -32 30912 23367 5196 1357 END
START 3204 -228 28112 25159 5725 -435 END
START 3360 -352 25272 26210 6534 -2291 END
START 3432 -268 22072 26502 7346 -4249 END
START 3468 -252 19320 26245 8026 -6332 END
START 3160 -296 16492 25904 8230 -8596 END
START 2556 -560 13960 25396 7872 -10783 END
START 1900 -1180 11692 24895 6754 -12657 END
START 944 -1488 9192 24301 4979 -13981 END
START -124 -1908 7748 23707 2800 -14540 END
START -1068 -2524 5976 23335 307 -14254 END
START -1924 -2712 4384 22756 -1559 -13387 END
START -2468 -2884 2756 21267 -2650 -12159 END