START 8880 7504 -2056 1338 2857 -2196 END
START 9240 7284 -4012 486 2502 -2410 END
START 9596 7192 -4228 -1427 1733 -2658 END
START 9692 5760 -4944 -4593 25 -3307 END
START 10020 5648 -4636 -7547 -1184 -4718 END
START 10584 5040 -4512 -10180 -2710 -7033 END
START 10548 3932 -3692 -12144 -4031 -9606 END
START 10104 2832 -3348 -13490 -4811 -12125 END
START 9336 2100 -3296 -14803 -5608 -14099 END
START 8336 688 -3484 -16595 -6331 -15351 END
START 7832 -196 -3492 -18822 -6652 -15997 END
START 6956 -1628 -2864 -21447 -6171 -16379 END
START 6200 -3464 -2000 -24638 -4516 -16773 END
START 4456 -5088 -316 -28153 -2986 -16905 END
START 2448 -6528 2496 -31370 -1938 -16517 END
START 368 -7876 6120 -32768 -1279 -15912 END
START -1724 -8820 10708 -32768 -1167 -14979 END
START -3852 -10092 15584 -32768 -1261 -13759 END
START -6232 -11628 20784 -32768 -1381 -12156 END
START -8336 -12376 26532 -32768 -1420 -10050 END
START -9844 -12656 31780 -31570 -635 -7730 END
START -11480 -12496 32767 -29145 384 -4983 END
START -13028 -11508 32767 -25964 1512 -1057 END
START -12972 -9808 32767 -21880 2485 3357 END
START -11780 -7940 32767 -17742 3578 6781 END
START -9880 -5696 32767 -13963 5114 9060 END
START -7804 -3468 32767 -10203 6086 10147 END
START -5680 -1504 32767 -5961 6331 10242 END
START -3748 -208 32767 -1008 6220 9468 END
START -2324 272 32767 4273 5916 8222 END
START -1484 556 32767 9316 5571 7090 END
START -796 336 32767 14038 5799 6019 END
START -300 20 32767 18256 6465 5160 END
START 64 -632 32767 21884 7582 4575 END
START 4 -892 32767 24860 8626 4103 END
START 296 -1624 31532 27071 9166 3643 END
START 312 -1948 27344 28554 9198 3201 END
START 788 -2016 22996 29363 8783 2942 END