START 17368 3352 388 -4196 5222 -14815 END
START 16012 3960 952 -4865 3266 -15700 END
START 15844 4292 -32 -6424 2156 -17702 END
START 16088 2040 1128 -8117 -1148 -20778 END
START 14784 1756 1496 -9627 -2653 -23782 END
START 12908 572 1628 -10843 -3683 -25206 END
START 11212 -508 1488 -12215 -3167 -25293 END
START 9832 -1680 1500 -14501 -1118 -24354 END
START 8276 -2252 2068 -17288 1274 -23564 END
START 7168 -3244 2624 -20300 3298 -23658 END
START 5152 -4744 4392 -23021 4499 -24524 END
START 2752 -6168 6636 -24592 4029 -25323 END
START -392 -7504 9172 -24983 2139 -25689 END
START -3332 -9004 11592 -24904 86 -25302 END
START -5964 -9948 13600 -24797 -1181 -24278 END
START -9616 -10028 15548 -25130 -992 -22905 END
START -14132 -10668 17996 -25628 62 -20753 END
START -17936 -10316 20956 -25189 -291 -16355 END
START -19544 -9128 22788 -24058 -1047 -10911 END
START -19620 -7932 24612 -23113 -1344 -5766 END
START -18544 -6836 26800 -22275 -666 -1978 END
START -17792 -5580 29380 -20775 -413 875 END
START -16616 -4272 31652 -18870 -411 3025 END
START -15340 -2940 32767 -16614 -696 4548 END
START -14404 -1840 32767 -14008 -936 5785 END
START -13296 -1060 32767 -11132 -391 7366 END
START -12040 -228 32767 -8022 1203 9345 END
START -10480 276 32767 -5012 3222 11113 END
START -8400 796 32767 -1913 5796 12254 END
START -6556 892 32767 1523 7943 12844 END
START -4740 1148 32767 5275 9273 12977 END
START -3124 1472 32767 9073 9592 12346 END
START -2044 1732 32767 12778 9219 10980 END
START -1552 1816 32767 16483 7953 9599 END
START -908 1472 32767 19563 6525 8491 END
START 284 1184 31508 21716 5925 7614 END
START 1208 1000 28560 22877 6167 6815 END
START 2076 752 25516 23621 6671 6030 END
START 3132 760 22716 23928 7360 5029 END
START 4292 944 19848 24240 8299 3563 END
START 5180 1120 16776 24502 8987 1288 END
START 5568 872 13572 24390 8519 -1690 END
START 5060 -132 10696 24100 5670 -4651 END
START 4756 -908 8572 24038 993 -7400 END