START 11628 7256 -3892 479 -1389 625 END
START 12100 7408 -4676 -503 -2194 95 END
START 12300 7380 -3852 -2404 -2647 -1088 END
START 12752 6080 -3752 -5699 -3055 -3662 END
START 12764 5604 -3828 -8943 -2714 -6137 END
START 12696 4700 -3648 -11958 -2258 -8376 END
START 11960 3664 -2700 -14390 -2213 -10549 END
START 11212 2992 -2164 -15884 -2309 -11910 END
START 10664 2048 -2116 -17420 -2398 -12921 END
START 9992 1076 -2468 -19593 -2182 -13539 END
START 9556 -92 -2328 -22754 -934 -14436 END
START 8112 -1572 -1280 -25599 490 -15491 END
START 6236 -3496 -52 -28299 1660 -16705 END
START 3540 -5728 2008 -30514 1896 -17488 END
START 568 -7068 5028 -32113 681 -17215 END
START -1904 -8232 8692 -32768 -1047 -15949 END
START -3836 -9504 12288 -32768 -2746 -14150 END
START -5360 -11780 17204 -32768 -3248 -12588 END
START -7280 -13472 22756 -32768 -2220 -10956 END
START -9460 -14440 28804 -32768 15 -8474 END
START -11512 -14204 32767 -31775 2279 -5613 END
START -13424 -12940 32767 -28196 3683 -1571 END
START -13684 -11336 32767 -23877 3936 2808 END
START -12184 -8936 32767 -19933 4207 6465 END
START -10452 -6568 32767 -16703 4799 9167 END
START -7776 -3832 32767 -13368 5550 10587 END
START -5744 -1832 32767 -9285 6339 10658 END
START -4276 -780 32767 -4233 6720 9990 END
START -3088 -280 32767 1071 6777 9017 END
START -2432 -220 32767 6447 6195 8022 END
START -1860 -244 32767 11393 5128 7161 END
START -1336 -652 32767 15793 4022 6511 END
START -460 -956 32767 19432 3470 5934 END
START 260 -1296 32767 22177 3610 5184 END
START 752 -1636 32767 24494 4021 4369 END
START 1120 -2188 29380 26426 4075 3457 END
START 1492 -2780 26028 27987 3771 2260 END
START 1552 -2800 22408 29000 3222 1016 END
START 1884 -2772 19284 29508 2780 -216 END
START 2728 -2240 16024 29599 3470 -1582 END
START 3376 -1196 12472 28920 5517 -3036 END
START 3864 -612 8852 27397 7757 -4488 END
START 4112 -424 5428 25426 8911 -5769 END