START 10616 10232 2040 3273 4013 2487 END
START 10448 10288 2212 2099 2694 1747 END
START 10044 10236 1308 175 1658 534 END
START 9728 8980 1388 -1088 -867 -234 END
START 10028 8480 408 -1603 -2449 -865 END
START 11480 8064 -1116 -2683 -2637 -2222 END
START 12012 6768 -2384 -5417 -1497 -4921 END
START 11852 5644 -2536 -8481 -435 -8094 END
START 11212 4396 -2328 -10917 36 -10938 END
START 9880 3164 -1796 -12530 -787 -12795 END
START 8820 1912 -1996 -13873 -2771 -13898 END
START 8628 1128 -1776 -15262 -3975 -14852 END
START 8104 164 -1892 -17128 -3900 -15718 END
START 7160 -940 -1792 -19472 -3075 -16067 END
START 6248 -2056 -1056 -22282 -1889 -16193 END
START 5088 -3176 20 -25210 -925 -16327 END
START 3756 -4208 2128 -27665 -669 -16277 END
START 1940 -5548 4652 -30000 -875 -15915 END
START 452 -6944 8300 -31769 -1304 -15268 END
START -1268 -8024 12724 -32768 -1350 -14475 END
START -3792 -9448 17680 -32768 -1087 -13114 END
START -5700 -10708 22324 -32442 -74 -11393 END
START -8504 -11756 26716 -31893 2043 -9503 END
START -11644 -10852 31376 -30639 3526 -6619 END
START -14588 -13044 32767 -28253 4675 -2719 END
START -16536 -11948 32767 -24321 3810 2477 END
START -16312 -10076 32767 -19804 2646 6745 END
START -15468 -8740 32767 -15827 1652 10368 END
START -13360 -6960 32767 -12125 898 13675 END
START -10396 -4852 32767 -8664 1096 15909 END
START -6964 -2672 32767 -5149 2319 16785 END
START -4776 -1068 32767 -1338 3315 16554 END
START -2844 276 32767 2958 3529 15540 END
START -1140 1052 32767 7281 3468 13866 END
START 656 1284 32767 11766 3679 11391 END
START 1428 1048 32767 15773 3641 8426 END
START 1580 432 32767 19580 2646 5782 END
START 1636 -172 32767 23050 992 3725 END
START 1792 -528 31828 26275 -849 1970 END
START 2000 -652 28420 28878 -2211 459 END
START 2364 -736 24820 30684 -2647 -832 END
START 2960 -436 20684 31304 -2257 -2102 END
START 3860 144 16880 30745 -667 -3652 END
START 4636 856 13300 29194 1728 -5661 END