START 12144 4788 -2928 -4465 4639 -6796 END
START 7536 6140 1012 -5370 2248 -7341 END
START 9768 5292 -3568 -7121 1040 -8755 END
START 9132 3708 -2296 -8207 -3539 -9609 END
START 8864 3680 -2388 -9533 -5371 -10187 END
START 8368 3264 -2984 -11509 -6353 -10585 END
START 8376 2264 -3544 -14744 -5415 -11116 END
START 7820 1192 -3564 -18850 -3493 -11818 END
START 7224 20 -2492 -22358 -2443 -12468 END
START 6592 -1332 -1676 -24843 -2183 -12957 END
START 5716 -3320 -708 -27031 -2479 -13320 END
START 4836 -4672 592 -29527 -2401 -13817 END
START 3712 -6260 2876 -32701 -1474 -14212 END
START 1456 -7484 6528 -32768 -484 -14304 END
START -1476 -8140 11172 -32768 175 -13975 END
START -4816 -8876 16452 -32768 1018 -13498 END
START -8956 -10460 24260 -32768 373 -11502 END
START -11692 -11900 31020 -32768 -553 -7877 END
START -13888 -13176 32767 -32768 -1039 -2745 END
START -15044 -13340 32767 -28901 -1292 3469 END
START -12696 -12348 32767 -23588 181 7716 END
START -10596 -9004 32767 -17230 4317 8172 END
START -9708 -5388 32767 -9856 7406 7493 END
START -9160 -2084 32767 -2897 7159 7462 END
START -7328 900 32767 2893 5809 7773 END
START -5664 2708 32767 7546 5706 7761 END
START -4340 3224 32767 12028 7078 7645 END
START -3596 2484 32767 15893 8945 7791 END
START -3124 1488 32767 19102 10566 8161 END
START -2120 364 32767 21924 11730 8217 END
START -1304 -428 32767 24324 12264 7658 END
START -908 -840 29508 26545 11927 6743 END
START -176 -1016 25692 28208 11314 5832 END
START 240 -880 21568 29052 10611 4608 END