START 7672 8048 960 4709 5552 4032 END
START 8516 8196 -968 3988 4192 3627 END
START 6552 9096 -116 2664 2822 2810 END
START 9116 7340 -1900 569 187 1115 END
START 9500 7128 -3064 -1409 -1329 -822 END
START 10104 7100 -3692 -3747 -2466 -2650 END
START 10316 5936 -4472 -6451 -2946 -4509 END
START 10520 5052 -4868 -9326 -3018 -6385 END
START 10300 3916 -4748 -12140 -2747 -8056 END
START 10104 3116 -4496 -14848 -2476 -9271 END
START 9796 1904 -3812 -17021 -2012 -10477 END
START 9352 1044 -3536 -18903 -1532 -11534 END
START 9076 -92 -3168 -21126 -664 -12804 END
START 8336 -1352 -2624 -23477 461 -14306 END
START 6800 -2864 -1768 -25848 1215 -15594 END
START 4720 -4124 -432 -28172 1110 -16185 END
START 2372 -5532 1780 -30130 283 -15970 END
START 936 -6944 4660 -31879 -597 -15162 END
START -888 -8280 8444 -32768 -851 -14227 END
START -2340 -9700 12764 -32768 -304 -13368 END
START -4612 -11744 18488 -32768 191 -12537 END
START -7056 -13396 24280 -32768 101 -11083 END
START -9344 -13608 29716 -32768 31 -9032 END
START -11372 -14044 32767 -30881 376 -5992 END
START -12456 -12548 32767 -27184 710 -1490 END
START -11836 -10524 32767 -23132 963 3160 END
START -9952 -8124 32767 -19656 1531 6574 END
START -7820 -5988 32767 -16721 2575 8084 END
START -5932 -4032 32767 -13302 3221 8225 END
START -4540 -2280 32767 -8829 3571 8006 END
START -3356 -1008 32767 -3583 3798 7768 END
START -1648 -204 32767 1494 4144 7672 END
START -532 84 32767 5959 4635 7413 END
START 632 208 32767 10191 5228 7038 END
START 1352 -72 32767 14372 5818 6661 END
START 2028 -248 32767 18618 6377 6129 END
START 2368 -656 32767 22559 7078 5270 END
START 2396 -1076 32767 26303 8139 4289 END
START 2556 -1228 32767 29688 10121 3158 END
START 2632 -960 29880 32698 12910 1871 END
START 2964 -412 25624 32767 15614 560 END
START 3292 204 20692 32767 16645 -771 END