START 12908 6736 4540 3256 7017 -1464 END
START 11708 6964 4480 2670 7344 -2409 END
START 13032 6836 2792 1030 7844 -4359 END
START 12416 5928 1724 -1589 7561 -7628 END
START 11792 5192 716 -4480 5616 -10663 END
START 10444 3784 924 -6318 1418 -12688 END
START 9828 3232 1280 -6998 -2694 -13698 END
START 10016 2704 820 -7917 -4077 -14808 END
START 10008 2036 56 -9898 -1950 -16383 END
START 8644 1280 -624 -12561 1095 -17522 END
START 6776 -20 -932 -15624 2573 -17563 END
START 5644 -1176 -760 -18354 2867 -17117 END
START 4708 -2276 -244 -20699 2661 -16960 END
START 3708 -3640 404 -22745 2413 -17121 END
START 2536 -4508 1376 -24912 2517 -17580 END
START 1000 -5568 2780 -27469 2466 -17933 END
START -1096 -6468 5200 -29665 2315 -17885 END
START -3076 -6804 8508 -30808 1442 -16982 END
START -4532 -7216 12460 -31295 877 -15652 END
START -5392 -8628 16664 -31761 1010 -14714 END
START -7480 -10060 22356 -31572 1540 -14099 END
START -9384 -10884 27900 -29392 573 -13076 END
START -10612 -10864 32767 -25562 -1286 -11659 END
START -11400 -10652 32767 -21728 -2404 -9384 END
START -12100 -10176 32767 -19057 -1511 -6151 END
START -12568 -9108 32767 -16557 944 -2132 END
START -12008 -7848 32767 -13464 3708 1699 END
START -10900 -6760 32767 -9852 6324 4413 END
START -10072 -5560 32767 -5451 7890 5807 END
START -9956 -4484 32767 28 7843 6644 END
START -9540 -3692 32767 5616 6692 7392 END
START -8308 -3124 32767 10986 5914 8235 END
START -6556 -2596 32767 14963 6626 8692 END
START -4976 -2584 32767 18143 7913 8845 END
START -3512 -2924 32767 21067 8880 8513 END
START -2328 -2796 32767 23999 8972 7596 END
START -1376 -2880 30524 26708 8595 6285 END
START -792 -2712 26964 28965 7831 4893 END
START 28 -2528 23052 30573 6955 3704 END
START 864 -2516 19616 31417 6550 2595 END