START 11060 6768 2076 2441 -5456 946 END
START 8872 7528 3592 1931 -6549 499 END
START 10212 7516 492 785 -6464 -306 END
START 10344 6400 564 -1278 -6328 -1467 END
START 11168 4812 -1316 -4093 -3967 -2920 END
START 11020 4400 -1904 -7589 -2399 -4345 END
START 11248 2948 -1656 -10658 -1816 -6000 END
START 10856 2128 -864 -12825 -2026 -8338 END
START 10136 1000 -212 -13951 -3403 -10731 END
START 9236 -684 12 -14855 -4324 -12802 END
START 7868 -1816 -160 -16186 -4388 -14252 END
START 6536 -3556 -652 -18039 -3499 -15198 END
START 5388 -4532 204 -20398 -2442 -15464 END
START 4324 -5564 1372 -22649 -1167 -15262 END
START 3160 -6176 3240 -24832 228 -14830 END
START 2244 -6652 4872 -26767 1363 -14526 END
START 1188 -7636 7356 -28820 3217 -14333 END
START -856 -7680 10288 -30488 4673 -14379 END
START -3232 -8100 13620 -31685 5224 -14913 END
START -6296 -8388 17964 -31776 4666 -14905 END
START -9636 -8848 21628 -30604 2673 -14232 END
START -12108 -8760 26164 -28817 818 -12306 END
START -13692 -8960 30340 -26570 -795 -8851 END
START -14092 -8504 32767 -24573 -177 -4718 END
START -13608 -8088 32767 -22346 2352 -587 END
START -12584 -7332 32767 -19635 5279 2527 END
START -11436 -5816 32767 -16046 7307 4364 END
START -10736 -4108 32767 -12060 8342 5211 END
START -10576 -2012 32767 -7693 8115 6000 END
START -10056 -252 32767 -3341 7343 7094 END
START -9020 1044 32767 451 7428 8161 END
START -7548 2000 32767 3422 8497 9098 END
START -6136 2428 32767 6042 10036 9747 END
START -4672 2152 32767 8639 10971 9818 END
START -3068 1628 32767 11354 10773 9192 END
START -1888 1212 32767 14428 9867 8063 END
START -1100 640 32767 17980 8561 6915 END
START -376 36 32767 21202 7478 5961 END
START 476 -268 32767 23617 7050 5028 END
START 1224 -564 29664 25296 7425 3787 END
START 1552 -584 26472 26329 8177 2441 END
START 1980 -444 23292 26887 8632 923 END
START 2408 -424 20408 27210 8525 -785 END
START 2780 -816 17320 27398 7900 -2705 END
START 2680 -1116 14812 27408 6656 -4695 END
START 2600 -1360 12332 27198 5101 -6566 END
START 2228 -1412 10004 26403 3407 -8334 END
START 1412 -1492 7888 25333 1700 -9852 END
START 580 -1604 6136 24434 -307 -10879 END
START -604 -1544 4160 23545 -2728 -11500 END