START 8460 5508 88 -5089 -1175 -1541 END
START 7204 6372 1312 -5501 -2748 -2245 END
START 8280 6252 -168 -6665 -4065 -4032 END
START 9500 4904 -1108 -7991 -5125 -6872 END
START 9016 4472 -1612 -10134 -4531 -9190 END
START 8280 3596 -2404 -12866 -3660 -10481 END
START 7268 2852 -2288 -16194 -2783 -10870 END
START 6280 1604 -2200 -19231 -2486 -10836 END
START 5476 684 -1864 -21964 -2876 -10707 END
START 5108 160 -1564 -24756 -3260 -10852 END
START 4500 48 -128 -27673 -3404 -11315 END
START 3512 -448 2072 -30483 -3079 -11989 END
START 1804 -1196 6028 -32768 -3284 -12641 END
START -224 -1968 11584 -32768 -3809 -13032 END
START -2684 -3104 19100 -32768 -4995 -12013 END
START -3288 -5356 26468 -32768 -5949 -9616 END
START -3208 -7648 32767 -31293 -4955 -7154 END
START -3196 -9808 32767 -29109 -2975 -4848 END
START -3392 -10808 32767 -25244 -822 -2870 END
START -4148 -10176 32767 -19808 910 -795 END
START -4472 -8576 32767 -13966 2264 977 END
START -5016 -6152 32767 -8621 3542 2414 END
START -5444 -3580 32767 -3727 4912 3748 END
START -4880 -852 32767 1145 6018 4723 END
START -3900 928 32767 5783 6463 5495 END
START -2316 1808 32767 9815 6633 5691 END
START -772 1696 32767 13262 7243 5370 END
START 232 840 32767 16132 7789 4694 END
START 664 96 32767 18841 8033 4003 END
START 1056 -828 32767 21476 7973 3286 END
START 928 -1560 32767 24182 7925 2475 END
START 864 -2208 29408 26550 8068 1691 END
START 1024 -2396 25936 28373 8520 1029 END
START 1460 -2216 21868 29295 9710 397 END
START 1904 -2000 18344 29307 10998 -189 END
START 2480 -1604 14544 28750 11973 -782 END
START 3364 -1396 10936 27816 12266 -1691 END
START 4104 -1192 7544 26479 11956 -3209 END
START 4748 -1000 5016 24763 10846 -5203 END