START 12804 8916 -1036 2875 3909 3968 END
START 12668 9044 -1092 2148 2842 3083 END
START 13044 9372 -1532 506 1665 981 END
START 14240 7860 -2508 -1735 284 -2534 END
START 13608 7368 -2632 -3728 -1209 -5961 END
START 13012 6104 -2972 -5193 -3203 -8664 END
START 12460 5164 -2924 -6281 -4365 -10407 END
START 11504 4104 -3420 -7837 -4366 -11376 END
START 10852 3244 -3756 -10394 -3222 -11734 END
START 10540 2380 -3816 -13518 -1177 -12040 END
START 10400 1272 -3872 -16770 740 -12931 END
START 9700 12 -3240 -19525 2078 -14286 END
START 8680 -1168 -2900 -21701 2592 -15557 END
START 7284 -2712 -2180 -24016 2134 -16755 END
START 5920 -4548 -1472 -26269 1591 -17806 END
START 3920 -6832 140 -28725 1284 -18555 END
START 1044 -7832 2396 -31083 620 -18509 END
START -1892 -9284 5808 -32768 -948 -17056 END
START -3988 -10184 10072 -32768 -2559 -14647 END
START -5312 -11768 15300 -32768 -3061 -11727 END
START -6184 -12108 21040 -32768 -2184 -8609 END
START -7104 -12592 27572 -32768 -58 -6592 END
START -8064 -12652 32767 -32768 1938 -5598 END
START -9548 -12336 32767 -29382 2613 -4418 END
START -10684 -11272 32767 -24572 2313 -2342 END
START -10880 -9704 32767 -19974 2477 696 END
START -10220 -7860 32767 -16511 3923 3657 END
START -9160 -5392 32767 -13094 5816 6227 END
START -8204 -3088 32767 -9349 6914 7580 END
START -6676 -1304 32767 -4641 6956 7984 END
START -5304 -400 32767 463 6523 7424 END
START -4368 80 32767 5218 6032 6485 END
START -3580 -32 32767 9803 5275 5566 END
START -2996 -384 32767 14312 4379 4970 END
START -2312 -896 32767 18637 3901 4632 END
START -1412 -1312 32767 22109 4370 4261 END
START -808 -1768 32767 24920 5400 3794 END
START -520 -1972 30200 27225 6335 3186 END
START 112 -1920 25944 28943 7071 2470 END
START 952 -1656 22144 29815 7814 1488 END
START 1788 -1472 18380 29901 8539 372 END
START 2616 -1624 14616 29169 9045 -889 END