START 16004 7012 2828 -4026 6120 569 END
START 16368 7092 720 -4921 4851 -297 END
START 16112 7664 1740 -6671 4693 -2025 END
START 16680 5784 1408 -8721 3050 -5245 END
START 16084 5684 1640 -10731 2039 -9130 END
START 15452 4760 1800 -12017 859 -12580 END
START 14020 3508 2112 -12338 -304 -15005 END
START 13048 2824 1436 -12962 -700 -16577 END
START 11868 1540 616 -14410 -371 -17828 END
START 10616 596 -16 -16803 484 -18916 END
START 9676 -776 -240 -19389 1887 -20176 END
START 8092 -2172 480 -21700 3067 -21596 END
START 5936 -3500 976 -23583 3283 -22590 END
START 3500 -5092 1912 -25753 2501 -23130 END
START 1360 -6380 3736 -27678 1161 -23466 END
START -1000 -7232 6560 -28584 -299 -23204 END
START -3616 -7664 9704 -29153 -1030 -21997 END
START -5740 -8620 12296 -30017 -757 -19883 END
START -8344 -9016 16092 -31149 -232 -17350 END
START -10544 -9176 20860 -31444 215 -14480 END
START -12328 -8900 25200 -30311 347 -11352 END
START -13948 -8588 29704 -28016 -511 -8159 END
START -14520 -7776 32767 -25196 -1671 -4614 END
START -14276 -6908 32767 -22409 -1569 -440 END
START -13160 -5704 32767 -19620 471 3735 END
START -11784 -4420 32767 -16766 3509 7058 END
START -10488 -3324 32767 -13677 6097 9575 END
START -8808 -2092 32767 -10330 7742 11021 END
START -7864 -576 32767 -6199 8121 11825 END
START -6828 820 32767 -1840 8178 12515 END
START -5264 1904 32767 2264 8762 13130 END
START -3276 2468 32767 5153 10439 13639 END
START -1032 3116 32767 6976 13296 13660 END
START 868 3404 32767 8331 16655 13995 END
START 2292 3252 32767 10174 18456 12906 END
START 3572 3040 32767 13101 17796 10610 END
START 4184 2324 32496 16500 14774 7244 END
START 4512 1848 29296 19622 11064 3798 END
START 5080 1328 26008 21784 8081 562 END
START 5408 976 22856 22921 6879 -2171 END
START 5412 536 20060 23376 6942 -4471 END
START 5608 -100 16668 23364 7066 -6110 END
START 5848 -660 13636 22681 6117 -7732 END
START 5760 -1360 10856 21448 3890 -9594 END