START 12396 9396 7008 4596 2797 6006 END
START 9076 10600 9792 3973 2218 5334 END
START 12104 9992 5120 2577 4067 3717 END
START 13640 8124 3044 632 5879 1201 END
START 13156 7464 1700 -1858 7269 -1093 END
START 12488 5960 592 -4839 5963 -2929 END
START 11884 5324 -84 -7377 3098 -4093 END
START 12132 4744 -316 -9588 565 -5343 END
START 11944 3932 -364 -11279 -274 -7167 END
START 11480 3032 -548 -12619 52 -8820 END
START 10944 1952 -1124 -14354 1062 -10152 END
START 9844 924 -1388 -16901 2069 -11106 END
START 8644 -220 -1484 -19234 2589 -11673 END
START 7284 -1276 -1244 -21577 2334 -12044 END
START 6116 -2864 -236 -24098 2118 -12555 END
START 4616 -3744 1440 -25792 1927 -13249 END
START 2804 -4780 3580 -27443 1925 -13964 END
START 544 -5400 6136 -29512 2236 -14251 END
START -2196 -6244 10276 -31428 2707 -13896 END
START -4840 -7392 15896 -31624 1811 -12729 END
START -6616 -8100 21824 -30153 -262 -11694 END
START -7812 -9348 27464 -27826 -2092 -10614 END
START -8272 -9636 32388 -24790 -3027 -8962 END
START -8240 -8696 32767 -21457 -2878 -7135 END
START -8208 -6772 32767 -18630 -1473 -4853 END
START -7748 -4832 32767 -16069 835 -2169 END
START -6892 -2684 32767 -13645 3249 215 END
START -5924 -848 32767 -11204 5305 1874 END
START -5056 692 32767 -8248 6498 2482 END
START -4472 2008 32767 -4598 6284 2377 END
START -3652 2576 32767 -235 5375 1863 END
START -2868 2868 32767 3981 4771 1351 END
START -2320 2836 32767 7648 5128 1094 END
START -2076 2848 32767 10663 6373 1098 END
START -2032 2448 32767 13893 7859 1519 END
START -1836 1924 32767 16679 8812 2031 END
START -1520 1452 32767 18992 9210 2102 END
START -1044 1216 31080 20915 8959 1622 END
START -580 720 27620 22660 8708 1025 END