START 9948 9292 9492 9051 -1493 4211 END
START 9048 9576 8712 8482 -2365 3499 END
START 9856 9692 8896 7593 -3191 2177 END
START 10328 8796 8308 6853 -4128 25 END
START 11092 8920 6100 5944 -3193 -1853 END
START 10996 8632 4076 4101 -1655 -3238 END
START 11492 8172 2208 1234 262 -3785 END
START 11524 7404 1376 -2004 1671 -4466 END
START 12548 6816 700 -4959 2759 -5489 END
START 12204 6204 888 -7106 3079 -7598 END
START 11672 5396 896 -8238 2429 -10017 END
START 10968 4632 924 -8758 1547 -12493 END
START 9560 3532 764 -9193 672 -14299 END
START 8128 2424 504 -9929 54 -15338 END
START 6668 1456 220 -11009 15 -15498 END
START 4928 628 48 -12597 26 -14842 END
START 4336 -44 480 -14288 706 -13938 END
START 3188 -844 740 -15937 1804 -12936 END
START 1680 -1692 1280 -17777 2348 -11925 END
START 188 -2528 2100 -19862 2146 -11083 END
START -1284 -3152 3700 -21616 1348 -10342 END
START -2912 -3308 5536 -23130 342 -9404 END
START -4568 -3632 7624 -24380 -821 -8108 END
START -5876 -3684 9872 -25763 -1442 -6448 END
START -7280 -3816 13044 -27274 -1008 -4591 END
START -8268 -3668 16664 -28284 207 -2728 END
START -9264 -3824 20308 -28360 1242 -903 END
START -10188 -3732 23928 -27548 1641 977 END
START -10972 -3236 27340 -26146 902 3295 END
START -10292 -2916 31360 -24442 420 5669 END
START -9284 -2880 32767 -22604 1031 8098 END
START -7272 -2672 32767 -21123 4797 9746 END
START -7304 -2004 32767 -17465 8389 10510 END
START -6836 -2496 32767 -12189 9617 10731 END
START -6704 -2508 32767 -6404 8462 10683 END
START -5772 -2472 32767 -1009 6462 10524 END
START -4888 -2120 32767 4160 4801 10280 END
START -3488 -1772 32767 8649 4201 10140 END
START -1948 -1248 32767 12827 4101 10046 END
START -300 -1048 32767 16541 4181 9674 END
START 1188 -780 32767 19718 4311 8655 END
START 2884 -688 32767 22543 4352 7000 END
START 4332 -336 32100 24776 4446 4502 END
START 5688 -48 28900 25946 4430 1372 END
START 6736 260 25892 26267 4042 -2038 END
START 7440 468 22920 26217 3043 -5492 END
START 7056 688 20496 26229 1499 -8670 END
START 6608 1184 18372 26268 -561 -10871 END
START 6180 1112 15108 25714 -2731 -12660 END
START 5704 1624 12584 24555 -4835 -14218 END
START 5848 2108 10248 23039 -6726 -15928 END
START 5032 2340 8760 21881 -8302 -17524 END
START 3972 3216 7864 21504 -9999 -18445 END
START 3432 3572 6420 21576 -11302 -19239 END
START 2772 3216 4792 20699 -11242 -20231 END
START 1864 2692 3388 18547 -9683 -21094 END
START -428 1540 2744 15645 -7231 -20871 END
START -2732 368 2936 12890 -5454 -19313 END
START -5164 -520 3476 10617 -4721 -16370 END
START -6516 -1616 4156 8618 -4055 -12250 END
START -7520 -1668 4452 6331 -3571 -7645 END
START -8168 -1324 4988 3862 -3317 -3133 END