START 13508 5932 820 -991 -838 -11347 END
START 11560 6556 2012 -1974 -1744 -11702 END
START 13600 6056 -2236 -4487 -883 -12828 END
START 13524 4252 -1796 -7904 171 -14585 END
START 12344 3844 -1472 -11022 1938 -16618 END
START 11092 2536 -1212 -13628 2464 -18225 END
START 10180 1344 -1016 -15553 1793 -19119 END
START 9104 276 -876 -17070 7 -19335 END
START 8128 -588 -304 -18424 -1297 -19280 END
START 7644 -1756 -148 -20024 -1688 -19371 END
START 7064 -3256 -132 -22815 -73 -19793 END
START 5656 -5068 1128 -26162 2437 -20463 END
START 3376 -6608 2812 -29229 4534 -21075 END
START 408 -7932 5388 -31215 5195 -21094 END
START -2396 -9376 8296 -31982 4486 -20272 END
START -4940 -9816 10856 -32201 3113 -18985 END
START -7536 -10664 13792 -32296 2022 -17520 END
START -10836 -9780 17772 -32068 1153 -15997 END
START -14712 -11188 21240 -31253 300 -13353 END
START -17028 -11008 25512 -29886 -1050 -8963 END
START -17484 -10948 29544 -28195 -1360 -3825 END
START -16020 -9896 32767 -25833 -698 806 END
START -14084 -9032 32767 -22827 412 3823 END
START -12192 -7840 32767 -19186 1022 5531 END
START -10632 -5400 32767 -15331 742 6527 END
START -9340 -3220 32767 -11572 443 7264 END
START -8064 -968 32767 -8300 989 8206 END
START -6916 708 32767 -5183 2424 9388 END
START -5232 1956 32767 -2171 4864 10396 END
START -3348 2776 32767 982 7868 11120 END
START -1540 3104 32767 4042 10611 11166 END
START -100 2916 32767 7343 12329 10523 END
START 940 2424 32767 10594 12691 9178 END
START 1196 1892 32767 13828 12037 7409 END
START 1300 1216 32767 17017 10995 5547 END
START 1236 616 32767 19858 10572 4012 END
START 1656 -128 29400 21695 10901 3031 END
START 1984 -528 26332 22619 11855 2299 END
START 2572 -1160 23192 22980 12718 1724 END
START 2668 -1808 20092 23299 13071 977 END
START 2884 -2300 17692 23734 12245 78 END
START 2924 -2588 15444 24265 10528 -1175 END
START 3148 -2740 12652 24746 7217 -3000 END