START 11300 5384 1620 -2234 6676 -2881 END
START 11040 5456 1932 -2993 5916 -3604 END
START 11176 5188 628 -4667 6109 -5584 END
START 12040 3560 184 -6628 5404 -8700 END
START 11208 3044 -308 -8504 3764 -11479 END
START 10208 2176 -320 -9991 542 -13016 END
START 10068 1888 -280 -11251 -2250 -13702 END
START 10532 1272 -328 -12802 -2512 -14802 END
START 10548 632 -408 -14641 -675 -16759 END
START 9572 -852 -796 -17185 2091 -18563 END
START 8144 -2020 -656 -19925 3797 -19293 END
START 6880 -3800 152 -22602 4321 -19536 END
START 5580 -5232 1120 -25016 4597 -19953 END
START 4404 -6804 2556 -26887 4444 -20562 END
START 2436 -8876 4400 -28546 4430 -21491 END
START 0 -9064 6948 -29775 3745 -21919 END
START -2276 -11644 9456 -31023 3021 -21840 END
START -6424 -11248 12144 -31764 1532 -20063 END
START -8440 -10772 15200 -32641 999 -17535 END
START -10404 -10488 19388 -32768 1966 -14755 END
START -11844 -9904 24608 -32768 3269 -12432 END
START -14020 -10272 29972 -32119 4101 -10526 END
START -15580 -10376 32767 -28539 2963 -7862 END
START -15892 -10108 32767 -24129 2098 -4533 END
START -15508 -9496 32767 -19727 3412 -969 END
START -15000 -8348 32767 -16175 6076 2338 END
START -14024 -6764 32767 -12150 8735 5286 END
START -12336 -4560 32767 -7002 10025 7272 END
START -10312 -2540 32767 -1523 10185 7881 END
START -8964 -748 32767 4029 9482 7473 END
START -8052 -80 32767 8808 8752 6922 END
START -6992 -240 32767 13028 8331 6592 END
START -5860 -1172 32767 17109 8488 6252 END
START -4868 -2148 32767 20730 9125 5890 END
START -4016 -3012 32767 24033 9493 5706 END
START -3284 -3576 32767 27171 9436 5359 END
START -2460 -3912 28652 29895 9071 4849 END
START -1548 -4248 24588 31979 8722 4209 END
START -700 -4300 20424 32767 9091 3292 END
START 72 -3996 16744 32767 9786 2355 END
START 884 -4072 12592 32767 9887 1529 END
START 1516 -3876 9080 31288 9231 512 END
START 1952 -3916 6172 29305 8097 -802 END