START 13296 9716 13948 7768 3650 2148 END
START 11156 10120 15580 7374 2913 1161 END
START 12440 9420 12036 6642 3591 -631 END
START 12048 7708 9864 6222 3855 -2759 END
START 11196 7532 7220 5104 3870 -4279 END
START 10136 6908 5036 3197 3415 -5480 END
START 9800 5924 3296 1217 2455 -6621 END
START 9604 5208 1728 -970 1934 -8061 END
START 8940 4556 856 -2902 842 -9575 END
START 8556 3676 -8 -4519 -600 -11024 END
START 8072 2656 -640 -6090 -2359 -12470 END
START 7544 1996 -1156 -7736 -4406 -13679 END
START 6928 896 -1832 -9742 -5365 -14040 END
START 6444 420 -2104 -12167 -4976 -13789 END
START 5760 -316 -2372 -15019 -4221 -13154 END
START 5252 -1360 -2020 -18217 -3316 -12304 END
START 4952 -2552 -1064 -21605 -1740 -12189 END
START 4100 -4056 996 -24481 -145 -12981 END
START 2360 -5560 3116 -26785 678 -14012 END
START -92 -6760 6236 -28508 831 -14694 END
START -2412 -7280 9348 -29595 803 -14670 END
START -5064 -7796 13360 -30059 510 -13970 END
START -7748 -8372 18292 -29435 -211 -12621 END
START -9516 -8788 22612 -28175 -841 -10730 END
START -10908 -9112 27268 -27041 -705 -8274 END
START -11792 -8948 32216 -25760 -227 -5420 END
START -11476 -8488 32767 -23761 421 -2513 END
START -10796 -7696 32767 -20612 1218 -137 END
START -10000 -5800 32767 -16864 2154 1445 END
START -9112 -3748 32767 -12653 2600 2959 END
START -7280 -1440 32767 -8247 3277 3958 END
START -5808 4 32767 -3461 4469 4093 END
START -4928 688 32767 1025 5621 3535 END
START -4580 1068 32767 5643 5970 3123 END
START -4064 772 32767 10253 5737 2898 END
START -3692 108 32767 14608 5542 2615 END
START -3340 -672 32767 18324 5448 2385 END
START -3072 -1432 32767 21624 5462 2316 END
START -2380 -1944 32767 24302 5674 2299 END
START -1700 -2056 30276 26120 5844 2143 END
START -1020 -2244 26228 27100 5501 1793 END
START -132 -2208 22328 27567 5128 1250 END
START 688 -2212 19140 27667 5256 430 END
START 1012 -2092 16348 27380 5683 -377 END