START 4884 7436 656 4629 2019 3085 END
START 6284 7292 -2600 3968 1528 2846 END
START 6004 7824 -2240 2716 1290 2432 END
START 6264 7020 -3296 -96 1111 1883 END
START 6576 6052 -5244 -3312 1641 1243 END
START 6800 5996 -6344 -6989 1165 581 END
START 7868 5240 -7048 -10681 688 -505 END
START 8548 4580 -6440 -14248 271 -2284 END
START 8712 3728 -5652 -16819 -110 -4549 END
START 8360 2308 -4756 -18497 -487 -6881 END
START 7836 1700 -4128 -19562 -1683 -8570 END
START 7500 -328 -3820 -21209 -2775 -9918 END
START 6832 -1536 -3260 -23568 -3120 -10968 END
START 6168 -3796 -2116 -26286 -3134 -11970 END
START 4576 -5728 700 -28807 -3348 -12531 END
START 2784 -8320 3960 -31257 -3905 -12361 END
START 1548 -9188 8076 -32768 -4245 -11385 END
START -24 -10036 13620 -32768 -4062 -10407 END
START -1524 -10708 18836 -32768 -3455 -8985 END
START -2872 -11196 24136 -32507 -2848 -7509 END
START -4332 -11564 29576 -31636 -1446 -6364 END
START -6648 -11304 32767 -29784 483 -5393 END
START -8808 -10432 32767 -26351 1697 -3864 END
START -10644 -9644 32767 -22130 2120 -1470 END
START -11016 -8132 32767 -17824 1981 1591 END
START -10280 -6992 32767 -14394 2330 4219 END
START -9644 -5520 32767 -10907 2892 6607 END
START -8020 -3916 32767 -7039 3763 8570 END
START -6432 -2548 32767 -2993 5097 9680 END
START -4848 -1532 32767 1548 6156 9578 END
START -3660 -908 32767 6553 6154 8930 END
START -3088 -536 32767 11925 5098 8018 END
START -2188 -616 32767 17405 3513 7022 END
START -1536 -868 32767 21995 2125 6089 END
START -1132 -1252 32767 25581 1385 5208 END
START -532 -1540 32767 28524 1146 4263 END
START -232 -1748 29028 30561 1329 3437 END
START 232 -1880 24648 31620 1725 2593 END
START 724 -1712 20832 31709 2112 1694 END
START 1140 -1484 17060 31142 2797 679 END
START 1740 -952 14032 30272 3652 -226 END
START 2592 -828 10712 29126 4755 -1260 END
START 3580 -264 7044 27707 5654 -2698 END
START 4500 -252 3656 26029 5656 -4633 END
START 5376 -8 300 23639 3941 -7449 END
START 5856 -172 -2092 20780 1079 -10743 END
START 5820 40 -3088 18130 -2400 -14376 END