START 12068 8484 2992 1672 -2461 -3503 END
START 12272 8536 1972 1091 -2529 -3880 END
START 11120 8628 2180 -536 -2524 -4631 END
START 13104 7244 140 -3209 -2368 -5615 END
START 13460 7304 -248 -5800 -1453 -7160 END
START 13604 6548 -288 -8094 -815 -9139 END
START 13084 5780 -428 -9933 -999 -11395 END
START 12664 5288 -316 -11405 -1516 -13703 END
START 11720 4272 132 -12555 -2273 -15794 END
START 10700 3216 416 -13265 -3154 -16947 END
START 9928 2452 116 -14435 -3290 -17603 END
START 9108 1232 -4 -16018 -3028 -17940 END
START 7916 264 424 -17781 -2644 -18275 END
START 6648 -796 976 -19625 -2058 -18839 END
START 4848 -2244 1960 -21696 -2016 -19483 END
START 2748 -3476 4256 -24083 -2246 -19611 END
START 448 -4628 7348 -25928 -2589 -18229 END
START -1732 -5184 10968 -27386 -2070 -16362 END
START -4232 -7664 14772 -29244 1105 -13985 END
START -7896 -8216 18364 -30513 4742 -11004 END
START -11448 -9684 21740 -30713 6984 -7331 END
START -14488 -9764 25212 -29753 7796 -3447 END
START -16788 -10676 28452 -27945 7611 788 END
START -17740 -8940 30504 -25588 6629 5162 END
START -17156 -7644 32648 -22612 6638 8181 END
START -15980 -5932 32767 -19778 6879 10435 END
START -14664 -4428 32767 -17202 5934 12423 END
START -12616 -4000 32767 -14963 4688 14194 END
START -10288 -3020 32767 -13382 5546 15854 END
START -8420 -1492 32767 -9884 6248 17526 END
START -5412 -1000 32767 -5600 7561 17649 END
START -2968 -600 32767 -685 7661 15801 END
START -1228 -492 32767 4526 6323 12664 END
START 88 -404 32767 9937 3685 9530 END
START 1116 -212 32767 14265 1664 6942 END
START 2104 -428 32767 18144 800 4601 END
START 2924 -516 32767 21089 1331 2915 END
START 3964 -784 32767 23426 3064 1045 END
START 4396 -680 31752 25182 5071 -1061 END
START 4656 -536 27992 26679 6322 -3010 END
START 4852 -652 24792 27773 6316 -5292 END
START 4500 -696 20912 28173 5168 -7835 END
START 4156 -800 17796 27967 3086 -10398 END
START 3088 -700 14788 27706 758 -12377 END
START 2232 -556 12172 27485 -1303 -13542 END
START 1768 -16 9092 26780 -2905 -14098 END
START 1760 552 6060 25409 -3600 -14584 END
START 1540 872 4032 23901 -4332 -15254 END
START 860 896 2092 22057 -5704 -16001 END
START 480 612 1008 19790 -6271 -16849 END
START -864 4 684 17684 -5624 -17187 END
START -2936 -100 1008 16002 -5465 -16312 END
START -4524 -644 1120 14473 -6466 -14175 END