START 11768 5356 180 -3052 3598 -4039 END
START 11460 5380 408 -3608 1957 -4776 END
START 11376 5532 -536 -4847 378 -6161 END
START 11252 3588 -836 -6647 -2163 -7674 END
START 10872 3264 -1228 -9134 -2714 -8882 END
START 11356 2824 -1076 -11738 -1293 -9955 END
START 11540 1988 -980 -14468 2197 -11530 END
START 10628 360 -420 -16829 4973 -13166 END
START 9484 -932 120 -18613 5895 -14620 END
START 8232 -2080 912 -19798 5103 -15787 END
START 7516 -3300 1444 -20877 4357 -17151 END
START 6164 -4532 2456 -22297 3799 -18932 END
START 3928 -5924 3880 -24300 3701 -20309 END
START 1420 -6296 6612 -25938 3085 -20610 END
START -1512 -7168 9164 -27458 2800 -19988 END
START -4124 -7000 12356 -28282 2591 -18471 END
START -6968 -7412 15500 -28628 2465 -16879 END
START -9312 -7208 20156 -28338 1150 -14668 END
START -10588 -7848 24468 -27351 -202 -12247 END
START -11904 -8288 29708 -26013 -213 -10057 END
START -13012 -9044 32767 -23789 366 -7390 END
START -13700 -9324 32767 -21211 1618 -3586 END
START -12620 -8800 32767 -18112 3585 463 END
START -11376 -7596 32767 -14913 6060 3549 END
START -9888 -5636 32767 -11021 8070 5429 END
START -8920 -3236 32767 -6661 9156 6326 END
START -7876 -952 32767 -1974 9345 6757 END
START -6392 828 32767 2364 8987 6716 END
START -4788 1992 32767 6231 8400 6404 END
START -3476 2448 32767 9634 7979 5682 END
START -2196 2188 32767 12800 7856 4724 END
START -1556 1468 32767 16055 8071 3689 END
START -612 728 32767 19232 8039 2605 END
START 128 44 32767 22178 7765 1481 END
START 744 -500 31208 24518 7282 193 END
START 1168 -672 27884 26297 7083 -1195 END
START 1444 -1040 24136 27706 7249 -2726 END
START 1588 -1184 20116 28754 7460 -4199 END
START 1680 -1524 16632 29182 7288 -5541 END
START 1848 -1664 12340 28798 6494 -6803 END
START 1900 -1944 8216 27848 4819 -8053 END
START 1756 -1984 4568 26458 2288 -9485 END
START 1348 -2224 1584 24546 -583 -10841 END
START 912 -2436 -572 22002 -2626 -11797 END