START 12452 3988 724 -2222 3758 -8786 END
START 11660 4204 60 -3185 2833 -9355 END
START 11668 4752 4 -5201 3599 -10479 END
START 10332 3132 -452 -8088 3109 -11897 END
START 9516 2664 -488 -10639 2628 -13044 END
START 8812 2340 -928 -12936 1754 -13876 END
START 8232 1376 -1180 -15145 1574 -14673 END
START 8128 380 -1116 -17360 2661 -15864 END
START 6756 -1200 -1384 -19761 4617 -17131 END
START 5508 -2388 -640 -22405 5878 -17993 END
START 3360 -4384 264 -24968 6333 -18355 END
START 1584 -5924 1208 -27273 5897 -18352 END
START -516 -7136 3568 -29298 4759 -17791 END
START -1856 -7804 6612 -30545 3509 -16782 END
START -3040 -8380 10352 -31495 3345 -16122 END
START -4588 -9084 14384 -32122 4287 -15658 END
START -6504 -9612 17592 -32182 5218 -15230 END
START -8804 -9596 24192 -31226 4760 -14205 END
START -10524 -10132 28424 -29263 3882 -11966 END
START -11700 -9460 32728 -26279 3702 -9175 END
START -12208 -8772 32767 -23261 4215 -6127 END
START -11504 -8168 32767 -20466 5091 -3055 END
START -10636 -7200 32767 -17787 6464 -889 END
START -9988 -5728 32767 -14428 7927 592 END
START -9448 -4340 32767 -10347 8575 1786 END
START -8788 -2820 32767 -6046 8973 2691 END
START -8516 -1860 32767 -1692 9382 3504 END
START -8176 -1396 32767 3000 9732 4326 END
START -7784 -1492 32767 7441 10018 5165 END
START -7440 -1828 32767 11455 9944 5894 END
START -6744 -1984 32767 15325 9713 6580 END
START -5644 -2312 32767 18933 9470 6869 END
START -4332 -2600 32767 22187 9437 6790 END
START -2828 -2532 32464 24480 9460 6139 END
START -1872 -2280 28744 26117 9451 5037 END
START -776 -2008 25272 27573 9593 3631 END
START -152 -1716 21720 28733 10299 2167 END
START 492 -1336 17816 29415 11247 525 END
START 1312 -1480 13684 29468 12055 -1049 END
START 1964 -1320 9508 28738 12375 -2674 END
START 2600 -1576 5540 27635 11067 -4407 END
START 2572 -1912 2372 25906 7341 -6356 END