START -15720 -1520 10324 11971 11074 -9153 END
START -17044 -1448 10748 11755 10426 -8281 END
START -18864 -2436 9476 11643 9553 -5287 END
START -20776 -3728 8872 11732 7408 -186 END
START -22420 -4604 8276 11402 5211 5696 END
START -22880 -5244 6716 10339 3186 12053 END
START -21372 -5468 5932 8433 3119 17693 END
START -19792 -6088 5056 5707 4308 21718 END
START -17860 -5988 4624 3049 5198 25025 END
START -15952 -6152 3788 981 5255 28164 END
START -13880 -6440 3600 -523 3514 30984 END
START -11768 -6704 3512 -1090 509 32767 END
START -9176 -7072 2828 -1456 -2015 32767 END
START -6092 -7332 2044 -2863 -3165 32767 END
START -2840 -7344 1176 -5502 -3895 32767 END
START 1136 -7192 1316 -9001 -3995 32767 END
START 5760 -6504 2584 -12689 -3372 32767 END
START 10712 -5632 5144 -15340 -3641 32767 END
START 16108 -4484 7668 -15535 -4601 32767 END
START 19768 -3508 9040 -13829 -5502 32171 END
START 20472 -2476 8804 -12201 -6101 25003 END
START 20084 -1576 9336 -12017 -8403 19947 END
START 22432 -456 10676 -11763 -11817 18775 END
START 26176 1416 11668 -11122 -12569 17518 END
START 30880 3912 12536 -11504 -8394 14166 END
START 32767 5448 12852 -12538 -1821 7809 END
START 32767 6128 13320 -13695 4397 -1281 END
START 32767 6484 13596 -14234 8217 -10740 END
START 31668 5512 13664 -14185 8430 -19095 END
START 28120 2948 13964 -14290 6507 -26027 END
START 24336 468 14668 -14483 3825 -31437 END
START 20796 -2028 15688 -14474 1564 -32768 END
START 16732 -4260 16396 -13967 -577 -32768 END
START 11688 -5560 16600 -13840 -2207 -32768 END
START 5996 -5836 16520 -13732 -2566 -32768 END
START 148 -5668 15604 -13978 -1802 -32768 END
START -6412 -6884 16120 -15235 -726 -32768 END
START -14180 -9204 18008 -16826 -1950 -32768 END
START -23488 -13544 21116 -16207 -5502 -32768 END
START -32768 -15412 24280 -11915 -11329 -32768 END
START -32768 -16728 25424 -6829 -16311 -29291 END
START -32768 -18112 24148 -4953 -15556 -16342 END
START -32768 -18300 22568 -8636 -7268 -2654 END
START -32768 -17860 22284 -13961 2604 11183 END
START -32768 -17540 22496 -17279 8004 24654 END
START -32768 -16864 22704 -17705 7325 32767 END
START -26820 -16720 22448 -15979 3048 32767 END
START -17740 -16056 22056 -14860 -1700 32767 END
START -8224 -14856 24032 -14260 -3969 32767 END