START -17092 -4368 11648 15043 11039 -7580 END
START -18216 -4584 11332 14705 9855 -6440 END
START -20312 -5432 12260 14101 10039 -3695 END
START -20696 -7700 9516 13630 10550 674 END
START -22480 -8080 8836 12716 10361 4949 END
START -22916 -8984 7484 11747 8923 10272 END
START -22412 -8908 6440 11002 6526 15932 END
START -20408 -9072 5412 10185 3735 20842 END
START -17828 -8988 4756 9127 833 24998 END
START -15400 -8844 4560 8484 -1531 28392 END
START -12024 -8808 3964 7911 -2142 31321 END
START -9040 -9340 3448 6656 -564 32767 END
START -6516 -9644 2812 4598 2817 32767 END
START -3852 -10100 2704 1602 7100 32767 END
START -440 -10108 2168 -2604 8841 32767 END
START 3928 -9788 2124 -8136 5766 32767 END
START 9552 -8964 4448 -12791 -38 32767 END
START 14152 -7348 8688 -14075 -5576 32767 END
START 17932 -5260 10908 -11837 -9029 32767 END
START 20020 -3500 11048 -9174 -9421 30518 END
START 20948 -1872 10080 -9007 -8181 26576 END
START 23064 -128 10724 -10820 -6287 24423 END
START 26696 2760 12132 -12251 -4336 22398 END
START 31104 4996 13832 -13145 -2263 17942 END
START 32767 7208 14944 -12890 -587 9757 END
START 32767 9108 15064 -12339 526 -289 END
START 32767 9476 14712 -11983 1226 -11113 END
START 32767 8220 13972 -11558 2321 -21972 END
START 29532 5260 12724 -12027 4003 -31029 END
START 24704 2056 12564 -12990 5784 -32768 END
START 19632 -1204 12012 -13579 7808 -32768 END
START 13248 -3908 11660 -14520 9288 -32768 END
START 4956 -6096 12248 -14990 9572 -32768 END
START -3616 -8008 12812 -14021 8187 -32768 END
START -14112 -8748 13548 -12184 3398 -32768 END
START -23872 -11528 14340 -9571 -4561 -32768 END
START -32768 -13164 15788 -6881 -13152 -32768 END
START -32768 -13948 15676 -5594 -18983 -25877 END
START -32768 -14408 15780 -7870 -19994 -10926 END
START -32768 -15652 17152 -13434 -14361 4864 END
START -32768 -17476 20224 -19718 -5246 19585 END
START -32768 -18184 24620 -21998 1080 32767 END
START -29012 -18348 27464 -19091 3596 32767 END
START -17584 -15584 29116 -14373 2957 32767 END
START -6176 -10848 29660 -8899 -37 32767 END