START -19196 -4812 6932 8950 3061 4470 END
START -21200 -4768 7292 8260 2736 5690 END
START -21612 -4788 7180 6809 3267 8051 END
START -20336 -6560 6224 5054 4112 12158 END
START -20720 -7276 5140 2922 4893 16050 END
START -19320 -8416 5152 788 4338 19790 END
START -18164 -7716 5544 -362 2874 23943 END
START -15836 -8916 5132 -1457 861 27746 END
START -13348 -9424 5076 -2743 -904 31149 END
START -9528 -9680 4740 -4266 -1075 32767 END
START -6252 -10388 5160 -5958 185 32767 END
START -2984 -10816 5720 -6931 1374 32767 END
START 1660 -11156 6476 -6763 1800 31807 END
START 5808 -10316 7092 -6065 389 28076 END
START 8456 -8900 7148 -5971 -4819 25748 END
START 12268 -5988 7812 -7025 -11962 26387 END
START 18908 -424 9592 -8596 -16549 28127 END
START 27088 4536 11524 -9849 -14347 28395 END
START 32767 9124 12268 -11714 -6256 25385 END
START 32767 12536 13272 -14284 2338 18427 END
START 32767 15132 14752 -16395 7601 8880 END
START 32767 15864 16604 -16774 9208 -1112 END
START 32767 15472 17848 -14960 8332 -10963 END
START 32767 13856 17480 -12012 5478 -19608 END
START 28836 10752 16088 -9347 1449 -26015 END
START 24672 7344 14276 -7961 -2354 -30757 END
START 21004 3944 12304 -8176 -4222 -32768 END
START 15772 488 10388 -9352 -4662 -32768 END
START 9672 -2100 9468 -10956 -5536 -32768 END
START 2968 -4312 8996 -13378 -7171 -32768 END
START -4716 -7192 10280 -16063 -7812 -32768 END
START -14060 -9128 13492 -16499 -9913 -32768 END
START -21052 -10808 15000 -13760 -15466 -32768 END
START -25248 -12536 15604 -11980 -18868 -29160 END
START -27932 -16268 16256 -15073 -16088 -21698 END
START -31984 -17092 19264 -21520 -5885 -14902 END
START -32768 -18884 22704 -25982 3971 -7482 END
START -32768 -20080 25756 -25639 7250 869 END
START -32768 -20592 28012 -21516 3599 9862 END
START -32768 -21016 29056 -15618 -3215 19376 END
START -32768 -20676 28668 -10019 -8918 28440 END
START -28372 -19776 28276 -7270 -9796 32767 END
START -21484 -19024 28448 -7539 -6281 32767 END