START -22104 -7428 6648 11583 11632 -8636 END
START -23632 -7452 7172 11642 10504 -7731 END
START -24208 -8812 6496 12285 8726 -4754 END
START -24236 -9608 4492 13733 4581 903 END
START -23740 -9884 3736 13665 792 7288 END
START -22472 -9832 3000 13561 -1741 14571 END
START -20012 -9552 2192 11503 -2061 22645 END
START -16804 -9468 1096 7336 -116 29939 END
START -11928 -9916 584 1904 2805 32767 END
START -7636 -9260 1112 -4082 5730 32767 END
START -3156 -8712 2168 -9845 8355 32767 END
START 544 -8760 3804 -14716 9676 32767 END
START 5028 -8160 5988 -17710 8503 32767 END
START 9212 -7624 8768 -19151 4111 32767 END
START 13248 -6620 12032 -19078 -847 32767 END
START 17384 -4432 14876 -17710 -4452 32767 END
START 21728 -1744 17432 -16116 -6038 30995 END
START 25960 1396 19476 -14659 -5747 27248 END
START 29844 4580 20420 -13483 -4034 22027 END
START 32048 6888 20736 -13031 -1460 15382 END
START 32744 8736 21112 -12412 1100 8031 END
START 32767 9964 20624 -11086 2787 907 END
START 31668 10260 19592 -9404 2985 -5939 END
START 29932 9720 18008 -7545 1664 -12844 END
START 27556 8100 15788 -6157 -171 -19457 END
START 24636 5588 13568 -5803 -1357 -25569 END
START 20864 2536 11576 -6354 -1587 -30748 END
START 16768 -396 9992 -6906 -2054 -32768 END
START 13228 -2972 8544 -7464 -3490 -32768 END
START 9952 -5800 7264 -8573 -5352 -32768 END
START 6424 -8184 6472 -10270 -7689 -32768 END
START 1300 -10704 6448 -11991 -10238 -32768 END
START -4476 -13464 6308 -13974 -12432 -32768 END
START -11384 -15956 6376 -16869 -13822 -32768 END
START -19404 -18308 7736 -20203 -15071 -32768 END
START -27468 -20384 9864 -22994 -15955 -31500 END
START -32768 -21404 12392 -26024 -14549 -20811 END
START -32768 -21948 15992 -29216 -9895 -7992 END
START -32768 -22960 18832 -32768 -2739 3975 END
START -32768 -24144 22760 -32768 3246 14285 END
START -32768 -25768 28436 -32768 5379 23143 END
START -31268 -25188 32767 -32062 2462 30812 END
START -26520 -24072 32767 -25338 -2802 32767 END
START -19892 -21676 32767 -18756 -6801 32767 END