START -15196 -1276 8692 5120 10559 -7669 END
START -16336 -1612 9028 4845 9979 -7166 END
START -18672 -2496 9076 4462 9401 -5308 END
START -22416 -4640 8712 5505 6450 204 END
START -23856 -5672 7976 6584 2370 7841 END
START -22792 -6532 6676 6895 -995 15472 END
START -20128 -6828 5668 5992 -2020 20513 END
START -18136 -6528 4088 3262 -1391 23667 END
START -15808 -6864 3336 -372 -370 26369 END
START -13296 -7136 2996 -3544 -46 28509 END
START -11344 -7460 3284 -5674 -1395 30670 END
START -8752 -7848 3580 -6832 -4246 32767 END
START -5044 -7892 3948 -7506 -7526 32767 END
START -380 -7904 4240 -8095 -10149 32767 END
START 4860 -8220 5160 -9055 -11046 32767 END
START 9292 -7860 6232 -10458 -10837 32767 END
START 12832 -7260 7548 -11671 -10000 32767 END
START 16416 -5808 9424 -12675 -9490 31369 END
START 19744 -3912 10924 -13117 -9417 28399 END
START 22804 -2300 12400 -12970 -9587 25605 END
START 25584 -620 12996 -12714 -9007 22000 END
START 27628 1052 13364 -12756 -7531 17182 END
START 29548 2636 13896 -13267 -4569 11352 END
START 30164 4172 14056 -13676 -1233 4499 END
START 30912 5012 14140 -14071 1490 -2782 END
START 30536 4944 14224 -14300 3411 -10687 END
START 28972 4188 13948 -14428 4537 -18980 END
START 25644 2792 13668 -14497 5288 -26710 END
START 21164 572 12692 -14830 6312 -32768 END
START 15784 -1540 12152 -15762 7328 -32768 END
START 9140 -3400 11576 -17134 9087 -32768 END
START 1752 -5908 12500 -18730 10741 -32768 END
START -7924 -9224 14088 -19978 10474 -32768 END
START -18712 -11904 15828 -19496 7136 -32768 END
START -32768 -13836 18720 -15422 -36 -32768 END
START -32768 -14944 18660 -10176 -7669 -31012 END
START -32768 -15344 17784 -8176 -10431 -16305 END
START -32768 -16440 17764 -12097 -6642 -726 END
START -32768 -17424 20004 -17937 -522 14831 END
START -32768 -19324 22816 -22477 4156 28638 END
START -30632 -19844 26592 -24228 4518 32767 END
START -20716 -18868 29832 -22517 1851 32767 END