START -20744 -6280 7128 12002 7985 -2030 END
START -22252 -6028 7360 11964 5820 -1304 END
START -23820 -6780 7092 12061 2844 942 END
START -25300 -9172 5792 13423 -516 5070 END
START -26596 -9560 4584 13958 -2131 10623 END
START -26020 -9852 2888 12420 -1448 17159 END
START -23952 -10088 1348 8997 482 23756 END
START -21268 -9812 360 4079 2373 29444 END
START -17504 -9620 -200 -1144 3715 32767 END
START -13652 -9248 484 -5627 4260 32767 END
START -10124 -9340 1732 -8188 3654 32767 END
START -7020 -9676 2716 -8775 1494 32767 END
START -4076 -9784 2848 -8499 -1418 32767 END
START -1096 -10460 3156 -8740 -4419 32767 END
START 2448 -10744 3452 -9933 -6509 32767 END
START 6940 -10168 4860 -12263 -7523 32767 END
START 13252 -8408 7608 -14779 -7640 32767 END
START 21432 -5944 11400 -16804 -6678 32767 END
START 29252 -2832 15392 -16818 -4921 32767 END
START 32767 788 18700 -15109 -3332 25669 END
START 32767 3148 19468 -12770 -3292 16827 END
START 32767 4960 19372 -10389 -4448 9018 END
START 32767 5728 18232 -8718 -5273 2849 END
START 32767 6468 16996 -7832 -4538 -2811 END
START 32767 6216 15108 -8001 -1684 -9258 END
START 32300 5320 13308 -9226 2045 -16462 END
START 29216 3128 12404 -10911 5565 -23517 END
START 24904 816 11980 -11926 7138 -29466 END
START 20476 -1696 11700 -12236 6375 -32768 END
START 16408 -4116 11208 -12171 4033 -32768 END
START 13256 -6300 10456 -12292 1047 -32768 END
START 8952 -7776 10564 -12434 -2858 -32768 END
START 4136 -9200 10536 -12501 -7307 -32768 END
START -1232 -10216 10616 -13921 -10064 -32768 END
START -8964 -10888 11580 -17180 -8982 -32768 END
START -15080 -12352 13420 -20407 -4974 -32768 END
START -20908 -13980 15684 -22693 -337 -32768 END
START -27044 -15996 18848 -22445 748 -28942 END
START -32276 -17864 20896 -19193 -3269 -21969 END
START -32768 -19284 22176 -15276 -9119 -13524 END
START -32768 -19856 22356 -14618 -11451 -4147 END
START -32768 -19844 22692 -16102 -9782 6582 END
START -32768 -19796 23264 -18354 -5325 17524 END
START -31776 -20188 24836 -20856 353 28812 END
START -26864 -20460 26884 -22055 3584 32767 END
START -20016 -20252 29168 -21369 4254 32767 END