START -16956 -3636 9696 12261 5584 -202 END
START -17700 -3116 9548 11644 4734 824 END
START -17960 -3580 8544 10138 4868 2810 END
START -18052 -5196 8532 8657 5446 6224 END
START -19184 -5536 8576 7414 7057 9842 END
START -19080 -6016 8132 6538 7916 13734 END
START -18712 -6780 7524 5947 8139 17330 END
START -18012 -7248 6544 5075 6630 21032 END
START -17300 -6988 5684 4121 3085 24971 END
START -15744 -7480 4824 2973 -900 28731 END
START -13316 -7524 3296 873 -3130 32191 END
START -10324 -7744 2728 -2697 -1819 32767 END
START -6892 -7852 3068 -6571 2545 32767 END
START -4372 -8416 3688 -9340 6527 32767 END
START -2604 -8768 4496 -11091 7020 32767 END
START -188 -8868 5472 -11729 3238 32767 END
START 2988 -8612 6668 -11737 -2763 32767 END
START 6608 -7856 7808 -11182 -9059 32767 END
START 10628 -6968 8444 -10935 -12380 32767 END
START 15208 -5448 9396 -11393 -12087 32767 END
START 19512 -3260 10880 -12248 -10208 32767 END
START 23116 -1088 12116 -13066 -7209 29256 END
START 26184 668 12996 -13356 -4301 23830 END
START 28476 2596 13776 -13101 -2667 17835 END
START 29712 4096 14056 -12208 -2556 11575 END
START 30320 5080 13264 -11188 -3493 4620 END
START 30328 5672 12368 -10495 -5184 -2430 END
START 29548 5228 11148 -10242 -6906 -9802 END
START 26940 3660 10020 -10693 -7786 -16814 END
START 24028 1380 8920 -12099 -6289 -23121 END
START 20084 -1164 8136 -14746 -2133 -28042 END
START 16308 -3828 7688 -18615 3858 -31974 END
START 11432 -6192 8060 -22202 8508 -32768 END
START 6784 -7596 9372 -24448 9832 -32768 END
START 2564 -8796 11068 -25038 7467 -32768 END
START -2320 -9180 12936 -24515 2033 -32768 END
START -6500 -10372 15024 -23914 -4074 -32768 END
START -11840 -11376 17540 -25091 -7637 -32768 END
START -18484 -13220 20088 -28580 -5221 -32768 END
START -25320 -14256 23360 -32768 2306 -31209 END
START -31676 -15608 27892 -32768 9070 -21348 END
START -32768 -16604 31372 -29399 10326 -9377 END
START -32768 -17680 31688 -21711 5747 1938 END
START -32768 -18380 29868 -16316 -748 10208 END
START -30960 -18896 28848 -13509 -6274 16269 END
START -28056 -18672 28880 -12015 -8368 22877 END
START -24108 -17764 28956 -11095 -7214 31082 END
START -18600 -16928 28680 -10300 -3242 32767 END
START -11640 -16000 27632 -10180 2508 32767 END