START -20412 -3040 6468 11937 2150 766 END
START -21368 -3156 6784 11359 1146 1381 END
START -22372 -3848 6916 10361 672 2682 END
START -22792 -6128 6372 9291 1311 4895 END
START -24688 -6744 6392 8246 1958 7925 END
START -25696 -7884 5416 7546 1888 12340 END
START -25592 -9228 4908 6873 1248 17814 END
START -24616 -9628 4268 5931 -281 24396 END
START -22972 -10044 3196 4473 -2532 31074 END
START -19716 -10136 2264 2346 -4783 32767 END
START -15952 -10172 1100 -371 -7102 32767 END
START -11524 -10652 344 -3648 -8382 32767 END
START -7032 -11788 484 -6864 -7353 32767 END
START -2924 -11368 1244 -9210 -4321 32767 END
START 1072 -11056 1688 -10573 624 32767 END
START 5012 -11156 2368 -11917 5542 32767 END
START 8744 -10552 3512 -13871 7244 32767 END
START 13896 -10068 5016 -16770 3730 32767 END
START 22120 -7584 9012 -19222 -2984 32767 END
START 31804 -5004 13128 -19810 -7110 32767 END
START 32767 -1176 17284 -18682 -6985 28563 END
START 32767 1720 19836 -17071 -3809 16807 END
START 32767 3884 21060 -15245 -135 6071 END
START 32767 4496 21028 -13880 3213 -1848 END
START 32767 4264 20848 -13139 5655 -7894 END
START 32767 4088 20164 -12127 7073 -13663 END
START 32767 2896 18796 -11310 7742 -20019 END
START 31516 1112 17088 -10846 7518 -26428 END
START 27244 -1120 15360 -10596 6453 -32295 END
START 22392 -3308 13520 -10586 4432 -32768 END
START 17232 -4896 11724 -10703 1467 -32768 END
START 13008 -6712 9808 -11078 -2267 -32768 END
START 8496 -7712 7992 -12300 -5027 -32768 END
START 2296 -8236 6812 -15895 -5573 -32768 END
START -4912 -9880 7112 -21131 -3611 -32768 END
START -13948 -11540 9584 -26115 -969 -32768 END
START -21464 -8188 13884 -27342 -594 -32768 END
START -26700 -18716 16668 -26134 -2072 -32768 END
START -32768 -13192 18576 -22686 -5754 -23939 END
START -32768 -15824 19164 -20727 -9494 -14188 END
START -32768 -16008 21188 -21642 -7369 -5759 END
START -32768 -16352 24044 -23120 -1255 2007 END
START -32768 -17160 27248 -22755 4855 9946 END
START -32768 -18292 29616 -20283 7802 18298 END
START -32768 -19020 30980 -16457 7320 26403 END
START -30280 -20060 31796 -12759 4403 32767 END
START -24548 -20024 32184 -9819 957 32767 END