START -21076 -5404 9152 13003 8053 585 END
START -22272 -5416 9636 12639 6704 1892 END
START -22880 -5616 8484 11978 5198 5109 END
START -22436 -7164 7460 11747 2527 11233 END
START -22368 -7248 6392 11155 317 17468 END
START -20384 -7380 4876 9642 -1613 22788 END
START -17412 -7444 3912 7248 -2226 27128 END
START -14724 -7120 3220 4525 -1775 30192 END
START -12528 -7708 3184 2111 -2724 32531 END
START -9572 -7400 3380 836 -4603 32767 END
START -6056 -7612 3364 -48 -6576 32767 END
START -2052 -7588 3848 -1033 -8644 32767 END
START 2216 -7192 4284 -2369 -9594 32767 END
START 6384 -6620 4528 -3996 -9188 32767 END
START 10072 -6376 5308 -5740 -8098 32767 END
START 13088 -5808 5764 -7288 -6814 32767 END
START 15884 -4592 7304 -8653 -6945 29669 END
START 18232 -3160 7956 -9234 -7810 27168 END
START 20764 -1544 8852 -9537 -9337 24527 END
START 23816 400 9508 -9677 -10824 21757 END
START 27468 2084 10036 -9531 -10816 17341 END
START 30516 4324 9920 -9288 -8593 10260 END
START 31756 5448 8748 -9844 -5122 2316 END
START 31264 5688 7800 -11035 -1516 -5475 END
START 29352 4756 7008 -12919 1838 -12892 END
START 26508 3420 6856 -14974 4612 -19629 END
START 22988 1240 6824 -16713 6568 -25509 END
START 19264 -888 7028 -18372 7429 -30755 END
START 14956 -2916 7292 -20105 7716 -32768 END
START 9712 -4456 8068 -21924 7941 -32768 END
START 3124 -6764 9180 -23990 8125 -32768 END
START -5496 -8016 12672 -25447 7518 -32768 END
START -15368 -10600 15032 -25602 5227 -32768 END
START -24904 -11612 17332 -24082 2096 -32768 END
START -31624 -12688 18652 -22148 -1877 -28201 END
START -32768 -13952 19428 -21435 -4829 -17382 END
START -32768 -15148 21492 -22092 -5981 -5175 END
START -32768 -17024 23860 -22724 -5529 8634 END
START -32768 -19272 25896 -24007 -5222 22483 END
START -30020 -20120 28940 -24703 -6106 32767 END
START -21024 -19800 31988 -22974 -7241 32767 END