START -21328 -4076 10056 11849 7667 -3768 END
START -24900 -3752 12664 11426 6064 -2536 END
START -25012 -4924 11008 10579 4587 971 END
START -24276 -7072 8044 10501 3728 6935 END
START -24480 -7232 7764 9276 3112 12709 END
START -23344 -7776 6660 7743 2935 17910 END
START -21320 -8052 6176 6141 3442 22135 END
START -19288 -8056 5388 4522 3277 25514 END
START -17360 -8348 4692 3119 2040 29013 END
START -14940 -8684 4268 2172 -266 32463 END
START -12016 -9004 3272 1325 -2753 32767 END
START -8048 -9592 2556 35 -3536 32767 END
START -4452 -9684 2192 -1979 -2119 32767 END
START -292 -9740 1896 -4972 -491 32767 END
START 4656 -9508 2304 -8171 -37 32767 END
START 8632 -9172 3932 -11067 -1472 32767 END
START 12372 -8068 5968 -12624 -4780 32767 END
START 16036 -6424 7896 -12609 -8487 32767 END
START 18988 -4536 8592 -11770 -11424 31518 END
START 21564 -2852 9056 -11224 -12179 28209 END
START 24660 -176 9796 -11430 -11054 25223 END
START 28768 1796 10592 -12165 -7862 21822 END
START 32767 4928 12092 -12945 -3741 16560 END
START 32767 6680 12560 -13441 406 8885 END
START 32767 8152 12808 -13692 3314 -317 END
START 32767 7848 12608 -13759 4738 -10531 END
START 32767 6584 11940 -13656 4760 -20264 END
START 30496 4132 11256 -14041 4146 -28016 END
START 26508 336 11096 -14542 3983 -32768 END
START 22188 -2852 10592 -15018 3851 -32768 END
START 17248 -5424 9744 -16213 3774 -32768 END
START 10256 -6856 9428 -18135 3587 -32768 END
START 2360 -7484 10124 -19787 2794 -32768 END
START -6528 -8668 12460 -20672 -451 -32768 END
START -15840 -10608 15648 -20231 -5632 -32768 END
START -25036 -13356 19620 -18777 -9763 -32768 END
START -32768 -15932 22984 -17157 -10628 -32768 END
START -32768 -18148 25092 -15806 -9498 -22820 END
START -32768 -20244 26544 -16702 -5799 -7574 END
START -32768 -22200 28348 -18732 -223 9370 END
START -32768 -23184 28536 -20347 3711 25648 END
START -32768 -22484 28384 -20792 4344 32767 END
START -28192 -21396 28544 -19750 2206 32767 END
START -17800 -19316 29804 -17302 -999 32767 END