START -17392 -1800 10500 12794 8044 -7132 END
START -19088 -1760 11400 12312 6736 -6020 END
START -21668 -2628 12092 11105 5411 -2838 END
START -21244 -4760 9388 10391 4822 2538 END
START -22980 -5252 9420 9437 3690 8098 END
START -22648 -5912 8256 8735 2810 13523 END
START -21168 -6184 7584 8188 2880 18297 END
START -18548 -5932 6432 7170 3916 21875 END
START -16252 -5744 5148 5668 4765 24709 END
START -13436 -5852 3396 3716 4516 27263 END
START -10716 -6072 2220 925 3231 29484 END
START -8264 -6348 1660 -1994 932 31282 END
START -4560 -6376 2076 -4134 -1106 32767 END
START -700 -5832 2816 -5222 -2236 32767 END
START 2952 -5916 2416 -6015 -2433 32767 END
START 6380 -6088 2000 -7593 -2255 32767 END
START 8812 -6100 2024 -9570 -1823 31388 END
START 10272 -5860 2488 -11257 -2374 28741 END
START 12168 -5512 3348 -12525 -4514 27086 END
START 15192 -4216 4840 -13035 -7230 26424 END
START 19292 -2720 5848 -13267 -9249 25523 END
START 24156 -1000 6488 -13923 -8665 22834 END
START 27692 288 6896 -15688 -4775 17380 END
START 29892 1740 8388 -17894 -36 10985 END
START 30500 2800 10088 -19176 3532 4961 END
START 30800 3820 11528 -19317 5204 -1359 END
START 30416 4164 12120 -18851 5623 -8204 END
START 29040 3452 11760 -18583 5240 -15622 END
START 25976 1472 12012 -19003 4536 -23444 END
START 21768 -1356 12444 -19706 3920 -30397 END
START 15900 -4324 12624 -20549 4007 -32768 END
START 9232 -5816 12472 -22438 5498 -32768 END
START 1684 -7176 12840 -25253 8188 -32768 END
START -6204 -8732 14932 -28260 10579 -32768 END
START -16100 -10268 18552 -29198 9952 -32768 END
START -26692 -11764 23068 -26063 3891 -32768 END
START -32768 -13528 26312 -19836 -5282 -32087 END
START -32768 -14344 27448 -14502 -11522 -20676 END
START -32768 -15424 27776 -13031 -10269 -7565 END
START -32768 -16620 28972 -15440 -3233 6724 END
START -32768 -17664 30692 -18432 4087 19990 END
START -32768 -17968 32767 -19802 7584 31816 END
START -27036 -16664 32767 -18027 6081 32767 END
START -17816 -14588 32767 -13852 2294 32767 END