START -17916 1080 10192 7985 4761 139 END
START -20612 1636 12948 7711 3711 957 END
START -20168 1144 10628 7132 3678 2478 END
START -19208 -1164 9200 7001 3968 5016 END
START -19364 -1916 8952 6573 5729 6672 END
START -19336 -2632 7684 5854 7416 7831 END
START -19436 -3792 7160 5434 7974 9267 END
START -20160 -4576 6072 5537 6381 11614 END
START -20036 -5220 4736 5612 2854 14946 END
START -18716 -5312 3404 5246 -1427 18846 END
START -16240 -7248 2612 3866 -4424 22500 END
START -13696 -6604 1532 1513 -4318 25949 END
START -10476 -7892 484 -1925 -2049 28404 END
START -7316 -8276 36 -6239 1201 30506 END
START -4384 -8688 432 -10314 3529 32367 END
START -512 -8784 1596 -13948 3973 32767 END
START 3708 -8524 3876 -16570 2514 32767 END
START 8148 -7656 5956 -18024 -106 32767 END
START 12560 -6800 8084 -19016 -3060 32767 END
START 16904 -5020 11044 -19295 -5518 32279 END
START 21452 -2532 13820 -18649 -6559 29147 END
START 25752 588 15628 -18036 -5816 24918 END
START 28832 3480 17756 -17830 -4113 20226 END
START 32032 6716 20232 -17534 -2180 15302 END
START 32767 9348 21680 -16346 37 9808 END
START 32767 11212 22740 -14638 1120 3310 END
START 32767 12196 23004 -12615 864 -4618 END
START 32767 11856 22700 -10810 9 -13692 END
START 32767 9776 21404 -9786 192 -23058 END
START 32032 6200 19748 -8826 1424 -31618 END
START 26196 2440 17924 -7439 1516 -32768 END
START 19768 -1640 15596 -6100 -127 -32768 END
START 12068 -4760 13060 -6069 -3384 -32768 END
START 4468 -6524 12552 -7179 -6956 -32768 END
START -2848 -8116 12388 -8699 -8550 -32768 END
START -8560 -8432 12688 -10929 -8164 -32768 END
START -13508 -9928 13236 -13638 -6880 -32768 END
START -18108 -12468 13836 -16848 -4355 -32768 END
START -24884 -14796 15852 -19592 -1696 -31602 END
START -32768 -14464 18028 -18833 -2970 -26054 END
START -32768 -18252 18924 -15755 -4948 -19116 END
START -32768 -20672 19580 -12794 -8635 -9465 END
START -32768 -20884 19376 -13028 -6562 29 END
START -32768 -22184 19980 -16258 480 9414 END
START -32768 -22652 22172 -19535 8248 19151 END
START -32768 -22276 24408 -19870 12815 28011 END
START -32168 -21396 25696 -15712 12200 32767 END
START -26008 -20104 25076 -9856 7366 32767 END
START -19160 -18808 23008 -6476 1352 32767 END
START -11596 -17052 22604 -6474 -2507 32767 END
START -2576 -14312 23904 -8385 -3178 32767 END