START -17144 -3672 11432 15643 9528 -1193 END
START -17780 -3908 11032 15306 8485 -501 END
START -19484 -4496 9952 14374 7652 1632 END
START -22204 -6508 9716 14385 5632 6485 END
START -23636 -7144 8788 14772 2922 12974 END
START -22608 -8088 7024 14728 905 18708 END
START -20712 -8248 5080 13203 1647 22921 END
START -18492 -7592 2812 8737 6339 26487 END
START -16432 -7220 1432 3042 11139 29387 END
START -14240 -7240 720 -2314 13104 31958 END
START -12384 -7044 1384 -5541 11368 32767 END
START -10132 -7708 1968 -6226 6599 32767 END
START -8004 -8744 2136 -5700 1038 32767 END
START -4980 -9288 1600 -5104 -3289 32767 END
START -1004 -9984 1344 -5582 -5264 32767 END
START 3024 -10000 764 -8075 -4497 32767 END
START 8020 -10044 2236 -12248 -3286 32767 END
START 14708 -7508 6240 -15699 -3438 32767 END
START 21964 -4432 10688 -16662 -4409 32767 END
START 30280 -932 14564 -15685 -5101 31923 END
START 32767 2656 17060 -13702 -4379 24717 END
START 32767 5272 17548 -11297 -2697 14682 END
START 32767 7088 16648 -9352 -875 3790 END
START 32767 7164 14984 -8501 327 -5040 END
START 32767 6452 13392 -8548 1069 -11974 END
START 32736 4852 12092 -9181 1956 -18516 END
START 29036 2692 11276 -10130 3336 -24972 END
START 24512 264 10476 -11252 4713 -30808 END
START 19492 -2636 9628 -12483 5344 -32768 END
START 14480 -4880 9292 -13591 4964 -32768 END
START 9616 -6824 8920 -14518 3614 -32768 END
START 3016 -7712 8808 -15420 512 -32768 END
START -2520 -8252 9072 -16041 -3444 -32768 END
START -8060 -8200 10552 -16995 -8506 -32768 END
START -11864 -10788 12296 -17869 -12508 -32768 END
START -16472 -11816 15032 -18448 -14375 -32768 END
START -23716 -14524 17216 -19283 -12058 -32768 END
START -32768 -15884 20116 -19748 -7829 -32707 END
START -32768 -18052 23248 -18901 -4704 -22588 END
START -32768 -19580 24884 -16368 -3332 -7550 END
START -32768 -19764 25068 -14614 -2012 9120 END
START -32768 -18164 24836 -16622 718 24134 END
START -32768 -17704 26384 -20778 4099 32767 END