START -11956 4312 12376 4012 1468 -2970 END
START -12844 4492 12568 3884 173 -2721 END
START -13956 4332 11620 3682 -524 -2042 END
START -14476 2404 10376 3823 -1262 -163 END
START -15944 2956 10296 3811 -207 1683 END
START -16864 3316 9804 3568 882 3832 END
START -17140 1636 8448 2911 1839 5931 END
START -17152 2236 8176 1665 2358 7655 END
START -16652 1392 8080 229 2775 9494 END
START -16380 1336 7860 -1275 3117 11365 END
START -15900 840 8104 -2479 2438 13774 END
START -14856 316 8096 -3289 1675 15862 END
START -13928 -244 8192 -3464 1280 17574 END
START -12812 -784 7792 -3202 923 18805 END
START -12148 -1796 6944 -2881 384 19614 END
START -11392 -2672 6360 -2616 -173 20321 END
START -10316 -3816 5464 -2767 -447 21310 END
START -8804 -5012 3940 -3970 -1274 22564 END
START -7164 -6124 3164 -6774 -3802 23982 END
START -4480 -6360 3832 -10203 -5948 25565 END
START -1592 -6876 5184 -12741 -5667 26612 END
START 1196 -7168 6532 -14318 -4441 27255 END
START 4060 -7072 7908 -15440 -3828 27509 END
START 6708 -6364 9268 -16371 -4038 27105 END
START 9852 -4908 11656 -17153 -3828 26216 END
START 12408 -3028 14212 -16791 -3151 24407 END
START 15008 -808 16220 -16093 -2513 22643 END
START 17708 1436 17852 -16087 -2355 20815 END
START 21036 3636 19752 -16631 -1935 18427 END
START 24608 6140 22392 -17174 -98 14577 END
START 27648 8184 24940 -17560 2366 9785 END
START 29388 10024 28188 -17238 4735 4520 END
START 30288 11228 30736 -15321 6120 -1364 END
START 30688 11248 32256 -12062 6128 -7902 END
START 29228 10508 32236 -8663 5888 -13967 END
START 27060 8348 31056 -5741 6263 -18685 END
START 24060 6572 28964 -3283 5782 -22436 END
START 21124 4596 26476 -863 3835 -25802 END
START 18144 2424 23640 1862 636 -28860 END
START 15124 136 20856 4292 -3490 -31252 END
START 11724 -1924 17576 5672 -7700 -32768 END
START 7632 -3960 14332 5198 -10456 -32768 END
START 3172 -5280 11800 2681 -10581 -32768 END
START -1360 -7220 10024 -1725 -6926 -32768 END
START -7340 -8940 9492 -6839 -1286 -32768 END
START -12424 -10388 9688 -10870 2850 -31265 END
START -17872 -11328 10796 -12811 4035 -28404 END
START -22792 -12468 11392 -11422 1368 -24985 END
START -26400 -12940 11464 -8225 -3691 -20848 END
START -28520 -13704 10704 -6375 -7644 -16846 END
START -31008 -13988 10452 -7416 -7992 -12820 END
START -32768 -14356 10868 -10334 -5285 -8021 END
START -32768 -14036 13092 -13715 -1414 -2304 END
START -32768 -16816 14476 -16226 3086 4872 END
START -32768 -17068 17120 -16471 3545 12821 END
START -32272 -17416 19500 -14910 2418 19709 END
START -27744 -17688 21468 -11689 605 23963 END
START -24160 -17812 22184 -8180 -1447 26884 END
START -20292 -17556 22668 -5856 -2890 30406 END
START -15272 -17028 23520 -5324 -3163 32767 END
START -8144 -15060 24988 -6218 -1634 32767 END
START -416 -12628 27224 -7424 1096 32767 END
START 6636 -9860 29448 -7177 2650 32767 END
START 12384 -7520 30764 -5619 2680 32767 END