START -23220 -5584 9008 13132 5875 728 END
START -24168 -5820 8864 12664 5071 2063 END
START -25712 -6180 7328 12007 4872 5460 END
START -25512 -8620 6496 11917 4323 11727 END
START -25772 -9044 5036 10361 2548 17682 END
START -24608 -9448 3336 7552 14 23143 END
START -23016 -9464 2920 4172 -1570 28070 END
START -20664 -9244 2864 758 -1272 32767 END
START -18296 -9364 2776 -2397 1774 32767 END
START -15284 -9808 2988 -5249 5151 32767 END
START -11140 -10616 2628 -7454 7794 32767 END
START -6988 -11712 2348 -9849 8057 32767 END
START -1860 -12264 3244 -11371 5002 32767 END
START 4240 -11556 4016 -11084 419 32767 END
START 9372 -10844 4344 -10958 -4680 32767 END
START 14900 -10224 6164 -11806 -9941 32767 END
START 19496 -8688 7868 -12386 -12852 32767 END
START 23356 -7200 9248 -13327 -10754 32767 END
START 27660 -5352 10096 -15427 -5275 30709 END
START 31276 -3260 11824 -18040 554 26103 END
START 32767 -908 13752 -18945 4234 19814 END
START 32767 932 15080 -17842 5048 11733 END
START 32767 1748 15108 -15957 3576 3743 END
START 32767 2340 14080 -14553 1087 -2925 END
START 31692 2836 12920 -14317 -1092 -8729 END
START 29804 2988 11640 -15357 -1489 -14004 END
START 27808 2100 11100 -17239 770 -19104 END
START 25180 932 11208 -19318 4677 -23898 END
START 21672 -1136 11684 -20312 6589 -28239 END
START 17188 -3368 12400 -19705 4828 -31849 END
START 13224 -5312 12456 -17873 163 -32768 END
START 8660 -5984 11952 -16400 -6808 -32768 END
START 2432 -4652 10924 -15938 -15110 -32768 END
START -3876 -4596 10780 -17929 -18314 -32768 END
START -10364 -6320 14272 -22866 -12640 -32768 END
START -16784 -9152 20852 -27577 -1644 -32251 END
START -24380 -12692 29124 -27500 6246 -26750 END
START -31476 -15204 32767 -22695 6690 -20777 END
START -32768 -17216 32767 -15272 -1086 -14733 END
START -32768 -17672 32767 -10275 -9166 -7392 END
START -32768 -18132 32767 -9283 -9208 1927 END
START -32768 -18200 32767 -9724 -1631 12720 END
START -32768 -18096 32767 -9944 6620 24043 END
START -30588 -18508 31772 -8858 10416 32767 END
START -21496 -17888 30952 -6297 10929 32767 END
START -11812 -16216 29428 -3205 10099 32767 END
START -3664 -14416 27180 -1551 9012 32767 END
START 3808 -12384 26364 -1764 9506 32767 END
START 11224 -9908 26520 -2626 12554 32767 END