START -9512 376 6056 13682 14884 -7341 END
START -8624 296 4316 12810 15446 -7578 END
START -11780 864 5816 11457 18242 -8026 END
START -13328 -584 3980 10404 19335 -6914 END
START -16672 -1188 3108 9272 16060 -3603 END
START -18464 -2164 2064 8327 9704 1124 END
START -19252 -2560 1368 7123 3183 5366 END
START -19108 -3088 1096 5138 -599 9136 END
START -18100 -3552 1356 2898 -1167 12317 END
START -17088 -3712 1188 391 1020 14934 END
START -16212 -4012 1044 -2347 3520 17558 END
START -14596 -4396 996 -4776 5020 20235 END
START -13444 -4872 1044 -6706 4667 22878 END
START -11676 -5440 860 -8213 2338 25565 END
START -9744 -5860 1292 -9496 -413 27751 END
START -7712 -6448 1368 -10498 -2991 29514 END
START -4416 -7112 2248 -11665 -3946 30554 END
START -1468 -7088 3472 -13157 -3639 31189 END
START 1932 -7072 4656 -15299 -2703 32310 END
START 7108 -6232 7560 -17406 -2347 32767 END
START 12908 -4564 10732 -18490 -3046 32767 END
START 19720 -2152 14796 -17836 -4664 31045 END
START 26820 1132 17996 -16047 -5787 26494 END
START 32160 4216 19952 -14282 -5231 19906 END
START 32767 6764 20336 -12547 -3524 12271 END
START 32767 8152 19712 -11325 -1145 4183 END
START 32767 8668 18724 -10735 1176 -3450 END
START 32767 7836 17152 -10664 3548 -11277 END
START 31700 5744 15436 -11477 6166 -19229 END
START 27468 3424 14744 -12354 7645 -26543 END
START 22368 540 14140 -12363 7290 -32470 END
START 16680 -1548 12864 -11871 4962 -32768 END
START 10280 -2644 11532 -11460 590 -32768 END
START 5560 -3376 10660 -11535 -4297 -32768 END
START 1596 -3680 9984 -12557 -7813 -32768 END
START -2292 -5200 10460 -15423 -8936 -32768 END
START -7616 -7800 12480 -19248 -7474 -32768 END
START -14696 -11140 15248 -22656 -3543 -32768 END
START -26260 -15236 20320 -23768 -2375 -32768 END
START -32768 -17400 24088 -19443 -8227 -26098 END
START -32768 -18700 25004 -12302 -17411 -10669 END
START -32768 -18744 24240 -9513 -21248 4909 END
START -32768 -18164 24028 -12241 -17046 17461 END
START -32000 -18216 24952 -16773 -8030 29184 END
START -26380 -17856 27440 -19665 -576 32767 END
START -19676 -16660 29892 -19997 3452 32767 END
START -11944 -15036 31804 -17869 3761 32767 END