START -18496 -2896 6148 11961 1070 4000 END
START -20664 -2460 8100 11223 -112 5074 END
START -20104 -2740 5604 9804 -94 7491 END
START -19000 -4808 5720 8776 577 11280 END
START -18600 -5440 5476 7664 2610 13656 END
START -17660 -5484 4876 6684 3709 14661 END
START -16716 -6032 3704 5920 3786 14982 END
START -16572 -6416 2300 4783 1907 16197 END
START -16652 -6620 1688 3143 -1999 19074 END
START -15424 -6788 1152 1587 -6379 23033 END
START -11912 -7268 900 -375 -7573 26621 END
START -8716 -6872 500 -2811 -4588 28485 END
START -6068 -7084 -100 -6400 786 29480 END
START -4304 -7648 -32 -10220 5076 30000 END
START -2984 -7980 876 -13278 5602 30850 END
START -1068 -8176 2184 -15212 2336 32134 END
START 2176 -7596 3864 -15978 -2828 32767 END
START 7356 -6068 6200 -16136 -7277 32767 END
START 13788 -4144 8532 -16585 -9341 32767 END
START 20904 -1340 11568 -17381 -8784 31108 END
START 26364 1952 15224 -17851 -6900 25244 END
START 29124 3976 17796 -17457 -4902 18595 END
START 30616 5728 19612 -16890 -2666 12613 END
START 31476 6940 21056 -16212 -514 7481 END
START 32132 7656 21800 -14906 744 2230 END
START 32388 7656 21744 -13316 1555 -3844 END
START 31196 6940 20776 -11500 1619 -11081 END
START 28568 4880 19096 -10211 1308 -18352 END
START 25184 2720 17360 -9536 1053 -24162 END
START 21684 436 15560 -8671 469 -28494 END
START 18092 -1744 13612 -7766 -952 -31669 END
START 14844 -3820 11336 -7184 -3254 -32768 END
START 11212 -5464 8628 -8102 -4804 -32768 END
START 7316 -7072 6784 -10911 -5132 -32768 END
START 292 -7868 6200 -15619 -4533 -32768 END
START -7236 -9780 7824 -20559 -3162 -32768 END
START -15304 -11068 10996 -23734 -3058 -32768 END
START -22356 -11992 15224 -23411 -5933 -32768 END
START -25652 -13652 16856 -21100 -9412 -27440 END
START -28080 -15376 18224 -21040 -9262 -20439 END
START -30712 -16772 19912 -22570 -5371 -14876 END
START -32768 -19108 22812 -24611 49 -8902 END
START -32768 -21012 26056 -24707 3102 -1289 END
START -32768 -22576 29056 -21918 2464 8704 END
START -32768 -22928 30792 -17580 -413 19195 END
START -32768 -22772 31424 -13299 -3873 28987 END
START -28628 -21652 31460 -10331 -5680 32767 END