START -18368 -8328 3276 21716 18080 -19162 END
START -21488 -7928 4368 21678 15273 -17680 END
START -21756 -9312 1688 21194 8834 -13410 END
START -22536 -10700 -340 19348 656 -6236 END
START -23116 -11064 -1296 14484 -3305 1209 END
START -22252 -11108 -1816 7761 -2053 8981 END
START -20204 -11568 -1140 1109 3794 16229 END
START -18484 -10804 -432 -4759 9941 22916 END
START -16136 -10976 1076 -9032 11965 28992 END
START -12576 -11068 1924 -10969 10207 32767 END
START -8956 -10304 3264 -11045 4991 32767 END
START -5920 -10448 2912 -10408 -2201 32767 END
START -4248 -9944 2668 -9866 -8870 32767 END
START 280 -10000 3256 -9774 -11682 32767 END
START 4148 -8700 3184 -10816 -9197 32767 END
START 6268 -7216 3000 -14903 -5120 32767 END
START 9112 -5420 4944 -20235 -2727 32767 END
START 14044 -2740 8428 -24113 -2674 32767 END
START 19548 296 12680 -25746 -3611 32767 END
START 24168 3540 15852 -25536 -4753 32207 END
START 28552 6296 19172 -23943 -5796 26251 END
START 31116 8560 21432 -20240 -6761 17927 END
START 31712 9948 21768 -15641 -8869 8859 END
START 30676 10868 21496 -11299 -12603 880 END
START 29852 10528 19884 -8273 -15310 -6217 END
START 28876 9260 17772 -8651 -13496 -12819 END
START 27076 7008 16284 -11364 -7617 -19829 END
START 23660 3892 15580 -14744 -1535 -26789 END
START 19548 764 15548 -16843 2355 -32768 END
START 14436 -2392 15736 -17001 2350 -32768 END
START 9400 -4672 15316 -15421 -906 -32768 END
START 6664 -6244 14232 -12879 -5578 -32768 END
START 3852 -8324 12848 -10981 -10150 -32768 END
START -1248 -11576 11004 -12474 -11647 -32768 END
START -9836 -14124 10584 -17258 -8229 -32768 END
START -21372 -16712 12644 -23065 -2949 -32768 END
START -30884 -18464 16876 -25661 -718 -31436 END
START -32768 -19256 19856 -22655 -4724 -18174 END
START -32768 -19532 20980 -16881 -12224 -5191 END
START -32768 -18984 20268 -14458 -16960 5069 END
START -32768 -18704 19960 -17321 -16585 13767 END
START -30884 -18824 22544 -23018 -10851 23322 END
START -27476 -19960 27044 -27548 -4341 32767 END
START -23064 -21288 31844 -28268 262 32767 END
START -17584 -20888 32767 -25655 2790 32767 END
START -10552 -19760 32767 -20437 2989 32767 END