START -10068 2948 10400 16485 -2420 -13061 END
START -10308 2908 8984 16118 -3282 -12883 END
START -13328 2780 9416 14120 -3372 -12092 END
START -13768 192 6716 10742 -85 -10378 END
START -16200 -916 6688 7595 5185 -8841 END
START -18968 -2404 6328 5083 9754 -7567 END
START -22540 -5060 7596 3857 11601 -4857 END
START -25564 -7360 7616 4546 10642 15 END
START -26636 -9084 6452 5492 7878 5190 END
START -26612 -9940 5636 5836 4101 10018 END
START -25384 -10712 4804 5296 1598 14362 END
START -23468 -11072 4056 3626 4 18093 END
START -21376 -11184 4104 1709 -1101 21178 END
START -18864 -10736 4236 -108 -2578 24288 END
START -15648 -10696 4644 -1231 -3820 27034 END
START -12484 -10068 4880 -1841 -4862 29125 END
START -8532 -9784 4656 -3013 -3794 31152 END
START -4452 -9744 4568 -5690 -1096 32767 END
START 356 -9364 5044 -9352 1715 32767 END
START 5444 -8476 6648 -12609 2974 32767 END
START 10772 -7076 9076 -14727 1745 32767 END
START 16468 -5472 11908 -14927 -1602 31894 END
START 21780 -2320 14756 -13713 -5993 28280 END
START 27020 804 16724 -11214 -8087 23880 END
START 30296 3336 17380 -9226 -7218 18995 END
START 32544 5440 16500 -8313 -4308 13367 END
START 32767 6856 15276 -8703 -758 7050 END
START 32767 7580 14508 -9725 2284 1034 END
START 32540 7824 13664 -10770 4013 -4941 END
START 31088 7108 12812 -11674 4056 -11513 END
START 28508 5568 12232 -12219 2540 -17781 END
START 25664 3412 11744 -12397 -100 -22946 END
START 22504 1128 11220 -12220 -3404 -27220 END
START 19392 -1024 10688 -11490 -8085 -30998 END
START 16668 -3276 10060 -11091 -13353 -32768 END
START 13400 -5196 9512 -12518 -17776 -32768 END
START 8968 -6384 10048 -15512 -19836 -32768 END
START 3048 -7292 11584 -18930 -19836 -32768 END
START -3388 -7672 13316 -22365 -17352 -32768 END
START -8764 -8864 16116 -26069 -12625 -32768 END
START -13364 -12564 20244 -28887 -6694 -32768 END
START -20296 -16496 26680 -30501 -1262 -31657 END
START -27716 -22448 32767 -29584 1660 -27115 END
START -32768 -23132 32767 -24806 1232 -18402 END
START -32768 -26060 32767 -18284 -1635 -6859 END
START -32768 -26036 32767 -12733 -2823 5010 END
START -32768 -25460 32767 -8956 -1953 16194 END
START -32768 -23444 32767 -6676 620 26481 END
START -32320 -20796 32767 -4524 4304 32767 END
START -26660 -18796 30900 -2011 7702 32767 END