START -20780 -2300 10928 7556 10623 -880 END
START -20748 -2520 10232 7267 10179 205 END
START -21736 -2960 10280 6670 10502 2573 END
START -21620 -4760 8936 6665 10542 6278 END
START -22168 -6264 7624 5693 9434 10101 END
START -21652 -6092 6164 4752 6996 13593 END
START -20980 -6828 5856 4140 4087 17463 END
START -19276 -6724 5044 3497 1856 21112 END
START -16916 -6244 3824 2585 530 24414 END
START -13852 -7908 3424 731 608 27089 END
START -11744 -6672 2448 -1284 2114 29392 END
START -9604 -8004 1756 -3730 3722 31918 END
START -6908 -8572 912 -6487 4706 32767 END
START -4344 -9336 616 -9611 3324 32767 END
START -192 -9652 1456 -12648 233 32767 END
START 4760 -9192 3544 -14875 -2967 32767 END
START 10584 -7308 5928 -15963 -5838 32767 END
START 16264 -5364 8956 -16344 -7799 32767 END
START 21852 -2664 12108 -15910 -8833 31838 END
START 27156 1140 14928 -15029 -8336 26935 END
START 31220 4272 17012 -14131 -7107 21311 END
START 32767 7624 18828 -13195 -5134 15375 END
START 32767 9944 19452 -12162 -2858 8886 END
START 32767 11180 19528 -11379 -135 1380 END
START 32767 11536 18860 -10806 2054 -6814 END
START 32767 10360 18012 -10529 2860 -15144 END
START 30832 8556 17264 -10422 3183 -22516 END
START 27192 5108 16784 -10271 3436 -28635 END
START 22976 2256 15944 -9542 3150 -32768 END
START 18020 -260 14396 -8198 1252 -32768 END
START 12536 -2480 12320 -6939 -2752 -32768 END
START 4740 -3364 10304 -6529 -7957 -32768 END
START -2312 -3900 8832 -7779 -12381 -32768 END
START -8624 -5128 9168 -10006 -15289 -32768 END
START -13592 -8472 10908 -13515 -16132 -32768 END
START -18360 -11308 13472 -18170 -11793 -32768 END
START -24412 -13356 17568 -22268 -5824 -32768 END
START -30948 -12712 19892 -23446 -1068 -27205 END
START -32768 -18600 23680 -21117 1238 -19495 END
START -32768 -17632 25900 -15400 -2215 -8491 END
START -32768 -18404 25476 -10472 -5023 1446 END
START -32768 -18332 24428 -8895 -5318 10002 END
START -32768 -18096 24244 -10135 -2897 18390 END
START -32768 -17760 24976 -12044 1011 27501 END
START -29348 -17936 25788 -12619 4226 32767 END
START -21692 -17192 26636 -11512 6472 32767 END
START -13000 -16056 27172 -9441 8187 32767 END