START -24452 -8556 6988 6623 7587 7253 END
START -24960 -8456 6488 6224 6366 8668 END
START -26120 -8820 6436 5264 5340 11682 END
START -25132 -10932 4896 4063 3931 17415 END
START -25356 -11100 4016 1878 3502 23832 END
START -23772 -11660 2900 -1382 2554 30199 END
START -21520 -11776 2396 -5353 2904 32767 END
START -18428 -11876 2104 -9598 4675 32767 END
START -14988 -12132 2072 -13573 7029 32767 END
START -10116 -12620 2920 -16859 9464 32767 END
START -6032 -11928 3720 -18598 9843 32767 END
START -684 -12424 5104 -18279 7243 32767 END
START 2516 -11544 6320 -16559 1132 32767 END
START 5484 -11308 7068 -15629 -8293 32767 END
START 9224 -10888 9476 -16329 -16134 32767 END
START 15812 -7576 13660 -17027 -18828 32767 END
START 25160 -5004 17388 -17109 -12901 32767 END
START 32767 -1196 21004 -17141 -2508 32767 END
START 32767 1760 23608 -16310 6358 23962 END
START 32767 3604 25048 -14218 9321 13536 END
START 32767 5136 25376 -11241 7206 3426 END
START 32767 5652 24428 -8077 3883 -4538 END
START 32767 5820 22808 -5491 739 -10995 END
START 31528 5184 20100 -3339 -1191 -16815 END
START 28664 3744 17040 -2867 -517 -22676 END
START 25216 1884 14412 -3738 1942 -28123 END
START 20588 -776 12516 -4936 4018 -32768 END
START 16264 -2948 11168 -5686 3787 -32768 END
START 12512 -5176 9916 -6140 1138 -32768 END
START 9260 -7156 8824 -6667 -3301 -32768 END
START 6020 -8892 8180 -7473 -8835 -32768 END
START 2052 -9316 7896 -8495 -14750 -32768 END
START -2460 -10168 7900 -10483 -18101 -32768 END
START -8460 -10364 8412 -14695 -15442 -32768 END
START -14920 -11380 10188 -19490 -8676 -32768 END
START -21080 -12768 12964 -22628 -2195 -32768 END
START -26916 -14020 16280 -23361 221 -29145 END
START -31604 -16060 20080 -21597 -2012 -22408 END
START -32768 -17692 23052 -18301 -6944 -14700 END
START -32768 -18740 25360 -14822 -10265 -6507 END
START -32768 -20232 26684 -13321 -8591 2442 END
START -32768 -20840 27236 -14091 -2567 12138 END
START -32768 -21572 27808 -15290 4460 22439 END
START -30284 -21784 27864 -16221 8754 32361 END
START -25336 -22504 28332 -15478 8547 32767 END
START -18828 -22068 28520 -13371 5334 32767 END
START -9820 -20588 29696 -10248 2383 32767 END