START -20508 -2144 4524 7469 7340 -8954 END
START -22792 -1964 6280 6892 6861 -8002 END
START -22580 -3144 4056 5938 6841 -5480 END
START -25588 -4564 4720 5433 5564 -247 END
START -26100 -5268 4456 5086 4537 5742 END
START -25684 -6744 3936 3760 4726 11837 END
START -25368 -6708 3028 1125 5518 18068 END
START -23436 -7836 2496 -2190 6380 24133 END
START -21196 -8108 2444 -6248 6799 29790 END
START -18052 -8540 2492 -9869 6327 32767 END
START -14832 -9212 3532 -12344 4946 32767 END
START -10332 -9364 4484 -13598 3765 32767 END
START -4912 -9384 5580 -14106 2769 32767 END
START 172 -8932 5972 -14399 2003 32767 END
START 5188 -8488 7136 -14950 843 32767 END
START 10480 -7432 8780 -15666 -1011 32767 END
START 15760 -6508 10728 -16391 -4017 32767 END
START 21144 -5192 13352 -16694 -6891 31317 END
START 25600 -3848 16252 -16249 -8390 26628 END
START 29088 -2180 18276 -15187 -7588 21200 END
START 31164 -660 19820 -13991 -5567 15151 END
START 31392 592 20040 -12358 -2911 8525 END
START 29952 908 18884 -11294 -681 2111 END
START 27636 440 17704 -10826 743 -3267 END
START 25644 400 17276 -10578 884 -7293 END
START 24100 168 16740 -10196 430 -10578 END
START 22772 -264 16184 -9515 -149 -14696 END
START 21316 -616 15360 -9042 -505 -19401 END
START 19384 -1860 14436 -9339 -76 -24342 END
START 17040 -3028 13880 -10018 574 -28862 END
START 13932 -3768 13496 -10797 1143 -32547 END
START 10156 -4120 13088 -11429 823 -32768 END
START 6376 -4480 12724 -11666 -1177 -32768 END
START 1884 -3640 12132 -11613 -5283 -32768 END
START -2336 -4556 12004 -12203 -9801 -32768 END
START -7788 -6976 13008 -14776 -12230 -32768 END
START -17872 -9904 16108 -19052 -9895 -32768 END
START -28192 -13384 20664 -20409 -5612 -32768 END
START -32768 -15640 24436 -17849 -2002 -27387 END
START -32768 -17236 25484 -14002 -266 -13860 END
START -32768 -17952 24236 -12585 775 -1309 END
START -32768 -18560 23244 -13596 2273 8905 END
START -32768 -18628 23260 -16008 4106 17359 END
START -32768 -18764 24280 -16835 3992 26544 END
START -31132 -18512 24708 -15841 2567 32767 END
START -24340 -18508 24728 -14764 1894 32767 END
START -16228 -18112 24956 -14451 3631 32767 END
START -6608 -17108 27932 -14435 7583 32767 END