START -17692 -2308 8084 8262 5902 2469 END
START -17960 -2468 6828 7703 5021 3272 END
START -20016 -2536 7516 6594 5204 5202 END
START -20112 -4496 6384 5421 4710 8841 END
START -20884 -5356 5780 4256 4335 12615 END
START -20416 -5888 4776 3002 3535 16287 END
START -19448 -6332 4152 1721 2411 19763 END
START -17980 -6608 3608 471 848 23056 END
START -15872 -6688 3168 -656 -461 25590 END
START -13268 -6520 2880 -1921 -947 27408 END
START -10884 -6780 2412 -3227 -427 29037 END
START -8404 -7136 1924 -5021 161 31008 END
START -5300 -7284 1912 -7520 -39 32767 END
START -776 -6888 2576 -10624 -345 32767 END
START 4876 -5712 4496 -14192 -1088 32767 END
START 13580 -3144 8728 -16362 -1956 32767 END
START 22196 -56 12696 -16343 -1781 32767 END
START 27472 2952 15600 -14912 -2096 26312 END
START 29784 5256 17380 -12822 -3913 18294 END
START 30456 7112 18040 -10972 -5723 11932 END
START 31296 8552 18112 -9640 -6233 6911 END
START 32092 9192 17500 -8902 -4567 1961 END
START 32020 9416 16272 -8904 -1435 -4174 END
START 30212 8716 15192 -9386 1674 -10894 END
START 27744 7068 14072 -9396 3012 -17677 END
START 24116 4912 12472 -9120 2492 -23961 END
START 20280 2252 11288 -8951 539 -29079 END
START 15928 -136 10064 -8819 -2159 -32733 END
START 11660 -2168 8668 -8750 -5126 -32768 END
START 6636 -3344 6824 -9875 -7687 -32768 END
START 1272 -4300 5704 -12609 -9082 -32768 END
START -4968 -5116 6328 -16127 -10082 -32768 END
START -11268 -6984 8716 -19028 -11779 -32768 END
START -16868 -9580 12444 -20883 -14593 -32768 END
START -23236 -11992 17816 -20982 -17510 -32768 END
START -28824 -14340 22184 -19403 -19140 -27262 END
START -32768 -16012 26084 -18843 -17007 -19351 END
START -32768 -22256 29144 -19469 -11157 -9625 END
START -32768 -19124 31964 -18780 -4419 3072 END
START -32768 -20348 32560 -17265 100 14899 END
START -32768 -20688 32608 -15741 1629 25062 END
START -32768 -20744 32644 -13440 1407 32767 END
START -27676 -20392 32440 -10444 -524 32767 END
START -20652 -19136 31616 -7411 -2679 32767 END
START -10640 -17260 31884 -5221 -1957 32767 END