START -22328 -6476 9952 10599 7901 -2510 END
START -23548 -6464 9644 10496 6372 -1396 END
START -24740 -7700 10144 10874 5316 1706 END
START -25644 -9500 8928 12586 4065 7617 END
START -25368 -10212 8212 13111 3304 13515 END
START -23280 -9580 6092 11951 3005 19171 END
START -20008 -9536 3992 9418 3600 23304 END
START -17300 -8700 2672 6082 3592 26505 END
START -14384 -8560 1920 3001 3008 29200 END
START -11404 -8328 1440 591 2799 31550 END
START -8552 -8432 1124 -1415 2743 32767 END
START -5500 -8944 448 -3592 2850 32767 END
START -2616 -9412 -208 -6145 2698 32767 END
START 1064 -9760 -772 -9104 2050 32767 END
START 5352 -10192 -336 -11783 433 32767 END
START 10536 -9672 1180 -14259 -2079 32767 END
START 15752 -7532 2836 -16110 -4726 32767 END
START 21148 -5556 5240 -17215 -7034 30460 END
START 26828 -2020 7716 -17874 -8211 27176 END
START 32020 1680 10064 -18030 -7773 23278 END
START 32767 5040 11748 -17842 -5430 17897 END
START 32767 8520 12948 -17714 -1809 10408 END
START 32767 10168 13632 -17496 1981 248 END
START 32767 9988 13680 -17245 4660 -11352 END
START 32767 7752 13596 -16686 6060 -24069 END
START 32767 3664 13156 -15924 5852 -32768 END
START 29912 -1208 12072 -15160 3957 -32768 END
START 22284 -5720 10708 -15494 848 -32768 END
START 15096 -9012 10616 -17746 -2282 -32768 END
START 6192 -10528 12068 -20361 -4444 -32768 END
START -2408 -10812 14020 -22183 -5664 -32768 END
START -10628 -11108 15912 -23068 -5897 -32768 END
START -18972 -9352 18020 -22459 -8590 -32768 END
START -24256 -14748 20700 -20235 -12877 -32768 END
START -31352 -16364 24880 -17457 -18702 -30321 END
START -32768 -18224 28212 -16852 -18491 -19928 END
START -32768 -21220 31608 -17751 -12678 -7197 END
START -32768 -22640 32767 -18872 -2827 6311 END
START -32768 -23252 32767 -20345 6286 17816 END
START -32768 -23404 32767 -19526 11024 27863 END
START -32768 -22460 32576 -15415 10517 32767 END
START -27672 -21720 30716 -9937 6290 32767 END