START -24100 -7696 8884 14332 9113 3415 END
START -26948 -7356 9916 14033 7152 5033 END
START -25292 -8680 6316 13085 4980 8715 END
START -24640 -10192 6112 13083 2092 15025 END
START -23296 -10376 5036 11924 1051 21236 END
START -20536 -10484 2912 9342 772 26408 END
START -17820 -10276 1836 5774 2045 30470 END
START -14492 -9788 624 1154 4715 32767 END
START -11572 -10084 780 -3089 7377 32767 END
START -8412 -10244 1012 -6427 8665 32767 END
START -5560 -10524 1412 -8542 7317 32767 END
START -2280 -11280 1660 -9318 3858 32767 END
START 1452 -11528 1784 -10025 -318 32767 END
START 4144 -11596 2052 -11191 -4228 32767 END
START 7452 -11500 3596 -13268 -6659 32767 END
START 11608 -10224 5924 -15458 -7503 32767 END
START 17416 -7656 8768 -17182 -7051 32767 END
START 23200 -5556 11492 -17846 -5606 32767 END
START 27792 -2452 14048 -17797 -3789 28615 END
START 31264 72 16020 -17202 -2492 22154 END
START 32720 2108 16980 -16162 -1730 15530 END
START 32767 4188 17756 -15202 -1531 8796 END
START 32767 5640 17980 -14048 -1657 2251 END
START 32767 6336 17556 -12846 -1348 -5014 END
START 32767 6128 16732 -12230 -189 -13123 END
START 32767 4760 15336 -12486 1903 -21465 END
START 29708 2256 14580 -13128 4307 -29608 END
START 25476 -1128 14012 -13171 5416 -32768 END
START 19756 -4664 13764 -12764 4194 -32768 END
START 14916 -8596 12832 -12710 1697 -32768 END
START 10024 -11104 12828 -13169 -648 -32768 END
START 4096 -13192 12708 -14055 -2227 -32768 END
START -3284 -14228 12984 -14892 -3312 -32768 END
START -10500 -15248 13096 -16325 -2779 -32768 END
START -18264 -16872 13940 -18193 -1039 -32768 END
START -25820 -17924 15268 -18726 -873 -32768 END
START -31840 -18920 16980 -18126 -2870 -31970 END
START -32768 -19468 17796 -17790 -5137 -22062 END
START -32768 -20164 18832 -18702 -6608 -10368 END
START -32768 -20636 20252 -20288 -5195 2224 END
START -32768 -21132 21576 -22440 -1880 14552 END
START -32768 -21540 23684 -24080 1413 25971 END
START -32320 -21772 26108 -23521 2371 32767 END
START -26180 -21104 27484 -20997 894 32767 END
START -18268 -20380 28664 -17711 -703 32767 END
START -8716 -18376 30816 -15002 235 32767 END