START -22452 -6540 4872 11345 3642 9052 END
START -22352 -6200 3768 11003 2258 10317 END
START -22704 -6536 3728 10253 306 13612 END
START -21656 -7476 3444 9579 -2095 18763 END
START -20452 -7168 2848 8536 -3218 24117 END
START -17340 -7260 1624 6372 -2527 28713 END
START -13948 -7452 1252 3022 371 31783 END
START -10564 -7748 396 -1327 4594 32767 END
START -7396 -8424 -128 -6589 8910 32767 END
START -4288 -8576 476 -11978 11729 32767 END
START 212 -8480 3088 -16137 11666 32767 END
START 4500 -7732 5784 -17904 8161 32767 END
START 10284 -6256 9320 -17506 2802 32767 END
START 16708 -4584 12556 -15424 -2757 32767 END
START 23032 -2164 14832 -12814 -6555 29597 END
START 26292 -284 16100 -10936 -7828 22597 END
START 27036 1336 16488 -10108 -6828 16946 END
START 26580 2084 16104 -9882 -4555 12815 END
START 26208 2720 15364 -10251 -2008 9260 END
START 25668 3320 14464 -11023 521 5578 END
START 25416 3724 13932 -11922 2261 1716 END
START 24332 3956 13020 -12498 3005 -2821 END
START 23276 3416 12500 -12452 2664 -8241 END
START 21800 3028 11604 -12115 1420 -14201 END
START 19380 1372 10276 -12366 -308 -20070 END
START 16088 -644 9616 -13119 -2605 -24851 END
START 13160 -1960 8696 -14026 -4385 -28352 END
START 9240 -3436 8184 -15796 -5318 -31159 END
START 5492 -4280 7320 -18383 -5748 -32768 END
START 992 -4556 7760 -21044 -6014 -32768 END
START -2504 -5224 9112 -23287 -6758 -32768 END
START -6012 -6792 11240 -25050 -9161 -32768 END
START -10384 -8408 14492 -25954 -12447 -32768 END
START -16576 -10868 18092 -26896 -13594 -32768 END
START -22888 -11872 23048 -27285 -11194 -32768 END
START -29756 -18600 26848 -26498 -5249 -27432 END
START -32768 -16264 29040 -24442 1766 -15478 END
START -32768 -18700 29716 -23091 7834 -2875 END
START -32768 -20352 30536 -22908 10569 8925 END
START -32768 -21252 31252 -22620 9870 19797 END
START -32768 -21748 32128 -21085 6051 30357 END
START -29968 -21048 32748 -17931 1935 32767 END
START -21956 -19764 32767 -14909 20 32767 END
START -14500 -18616 32767 -13039 1741 32767 END