START -14984 -2468 8180 14970 8772 -3393 END
START -15916 -2244 7992 14371 8248 -2751 END
START -15916 -3360 7512 12599 8963 -1371 END
START -16912 -5100 6924 9759 11280 527 END
START -19368 -5604 6916 6989 12503 3245 END
START -21500 -6728 6708 5072 11177 7760 END
START -22296 -7844 6344 4084 8298 14176 END
START -21176 -8328 5436 3335 5433 20726 END
START -18476 -8804 4668 1755 3857 26548 END
START -15460 -8920 3792 -1007 5153 30657 END
START -12288 -8560 2944 -5183 9418 32767 END
START -8456 -9172 2696 -10010 15049 32767 END
START -6024 -9696 3668 -13493 17681 32767 END
START -4580 -10480 3948 -14620 14565 32767 END
START -3060 -11360 3872 -14438 5677 32767 END
START -488 -12304 3768 -14412 -4092 32767 END
START 3752 -11660 4560 -15252 -10113 32767 END
START 9536 -9844 6328 -17544 -10088 32767 END
START 18292 -6668 10272 -20813 -6276 32767 END
START 26368 -2640 14564 -22968 -1231 32767 END
START 32767 2196 18888 -23047 2353 25702 END
START 32767 5220 22392 -21220 3423 16511 END
START 32767 7584 24396 -17729 3202 7231 END
START 32767 8896 24132 -13579 2742 -1102 END
START 32767 8700 22256 -10253 2865 -8755 END
START 32767 7128 19884 -8347 3201 -16530 END
START 30692 4596 17032 -7669 4214 -23867 END
START 26308 1452 14924 -8015 5467 -30270 END
START 21076 -1548 13144 -8570 6092 -32768 END
START 15796 -4892 11460 -8962 4959 -32768 END
START 10992 -6476 10204 -9120 1788 -32768 END
START 7180 -8512 8696 -9314 -2490 -32768 END
START 2580 -9820 7656 -9907 -7668 -32768 END
START -2856 -11376 7464 -11473 -12293 -32768 END
START -10620 -13776 8640 -14711 -15623 -32768 END
START -20612 -15980 11644 -17562 -18564 -32768 END
START -29432 -17892 15900 -18329 -21464 -32768 END
START -32768 -18652 18780 -17592 -22886 -25331 END
START -32768 -19872 20524 -18547 -20101 -14107 END
START -32768 -21580 23216 -22322 -12453 -2641 END
START -32768 -22532 26660 -26009 -3624 9237 END
START -32768 -23504 30220 -26643 1140 19901 END
START -32768 -23452 32767 -23570 1818 28513 END
START -28416 -22548 32767 -17984 477 32767 END