START -18968 -4540 9440 17245 11469 -2564 END
START -21680 -4064 11304 16679 9696 -1767 END
START -22124 -4708 9144 14841 6684 819 END
START -21356 -6756 6240 13584 3491 5668 END
START -21336 -6608 5324 12538 482 11124 END
START -20008 -6856 4852 11435 -1308 16097 END
START -17748 -6876 4768 10869 -1631 20321 END
START -14024 -6844 5312 10949 198 22710 END
START -10876 -5864 5212 11883 3576 22729 END
START -9000 -5640 3820 12268 5695 22634 END
START -7716 -5920 1092 10771 5021 23817 END
START -6016 -6752 -1784 6326 2394 26098 END
START -4296 -6404 -2212 289 -1322 28425 END
START -2384 -6964 -1248 -4581 -4216 30722 END
START 1432 -7800 656 -7755 -3875 32202 END
START 4408 -8060 1976 -9208 -1818 31667 END
START 6552 -8296 3056 -10750 -862 30855 END
START 9060 -8328 4136 -11908 -1764 30707 END
START 11792 -7124 5692 -13035 -4227 30858 END
START 15644 -5064 6996 -14385 -7081 31113 END
START 21176 -2288 9292 -15914 -8409 30203 END
START 26864 1152 12248 -16596 -7784 26818 END
START 32224 5920 14544 -16345 -5930 20976 END
START 32767 8992 15540 -16057 -3445 13654 END
START 32767 11496 15776 -16061 -602 5504 END
START 32767 12592 15564 -16447 1812 -3807 END
START 32767 11496 15540 -17056 3943 -14093 END
START 32767 9052 15388 -17914 6503 -24657 END
START 27916 5320 15756 -18741 9180 -32768 END
START 22072 836 15732 -19057 11359 -32768 END
START 15192 -3012 16076 -19178 11828 -32768 END
START 7004 -6756 17204 -18263 11211 -32768 END
START -1092 -10296 16644 -16548 10626 -32768 END
START -10152 -12408 15460 -15108 8712 -32768 END
START -20816 -15172 14564 -14333 3613 -32768 END
START -31312 -16812 14244 -14530 -1961 -32768 END
START -32768 -18016 14900 -15131 -6069 -24799 END
START -32768 -18524 15820 -17373 -7386 -10978 END
START -32768 -19336 17480 -21005 -6032 3253 END
START -32768 -19968 19356 -24653 -4707 16904 END
START -32568 -20188 22812 -25877 -5324 28964 END
START -24616 -18164 25472 -23852 -6502 32767 END
START -14660 -15328 27948 -20186 -7301 32767 END