START -19620 -6100 8964 11111 9740 1469 END
START -20728 -5836 9324 10676 7994 2392 END
START -21288 -6308 8368 9912 6509 4862 END
START -21408 -7700 7688 9823 3876 9664 END
START -21592 -7640 7192 9510 1626 14850 END
START -19940 -8684 5944 8991 499 19785 END
START -17572 -8588 4784 7604 1176 23751 END
START -14796 -8240 3268 4592 3891 26791 END
START -12440 -8532 2268 701 6938 29088 END
START -11016 -8448 1916 -2938 8031 31490 END
START -8612 -9288 1820 -5936 6544 32767 END
START -6112 -9584 1916 -7927 3242 32767 END
START -3080 -9724 2320 -9311 -894 32767 END
START 736 -9620 2752 -10745 -4040 32767 END
START 5224 -8552 3988 -12685 -5796 32767 END
START 10692 -7016 5708 -14898 -6058 32767 END
START 16688 -4956 8008 -17213 -5327 32767 END
START 22416 -2472 11308 -18416 -4742 32767 END
START 25904 -372 13916 -18137 -4236 28204 END
START 26796 1548 15816 -16440 -5047 21057 END
START 26596 2892 16388 -14143 -6545 15175 END
START 25576 3336 15732 -12102 -8073 10458 END
START 24848 3548 14272 -11210 -8044 6418 END
START 24852 3816 13356 -11826 -6296 2910 END
START 25064 4024 13284 -13119 -3660 -980 END
START 25464 4196 13512 -14082 -783 -6152 END
START 24852 3680 13860 -14313 1266 -12403 END
START 22884 2184 13820 -14187 1914 -18900 END
START 20620 436 14064 -13655 1306 -24553 END
START 17648 -1692 13952 -12357 -678 -29014 END
START 14900 -4056 13476 -11082 -3214 -32768 END
START 12388 -6248 12944 -11089 -4739 -32768 END
START 8716 -8224 12852 -12570 -4343 -32768 END
START 3776 -8788 12980 -14747 -1884 -32768 END
START -2268 -8284 13128 -17151 695 -32768 END
START -8112 -8340 13580 -19503 2084 -32768 END
START -13132 -10908 15232 -21312 2434 -32768 END
START -19376 -14424 18952 -21840 1485 -32768 END
START -26652 -18108 22656 -20995 695 -32768 END
START -32768 -20772 25672 -18389 -325 -28113 END
START -32768 -21908 26648 -14924 -1507 -15551 END
START -32768 -22004 25768 -13376 -770 -499 END
START -32768 -21532 24320 -14617 2503 12611 END
START -32768 -20108 23708 -17026 5596 23403 END
START -29540 -18556 24244 -18866 6046 32767 END
START -23380 -16816 25124 -19151 4619 32767 END
START -15000 -15332 26228 -18832 3293 32767 END