START -18444 -3536 8300 6007 8683 9227 END
START -20496 -2612 9608 5235 6886 10562 END
START -18580 -3800 6768 3839 5883 13536 END
START -17984 -5260 6756 3125 4289 18327 END
START -17448 -5684 6220 2133 3818 22117 END
START -16168 -6160 5360 1115 2922 24681 END
START -14752 -6208 4964 162 3330 26688 END
START -13472 -6176 4568 -1006 4048 28633 END
START -11908 -6688 3664 -2339 4848 30670 END
START -10164 -7368 2240 -4626 5386 32767 END
START -8192 -8444 1064 -8319 5065 32767 END
START -5652 -9228 1008 -12274 3219 32767 END
START -2868 -10052 1636 -15816 -35 32767 END
START 48 -10224 3404 -17636 -3974 32767 END
START 2380 -9856 5736 -17491 -8670 32466 END
START 5116 -9468 7824 -16545 -12665 31529 END
START 9832 -8376 10384 -15685 -14661 31683 END
START 15212 -5376 12648 -15216 -13777 31604 END
START 21168 -2608 14732 -15214 -10667 29303 END
START 27004 976 17224 -15091 -7387 24325 END
START 30980 3500 18964 -14205 -4709 17482 END
START 32767 5800 19572 -12683 -2685 9043 END
START 32767 7128 18696 -11406 -1064 519 END
START 32460 7224 17056 -10992 425 -7742 END
START 30084 6296 15584 -11160 1809 -15379 END
START 26308 3800 13944 -11742 3617 -22609 END
START 22152 1236 12748 -12261 5232 -28552 END
START 17688 -1932 11980 -12682 5622 -32768 END
START 12592 -4648 11212 -13310 4979 -32768 END
START 7620 -6940 10864 -14222 4013 -32768 END
START 2508 -7812 10408 -15174 2767 -32768 END
START -2236 -7944 10136 -15892 881 -32768 END
START -6888 -7892 10252 -16246 -1921 -32768 END
START -11072 -8420 10516 -16257 -5498 -32768 END
START -14276 -9936 11148 -17864 -8047 -32768 END
START -18920 -12240 12900 -21679 -6367 -32768 END
START -27232 -14076 16620 -25024 -4115 -29385 END
START -32768 -16276 21200 -24473 -5674 -17849 END
START -32768 -17992 23940 -20772 -11153 -3932 END
START -32768 -19476 25204 -18070 -16217 8136 END
START -29336 -21228 27080 -19753 -15498 17849 END
START -26520 -22300 30384 -22641 -11280 27181 END
START -23028 -23308 32767 -21996 -7179 32767 END
START -17220 -22380 32767 -17690 -5924 32767 END
START -9940 -21632 32767 -12678 -5585 32767 END