START -22504 -7616 5932 12090 9581 3109 END
START -24252 -6940 6156 11595 7350 4437 END
START -25184 -7532 5884 10652 4498 7632 END
START -23544 -9336 4448 10593 951 13620 END
START -22524 -9388 3556 9318 -56 18857 END
START -20812 -9236 3060 7186 396 23153 END
START -18328 -9156 2348 4351 2941 26692 END
START -15820 -8896 1912 437 6327 29319 END
START -13352 -8592 2148 -3288 8991 31231 END
START -11112 -8852 2280 -6132 9824 32767 END
START -9100 -9760 2756 -8051 7688 32767 END
START -6672 -10580 3408 -9129 3392 32767 END
START -3136 -11200 3968 -9872 -1494 32767 END
START 1576 -11384 5256 -11033 -4734 32767 END
START 7640 -10696 7204 -12656 -5253 32767 END
START 13568 -9272 9888 -13950 -4392 32767 END
START 18580 -6780 12544 -14381 -3928 32767 END
START 22920 -4756 15068 -13898 -4846 31227 END
START 25264 -1704 16716 -12500 -6560 26416 END
START 26920 136 16976 -10850 -7911 22171 END
START 28356 1976 16668 -9606 -7937 17832 END
START 29516 3496 15396 -9366 -5587 12782 END
START 29880 4744 14644 -10039 -2533 7353 END
START 30512 5708 14476 -11051 216 1976 END
START 30960 6352 14624 -11629 1916 -3731 END
START 31264 6384 14708 -11435 2426 -10818 END
START 30604 5396 14624 -10931 2394 -19200 END
START 27684 3420 13808 -10296 1880 -27525 END
START 23364 688 13172 -9534 319 -32768 END
START 19076 -2060 11600 -8938 -2686 -32768 END
START 14876 -4640 9904 -8932 -6540 -32768 END
START 11296 -7200 9148 -10019 -9378 -32768 END
START 6288 -9476 8964 -12811 -9901 -32768 END
START 408 -11644 9876 -16472 -8024 -32768 END
START -7492 -13712 11304 -20348 -4469 -32768 END
START -18712 -15876 15080 -22432 -2002 -32768 END
START -30184 -17356 19088 -19840 -4704 -32768 END
START -32768 -19272 18716 -14302 -12892 -28568 END
START -32768 -16712 20388 -11975 -17073 -16932 END
START -32768 -20944 21148 -16194 -14105 -2729 END
START -32768 -21324 23196 -23597 -3387 10727 END
START -32768 -21780 26296 -28362 6823 23866 END
START -32768 -22728 28944 -29058 11891 32767 END
START -27476 -22448 30280 -26477 11266 32767 END
START -18600 -21652 32264 -21198 6519 32767 END