START 3444 3732 1140 -6275 -3059 1585 END
START 5160 2568 3604 -6323 -3922 2074 END
START -276 4400 5260 -6929 -3917 2379 END
START 3356 3076 76 -7211 -4528 3748 END
START 2360 2720 524 -7826 -4537 4986 END
START 1872 2412 780 -9271 -3705 6030 END
START 1604 2348 960 -10690 -2459 7243 END
START 1268 2692 1072 -12145 -1432 8190 END
START 1376 2820 1156 -13389 -1608 8728 END
START 2292 2852 1444 -14509 -2488 8742 END
START 3432 2116 2788 -15402 -3248 8027 END
START 4180 1300 4140 -15696 -2400 6674 END
START 4132 488 4484 -15989 -1289 5172 END
START 2896 172 5264 -16601 -1043 4018 END
START 1936 -716 5776 -16946 -1161 3844 END
START 1364 -2016 6604 -17903 -942 4378 END
START 1512 -3600 8076 -19113 -171 5502 END
START 1860 -4040 9652 -20372 1020 7024 END
START 2068 -4228 11360 -21248 2797 7916 END
START 976 -3568 12936 -22037 5137 8074 END
START -172 -3552 13824 -22361 5430 7842 END
START -208 -5028 14440 -22416 3414 7688 END
START 792 -6488 15436 -23164 1215 7646 END
START 2388 -7676 17244 -24051 21 7978 END
START 4284 -8076 19632 -24703 444 8543 END
START 4856 -7192 21780 -25306 2901 8579 END
START 4288 -6696 23884 -25294 4559 7594 END
START 4412 -7764 25384 -24010 3085 6346 END
START 5692 -9352 26912 -22940 326 5113 END
START 7236 -10964 28728 -22100 -1145 4145 END
START 8516 -11484 31356 -20886 -100 3502 END
START 8584 -10332 32767 -19231 2369 3077 END
START 8344 -9364 32767 -17237 3802 2471 END
START 8728 -9000 32767 -15023 3616 2065 END
START 9776 -8696 32767 -13269 3039 1197 END
START 10568 -8476 32767 -11263 2429 -630 END
START 10856 -8184 32767 -7884 1132 -3059 END
START 11020 -7836 32767 -4256 810 -5394 END
START 10004 -7300 32767 -867 1457 -7406 END
START 8896 -6988 32767 2185 2242 -9052 END
START 6940 -6724 32767 5114 2149 -10468 END
START 5144 -6700 32767 8363 845 -11457 END
START 3748 -6528 32767 11215 -113 -11963 END
START 2644 -6520 30924 13440 -297 -11984 END
START 1484 -6252 27840 15080 -31 -11597 END
START 760 -6236 25184 16824 -218 -11099 END
START 408 -5872 22300 17850 -209 -10610 END
START 180 -5360 18884 17819 39 -10279 END
START -292 -4644 16508 17161 -333 -10002 END
START -496 -4292 14124 16705 -1172 -9495 END
START -460 -3696 11824 15573 -1725 -8933 END
START -664 -3372 9940 14381 -1693 -8135 END
START -704 -3104 7924 13006 -1381 -6732 END
START -544 -2644 6376 10764 -1073 -5354 END
START -340 -2596 4936 8480 -1111 -3851 END
START 816 -2192 3888 6325 -972 -2751 END
START 1388 -2080 2728 3576 339 -2206 END
START 1292 -1884 2832 1174 1766 -1695 END
START 728 -1892 2852 -280 2773 -1093 END
START 348 -2356 2256 -1384 2963 -454 END
START -340 -2864 2064 -3131 2257 303 END
START -708 -3444 2352 -4664 1368 1250 END
START -1112 -3884 3040 -5897 555 2366 END
START -1288 -4500 3528 -7140 -67 3408 END
START -1700 -4604 4528 -8741 -897 4416 END
START -2144 -4860 5912 -10037 -1181 5740 END
START -2188 -4908 7332 -11282 -804 7148 END
START -2384 -4860 8996 -12379 -462 8546 END
START -2228 -4228 11096 -13283 -209 9821 END
START -2316 -4108 13520 -13877 3 10808 END
START -1792 -3932 15848 -14202 496 11289 END
START -1440 -4040 19052 -14352 781 11507 END
START -724 -4228 22476 -13964 1155 11808 END
START -120 -4572 26408 -12777 1220 12358 END
START 1180 -4852 29920 -10981 1858 13156 END
START 2912 -5188 32767 -8884 2923 13760 END
START 4624 -5064 32767 -6507 4237 13987 END
START 5940 -5000 32767 -3471 5434 13131 END
START 7460 -5084 32767 201 6056 11281 END
START 8544 -5508 32767 3463 6184 8867 END
START 8592 -6048 32767 6058 5395 6257 END
START 8252 -6260 32767 9141 3611 3885 END
START 7796 -6484 32767 12420 1727 1561 END
START 6924 -6744 32767 15401 575 -349 END
START 6008 -7008 32767 17770 57 -1428 END
START 5088 -6900 31188 19702 -336 -2096 END
START 4392 -6728 28476 21093 -1052 -2507 END
START 3684 -6132 25492 21878 -1853 -2845 END
START 3248 -5444 22908 22262 -2036 -3255 END
START 2436 -5164 20260 22309 -1815 -3833 END
START 2128 -4908 17764 22021 -2081 -3896 END
START 2352 -4584 15644 21495 -1627 -3502 END
START 2764 -3608 14004 20344 -883 -2719 END
START 2788 -2852 12192 18879 45 -2109 END
START 2512 -2564 10712 17647 368 -1726 END
START 2060 -2264 9220 16504 135 -1734 END
START 1532 -2192 7588 15155 -370 -2170 END
START 600 -2416 6388 13311 -1791 -2418 END
START 368 -2504 5640 11837 -3690 -1355 END
START 980 -2128 5060 10343 -4456 155 END
START 2272 -1808 4792 8322 -4135 1603 END
START 3540 -1356 5172 6164 -3598 2689 END
START 5652 -940 5836 4790 -3721 3400 END
START 8656 -456 6780 3593 -3872 3283 END
START 11524 -320 7788 2233 -4038 2411 END
START 15240 -152 9364 1285 -4227 1228 END
START 18656 -24 11464 802 -3074 -526 END
START 21440 648 13188 721 261 -3150 END
START 21828 1428 14316 1132 4141 -6975 END
START 19724 2092 14376 2119 6447 -11717 END
START 16324 2264 13148 2993 5999 -16203 END
START 12032 1808 12400 3132 3521 -19880 END
START 8088 1136 12416 3046 1926 -22423 END
START 3072 300 13392 2985 2273 -23447 END
START -1608 -72 14236 3082 3823 -23193 END
START -7264 -816 15440 3469 4696 -21395 END