START 1044 2056 -2008 -3662 -825 3759 END
START 996 2192 2900 -4035 -2375 4451 END
START -3772 3168 2792 -5200 -2056 4959 END
START 1016 1036 -4352 -6924 -2799 7031 END
START -232 1236 -3188 -8424 -2475 9058 END
START -740 1496 -2952 -9980 -1208 10635 END
START -400 940 -3208 -11597 -146 11561 END
START -292 260 -2796 -13099 358 11709 END
START 276 -476 -1948 -14552 -294 11307 END
START 904 -1300 -864 -15860 -1600 10613 END
START 1488 -1620 520 -17083 -3398 9711 END
START 2408 -2132 2008 -17812 -4118 8868 END
START 2512 -2140 2864 -18568 -4282 8071 END
START 2968 -2220 3652 -19896 -4542 7412 END
START 3608 -2680 5696 -21469 -4863 7401 END
START 4736 -3124 8712 -22383 -3462 8176 END
START 5772 -3144 11044 -22749 713 8655 END
START 5096 -2980 12292 -23461 4088 7973 END
START 3112 -3068 13004 -23510 5085 6727 END
START 960 -3744 13672 -23684 2924 5237 END
START 1116 -6064 15896 -24018 -2622 4713 END
START 3532 -7564 19348 -24539 -7856 5033 END
START 6508 -7968 23576 -25059 -8204 5602 END
START 8104 -7968 27192 -25385 -3606 5505 END
START 8472 -9120 29656 -25198 -408 5182 END
START 10068 -10004 32767 -24312 -1689 5440 END
START 13672 -10040 32767 -22026 -2415 5268 END
START 16532 -10444 32767 -19546 -528 3599 END
START 17880 -10064 32767 -16659 1219 192 END
START 17612 -9168 32767 -13088 1083 -3987 END
START 17308 -8116 32767 -8681 953 -8042 END
START 15516 -7896 32767 -4647 1966 -11287 END
START 13288 -7412 32767 -384 2297 -13514 END
START 10956 -6768 32767 3175 2937 -15003 END
START 8492 -6096 32767 5641 2718 -16252 END
START 6024 -5536 32767 8589 1025 -17464 END
START 4360 -5304 32767 12003 -1256 -18746 END
START 2816 -5272 32767 14549 -3082 -19445 END
START 1544 -5332 29980 16314 -3176 -19036 END
START 260 -5264 26808 17378 -1085 -17281 END
START -980 -5236 23240 17868 740 -14665 END
START -1908 -4664 20068 17837 1216 -12235 END
START -2300 -3808 16748 17541 477 -10296 END
START -2644 -2880 13840 17046 -980 -9308 END
START -2520 -2156 11568 16367 -2017 -8644 END
START -2612 -1636 9572 15257 -2037 -8019 END
START -2548 -1284 7600 13733 -1472 -6806 END
START -2240 -1196 5640 11685 -582 -4957 END
START -1820 -1184 4156 9395 285 -3061 END
START -1424 -920 3232 7415 514 -1267 END
START -744 -712 2512 5566 577 -85 END
START 12 -324 1964 3875 742 282 END
START 416 -192 1624 2524 592 262 END
START 680 100 1100 1288 302 42 END
START 840 -76 700 -53 -42 -28 END
START 956 -272 800 -1589 -261 159 END
START 964 -424 616 -3196 -144 595 END
START 792 -876 728 -5050 151 1197 END
START 724 -1384 1264 -6901 626 2014 END
START 460 -2072 2064 -8585 1066 2995 END
START 356 -2856 3048 -10088 1734 3976 END
START -12 -3472 4512 -11570 2699 4780 END
START -44 -4392 5988 -12910 3527 5607 END
START -40 -5768 8424 -14176 4266 6522 END
START -840 -7008 11652 -15338 5308 7692 END
START -2248 -6460 15460 -15886 6365 9658 END
START -3192 -5036 18252 -16107 7141 11723 END
START -3728 -4120 20736 -16047 6566 13362 END
START -2556 -3376 24172 -15387 4829 14472 END
START -704 -2424 27848 -13793 4258 14996 END
START 980 -1948 31104 -12443 5062 15023 END
START 1976 -1536 32767 -10481 6203 15095 END
START 3008 -1624 32767 -8455 6687 15337 END
START 4864 -1372 32767 -6608 5918 15325 END
START 7344 -860 32767 -3860 4936 14274 END
START 9320 -852 32767 -659 4286 11813 END
START 10800 -540 32767 2546 3798 8178 END
START 10996 -632 32767 5649 2819 4064 END
START 10432 -1316 32767 9150 1557 282 END
START 9532 -2156 32767 11728 443 -2410 END
START 8116 -2956 32767 13664 -759 -4075 END
START 7004 -2884 32767 15543 -1594 -5194 END
START 5676 -2580 30988 17218 -1049 -6102 END
START 4196 -2580 28460 18247 288 -6951 END
START 2536 -3264 25516 18785 1087 -7282 END
START 1104 -3676 22708 19008 1297 -7084 END
START -108 -4740 20036 18901 686 -6202 END
START -1064 -5324 17412 18298 -651 -4742 END
START -1312 -5628 15280 17217 -1545 -2991 END
START -1424 -5504 14532 15859 -915 -1403 END
START -1396 -4404 12920 15256 1180 -56 END
START -1548 -3936 10268 14404 2124 328 END
START -2444 -3736 8328 12776 550 673 END
START -2468 -4012 7420 11222 -2054 1410 END
START -1764 -4152 7448 9991 -3972 2459 END
START -564 -3716 7116 9099 -3762 3244 END
START 220 -3404 6444 7862 -3324 3946 END
START 824 -2900 6312 6747 -3448 4739 END
START 2148 -2244 6384 5862 -3572 5467 END
START 3748 -1616 6524 4848 -3567 5810 END
START 5784 -1032 6688 3782 -3733 5683 END
START 7932 -500 7248 2685 -4148 5027 END
START 10224 76 8384 1798 -5000 3934 END
START 12444 268 10128 1536 -5411 2700 END
START 15464 820 11580 1458 -4532 1049 END
START 17692 1216 13068 1013 -2749 -777 END
START 19676 1720 14204 828 -1189 -2529 END
START 20324 1988 15396 759 158 -4561 END
START 20256 2524 15964 795 1928 -6711 END
START 19208 2928 16208 875 3596 -9035 END
START 17672 3148 15964 1098 4280 -11522 END
START 15532 3360 15360 1282 4375 -14476 END
START 12848 2916 14760 1038 4842 -17400 END
START 8572 2380 14348 564 5740 -19672 END
START 3260 1544 13800 293 5996 -20666 END
START -1832 824 13892 -38 5709 -20729 END
START -6520 -232 14432 -203 4916 -19793 END
START -10576 -1056 15148 -551 3501 -17482 END