START -4000 3668 19152 2389 -2681 232 END
START 2008 1796 11408 2211 -2479 266 END
START -1292 2660 14876 1891 -2599 453 END
START -632 2500 13556 1382 -2478 953 END
START -152 2588 11976 787 -2328 1028 END
START -264 2928 10824 220 -2587 950 END
START -168 2696 9396 -220 -3017 817 END
START 36 2352 7768 -384 -3300 883 END
START 204 1944 6196 -856 -3491 901 END
START 620 1780 4880 -1565 -3514 1275 END
START 40 1468 4356 -2186 -3630 1845 END
START 24 1448 3336 -2686 -3836 2338 END
START 612 1704 2608 -3839 -4446 2738 END
START 416 652 2552 -5139 -4653 3464 END
START 696 512 2788 -5999 -4822 4262 END
START 1368 -344 3284 -7207 -4619 4867 END
START 1728 -936 4612 -8550 -3539 5584 END
START 1584 -1576 5596 -9170 -2477 6388 END
START 1620 -1704 5936 -9775 -2481 7143 END
START 1668 -1308 6432 -10504 -2969 7528 END
START 2096 -952 7764 -11182 -3752 7252 END
START 3100 -1404 9760 -11563 -3746 6982 END
START 3868 -2032 11968 -11819 -2230 6875 END
START 3960 -2588 13024 -12030 251 6791 END
START 3220 -3064 13120 -12598 1867 6631 END
START 1832 -2948 13192 -13321 2444 6490 END
START 796 -2900 13688 -14100 2207 6421 END
START 116 -3288 14752 -14569 1288 6216 END
START 700 -3804 16236 -15000 -500 6027 END
START 1860 -4100 17856 -14960 -1303 5677 END
START 2868 -4976 18876 -15344 -446 5257 END
START 3064 -5760 19800 -15680 -96 4857 END
START 3208 -5628 21260 -15855 -1536 4742 END
START 4636 -5432 23780 -15872 -2043 4253 END
START 5556 -5432 25844 -15480 -1104 3481 END
START 5920 -5624 27296 -14716 -483 2801 END
START 6628 -6116 28424 -13909 -473 2220 END
START 7620 -6220 29996 -12840 -27 1317 END
START 8072 -5780 31776 -11252 269 187 END
START 8340 -5432 32767 -9631 1112 -877 END
START 7952 -5652 32767 -8208 2064 -2138 END
START 7440 -5756 32767 -7028 1786 -3534 END
START 7164 -5980 32767 -4727 1530 -5031 END
START 7028 -6472 32767 -1829 857 -6319 END
START 6812 -6796 32767 560 673 -7413 END
START 6144 -6608 32767 2664 1224 -8072 END
START 4824 -6700 32767 5057 2204 -8491 END
START 3768 -6604 32767 7349 3250 -8668 END
START 2324 -6880 32312 8902 3275 -8617 END
START 1036 -6600 30448 10109 2299 -8511 END
START 228 -6612 28600 11973 1317 -8315 END
START -292 -6416 26028 13437 499 -8325 END
START -1016 -6144 23300 14489 -612 -8116 END
START -1368 -5700 20604 15157 -1131 -7552 END
START -1568 -5260 17888 15048 -821 -6709 END
START -1900 -4956 15492 14371 -443 -5731 END
START -2308 -4304 13464 13550 -227 -4623 END
START -2236 -3740 11504 12664 -293 -3666 END
START -2096 -3228 9788 11613 -1009 -3030 END
START -1792 -2652 8052 10457 -1385 -2802 END
START -1812 -2132 6820 9165 -1928 -2672 END
START -1440 -1760 5720 7806 -2222 -2369 END
START -1724 -1624 4756 6122 -2327 -1718 END
START -1488 -1416 4092 4256 -2132 -832 END
START -1184 -1220 3656 2447 -1553 -37 END
START -880 -1256 3304 783 -1255 749 END
START -600 -1288 3424 -899 -1252 1431 END
START -252 -1320 3456 -2397 -1272 1776 END
START -112 -1572 3736 -3746 -1502 1864 END
START 300 -1792 4232 -4736 -1285 1911 END
START 388 -2360 4868 -6080 -566 2121 END
START 332 -2912 5348 -7446 30 2776 END
START 136 -3568 6104 -8720 550 3615 END
START 116 -3992 7036 -10107 1147 4509 END
START -84 -3888 8248 -11503 1916 5149 END
START -512 -4112 10008 -12281 2404 5382 END
START -820 -4096 11756 -12763 2516 5462 END
START -1376 -4208 13896 -13119 2911 5823 END
START -1572 -4528 15944 -13778 3571 6648 END
START -1828 -4624 18108 -14644 4013 7688 END
START -1400 -4500 21844 -14761 4122 8775 END
START 64 -4364 25640 -14192 3978 9737 END
START 1968 -4004 29268 -13199 4864 10095 END
START 3164 -3344 32684 -11646 6855 9721 END
START 3140 -3296 32767 -9333 8205 9038 END
START 2648 -3532 32767 -7159 8065 7999 END
START 2268 -3716 32767 -4766 6632 6709 END
START 2500 -4372 32767 -1901 4448 5346 END
START 2864 -4564 32767 897 2521 4066 END
START 2960 -4916 32767 3359 1854 3148 END
START 2740 -5748 32767 5875 1675 2550 END
START 2256 -6612 32767 8027 1313 2513 END
START 2208 -7016 32767 9624 694 2472 END
START 2424 -6824 32767 11191 -9 1946 END
START 2604 -6892 31632 13148 -652 1207 END
START 2816 -7020 29824 14772 -988 379 END
START 2832 -6808 28140 16202 -1641 -382 END
START 2804 -6612 26460 17632 -2329 -1085 END
START 2716 -6204 24548 18549 -2015 -1605 END
START 2272 -6332 22564 18706 -1306 -1817 END
START 1848 -6044 21144 18856 -1132 -1683 END
START 1884 -5892 19052 18817 -504 -1545 END
START 1636 -5656 17044 18137 -150 -1589 END
START 1248 -5400 15288 17655 -263 -1932 END
START 872 -5304 13452 17203 -412 -2420 END
START 620 -4788 11808 16358 -680 -2810 END
START 632 -4464 10460 15454 -1028 -3057 END
START 1228 -4072 9320 14385 -1328 -3061 END
START 1528 -3656 7968 13086 -1088 -2850 END
START 1284 -3036 6712 11575 -787 -2636 END
START 940 -2516 5928 10253 -734 -2484 END
START 636 -1836 5492 9086 -744 -2561 END
START 756 -1540 5464 7972 -801 -2728 END
START 728 -1544 5676 6789 -666 -2780 END
START 116 -1172 5868 5490 -371 -2290 END
START -392 -1000 6360 4168 350 -1319 END
START -1108 -516 7088 2804 1012 -88 END
START -1308 -96 8312 1617 1635 1229 END
START -1168 204 9464 724 3553 2077 END
START -1868 104 10488 136 4731 2420 END
START -2468 432 11632 51 4578 2559 END
START -3328 692 12420 137 3986 2501 END
START -4264 856 12896 235 2678 2714 END
START -4848 828 13384 181 1560 3345 END
START -4984 1072 14096 -60 1309 4304 END
START -5216 1052 14660 -353 1466 5404 END
START -5184 1124 15300 -603 1524 6648 END
START -4684 956 15440 -617 1527 7822 END
START -4072 800 15368 -907 965 8770 END
START -2852 820 15296 -1105 276 9404 END
START -1700 1244 15872 -1296 -478 9607 END
START 40 1572 16316 -1334 -993 9481 END
START 1208 1672 16792 -1277 -1380 9153 END
START 2656 1720 16772 -1185 -2227 8774 END
START 4336 1660 16896 -1071 -2856 8334 END
START 5828 1324 16992 -1333 -2936 7804 END
START 7644 1080 17272 -1614 -3163 7229 END
START 9684 800 17896 -1491 -3289 6310 END
START 11756 600 18324 -1320 -3639 4821 END
START 13440 484 18900 -876 -4120 2964 END
START 14928 148 19128 -616 -4655 1071 END
START 15700 -4 19424 -476 -4927 -367 END
START 16820 184 19416 -394 -4133 -1660 END
START 17508 -84 19232 -511 -2781 -3220 END
START 17760 -80 19308 -550 -1922 -4827 END
START 17772 -284 19428 -255 -1233 -6678 END
START 17608 -760 19448 12 -950 -8739 END
START 17240 -828 19640 483 -661 -10754 END
START 16064 -956 19372 1048 -447 -12995 END
START 14876 -1092 19100 1588 -589 -15208 END
START 13476 -1416 18664 1724 -785 -16870 END
START 11904 -1372 18560 1595 162 -18109 END
START 9780 -1264 18372 1684 1515 -18953 END
START 7540 -1080 17220 1380 2969 -19826 END
START 4148 -920 16392 966 4348 -20882 END
START 80 -1068 15196 670 4917 -21786 END
START -4668 -1588 14080 415 4264 -22109 END
START -9968 -2784 13948 309 1705 -21260 END
START -13732 -3744 14272 112 -344 -19115 END
START -16840 -4704 15064 -493 15 -15646 END
START -19036 -4912 15920 -1046 1820 -11626 END
START -19568 -4716 16416 -884 3149 -7472 END
START -19404 -3932 16900 225 3461 -4611 END
START -18220 -3060 16584 1906 2021 -2673 END