START 1776 3452 -1188 -7355 142 1572 END
START -1288 3036 3008 -7981 -519 2168 END
START -1304 2540 4052 -8950 -114 2790 END
START -496 2504 3084 -9568 -887 4569 END
START 424 2808 2848 -10155 -1852 6399 END
START -128 2676 3020 -10769 -2893 7452 END
START 144 2780 2896 -11375 -2776 8403 END
START 684 2596 2920 -12043 -2296 8752 END
START 1412 2292 3368 -12936 -2247 8591 END
START 2192 1844 4128 -14280 -3318 8267 END
START 2740 1708 5800 -14953 -5012 7639 END
START 2892 1796 7336 -14768 -6404 7434 END
START 3200 1204 7756 -14623 -6279 7438 END
START 3136 872 7940 -15689 -4957 7219 END
START 2984 316 8688 -17014 -3584 7050 END
START 3220 -112 9744 -17757 -2950 7453 END
START 4064 -440 10756 -18195 -2732 8190 END
START 4904 -212 11864 -18600 -1625 8815 END
START 4644 -156 12780 -19442 899 8745 END
START 3848 -664 13188 -20349 2411 8118 END
START 2804 -1356 14832 -20846 1361 7577 END
START 3220 -2852 16168 -20187 -1226 7792 END
START 5300 -4204 17596 -19614 -3537 8763 END
START 7276 -4424 18924 -20319 -3001 9965 END
START 8572 -4400 20380 -21652 125 10710 END
START 8456 -4180 22028 -22623 2833 10262 END
START 8680 -4320 23988 -22457 2368 9297 END
START 10064 -4988 25560 -21531 -344 8287 END
START 12800 -5548 27604 -20591 -2507 7252 END
START 14588 -5584 29408 -19936 -2380 5993 END
START 15228 -5684 31712 -19298 -1233 4712 END
START 15708 -5320 32767 -17470 190 3285 END
START 16116 -5572 32767 -14945 2472 1392 END
START 15948 -5676 32767 -12527 4401 -1288 END
START 15260 -5688 32767 -9502 4470 -4710 END
START 13940 -5872 32767 -5428 2913 -8341 END
START 12308 -6828 32767 -1507 1556 -11467 END
START 10044 -7532 32767 2119 1551 -13547 END
START 7440 -8276 32767 5872 3258 -14094 END
START 5216 -8576 32767 9386 4674 -13158 END
START 3500 -8476 32767 12474 5940 -11673 END
START 2256 -7808 31108 15287 6832 -10499 END
START 1512 -7212 28096 17590 6832 -10008 END
START 728 -6456 24608 19223 5827 -9951 END
START 312 -6124 21364 19945 3746 -9968 END
START -128 -5104 18408 20035 1489 -9760 END
START -532 -4232 15824 19768 -220 -9334 END
START -580 -3280 13728 18866 -655 -8869 END
START -676 -2396 11968 17766 127 -8292 END
START -960 -2028 9860 16652 1252 -7507 END
START -1212 -2068 7984 15012 1513 -6391 END
START -1292 -1624 5944 12626 400 -5163 END
START -1136 -1484 4004 9006 -1648 -4344 END
START -968 -976 3872 5604 -3130 -3608 END
START -848 -516 4708 4582 -3212 -2810 END
START -612 -368 4984 4860 -1929 -1857 END
START -436 -192 3728 4183 24 -816 END
START -220 -184 2712 2296 1373 110 END
START -80 -108 1928 -155 2023 1001 END
START -316 -20 1792 -2262 1533 1768 END
START -100 80 1916 -3569 -50 2544 END
START 324 228 1784 -5248 -1367 2986 END
START 576 256 2248 -7290 -1875 3181 END
START 736 -76 2940 -8976 -1863 3363 END
START 876 -656 3676 -10155 -1729 3752 END
START 628 -1036 4900 -11165 -1919 4487 END
START 744 -1564 5408 -12478 -2197 5426 END
START 468 -1944 6876 -14307 -2385 6210 END
START -92 -2748 9020 -15586 -2318 6937 END
START -808 -3668 11444 -16035 -2147 7749 END
START -1324 -4956 14184 -16179 -2590 9302 END
START -1412 -5704 17116 -16422 -3151 11732 END
START -1024 -6292 21004 -16816 -3189 14941 END
START -56 -6216 25360 -16553 -1484 18151 END
START 1068 -6356 28420 -15772 187 20334 END
START 2560 -5832 30880 -14347 -51 21357 END
START 5032 -5080 32767 -11926 -1010 20906 END
START 8168 -4284 32767 -8672 -1827 19233 END
START 10836 -3936 32767 -5404 -1511 16741 END
START 12668 -3872 32767 -2554 -321 13673 END
START 13604 -4448 32767 439 1474 10530 END
START 13588 -5020 32767 3680 2526 7896 END
START 13100 -5704 32767 6381 2928 5596 END
START 12404 -5788 32767 8749 2524 3555 END
START 11544 -5608 32767 11239 1366 1241 END
START 10372 -5448 32767 13515 -8 -1220 END
START 8984 -5668 31180 15414 -797 -3348 END
START 7500 -5604 29212 16983 -1350 -4772 END
START 6540 -5684 27116 18218 -1551 -5622 END
START 5868 -5500 24436 19034 -1391 -6181 END
START 5080 -5040 21836 19454 -1399 -6473 END
START 4692 -4340 19552 19392 -1159 -6779 END
START 4312 -3924 17344 19033 -228 -7192 END
START 3500 -4036 15208 18417 905 -7416 END
START 2920 -4260 12876 17516 1448 -7251 END
START 2264 -4240 11348 16533 1483 -6851 END
START 1536 -4188 9696 15588 1274 -6224 END
START 624 -4036 8352 14322 412 -5045 END
START 560 -3756 7540 12987 -114 -3594 END
START 724 -3664 7020 11299 -130 -1999 END
START 1144 -3064 6780 9654 63 -779 END
START 1152 -2576 6940 8683 -132 26 END
START 1508 -1944 6704 8025 -403 836 END
START 2236 -1756 6444 7118 -592 1449 END
START 3256 -1488 6432 6142 -1121 1926 END
START 4572 -1344 6296 4937 -1642 2173 END
START 5600 -768 6688 3208 -2212 2105 END
START 6804 -312 7992 2199 -2715 1909 END
START 8436 60 8720 1869 -2769 1596 END
START 10296 220 9492 1293 -1989 1020 END
START 12196 348 10380 460 -1172 319 END
START 13948 384 11692 -115 -731 -519 END
START 16052 776 13464 -166 -523 -1721 END
START 17436 988 14420 171 -122 -3650 END
START 18092 1208 14796 563 497 -6274 END
START 17844 1520 15096 715 1637 -9343 END
START 16548 1564 15384 1125 2434 -12480 END
START 14552 1256 14988 1654 3077 -15332 END
START 12052 1108 14464 1557 4405 -17729 END
START 8120 76 14508 1235 6077 -19048 END
START 3956 -700 14772 859 7506 -19071 END