START 3668 1576 -1980 -4073 -74 3117 END
START -1360 2864 3112 -4714 -923 3383 END
START 1372 2480 -460 -5999 -979 3449 END
START 524 2200 168 -7773 -4256 3930 END
START 280 2912 1108 -8262 -7304 4767 END
START 520 3676 2092 -8467 -6653 6689 END
START 1452 4088 2796 -9792 -2369 9057 END
START 1956 3580 2248 -11679 2635 11126 END
START 1308 2728 2204 -13182 3918 11918 END
START 1112 2168 2592 -12881 2027 11491 END
START 664 1224 2696 -12441 -214 9800 END
START -748 476 3232 -12599 -3511 8255 END
START -1068 -608 4084 -12221 -7103 8414 END
START -20 -908 4388 -12617 -8455 10150 END
START 1016 -704 4516 -14530 -6602 12172 END
START 1532 -728 5368 -16926 -3281 13955 END
START 2016 -872 6648 -18439 -1848 14955 END
START 3844 -1936 8068 -19292 -2219 15321 END
START 5612 -2664 9632 -20075 -2755 14183 END
START 6452 -3104 11276 -19949 -2225 11707 END
START 5848 -3564 11816 -19954 -1125 9448 END
START 4700 -4172 12592 -20469 -1719 8186 END
START 5032 -5576 14488 -21272 -3328 8152 END
START 6604 -6828 17276 -22170 -4789 8827 END
START 8796 -7756 19468 -22385 -3486 9855 END
START 10516 -7384 20864 -23199 704 10144 END
START 10744 -7152 23204 -23750 4155 9339 END
START 10900 -7504 26544 -22693 4621 8120 END
START 12244 -8316 28616 -21175 3950 6536 END
START 13780 -9152 30792 -20353 3240 4573 END
START 14140 -9448 32767 -19059 2959 1958 END
START 13692 -9664 32767 -16525 3541 -284 END
START 12696 -9724 32767 -13607 4035 -1883 END
START 11672 -9716 32767 -10172 4191 -2602 END
START 11400 -9028 32767 -6788 4568 -3393 END
START 11020 -8420 32767 -4387 4705 -5298 END
START 9956 -8164 32767 -746 3726 -8144 END
START 8800 -8092 32767 3416 2085 -11009 END
START 7416 -7612 32767 7286 1495 -13457 END
START 5320 -7816 32767 10828 1310 -15039 END
START 3444 -7704 32767 14437 1079 -15364 END
START 2184 -7368 31916 17749 1637 -14751 END
START 1160 -6872 27672 19716 2625 -13483 END
START 460 -5984 23880 20126 2544 -12289 END
START 416 -4876 20552 20358 1670 -11659 END
START 568 -4344 17844 20358 674 -11638 END
START 668 -3348 15472 20418 -691 -12176 END
START 552 -2988 13064 20344 -2324 -12697 END
START 560 -2420 10796 19945 -3409 -12386 END
START 544 -1948 8588 18146 -3109 -11500 END
START 540 -1744 6620 15617 -1570 -10013 END
START 524 -1596 4988 13226 -409 -8274 END
START 548 -1620 3984 10720 -178 -6598 END
START 776 -1784 2888 8295 105 -4940 END
START 820 -1512 2192 6050 -97 -3428 END
START 924 -1544 1384 3938 74 -2300 END
START 900 -1876 768 1683 -63 -1613 END
START 492 -2208 536 -306 -856 -750 END
START 424 -2432 540 -1932 -1849 326 END
START 472 -2552 512 -3698 -2207 1298 END
START 464 -3208 796 -5500 -2335 2037 END
START 500 -4080 1228 -7256 -2773 2618 END
START -12 -4756 2020 -9009 -3723 3259 END
START -232 -5468 2800 -10442 -5147 4388 END
START -88 -5796 3148 -12320 -5913 6100 END
START -92 -6012 4164 -15027 -6197 7932 END
START -64 -6236 5732 -17433 -5874 10182 END
START -52 -6136 8080 -19385 -4099 12859 END
START -32 -6140 10676 -21265 -1715 15344 END
START 280 -5688 13836 -22713 -332 17218 END
START 704 -5672 17632 -22969 46 18487 END
START 1276 -5924 20868 -22709 209 19138 END
START 1888 -6492 24660 -22015 325 19678 END
START 3036 -7460 29032 -20517 604 20334 END
START 4984 -8208 32767 -17818 1512 20992 END
START 7136 -8284 32767 -14468 3669 20838 END
START 8528 -8284 32767 -11092 6226 19868 END
START 9804 -7764 32767 -7584 8022 17934 END
START 11128 -7380 32767 -3092 8872 15099 END
START 12184 -7456 32767 1905 8941 11053 END
START 12160 -7488 32767 5981 7489 6791 END
START 11340 -7108 32767 9809 5412 3103 END
START 10200 -6908 32767 13430 3670 -64 END
START 9028 -6832 32767 16402 1968 -2437 END
START 7736 -7052 32568 18565 1181 -3905 END
START 6732 -6940 30148 19786 1140 -4777 END
START 5724 -6472 28128 20802 1612 -5445 END
START 5048 -6364 25700 21944 2453 -6082 END
START 4124 -6276 23016 22523 2886 -6774 END
START 3124 -6452 20624 22653 2266 -7246 END
START 2220 -6260 18264 22670 1346 -7433 END
START 1276 -6376 15804 22719 269 -7301 END
START 128 -6168 13600 22183 -456 -6941 END
START -1268 -5728 11604 20554 -677 -6203 END
START -2520 -5492 10068 18336 -314 -4525 END
START -3228 -5472 9060 16296 -147 -1891 END
START -2700 -4872 8300 14307 20 1022 END
START -1996 -4328 7816 12398 446 2823 END
START -1584 -3296 7500 10922 201 3635 END
START -816 -2928 7136 9914 -1342 3914 END
START 520 -2664 6780 8956 -3333 3940 END
START 2348 -2044 6892 7743 -4769 3842 END
START 4780 -1720 7288 6428 -4796 3660 END
START 7364 -1548 7452 5161 -4650 3364 END
START 9752 -1424 8020 4124 -4938 2855 END
START 12592 -1288 8660 3282 -5043 2029 END
START 15288 -1524 9336 2417 -5003 406 END
START 17476 -1472 10000 1782 -4874 -1503 END
START 19308 -1248 10976 1396 -3692 -3775 END
START 19720 -688 11392 968 -2024 -6267 END
START 19324 -112 11572 915 -548 -8782 END
START 18232 588 11312 897 598 -11302 END
START 16684 816 10792 573 1734 -13740 END
START 14232 516 10300 -77 3095 -16009 END
START 11336 -100 10516 -689 5081 -17679 END
START 7516 -1008 10696 -1146 7541 -18899 END
START 3144 -2072 11216 -1613 9853 -19504 END