START 2476 4392 1332 -4348 -2737 3655 END
START -3440 7480 10116 -4899 -3784 3954 END
START 1224 4564 1848 -6131 -3086 3600 END
START 1896 3696 560 -6895 -3181 2935 END
START 1856 3684 700 -6686 -3638 2898 END
START 1404 3176 572 -6640 -3753 3678 END
START 728 2576 -124 -6896 -3984 5089 END
START 1004 3388 -196 -8422 -3488 6989 END
START 1060 3172 100 -10435 -3517 8833 END
START 1784 2828 1072 -11524 -2594 10374 END
START 2168 2708 1992 -12023 -1334 10773 END
START 2200 1948 2004 -11741 30 10369 END
START 1588 832 2380 -11591 -46 9941 END
START 860 436 2620 -11441 -753 10197 END
START 924 -248 2376 -12195 -456 11091 END
START 1404 -584 2820 -13778 -202 12072 END
START 1984 -1252 2692 -14791 1157 13296 END
START 2404 -796 4084 -16198 3324 14082 END
START 1876 -552 4944 -17946 5124 14285 END
START 1192 -912 5864 -19201 4932 14301 END
START 1748 -1628 7152 -20164 3198 14413 END
START 3380 -2724 7944 -21663 2561 13980 END
START 4512 -3416 9492 -23397 3093 12546 END
START 4884 -3968 12388 -24125 2424 10799 END
START 4680 -4124 15088 -24176 2061 9712 END
START 5436 -5156 16688 -24399 2516 9062 END
START 5572 -6344 18712 -25245 2985 8235 END
START 6280 -7628 21340 -25703 2602 7765 END
START 7476 -9284 24352 -25893 2392 8088 END
START 8868 -10128 28836 -26043 2668 8631 END
START 10872 -10540 32767 -25062 3804 8472 END
START 12264 -10536 32767 -22228 6194 6522 END
START 12376 -10944 32767 -18761 8185 3499 END
START 11768 -11344 32767 -15055 7026 627 END
START 11404 -11484 32767 -11835 4588 -1799 END
START 11224 -10924 32767 -7516 3107 -4153 END
START 10128 -10124 32767 -2769 2880 -6549 END
START 8928 -9848 32767 1727 2651 -8717 END
START 7616 -9544 32767 6092 1464 -10701 END
START 6676 -9240 32767 10194 -521 -12395 END
START 5448 -9020 32767 14221 -2094 -13659 END
START 4004 -8484 32767 18446 -3310 -14252 END
START 3364 -7644 32767 22008 -4153 -14857 END
START 2800 -6672 28592 24658 -4073 -15402 END
START 2572 -6276 23824 25716 -3721 -15843 END
START 2012 -5608 19236 24521 -3776 -16259 END
START 1260 -5000 16028 23067 -4450 -16091 END
START 492 -4488 13432 22232 -5785 -15368 END
START 364 -3688 10840 21516 -6237 -14013 END
START 268 -2516 8548 20038 -5298 -12454 END
START 216 -1580 6056 17700 -3326 -10746 END
START 372 -1028 3948 14284 -1464 -9104 END
START 344 -696 2776 10761 -594 -7415 END
START 292 -800 2024 8147 -304 -5584 END
START -4 -704 1272 5701 -516 -3434 END
START 356 -620 776 3274 -480 -1298 END
START 392 -352 620 926 138 494 END
START 784 -588 328 -903 723 1737 END
START 880 -536 536 -2522 557 2797 END
START 1024 -628 676 -4201 547 3467 END
START 1104 -1060 760 -5922 717 3989 END
START 940 -1492 948 -7685 819 4561 END
START 460 -2088 1396 -9578 354 4989 END
START 328 -2632 1976 -10977 -415 5565 END
START -548 -2992 3428 -12393 -974 6073 END
START -1356 -3768 4876 -13711 -717 6955 END
START -2364 -5152 6376 -15236 -225 8560 END
START -3312 -5972 7972 -17603 280 10852 END
START -4056 -6548 10760 -19408 475 13830 END
START -3972 -6428 13788 -20706 242 17320 END
START -2500 -5756 18332 -21617 1250 19987 END
START -1008 -5372 22572 -21509 3146 21706 END
START 504 -5388 26344 -20326 4443 22591 END
START 2224 -5152 29788 -17907 4372 22582 END
START 4932 -5620 32767 -14587 3306 21943 END
START 8200 -5336 32767 -10849 3414 19768 END
START 10352 -5004 32767 -7852 4033 16839 END
START 11196 -5304 32767 -4840 3631 14006 END
START 12368 -6532 32767 -1311 2730 11592 END
START 13292 -6836 32767 2133 2291 9524 END
START 13384 -6760 32767 5511 2810 7488 END
START 12936 -6412 32767 9262 3391 5016 END
START 12008 -6172 32767 13038 2992 2225 END
START 10872 -6204 32767 16151 618 -666 END
START 10140 -5600 32767 19329 -914 -3491 END
START 8596 -5744 32767 22144 -209 -6368 END
START 5692 -5940 28692 24342 908 -8247 END
START 2900 -6072 24024 25288 957 -8658 END
START 1116 -6236 19700 24871 -177 -7908 END
START 740 -5244 17080 23565 -1506 -6956 END
START 788 -4284 15908 22417 -1352 -6345 END
START 556 -3992 14544 21309 -237 -5744 END
START -220 -3872 12272 20022 1129 -5022 END
START -780 -4164 9684 18206 1516 -4092 END
START -1096 -4204 8136 15979 283 -2479 END
START -772 -3780 7264 13892 -617 -680 END
START -188 -3152 6828 12111 -316 560 END
START 256 -2236 6512 10732 253 1094 END
START 960 -2020 5700 9497 146 1150 END
START 1888 -1652 5312 8168 -712 1035 END
START 2988 -1200 4948 7056 -1731 757 END
START 4032 -1592 4540 5676 -2487 282 END
START 5072 -1788 4988 3960 -4201 197 END
START 6776 -1896 5964 3076 -5643 260 END
START 9036 -1804 6828 2112 -6090 194 END
START 11296 -1012 7456 1016 -5391 -92 END
START 13812 -572 8512 -274 -4014 -690 END
START 16688 488 9148 -1190 -2078 -1246 END
START 18916 1012 9328 -2292 508 -2138 END
START 20588 1256 9884 -3572 2795 -3704 END
START 20544 1204 10236 -4385 4513 -5905 END
START 18836 2068 10588 -4952 5464 -8494 END
START 16576 2008 11116 -5467 5503 -11099 END
START 13356 1220 12036 -5975 6163 -13470 END
START 9204 -744 13608 -6356 7717 -15449 END
START 4244 -2764 15160 -6620 9092 -16507 END
START -492 -3984 17192 -6470 9719 -16252 END