START 2544 5244 436 -8870 -3417 9328 END
START 3916 5236 5080 -9242 -3478 9725 END
START 6336 5276 -3656 -10137 -744 9670 END
START 4300 4832 -288 -10789 1470 9248 END
START 2996 3344 952 -11777 799 8429 END
START 3388 2364 836 -12158 -2133 7640 END
START 2988 2116 1580 -12700 -5938 6971 END
START 2536 1904 2504 -12860 -8045 6654 END
START 2136 1376 2972 -13115 -6957 6801 END
START 2428 996 3108 -13867 -4745 7174 END
START 3036 272 3624 -15191 -3240 7800 END
START 3348 -164 4764 -16329 -1709 8583 END
START 2908 -632 5764 -17345 -670 9221 END
START 2644 -1224 6532 -17709 -565 9559 END
START 2280 -1112 7136 -18146 -467 9034 END
START 2224 -1884 7848 -18784 -395 8482 END
START 2732 -2484 8648 -20015 67 8528 END
START 3232 -3156 10500 -21390 -444 9096 END
START 4040 -3544 12628 -22411 -1092 9405 END
START 4548 -4100 14064 -23294 -992 8787 END
START 4328 -4396 15076 -23601 -1201 7883 END
START 4188 -5420 16532 -24343 -657 7516 END
START 4556 -6384 18192 -25540 798 7812 END
START 5480 -8076 20860 -26897 1117 8403 END
START 6960 -8980 24100 -27009 819 8699 END
START 8092 -9188 26268 -26208 1936 7809 END
START 7900 -8744 27376 -25129 3228 5500 END
START 7320 -9500 29152 -23524 1459 2657 END
START 8156 -10516 31584 -21465 -2087 967 END
START 10252 -11212 32767 -19580 -3096 -47 END
START 11804 -10592 32767 -17416 -1420 -878 END
START 12744 -10500 32767 -14850 361 -1833 END
START 13324 -10068 32767 -12395 788 -2926 END
START 14168 -9348 32767 -8856 697 -4754 END
START 14364 -8848 32767 -5098 993 -7475 END
START 13380 -8600 32767 -1449 1314 -10712 END
START 11184 -8784 32767 2552 1679 -13208 END
START 9204 -9052 32767 6388 2194 -14252 END
START 7060 -9512 32767 9483 2873 -14243 END
START 5344 -9352 32767 12168 2734 -13685 END
START 4172 -9212 32256 14854 2626 -13272 END
START 2952 -8576 29324 16906 2601 -13320 END
START 1864 -7856 25928 18742 2166 -13593 END
START 1052 -7272 22356 19928 1374 -13737 END
START 356 -6664 19408 19884 527 -13350 END
START -140 -5804 16368 19545 -20 -12236 END
START -256 -5124 13928 18446 481 -10871 END
START -456 -4336 11268 17010 1272 -9276 END
START -608 -3616 8996 15305 1544 -7820 END
START -744 -2980 7236 13685 1225 -6634 END
START -548 -2456 5500 12161 485 -5879 END
START -168 -1892 3932 10216 -472 -5460 END
START -324 -1508 3260 8202 -1487 -5003 END
START -156 -1520 2152 6458 -1707 -4177 END
START -284 -1724 1508 4482 -1497 -2951 END
START -420 -1784 600 2319 -1330 -1443 END
START -256 -1748 496 -3 -880 7 END
START -12 -1760 596 -1662 1 987 END
START 4 -2088 352 -3246 494 1811 END
START 104 -2232 364 -4918 224 2422 END
START 360 -2584 616 -6534 -440 2750 END
START 344 -3068 1212 -8312 -998 2889 END
START 220 -3484 2292 -9963 -895 3309 END
START 104 -4008 3332 -11329 -442 4032 END
START 16 -4328 4668 -13267 650 4870 END
START -700 -5028 6644 -14740 1629 5739 END
START -1492 -5176 8828 -15534 1929 7025 END
START -2148 -5200 11132 -16378 1790 8315 END
START -2820 -5840 14344 -17276 1087 9142 END
START -3052 -6292 19084 -17448 105 10666 END
START -2592 -6152 23596 -16888 -281 12464 END
START -1268 -6048 28124 -15527 237 14627 END
START 1120 -5760 32144 -13948 1906 16955 END
START 3744 -5852 32767 -12267 3989 18777 END
START 6300 -5948 32767 -10420 5386 19231 END
START 8564 -5828 32767 -7280 5623 17957 END
START 10552 -5964 32767 -2904 5630 15359 END
START 11760 -5892 32767 1720 5830 11799 END
START 11992 -6472 32767 5828 5220 8256 END
START 11532 -6632 32767 9773 3361 5182 END
START 11184 -6804 32767 13181 1131 2266 END
START 10400 -6436 32767 15880 -143 -582 END
START 9140 -6432 32767 18487 -699 -3038 END
START 8004 -6444 31576 20871 -615 -4998 END
START 6752 -6844 27936 22239 -60 -6262 END
START 5436 -6644 24624 22823 107 -6798 END
START 4348 -6576 21136 23240 44 -6956 END
START 3216 -6384 18064 23094 312 -6924 END
START 1724 -5960 14684 22269 670 -6390 END
START 616 -5748 11708 21058 591 -5447 END
START -188 -5356 8756 19496 -177 -4171 END
START -440 -4752 6796 17095 -1059 -2838 END
START -192 -3940 5944 14737 -1337 -1614 END
START 336 -3416 5364 13147 -1123 -429 END
START 808 -2924 4384 11623 -621 366 END
START 1368 -2720 3564 9768 -479 884 END
START 2276 -2404 3128 7644 -1191 1536 END
START 3872 -2048 3764 5479 -2152 2089 END
START 6036 -1672 4816 3925 -2610 2300 END
START 8892 -1696 6036 2463 -2573 2120 END
START 11772 -1884 7236 1105 -2173 1355 END
START 14680 -1804 8876 43 -2055 117 END
START 16924 -1168 10504 -282 -1674 -1893 END
START 18456 -624 11484 -270 -904 -4985 END
START 18788 -64 12332 -106 -615 -8143 END
START 18160 688 12760 22 170 -11065 END
START 16560 824 12868 153 1461 -13736 END
START 14312 908 12940 16 2758 -16233 END
START 10924 332 13728 -413 4601 -18198 END
START 5844 -936 14964 -923 7380 -19363 END