START 3756 2012 6408 -3299 -3910 2247 END
START -4864 5788 17024 -3612 -4736 2566 END
START 572 3836 4632 -4562 -5322 3131 END
START 1448 3132 3176 -5697 -4958 3872 END
START 948 3016 3264 -6724 -4575 4819 END
START 356 2840 3292 -7361 -4126 5685 END
START 500 2680 3260 -8160 -3746 6743 END
START 964 2164 3148 -9705 -3702 7632 END
START 1504 1948 3420 -11333 -3759 8174 END
START 2060 1284 4592 -12207 -3565 8664 END
START 2480 760 5472 -12420 -3146 9163 END
START 2632 224 5696 -12730 -3016 9572 END
START 2468 316 6068 -13446 -3005 9791 END
START 2260 384 6752 -14383 -2596 9830 END
START 2260 224 7020 -14793 -1874 9806 END
START 2312 -504 7624 -15232 -1844 10000 END
START 3128 -1316 7812 -16125 -2644 10784 END
START 3820 -1540 8916 -17555 -3291 11522 END
START 4856 -1500 10588 -19083 -3035 12033 END
START 5088 -1444 12528 -20226 -1652 11747 END
START 5268 -2244 13976 -20839 -540 11135 END
START 6208 -3828 15460 -21260 -1179 11122 END
START 7852 -5004 16740 -21821 -2373 11211 END
START 9624 -5216 18840 -22726 -3117 11254 END
START 11456 -5388 21488 -23500 -2842 10829 END
START 13628 -6004 24952 -23663 -2683 9800 END
START 15996 -6336 28128 -22355 -2766 8552 END
START 18356 -6416 31112 -20402 -1792 6871 END
START 20408 -6320 32767 -18597 139 4449 END
START 21416 -5768 32767 -16812 2664 1362 END
START 20980 -5920 32767 -13714 5662 -2373 END
START 19344 -6180 32767 -9453 8011 -6310 END
START 16664 -6708 32767 -5237 9408 -9867 END
START 13672 -7412 32767 -1380 9904 -12867 END
START 10088 -8520 32767 2712 8636 -15144 END
START 7300 -8492 32767 7111 6162 -16853 END
START 5224 -8112 32767 11413 3658 -18227 END
START 3552 -7052 32767 15072 1715 -19235 END
START 2496 -6168 29792 17488 698 -19698 END
START 1960 -5952 26952 18838 1221 -19432 END
START 1304 -5496 24204 19470 2384 -18115 END
START 564 -5216 21676 19691 4666 -15889 END
START -312 -4820 19192 19334 7209 -13248 END
START -748 -4176 16724 18650 8941 -10673 END
START -1208 -3568 14732 17847 8957 -8830 END
START -1264 -3024 12708 17364 7385 -7634 END
START -1196 -2496 11484 17044 5128 -6928 END
START -1020 -2320 9720 16551 2934 -6311 END
START -872 -1644 8172 15535 1252 -5606 END
START -692 -1144 6908 14277 250 -4853 END
START -508 -592 5820 12556 16 -3905 END
START -20 -288 4700 10409 251 -2925 END
START 308 -216 3728 7648 617 -1798 END
START 556 12 3408 4942 549 -483 END
START 588 220 3188 3155 317 735 END
START 848 188 2716 1786 83 1738 END
START 908 300 2312 13 -175 2376 END
START 1092 500 2252 -1624 -236 2665 END
START 1068 248 2196 -3176 -347 2676 END
START 1264 -16 2180 -4546 -1073 2552 END
START 1144 -456 2212 -6181 -2366 2279 END
START 964 -828 2196 -7886 -4306 2230 END
START 492 -1272 2764 -9487 -5499 2579 END
START 36 -2236 2928 -11041 -5770 3466 END
START -452 -2880 3304 -13302 -5835 5057 END
START -568 -3720 4100 -16195 -5916 7314 END
START -968 -3816 6532 -18559 -5562 9794 END
START -776 -4444 9196 -19381 -4741 12458 END
START -456 -4740 11876 -19935 -3013 14759 END
START -784 -4956 14416 -20790 -454 16895 END
START -1724 -4224 17960 -21644 909 19419 END
START -2148 -4028 21852 -21908 552 22148 END
START -1420 -2884 26744 -21704 -1621 24518 END
START 2188 -3480 31748 -19664 -2594 25766 END
START 7452 -4356 32767 -17120 -391 25414 END
START 11112 -5112 32767 -14733 2730 23569 END
START 13500 -5268 32767 -10774 4890 20702 END
START 15440 -5276 32767 -5103 5262 16717 END
START 16628 -4908 32767 264 5282 11835 END
START 15900 -5408 32767 4404 4756 7054 END
START 14636 -5668 32767 8606 3267 2996 END
START 13012 -6484 32767 12827 1233 -187 END
START 11792 -6824 32767 16215 -414 -2234 END
START 10380 -6536 32767 17843 -668 -3907 END
START 8444 -6292 32767 19149 562 -5261 END
START 6096 -6700 30544 20920 1848 -5715 END
START 4312 -6868 27240 22274 2377 -5513 END
START 3240 -6944 23704 22432 2397 -5356 END
START 2424 -6884 20736 22108 1520 -5034 END
START 1852 -6608 18184 21744 312 -4743 END
START 1588 -6532 15416 21118 35 -4589 END
START 1060 -6300 13048 20129 86 -4312 END
START 928 -6032 10872 19197 -238 -3704 END
START 988 -5228 8556 17951 -834 -2994 END
START 1172 -4196 6464 16256 -1584 -2570 END
START 1360 -2920 4900 14440 -2493 -2581 END
START 1264 -1952 3772 12779 -3644 -2850 END
START 1232 -1620 2976 10977 -4036 -2791 END
START 1164 -1352 2324 8744 -3866 -1810 END
START 1536 -1152 2604 6445 -3534 11 END
START 2192 -924 3000 4586 -2347 1653 END
START 3444 -1080 3492 3192 -1890 3046 END
START 5780 -792 4048 1737 -1379 3519 END
START 8168 -872 4716 -322 -1578 3105 END
START 10748 -756 6660 -1781 -3236 1793 END
START 13276 -296 9140 -1711 -4945 -419 END
START 16080 40 11140 -1019 -6021 -3129 END
START 18068 512 12620 -342 -5469 -6304 END
START 18800 804 13056 378 -3975 -9831 END
START 18348 1012 12796 632 -2512 -12990 END
START 16512 1140 12636 765 -1759 -16025 END
START 14044 1272 12712 798 -1733 -18943 END
START 10588 964 12732 930 -1349 -21279 END
START 6752 540 13596 856 64 -22416 END
START 2796 -300 14084 470 3239 -21851 END
START -1364 -1148 14844 -544 6839 -19488 END