START -588 6440 516 -6800 -1374 2228 END
START 672 5656 316 -7778 -1741 2522 END
START -1016 5400 2796 -9469 -726 2890 END
START 8 4308 964 -12145 200 4073 END
START 1228 3276 -1224 -13680 756 5266 END
START 48 2572 -1044 -14261 341 6697 END
START -268 1808 -2252 -14931 -1401 8013 END
START 160 948 -3764 -16472 -5035 9117 END
START 1360 288 -4280 -19466 -8414 9245 END
START 1656 428 -2208 -21637 -9643 9002 END
START 2328 -696 -1340 -22546 -8308 9107 END
START 2344 -1448 -1128 -23586 -7001 9547 END
START 2088 -1936 -216 -25412 -6159 10499 END
START 2028 -2648 1016 -27079 -4861 11715 END
START 1608 -3688 2648 -28640 -3040 12702 END
START 1572 -4748 4472 -29666 -1537 13605 END
START 2424 -5996 6800 -30474 -261 14373 END
START 3056 -6744 8872 -31525 1672 14725 END
START 2760 -7200 11752 -32728 3683 14822 END
START 2376 -7932 14120 -32768 5029 14850 END
START 2428 -9108 16812 -32768 3618 15044 END
START 3852 -10224 19552 -32768 668 14752 END
START 5824 -11268 23056 -32768 -379 13462 END
START 6980 -11824 27280 -32461 -241 11965 END
START 7880 -11108 29932 -30109 -527 10375 END
START 9312 -10880 32096 -27566 -1112 8282 END
START 10416 -11032 32767 -25087 -901 6175 END
START 11404 -11796 32767 -23109 -4 4495 END
START 11744 -12812 32767 -21333 753 2931 END
START 11624 -13208 32767 -18970 2360 1407 END
START 10704 -13036 32767 -15809 4132 305 END
START 10252 -12700 32767 -12051 4193 -884 END
START 10260 -12556 32767 -8329 3383 -2960 END
START 9872 -12416 32767 -4045 2650 -5550 END
START 9296 -12464 32767 628 1779 -7632 END
START 8204 -11976 32767 4401 1275 -8931 END
START 7296 -11108 32767 7686 1436 -9440 END
START 6664 -9852 32767 10360 2223 -9958 END
START 5508 -8896 32767 13109 2597 -10857 END
START 4160 -7812 29356 15994 1442 -11615 END
START 3512 -6840 26048 18073 125 -12496 END
START 2580 -6320 22904 19344 -1051 -13362 END
START 1420 -5360 19332 19774 -2855 -13660 END
START 952 -4516 16720 19602 -4482 -13769 END
START 372 -3948 14524 19526 -5819 -13711 END
START 116 -3224 12316 19160 -6197 -12980 END
START -256 -2660 10228 17851 -5548 -11782 END
START -424 -2192 8312 15807 -5171 -10499 END
START -532 -1948 7180 13560 -4951 -9335 END
START -328 -1444 6524 11669 -3711 -8042 END
START -368 -1340 5672 9493 -1947 -6327 END
START -280 -1212 5304 7112 -273 -4764 END
START -444 -1308 4856 5234 1056 -3370 END
START -692 -1032 4152 3302 1287 -1930 END
START -536 -968 3948 1591 924 -748 END
START -232 -1020 3636 -169 561 -12 END
START 12 -984 3588 -1888 43 115 END
START 188 -1120 4076 -3176 -685 59 END
START 252 -1428 4816 -4179 -1094 351 END
START 504 -1920 5216 -5664 -689 1299 END
START 744 -2336 5832 -7633 432 2569 END
START 852 -2844 6768 -9406 1243 4066 END
START 888 -3228 7972 -10708 1954 5500 END
START 1300 -3628 9232 -11888 2280 6560 END
START 1436 -3840 10800 -13407 2177 7405 END
START 1536 -4004 12912 -14572 1902 8643 END
START 1344 -4496 15012 -15049 2312 10171 END
START 1004 -5092 16920 -15331 3194 11446 END
START 248 -5308 18752 -15270 4112 12060 END
START -852 -6196 20704 -14428 3668 13092 END
START -1108 -6724 22844 -13520 1704 14852 END
START -12 -6748 25796 -12350 243 16392 END
START 1900 -6748 29196 -10747 27 17247 END
START 4608 -6740 32556 -8426 1279 17214 END
START 6928 -6548 32767 -5389 3230 16119 END
START 8800 -6348 32767 -2401 4221 14327 END
START 10264 -6044 32767 340 3451 12000 END
START 11576 -5828 32767 2843 2267 9087 END
START 12312 -5916 32767 5709 874 5849 END
START 12804 -5884 32767 9000 -569 2497 END
START 12808 -5444 32767 11833 -1477 -864 END
START 12560 -5284 32767 14415 -1361 -4094 END
START 11344 -5284 30864 16853 -717 -6726 END
START 10228 -5436 28336 18334 -12 -8247 END
START 8660 -5268 25612 18922 610 -9041 END
START 7320 -5128 23608 19177 1523 -9130 END
START 6308 -4876 21700 19443 3256 -8935 END
START 5360 -4844 19140 19185 5575 -9072 END
START 3852 -4980 16868 18541 7165 -9293 END
START 2192 -5236 14924 18111 7629 -9375 END
START 520 -5584 12748 17439 6662 -8991 END
START -1040 -5676 10908 16373 4875 -7996 END
START -1724 -5752 10080 14848 2780 -6385 END
START -1724 -5272 9548 13520 1034 -4602 END
START -1596 -4156 8676 12264 1134 -3414 END
START -1960 -3204 7744 10240 2128 -2551 END
START -2472 -2404 7320 8516 2721 -1665 END
START -2412 -2216 7400 7430 2507 -607 END
START -1996 -1784 7308 6670 2298 499 END
START -1508 -1700 7312 5699 2305 1494 END
START -1288 -1528 7468 4321 1940 2604 END
START -320 -1068 8340 3399 1583 3474 END
START 692 -840 9056 2910 1982 3710 END
START 1844 -792 9356 2374 2121 3444 END
START 2844 -992 9908 1549 1297 2959 END
START 3952 -1132 10572 1004 -100 2641 END
START 5728 -1420 11448 441 -1250 2503 END
START 7240 -1540 12484 25 -1769 2336 END
START 9132 -1724 13528 -334 -1735 1909 END
START 11176 -2096 15104 -318 -1705 1089 END
START 12892 -2280 15984 -185 -2122 120 END
START 14772 -2084 17264 83 -2336 -859 END
START 16440 -2120 17936 -38 -1814 -2109 END
START 17824 -1536 19104 43 -505 -3995 END
START 18272 -1168 19548 763 941 -6091 END
START 18116 -1008 19620 1252 1890 -8372 END
START 17816 -636 19484 1812 2860 -11006 END
START 16824 -32 18876 2399 3996 -13811 END
START 15124 568 17708 2357 5361 -16731 END
START 11348 772 16708 2345 6600 -19361 END
START 7208 228 15492 2354 6887 -21401 END
START 2620 -708 14880 2742 6828 -22671 END
START -2812 -1580 14296 3362 5716 -23157 END
START -7624 -1684 13644 3216 3323 -23003 END