START 3384 3952 4228 -8312 -532 4778 END
START -4360 6344 16688 -8601 -1516 5540 END
START 2788 3496 668 -9594 -682 5730 END
START 1400 4052 4420 -11402 -290 6156 END
START 2672 3156 3576 -13445 -331 6013 END
START 2148 2856 4664 -14938 -1056 5478 END
START 2044 2060 5952 -15363 -2553 5394 END
START 1512 1536 6884 -15406 -3680 5579 END
START 1460 428 7268 -15482 -3419 5976 END
START 1484 -824 7920 -16092 -2620 6286 END
START 1976 -1728 8348 -17192 -1692 6628 END
START 2356 -2712 9460 -18337 -1266 7017 END
START 1952 -3220 11144 -18709 -1271 7531 END
START 1924 -4064 12076 -18299 -1840 8204 END
START 2000 -4428 12008 -17793 -2304 8442 END
START 2052 -6148 12144 -18036 -2654 7841 END
START 2728 -7844 13636 -18122 -3819 7227 END
START 3960 -8252 16476 -18075 -6008 7751 END
START 5592 -7252 18608 -18175 -7166 9048 END
START 7016 -5716 20188 -18713 -5599 9962 END
START 7768 -4592 20452 -19398 -1354 9697 END
START 8100 -5996 20856 -20365 1473 9229 END
START 9164 -6984 22208 -21031 455 9300 END
START 10840 -7320 24436 -21286 -1821 9255 END
START 12428 -6848 27856 -20400 -3258 8214 END
START 13908 -6100 30268 -17890 -3134 6097 END
START 15148 -5320 32388 -15336 -2349 3218 END
START 15464 -5316 32767 -13364 -1581 156 END
START 15260 -6188 32767 -11261 -1854 -2278 END
START 14696 -6416 32767 -8028 -2939 -3827 END
START 14712 -6068 32767 -4825 -2956 -5365 END
START 14072 -5228 32767 -1282 -2709 -7507 END
START 13136 -4472 32767 2424 -2203 -9824 END
START 11692 -3920 32767 5153 -840 -11894 END
START 9916 -3832 32767 7100 1780 -13304 END
START 7664 -4328 31060 8255 4073 -13897 END
START 5184 -4500 28960 9556 4504 -13782 END
START 3600 -4280 26944 10921 3762 -13442 END
START 2320 -4168 24940 12268 2562 -12857 END
START 2096 -4392 23004 13219 1864 -12131 END
START 1904 -4004 21404 13626 2365 -11148 END
START 1740 -3920 19544 13662 3817 -10127 END
START 1096 -3712 17692 13737 5298 -9110 END
START 508 -3556 15604 13315 5817 -7791 END
START 48 -3444 13708 12573 5285 -6313 END
START -204 -2868 12364 11822 3673 -4757 END
START 188 -2364 11276 10982 2218 -3341 END
START 784 -1588 10460 10130 2116 -2357 END
START 1280 -1040 9480 9063 3099 -1941 END
START 1352 -672 8368 8047 4061 -2084 END
START 1232 -712 7296 6923 4069 -2417 END
START 880 -736 6148 5599 3000 -2574 END
START 648 -772 5428 4327 1597 -2160 END
START 640 -756 4792 2876 434 -1347 END
START 960 -808 4496 1142 -9 -491 END
START 1320 -848 4316 -611 250 189 END
START 1372 -1152 4208 -2372 771 685 END
START 1644 -1268 4296 -4255 1474 1020 END
START 1340 -2080 4788 -5726 1863 1342 END
START 1224 -2304 4988 -6927 1429 1788 END
START 1108 -2908 5044 -8640 700 2124 END
START 620 -3040 6200 -10458 254 2657 END
START 84 -3464 7408 -11196 76 3554 END
START -40 -3636 8472 -11596 66 4647 END
START -212 -3696 9604 -12406 332 5680 END
START -368 -4244 11284 -13533 626 7029 END
START -676 -4304 13376 -14461 658 8825 END
START -764 -4500 16428 -14775 801 10973 END
START -564 -4360 19340 -14788 1952 13308 END
START -232 -4196 22964 -14146 2642 15726 END
START 644 -4220 26236 -12315 2143 17498 END
START 2500 -3392 28980 -10176 2056 17687 END
START 3948 -3176 31400 -7868 2205 16329 END
START 4736 -3260 32767 -5328 2065 14580 END
START 5724 -3720 32767 -2861 1664 13212 END
START 6940 -3544 32767 -1157 1937 12070 END
START 8164 -3464 32767 565 2216 10813 END
START 9336 -3088 32767 2405 3066 8884 END
START 9552 -3312 32767 4758 3494 6349 END
START 9288 -3500 32767 7396 2810 3616 END
START 8720 -3652 32767 9952 1468 892 END
START 7820 -3788 31488 12066 96 -1115 END
START 7020 -4028 29800 13446 -820 -2529 END
START 6324 -4384 28252 14777 -1045 -3571 END
START 5588 -4624 26524 15686 -733 -3901 END
START 5060 -4296 24816 16482 246 -4007 END
START 4504 -4124 23308 16983 1257 -4127 END
START 3800 -3912 21472 17524 1508 -4396 END
START 3612 -3972 19504 17937 855 -4620 END
START 3716 -3824 17604 17681 333 -5012 END
START 3684 -3916 15704 17083 -142 -5356 END
START 3316 -3728 14212 16502 -398 -5398 END
START 3144 -3628 12708 15977 -535 -4980 END
START 3108 -3496 11248 15063 -403 -4232 END
START 3084 -3352 10420 13808 -178 -3213 END
START 3100 -2564 9568 12343 423 -2398 END
START 2732 -2068 8900 11181 1176 -2093 END
START 2236 -1568 7960 10019 1584 -2066 END
START 1268 -1372 6928 8897 1277 -2127 END
START 656 -1180 6368 7829 89 -2005 END
START 104 -1032 6312 6885 -1432 -1448 END
START 56 -768 6388 5851 -2479 -405 END
START 344 -644 6328 4688 -2554 684 END
START 1392 -360 6868 3426 -2363 1698 END
START 2800 -120 7588 2009 -2304 2426 END
START 4784 456 8472 443 -2307 2691 END
START 6684 840 9612 -657 -2431 2308 END
START 8928 1060 10916 -1181 -2741 1173 END
START 11548 1180 12400 -1492 -3105 -761 END
START 13884 1344 13520 -1829 -3125 -3172 END
START 15408 1580 14572 -1870 -2483 -6009 END
START 15820 2132 15204 -1956 -1583 -9182 END
START 14968 2592 15592 -1814 -261 -12658 END
START 12880 2588 15692 -977 733 -15941 END
START 10152 2032 15432 -606 1039 -18805 END
START 7108 1008 15688 -1080 2206 -21003 END