START 3488 2800 2696 -2282 -1643 2927 END
START -3368 5336 15780 -2605 -2223 3336 END
START 4324 2472 -2540 -4008 -784 3041 END
START 2100 1292 -1208 -6278 -1313 2997 END
START -40 40 232 -6554 -3784 3105 END
START -608 304 60 -5966 -6425 3807 END
START -712 452 -1468 -5911 -8394 5061 END
START -172 172 -1936 -7823 -10327 6099 END
START 588 1040 -968 -10230 -10343 6987 END
START 1492 1748 1076 -10902 -9103 8103 END
START 3092 2012 1776 -11154 -7372 8954 END
START 3908 1636 1756 -12119 -6143 9077 END
START 4416 652 1892 -12988 -5916 8770 END
START 4172 424 2584 -13896 -6593 8664 END
START 4340 -636 3568 -14859 -6274 9001 END
START 4204 -2012 4908 -16448 -5541 9925 END
START 4572 -3064 6212 -17903 -4755 11100 END
START 5492 -3848 7620 -19205 -4251 12165 END
START 5600 -4080 8452 -20116 -3270 12555 END
START 5180 -4752 8676 -21644 -2585 12107 END
START 5500 -6560 10444 -23112 -4275 11584 END
START 7180 -8492 12976 -23779 -5568 11976 END
START 9036 -9960 14820 -24871 -4206 12648 END
START 10216 -10792 17132 -26327 -1577 13709 END
START 11264 -10904 20320 -27997 2072 14073 END
START 12036 -11160 24708 -28368 3396 13952 END
START 13488 -11420 27548 -26867 2891 12952 END
START 15504 -11640 30428 -26184 1582 10511 END
START 17340 -11296 32767 -24421 1115 7391 END
START 18732 -11488 32767 -21022 2161 4517 END
START 19168 -11536 32767 -17210 4796 1970 END
START 18656 -11156 32767 -13918 7010 -572 END
START 17284 -10924 32767 -10041 7673 -3326 END
START 15372 -10452 32767 -5488 7131 -6438 END
START 13524 -10232 32767 -1115 6248 -9296 END
START 11772 -10044 32767 2921 5359 -11579 END
START 9484 -9652 32767 6815 5290 -13261 END
START 7136 -9396 32767 10013 5461 -14036 END
START 4632 -8976 32767 12861 5411 -13904 END
START 2940 -8228 31104 15851 6229 -13171 END
START 1636 -7336 27924 18768 7945 -12312 END
START 416 -6680 24300 20784 9554 -11573 END
START -616 -6352 20704 22067 10225 -10721 END
START -1108 -6392 16536 22653 9287 -9519 END
START -1200 -6048 12260 20112 5299 -8717 END
START -1144 -5020 10968 17162 1105 -8864 END
START -1052 -4208 10068 16859 -755 -8709 END
START -744 -3704 8432 17223 -2183 -8182 END
START -364 -3156 6608 16418 -3148 -7903 END
START -24 -2628 4948 14764 -3215 -7379 END
START 132 -2440 3596 12502 -2395 -6557 END
START -116 -2436 2360 9914 -1560 -5320 END
START -192 -2200 1328 6927 -869 -3847 END
START -448 -2248 808 3952 -284 -2332 END
START -564 -2212 340 1435 -251 -753 END
START -604 -1924 380 -829 -403 757 END
START -188 -1704 288 -2663 -198 1856 END
START 228 -2116 476 -4683 -49 2487 END
START 336 -2804 564 -6692 -224 2756 END
START 84 -3072 1340 -8912 -911 3067 END
START -128 -3908 2804 -10539 -1269 3790 END
START -640 -4728 4076 -11986 -1308 5270 END
START -416 -5148 5320 -13741 -1490 7049 END
START -184 -5032 7252 -15359 -1947 8604 END
START 72 -5388 9808 -16701 -2262 9858 END
START 516 -5680 13412 -17691 -2203 11030 END
START 956 -5628 17140 -18212 -1037 12639 END
START 988 -5484 20656 -18438 1040 14611 END
START 828 -5888 23608 -18289 2531 16678 END
START 1560 -5980 26540 -17648 2289 18747 END
START 3012 -6404 30484 -16592 785 20576 END
START 4972 -6600 32767 -14590 -235 21585 END
START 6628 -6736 32767 -10733 -602 21300 END
START 8216 -6112 32767 -5423 -534 19941 END
START 9820 -5556 32767 -573 1206 17193 END
START 11084 -5676 32767 3348 3444 13498 END
START 11736 -6220 32767 6460 4647 9449 END
START 11988 -6672 32767 8513 5075 5628 END
START 11264 -7072 32767 10636 4215 2024 END
START 10340 -7104 32767 13848 2138 -875 END
START 9728 -7024 32767 16877 752 -3294 END
START 8956 -6992 31316 18651 152 -5072 END
START 8276 -6808 29096 19659 -241 -6493 END
START 7472 -6376 27232 20736 -141 -7690 END
START 6364 -6248 24636 22100 166 -8959 END
START 4892 -5644 21876 22943 -298 -9758 END
START 3828 -5716 19172 22594 -426 -10386 END
START 2184 -6052 16712 21451 -372 -10424 END
START 516 -5972 14808 20399 -699 -9351 END
START -764 -5780 13132 19274 -375 -8046 END
START -1932 -5192 11172 17742 -218 -6355 END
START -2324 -4528 9520 15894 -306 -4460 END
START -2628 -4076 8412 14521 -204 -2820 END
START -2384 -3700 7024 13418 -295 -1236 END
START -1852 -3360 5744 11686 -866 201 END
START -924 -2888 5172 9999 -1502 1302 END
START 100 -2396 4732 8682 -2447 2104 END
START 1644 -2140 4472 7225 -3380 2436 END
START 3080 -1768 4656 5906 -4153 2651 END
START 5048 -1912 4644 4722 -4866 2801 END
START 7792 -1888 5264 3122 -5957 2765 END
START 10888 -2248 6436 1736 -6733 2614 END
START 14712 -2168 8548 558 -7219 2195 END
START 18832 -2240 10952 -8 -6247 1558 END
START 22392 -1672 13224 -42 -3520 210 END
START 24560 -672 14612 393 538 -2520 END
START 24576 268 14724 1036 4096 -6318 END
START 22768 568 14432 1834 6259 -10770 END
START 19764 820 14024 3264 6959 -15375 END
START 16088 236 12928 4651 7058 -19967 END
START 10776 -984 12180 5490 7268 -24253 END
START 4444 -3252 11864 6407 7160 -27329 END