START 5160 5024 -240 -3176 -242 4717 END
START -2740 6736 8484 -3405 -661 4629 END
START 1900 5316 2416 -3865 -1672 4571 END
START 1256 5200 2572 -4973 -2448 4370 END
START 804 4772 2084 -6140 -2382 4473 END
START 676 3996 736 -7025 -2666 5195 END
START 232 3576 -188 -8524 -3534 5534 END
START 176 2708 -340 -9989 -5130 5438 END
START 212 1772 -376 -10107 -6802 5281 END
START 152 928 -608 -9478 -7928 4620 END
START 352 -420 -1452 -8956 -9571 3497 END
START -44 -1464 -2464 -9392 -11678 2629 END
START -1208 -2700 -2876 -11083 -12667 3408 END
START -2180 -3812 -2136 -14455 -12045 6750 END
START -900 -4248 -100 -17989 -11150 11286 END
START 2092 -4352 2172 -20577 -9982 14247 END
START 4524 -3896 3716 -22079 -7849 14856 END
START 5652 -3464 4640 -23021 -5404 13381 END
START 5532 -3608 5464 -24033 -3615 10980 END
START 5440 -5168 7636 -25642 -5265 9625 END
START 6976 -6392 11352 -26402 -7611 10718 END
START 9768 -6832 14188 -27114 -5717 11942 END
START 11184 -7340 15652 -28643 -95 11527 END
START 10196 -8444 17880 -29631 2922 9445 END
START 9488 -10088 21344 -29046 491 8119 END
START 11980 -11392 25668 -27793 -3273 7826 END
START 14660 -12244 30380 -26639 -3080 7483 END
START 16836 -13080 32767 -25448 1511 6851 END
START 17440 -13208 32767 -24102 6006 5961 END
START 16984 -12944 32767 -21578 9388 4650 END
START 16336 -12472 32767 -18087 10343 2763 END
START 16164 -12044 32767 -13271 9568 -160 END
START 15796 -11824 32767 -8150 7500 -4156 END
START 14984 -11632 32767 -3098 4714 -8331 END
START 13548 -11232 32767 1868 2357 -11553 END
START 11708 -10460 32767 6507 1317 -13639 END
START 9800 -9784 32767 10427 1504 -14422 END
START 7720 -9380 32767 13362 2115 -14305 END
START 5812 -8644 32767 15637 1912 -13651 END
START 4460 -7816 29836 17611 1424 -12904 END
START 3552 -7128 26356 19317 882 -12355 END
START 2536 -5964 22684 20235 26 -12028 END
START 1888 -5032 19788 20419 184 -11518 END
START 1304 -4428 17096 19980 1139 -10680 END
START 760 -3716 14012 19184 1950 -9630 END
START 92 -3400 11800 18303 1437 -8363 END
START 100 -2708 9844 17323 652 -6794 END
START 216 -2184 7980 15419 708 -5598 END
START 428 -1684 6488 13083 1484 -4432 END
START 52 -1456 5164 10937 1900 -3294 END
START 140 -1232 3888 9153 1864 -2370 END
START 160 -1176 2892 7293 1631 -1555 END
START 148 -916 2132 5285 1368 -866 END
START 180 -872 1496 3481 1060 -233 END
START 172 -996 764 1805 555 321 END
START 84 -1204 -8 34 -78 772 END
START 232 -1380 -216 -1756 -662 1069 END
START 340 -1692 -260 -3845 -1189 1387 END
START 308 -2480 -156 -5838 -1579 1887 END
START 68 -3192 64 -8165 -1813 2603 END
START -376 -4160 428 -10254 -2153 3598 END
START -928 -5012 1372 -12237 -2577 5154 END
START -1064 -5620 2608 -14328 -2713 6942 END
START -1292 -6148 4352 -16385 -2669 9242 END
START -952 -5944 7196 -18385 -2128 11857 END
START -344 -5684 10180 -20123 103 14285 END
START 116 -5580 13932 -21989 2622 16628 END
START 1124 -5940 18812 -23071 4245 18838 END
START 2632 -6168 24208 -22686 5087 20205 END
START 4224 -6132 29708 -20492 6416 20350 END
START 5440 -6536 32767 -17294 7457 19727 END
START 7156 -7356 32767 -13937 8095 17997 END
START 8244 -7840 32767 -9643 7758 15249 END
START 8736 -8392 32767 -4702 6408 11881 END
START 9324 -8744 32767 227 3684 8425 END
START 10976 -8676 32767 4576 1873 6023 END
START 12520 -8064 32767 7583 2615 3354 END
START 12232 -8160 32767 10851 4362 614 END
START 10820 -8228 32767 14515 4766 -1619 END
START 9020 -8144 32767 17428 3260 -3159 END
START 7792 -7608 32224 19295 1919 -4342 END
START 6496 -6580 29396 20899 1495 -5672 END
START 3828 -6784 26384 22364 963 -6641 END
START 2896 -7272 24100 23268 -523 -6653 END
START 2524 -7356 21488 23479 -973 -6412 END
START 2196 -6864 19096 23133 -393 -5983 END
START 1152 -6536 16248 22450 224 -5386 END
START 240 -6468 13892 21412 -75 -4577 END
START -620 -6028 11560 20251 -755 -3614 END
START -1152 -5496 9468 18731 -1023 -2555 END
START -1272 -5100 7732 16910 -847 -1146 END
START -664 -4652 6656 15030 -509 391 END
START 140 -3976 5552 13249 -324 1442 END
START 1128 -3236 4864 11300 -340 1786 END
START 2428 -2412 4112 9294 -110 1852 END
START 3992 -1488 3660 6919 -415 2249 END
START 6268 300 3008 4234 -892 3055 END
START 8460 1640 3276 1732 -985 3134 END
START 10924 1792 4424 -653 -673 2257 END
START 13340 1740 5864 -2389 -195 297 END
START 15060 1320 7752 -2783 -224 -2512 END
START 16304 896 9100 -2486 -1129 -5541 END
START 16416 632 10104 -2192 -2246 -8914 END
START 15780 732 10912 -1869 -2771 -12150 END