START 3496 5248 -1652 -10349 5844 9842 END
START -4908 8040 13164 -10835 3795 10002 END
START 1908 5484 -1056 -12721 2620 9179 END
START 3308 4260 -2520 -14499 1089 8440 END
START 2580 3332 -1644 -15112 -160 8158 END
START 1656 2056 -1004 -15437 -555 7941 END
START 1128 596 -1060 -16080 -610 7760 END
START 728 -428 -544 -17062 -1475 7849 END
START 268 -940 -88 -18015 -2867 8420 END
START 900 -472 -268 -19595 -5586 8912 END
START 1668 556 688 -21179 -7881 9155 END
START 2532 1148 2204 -22084 -8128 8690 END
START 3336 832 3892 -22817 -6847 7558 END
START 3708 -164 5324 -23349 -6160 6054 END
START 3948 -1068 6720 -23704 -5976 4618 END
START 3568 -1640 8320 -24041 -4930 3520 END
START 2980 -2388 9972 -24869 -5061 2743 END
START 2592 -3164 12040 -25703 -6151 2401 END
START 2724 -4296 14604 -26701 -6168 3118 END
START 3072 -4908 16760 -27248 -3077 4410 END
START 2928 -5760 18000 -27276 1283 4694 END
START 2460 -6852 19624 -27755 2814 4069 END
START 2196 -8344 22544 -27671 392 3766 END
START 2792 -9112 25800 -26403 -2338 3710 END
START 4076 -9508 28140 -24648 -3603 3245 END
START 5708 -10308 30016 -23003 -2973 2298 END
START 6748 -10884 32767 -22086 -1061 1304 END
START 7532 -11072 32767 -20687 2087 1305 END
START 7928 -11284 32767 -18618 4754 1583 END
START 8788 -11584 32767 -16072 4791 1062 END
START 10140 -10904 32767 -12572 1719 -885 END
START 11616 -10188 32767 -7925 -2682 -4707 END
START 12880 -9680 32767 -2872 -6691 -9608 END
START 13408 -9508 32767 1510 -9085 -14047 END
START 12816 -9476 32767 4999 -8165 -16845 END
START 11528 -9424 32767 7661 -4141 -17454 END
START 9216 -9304 32767 10037 -950 -16812 END
START 7056 -8788 32767 12697 -53 -16118 END
START 5740 -8376 32392 15877 -1547 -16283 END
START 5376 -7428 29436 18589 -4302 -18024 END
START 4544 -6640 26740 20671 -6980 -20540 END
START 3644 -6332 23356 21436 -7665 -21826 END
START 2512 -5904 20808 21311 -6579 -21422 END
START 1412 -5588 17948 20940 -4706 -19773 END
START 172 -4888 14704 19712 -2595 -17365 END
START -672 -4048 11944 18212 -952 -14958 END
START -1040 -3136 9460 16575 -352 -13526 END
START -1668 -2344 7900 14855 -1573 -12774 END
START -2164 -1624 6892 14277 -3516 -12048 END
START -2236 -1240 4896 13005 -4388 -11027 END
START -2468 -996 3648 10531 -4275 -9401 END
START -2808 -920 3072 8275 -3347 -7084 END
START -2704 -844 2132 5613 -1775 -4600 END
START -2332 -536 1788 2859 -25 -2299 END
START -1952 -380 1820 861 1234 -442 END
START -1588 -88 1576 -823 1870 877 END
START -1172 -304 1348 -2481 1872 1736 END
START -796 -144 1524 -4184 1627 2270 END
START -492 -544 1456 -5897 1221 2509 END
START -268 -820 1980 -7673 708 2993 END
START -116 -1200 2756 -9253 550 3751 END
START 64 -1736 3668 -10762 873 4857 END
START -36 -2300 4808 -12546 1923 6201 END
START -588 -2728 6328 -14409 3514 7704 END
START -1296 -3144 7652 -15879 5071 9283 END
START -1772 -3476 9504 -17104 5713 10782 END
START -1808 -3336 11984 -18163 5604 12124 END
START -1456 -3468 15436 -18627 5596 13740 END
START -940 -3456 18756 -19053 7002 15496 END
START -476 -3300 22292 -19185 9369 17273 END
START 468 -3324 26064 -18714 10831 19011 END
START 2560 -3304 29756 -17363 11532 20218 END
START 5268 -3260 32767 -15305 11615 19938 END
START 7904 -3376 32767 -12537 11016 17889 END
START 9900 -3532 32767 -9344 9856 13824 END
START 10556 -4036 32767 -4585 7573 9043 END
START 10680 -4956 32767 381 4928 4369 END
START 10028 -5504 32767 4993 2927 902 END
START 9256 -5848 32767 9117 1714 -1254 END
START 8640 -5908 32767 12719 1206 -2322 END
START 8596 -5680 32767 15110 2330 -3379 END
START 7472 -5464 32767 16489 4011 -4737 END
START 6112 -5500 32088 18344 4300 -6021 END
START 5012 -5404 29180 20079 3213 -7214 END
START 4156 -4948 26248 21481 2050 -8350 END
START 3384 -4600 23932 22299 1708 -9624 END
START 1956 -4440 21208 23015 1565 -10488 END
START 876 -4392 18340 23351 808 -10656 END
START 232 -4432 15504 22566 -119 -10304 END
START -408 -3872 13508 21452 -878 -9412 END
START -668 -3408 11476 20236 -1507 -8309 END
START -608 -2764 9724 18619 -1475 -7291 END
START -844 -2256 8276 16645 -1045 -6125 END
START -1172 -2132 7348 14677 -500 -4771 END
START -1412 -1812 6432 12686 -263 -2955 END
START -1332 -1368 5684 10588 -458 -1143 END
START -880 -976 5744 8467 -676 456 END
START -348 -312 6080 6930 -267 1450 END
START -36 -48 6460 5741 335 2218 END
START 352 -16 6752 4799 583 3165 END
START 1104 -148 6640 3528 149 3954 END
START 2160 -56 7028 2004 -684 4588 END
START 3348 216 7848 715 -1585 5018 END
START 4676 384 9040 -143 -2638 5363 END
START 6832 532 10140 -838 -3787 5486 END
START 9440 668 11660 -1591 -4738 5328 END
START 12660 1212 13560 -2189 -4676 4592 END
START 15756 1456 16144 -2403 -3831 3353 END
START 19152 2156 17752 -2597 -2240 1304 END
START 21064 2532 19528 -2176 -71 -1758 END
START 21948 2972 20868 -717 1792 -5805 END
START 21572 2820 21240 1097 3077 -10021 END
START 20252 2608 20712 2458 4517 -14186 END
START 16984 1660 19964 3381 5886 -17640 END
START 13240 560 19196 4125 6929 -20280 END
START 8916 -520 18436 4414 8406 -21579 END
START 4892 -1596 17740 3979 10414 -21797 END
START 744 -2312 17600 3636 12505 -20824 END
START -2956 -2508 18040 3712 13612 -19212 END
START -5476 -2576 18028 3206 14138 -17162 END
START -7396 -2824 18460 3568 12964 -14737 END