START 1440 3816 4156 -2565 -5647 2739 END
START -1816 5616 -1740 -3005 -5324 3203 END
START 3684 3152 -3124 -4267 -3435 4060 END
START 2456 2332 -2284 -6577 -2019 5729 END
START 1308 2108 -472 -8885 -1460 6927 END
START 1248 1756 -92 -9874 -1563 7270 END
START 792 1172 348 -9989 -1947 7351 END
START 208 1168 320 -9588 -2822 7399 END
START -220 888 -648 -9398 -3618 7790 END
START -176 296 -1796 -10054 -4280 8655 END
START 340 -780 -2144 -11922 -4714 9809 END
START 340 -1176 -1776 -14281 -5054 10900 END
START 720 -1404 -460 -16237 -4829 11843 END
START 1356 -1852 680 -17870 -4408 12166 END
START 1484 -2352 1932 -19322 -4019 12145 END
START 2044 -2484 2816 -20588 -3711 11773 END
START 2552 -2812 4204 -22087 -4446 11220 END
START 3792 -3232 5972 -23205 -5551 10637 END
START 5384 -3892 7976 -24117 -6416 9701 END
START 6268 -4248 9604 -24905 -5492 8738 END
START 6324 -4844 11328 -25624 -4158 8319 END
START 6044 -5836 13388 -26522 -3415 8442 END
START 6464 -7072 15396 -27322 -2957 9228 END
START 7824 -8992 17264 -28466 -3137 10090 END
START 8988 -9948 20424 -29210 -3721 10810 END
START 10016 -9968 24744 -29068 -2660 10775 END
START 10784 -10176 28132 -27804 170 9575 END
START 11744 -10984 30856 -26213 985 8164 END
START 13984 -12420 32767 -24580 -264 7123 END
START 16660 -12924 32767 -22367 -280 6201 END
START 18604 -12656 32767 -18721 1865 4931 END
START 18108 -11712 32767 -14238 4230 3122 END
START 16360 -10996 32767 -9132 5361 387 END
START 14632 -10256 32767 -3891 5042 -2960 END
START 13160 -9328 32767 1619 2750 -7604 END
START 11288 -8200 32767 5572 124 -12600 END
START 9316 -7724 32767 8491 -2821 -16354 END
START 7752 -8324 32767 10899 -4785 -17896 END
START 7156 -8784 32767 12645 -3684 -17081 END
START 6192 -8764 32767 14152 115 -15240 END
START 5232 -8368 32000 15726 3777 -13143 END
START 3912 -7412 28692 17482 6420 -11652 END
START 2868 -6400 25100 19707 7006 -11192 END
START 1856 -5804 20996 21240 5886 -11818 END
START 692 -5424 17016 21486 3830 -12663 END
START -332 -5280 13832 20494 1201 -12963 END
START -908 -4656 11288 19317 -1096 -12340 END
START -1488 -3952 9096 18136 -2698 -11266 END
START -1364 -3284 6544 16597 -3034 -9656 END
START -1252 -2760 4616 14557 -2736 -7970 END
START -684 -2364 3264 12329 -2459 -6455 END
START -496 -2324 2404 10129 -1924 -5198 END
START -312 -2524 1696 7953 -867 -3683 END
START -172 -2656 968 5988 8 -2172 END
START -72 -2760 524 4225 -32 -818 END
START 428 -2696 456 2467 -572 278 END
START 1048 -2464 620 1145 -1094 916 END
START 1412 -2140 728 -52 -1248 1039 END
START 1504 -2112 928 -1175 -1311 779 END
START 1168 -2300 704 -2354 -1924 788 END
START 984 -2632 324 -4111 -3113 1214 END
START 772 -2872 660 -6756 -4091 2065 END
START 860 -3120 1452 -9180 -3739 3312 END
START 248 -3440 2416 -11317 -2847 4873 END
START -64 -3572 3388 -12808 -2332 6655 END
START -308 -3816 4080 -14300 -2161 8349 END
START -252 -4824 5636 -16352 -1990 9484 END
START 0 -5380 8408 -17886 -2647 10991 END
START 236 -5572 10936 -18374 -3423 12718 END
START 632 -5556 13392 -18793 -2636 14563 END
START 496 -5052 16316 -19409 -913 16247 END
START 484 -4988 20220 -19410 347 18018 END
START 1700 -5680 24316 -18683 1799 20069 END
START 3672 -6428 28144 -17739 3912 21640 END
START 5656 -6476 31708 -17197 5372 21678 END
START 6644 -7180 32767 -15331 5116 20723 END
START 8932 -7220 32767 -11852 3919 19222 END
START 12004 -7152 32767 -7384 3845 16721 END
START 15080 -7308 32767 -2612 4794 13148 END
START 16536 -7628 32767 2106 6079 9061 END
START 16656 -7900 32767 6479 6268 5135 END
START 16104 -7828 32767 10519 5200 1365 END
START 14300 -7680 32767 13718 3157 -2156 END
START 12568 -7832 32767 16567 1656 -4983 END
START 10716 -7852 32767 19426 969 -7112 END
START 8956 -7892 32767 21267 1559 -8616 END
START 7040 -8176 30724 22480 1899 -9402 END
START 5804 -8232 28212 23667 1630 -9149 END
START 5032 -7784 25576 24354 1553 -8059 END
START 4376 -6848 22756 24411 2364 -7120 END
START 3204 -6228 19676 23898 3744 -6745 END
START 1636 -6004 16904 22792 3644 -6941 END
START 476 -5468 14628 22033 1732 -7002 END
START -280 -5016 12684 21374 -454 -6950 END
START -776 -5008 10632 20635 -1224 -6456 END
START -1424 -5176 8444 19085 -1120 -4988 END
START -1728 -4680 6796 16864 -480 -2544 END
START -1828 -3876 4884 14457 840 261 END
START -1420 -3380 3892 12041 1205 2391 END
START -372 -2732 3220 9997 -99 3813 END
START 980 -2124 2792 8510 -1253 4400 END
START 2824 -1660 2740 6798 -2215 4619 END
START 4972 -1068 3020 4939 -2971 4579 END
START 7656 -248 3728 3229 -3016 4050 END
START 10408 -268 4756 1775 -3450 3029 END
START 13528 -212 5808 861 -4191 1753 END
START 16476 -84 6928 33 -4318 62 END
START 18508 -268 8076 -514 -3679 -1883 END
START 19436 108 9168 -773 -2262 -4420 END
START 19720 660 9504 -805 -1058 -6790 END
START 19408 1012 9488 -1039 -380 -9377 END
START 18428 1640 9916 -1176 756 -12075 END
START 16360 1856 9908 -1591 2994 -14491 END
START 13044 1184 10500 -2488 5346 -16704 END