START 1820 6564 -3256 2831 -3410 973 END
START 3036 5820 320 2374 -2963 925 END
START -656 6552 5100 1692 -3367 896 END
START 800 5388 2764 1074 -2882 906 END
START 936 4820 1120 729 -3843 1140 END
START 1560 4580 -328 -174 -4016 1557 END
START 1216 4528 -1720 -1874 -3542 1960 END
START 976 4336 -2612 -4137 -3157 2252 END
START 616 3920 -2892 -5994 -3582 2319 END
START 96 3096 -2140 -7182 -4299 2568 END
START 60 2472 -1412 -8227 -5140 3127 END
START 668 2248 -788 -9308 -5453 3953 END
START 888 1404 24 -10798 -5732 4953 END
START 1492 880 780 -12287 -5645 6007 END
START 1640 1056 1816 -13652 -4873 6849 END
START 1392 416 3248 -15009 -4385 7598 END
START 1768 308 4360 -16245 -4316 8065 END
START 2552 -608 5764 -17441 -4111 8237 END
START 3352 -1628 7504 -18477 -3124 8410 END
START 3452 -2124 8396 -19478 -2374 8593 END
START 3360 -2612 9828 -20533 -1550 8372 END
START 2668 -3352 11848 -21460 -632 8289 END
START 2332 -4204 12740 -22097 -655 8412 END
START 2584 -5496 14392 -23274 -932 8526 END
START 2744 -6728 16228 -24004 -160 8465 END
START 2836 -8072 17560 -24849 240 8041 END
START 2864 -8900 19280 -25211 -1280 7842 END
START 3684 -9736 21884 -24743 -3497 8148 END
START 5600 -10256 23844 -24353 -5087 8849 END
START 7820 -10640 26196 -23985 -4903 8896 END
START 9704 -10792 28212 -23305 -3466 8251 END
START 11360 -10620 31048 -22150 -2895 6859 END
START 12752 -10244 32767 -19977 -2959 5177 END
START 14048 -9936 32767 -17490 -2600 3167 END
START 15080 -10272 32767 -15403 -1403 1007 END
START 15344 -10516 32767 -12779 -481 -1200 END
START 15020 -10192 32767 -9258 236 -3449 END
START 14512 -9808 32767 -5769 600 -5414 END
START 13676 -9020 32767 -3016 1506 -7113 END
START 12296 -8380 32767 -99 3362 -8801 END
START 10528 -8224 32767 2964 4561 -10487 END
START 8636 -8300 32767 6637 4721 -12073 END
START 7068 -8312 32767 10520 4457 -13284 END
START 5496 -8412 32767 13620 4697 -14185 END
START 3540 -8672 32176 16302 4222 -14467 END
START 2036 -8580 29312 18817 3403 -14147 END
START 1208 -8208 25700 20136 3451 -13773 END
START 396 -7660 22560 20566 3771 -13229 END
START -276 -7036 20060 21035 4205 -12393 END
START -852 -6180 16928 21443 4931 -11575 END
START -1252 -5592 14180 21297 5204 -10772 END
START -1948 -4772 11672 21005 4464 -9571 END
START -1372 -3904 8688 19469 4088 -8671 END
START -1048 -2980 6716 15912 4506 -8265 END
START -1632 -2280 6452 13466 5299 -7258 END
START -1796 -1356 5528 12355 5827 -5408 END
START -1292 -768 3708 10434 6478 -3428 END
START -1048 -712 2512 7805 6790 -1932 END
START -1044 -316 2180 5708 6103 -648 END
START -352 -164 1652 4146 5357 -15 END
START 232 276 1428 2744 4934 -87 END
START 500 4 1116 1169 4156 -464 END
START 732 196 884 -502 3551 -536 END
START 792 -56 868 -2212 3392 -310 END
START 616 -424 808 -3951 3355 229 END
START 336 -740 976 -5671 3177 836 END
START 96 -1252 1196 -7107 3107 1457 END
START -132 -1824 1820 -8368 3002 1925 END
START -124 -2472 2288 -9603 2724 2127 END
START -512 -3408 2892 -10799 2172 2440 END
START -808 -4300 3476 -12177 1759 2952 END
START -1520 -5644 4668 -13836 1595 3867 END
START -2344 -6256 6048 -15497 1559 5453 END
START -2628 -6500 7432 -17423 1517 6979 END
START -2828 -6792 9188 -19340 1865 8065 END
START -3032 -7460 12312 -20679 1576 8907 END
START -3512 -7896 16500 -20959 1043 9795 END
START -3448 -8064 20116 -20906 1270 10710 END
START -3340 -7928 24384 -20730 1910 11607 END
START -2836 -7928 28604 -20194 2749 12800 END
START -1720 -7680 32767 -18592 3799 13851 END
START -644 -7620 32767 -15790 4383 14227 END
START 732 -7360 32767 -12443 4660 13853 END
START 2356 -7228 32767 -9096 4585 12445 END
START 3152 -7144 32767 -5227 3431 10398 END
START 3324 -7364 32767 -597 1414 8195 END
START 3972 -7792 32767 3851 -505 6372 END
START 4604 -7936 32767 7546 -1855 4819 END
START 4432 -7808 32767 10987 -2739 3468 END
START 4040 -7772 32767 14176 -3298 2105 END
START 3304 -7628 32767 16915 -3891 878 END
START 2576 -7440 32767 19175 -4373 -51 END
START 1952 -7520 32188 21032 -4175 -890 END
START 1028 -7460 29396 22468 -4314 -1524 END
START 416 -6924 27048 23391 -4613 -1918 END
START 316 -6468 24364 24259 -4497 -2204 END
START -328 -6092 21136 24748 -4082 -2364 END
START -696 -5464 18076 23970 -3987 -2026 END
START -828 -4776 15944 22801 -3056 -1463 END
START -476 -4320 13888 21727 -1537 -934 END
START -128 -3716 11488 20514 -394 -786 END
START -416 -3196 9380 19109 -105 -901 END
START -560 -2728 7728 17700 -234 -872 END
START -600 -2448 6128 16239 -235 -596 END
START -672 -2268 4732 14587 -698 -111 END
START -204 -2104 4032 12644 -1039 176 END
START 240 -1776 3728 10970 -1196 607 END
START 720 -1196 3372 9407 -1354 1211 END
START 1588 -708 3508 7757 -1267 1657 END
START 2340 -164 3648 6099 -1326 2038 END
START 3544 52 4232 4457 -1727 2311 END
START 4692 184 4428 2953 -2400 2311 END
START 6528 236 5348 1452 -2849 1991 END
START 8128 52 6612 221 -2822 1405 END
START 9708 -208 8148 -528 -2725 712 END
START 11808 -136 9752 -1012 -2664 -134 END
START 14088 156 11588 -1371 -2298 -1245 END
START 15684 816 13032 -1383 -1577 -2873 END
START 16340 1780 13720 -1273 -782 -4959 END
START 16044 2828 14104 -1273 -207 -7359 END
START 14940 3188 13872 -1249 489 -9685 END
START 13184 3268 13524 -1655 1472 -11948 END
START 10164 2752 13296 -2418 3690 -13904 END
START 5804 1452 13576 -2970 6167 -15090 END
START 1100 348 13388 -3226 7766 -15024 END
START -3924 -232 13792 -3683 7435 -13812 END