START 2140 776 996 -10916 -2179 7759 END
START 2080 1420 6740 -11209 -3291 8179 END
START 4608 -268 -3492 -12031 -2648 8227 END
START 756 -556 2032 -13189 -3012 8983 END
START 780 -1184 2064 -14627 -2371 10185 END
START 1204 -1552 3180 -16312 -1610 11678 END
START 2008 -1872 3868 -17377 -216 12736 END
START 2320 -1692 4456 -18153 903 12404 END
START 2276 -1868 4604 -18266 506 11008 END
START 2224 -2000 5236 -18168 -1352 8848 END
START 1940 -2864 6716 -17371 -3275 7003 END
START 1800 -3552 7152 -16953 -3357 6412 END
START 1296 -3420 7704 -18177 -3091 6272 END
START 568 -3232 9352 -19091 -2420 6663 END
START 672 -4108 10344 -19447 -1652 7870 END
START 1808 -5104 10648 -21015 -673 9670 END
START 3524 -5996 11980 -23735 807 10989 END
START 4724 -5860 14600 -25311 1720 11665 END
START 5772 -4944 17188 -26158 2217 11062 END
START 6144 -4600 19604 -26633 1071 8929 END
START 6784 -5512 21484 -26450 -1929 6922 END
START 9012 -7456 24260 -26512 -4415 5627 END
START 12032 -9424 28908 -26685 -3952 5113 END
START 13724 -10060 32767 -25871 -641 4798 END
START 13784 -10228 32767 -23609 2005 3769 END
START 13996 -9592 32767 -20214 1947 1665 END
START 15176 -9588 32767 -17056 707 -1088 END
START 16144 -10548 32767 -13802 134 -3928 END
START 15508 -11052 32767 -9568 1656 -6142 END
START 13660 -10748 32767 -4774 2968 -7504 END
START 11784 -9796 32767 177 3640 -8529 END
START 10040 -9036 32767 4216 4403 -9744 END
START 8348 -8716 32767 8495 3889 -11436 END
START 6608 -8544 32767 12960 1783 -13391 END
START 4940 -8196 32767 16765 -1384 -15265 END
START 3568 -7656 32767 19753 -4123 -16604 END
START 2524 -7172 29444 21592 -4713 -17026 END
START 1552 -6816 25312 22850 -3975 -16429 END
START 280 -5904 21036 23195 -2627 -14950 END
START -168 -5240 17800 22931 -902 -13151 END
START -548 -4248 15028 22400 353 -11670 END
START -772 -3672 12232 21942 1029 -10739 END
START -540 -3292 8996 20627 909 -10343 END
START -1100 -2496 7276 18143 -265 -10235 END
START -1124 -2224 6316 16667 -1316 -9474 END
START -1240 -1740 5300 15536 -2032 -7987 END
START -1028 -1248 4588 13948 -2372 -6025 END
START -260 -876 3716 12018 -1745 -4289 END
START 308 -576 2780 10279 -811 -3174 END
START 780 -716 1320 7551 -222 -2297 END
START 748 -732 848 4501 -444 -1252 END
START 1172 -680 976 1845 -649 -162 END
START 1572 -924 1312 181 -979 709 END
START 1896 -1132 1568 -1151 -778 1299 END
START 1960 -1468 1804 -2720 -288 1741 END
START 1712 -2068 1772 -4345 626 2280 END
START 1356 -2540 2024 -5922 1142 3089 END
START 868 -2956 2520 -7730 790 3936 END
START 608 -3428 2940 -9252 153 4612 END
START 332 -3228 3628 -10507 -635 5185 END
START 196 -3348 4288 -11952 -672 5806 END
START -208 -3712 4928 -13818 -262 6649 END
START -240 -4260 5876 -15890 -68 7718 END
START -524 -4700 7572 -17626 110 8978 END
START -312 -5040 9144 -19120 376 10513 END
START 160 -5368 11400 -20807 791 12029 END
START 732 -5388 14372 -21921 1755 13503 END
START 1572 -5332 17992 -22340 3348 14720 END
START 1972 -5420 21240 -22622 4756 15713 END
START 2260 -5032 24844 -21985 4998 16353 END
START 3140 -4948 28744 -20246 4256 16475 END
START 4580 -4736 32516 -17903 3693 16038 END
START 6236 -4740 32767 -15370 4765 15434 END
START 7168 -5012 32767 -12528 6793 15017 END
START 8052 -5432 32767 -9470 8461 14261 END
START 8728 -5712 32767 -5730 9607 12361 END
START 8628 -6472 32767 -1454 8564 9580 END
START 8384 -6652 32767 2456 5239 6582 END
START 8288 -7000 32767 6169 2019 3617 END
START 7588 -7064 32767 9836 416 1178 END
START 6800 -7600 32767 13085 -255 -693 END
START 5752 -7828 32767 15656 -1031 -1842 END
START 4920 -7484 32767 17907 -1779 -2650 END
START 4400 -6676 30852 20012 -1748 -3906 END
START 3156 -6400 27952 21894 -1382 -5193 END
START 1872 -6332 24216 22789 -1722 -5795 END
START 1328 -5848 21560 22725 -2254 -5719 END
START 1056 -5348 19560 22380 -1790 -5188 END
START 848 -4912 16900 21921 -418 -4701 END
START 436 -4948 14392 20965 72 -4198 END
START 216 -4748 12452 19911 -247 -3486 END
START 144 -4704 11776 18741 -402 -2862 END
START 828 -4788 10968 17705 -153 -2174 END
START 1216 -4664 10140 16658 893 -1689 END
START 1088 -4496 8772 15485 1756 -1386 END
START 696 -4060 7688 14345 1548 -1010 END
START 576 -3672 6416 13479 947 -518 END
START 508 -3360 5560 12007 413 106 END
START 848 -3212 5160 10501 273 974 END
START 1092 -2976 4792 9039 -76 2180 END
START 2276 -2520 4516 7151 -369 3521 END
START 3984 -2152 5056 5103 -798 4415 END
START 6388 -1744 5624 3265 -927 4706 END
START 9068 -1196 6844 1676 -1293 4488 END
START 11892 -620 8028 528 -1875 3503 END
START 13976 -344 8944 -126 -2623 1679 END
START 15908 144 9644 -474 -3671 -459 END
START 17516 852 10476 -1271 -3647 -2663 END
START 18316 1304 11108 -2100 -2843 -5295 END
START 18008 1672 11340 -2647 -1616 -7940 END
START 16792 1876 11800 -3259 54 -10349 END
START 14308 1852 12388 -3949 1854 -12621 END
START 10920 2016 13328 -4202 3627 -14767 END