START -2720 7396 6852 -998 -3787 2948 END
START 2540 4616 -1084 -1637 -4513 2932 END
START 2704 4212 -1728 -2469 -4670 2468 END
START 644 3832 -968 -2579 -7183 2307 END
START 312 3236 -912 -2156 -10683 2765 END
START 376 3408 -1240 -1975 -13079 3108 END
START 356 3060 -1544 -2428 -13137 3479 END
START 796 2412 -2296 -4274 -11317 4599 END
START 1012 1784 -2116 -7593 -7918 6827 END
START 1528 1316 -1340 -11520 -4173 9605 END
START 2784 280 -236 -15179 -483 11703 END
START 2888 -96 1012 -17554 2170 12542 END
START 2696 -792 1900 -18698 2140 12006 END
START 2364 -1760 2888 -19210 215 10588 END
START 1576 -2976 4352 -19134 -2416 8918 END
START 1928 -4396 5912 -18900 -5954 8569 END
START 3024 -5260 7512 -18877 -7968 9312 END
START 4164 -5696 9232 -19603 -7257 10060 END
START 4344 -5192 10500 -20475 -4900 10598 END
START 3612 -4600 11304 -21162 -3394 10235 END
START 3372 -4308 12540 -21125 -5307 9061 END
START 4920 -5324 14444 -21071 -8948 8302 END
START 7468 -5996 16644 -21313 -11556 8623 END
START 9648 -6044 19292 -22256 -9884 9179 END
START 10848 -5792 21604 -23500 -5727 9662 END
START 11824 -6152 23444 -24062 -2978 9493 END
START 13588 -6804 25932 -24141 -2337 8838 END
START 15936 -7064 28760 -23829 -3131 7766 END
START 18032 -6712 31976 -23020 -3667 5839 END
START 19632 -6160 32767 -21710 -2383 3671 END
START 20432 -5740 32767 -19804 181 1628 END
START 20404 -5748 32767 -17471 2639 -149 END
START 19816 -5444 32767 -14171 4321 -1823 END
START 18792 -5020 32767 -10211 5724 -3787 END
START 17104 -4924 32767 -6093 6100 -6076 END
START 15572 -4860 32767 -2026 5531 -8490 END
START 13880 -4868 32767 1891 4516 -10759 END
START 12048 -4928 32767 5626 3839 -12772 END
START 9668 -5320 32767 9125 3742 -14265 END
START 7420 -5940 32767 12303 3738 -14970 END
START 5420 -5924 31680 15089 3802 -14861 END
START 3916 -6308 28032 17238 3682 -14431 END
START 2484 -5976 24524 18861 3466 -13609 END
START 1568 -5756 21032 19488 3390 -12668 END
START 912 -5116 17904 19359 3275 -11797 END
START 336 -4584 15488 18906 3120 -10927 END
START -120 -4416 12932 18555 2880 -10049 END
START -544 -3520 10744 18473 1832 -8956 END
START -832 -2360 8452 17795 986 -7920 END
START -536 -1632 5840 16216 1140 -6967 END
START -464 -1168 2820 13012 770 -5933 END
START -976 -1064 1572 9285 -310 -5004 END
START -264 -820 180 6175 -1891 -3724 END
START -796 -940 112 2915 -3294 -2899 END
START -732 -1024 512 400 -3569 -2108 END
START -892 -1336 1508 -504 -3106 -1160 END
START -1320 -1892 1568 -977 -2356 18 END
START -1280 -1996 924 -2114 -2276 1227 END
START -1408 -2072 676 -3836 -2580 2671 END
START -1284 -2800 1008 -5551 -2756 4455 END
START -1200 -3012 1468 -7618 -2667 6183 END
START -692 -3292 2248 -10065 -2303 7824 END
START -632 -3272 3372 -12693 -1453 9322 END
START -620 -3200 4960 -14800 -1303 10718 END
START -536 -3264 6912 -16101 -1016 12243 END
START 4 -3292 9040 -16992 -1178 13575 END
START 488 -3404 11520 -17596 -687 14495 END
START 764 -3816 14284 -18232 186 15352 END
START 724 -4304 17040 -18656 868 16390 END
START 1096 -4768 20728 -18481 1173 18116 END
START 2512 -4924 24668 -17483 1501 19922 END
START 5140 -4560 28736 -15839 2941 20971 END
START 7292 -4264 32536 -13941 5508 21089 END
START 9108 -4060 32767 -11487 7854 19990 END
START 11024 -3160 32767 -7666 10640 17046 END
START 12376 -3596 32767 -3189 12846 12809 END
START 12824 -4772 32767 367 11949 8931 END
START 12388 -5620 32767 3728 8555 5863 END
START 12248 -5576 32767 7187 5090 3074 END
START 12004 -5028 32767 10401 3312 320 END
START 11472 -5216 32767 13338 3799 -2380 END
START 10532 -5620 32767 16168 4038 -3882 END
START 9536 -6048 32767 18262 3987 -4604 END
START 8536 -6044 32636 20224 4282 -5163 END
START 7376 -5848 29336 21730 4638 -5990 END
START 5660 -5724 25924 22553 3850 -6923 END
START 4432 -4852 23320 22768 2136 -7686 END
START 4596 -4044 21568 22805 1059 -7998 END
START 4768 -3248 19276 22760 2096 -8560 END
START 3892 -3208 16512 21879 3706 -9199 END
START 2592 -3540 13520 20682 4606 -9404 END
START 588 -3712 10064 19490 3865 -9036 END
START -1244 -4020 7032 18379 1305 -7951 END
START -2572 -3692 4652 16789 -2223 -6405 END
START -2624 -3708 2816 13665 -5180 -4578 END
START -2108 -3304 3000 9943 -5561 -2639 END
START -1424 -2960 3872 7611 -3481 -630 END
START -672 -3068 4084 5938 -1276 1067 END
START -68 -2936 4212 4374 -1003 2393 END
START 964 -2924 4448 3301 -1792 3434 END
START 2428 -2584 5616 2676 -2856 4279 END
START 4440 -2056 6312 1992 -2888 4846 END
START 6788 -1648 7672 630 -2135 4573 END
START 9144 -1300 9516 -566 -1575 3899 END
START 12272 -1156 11924 -830 -1241 3440 END
START 15472 -700 14132 -610 -130 2703 END
START 17916 -68 16028 -416 1712 1227 END
START 19256 536 17656 134 3695 -877 END
START 19560 916 17920 1425 5472 -3876 END
START 18692 548 16812 2318 5906 -7814 END
START 16736 340 15880 2980 3940 -12128 END
START 14496 144 15056 3989 951 -15968 END
START 11984 -168 14196 4833 -1440 -19399 END
START 8116 -432 13592 4478 -1899 -22022 END
START 3336 -1052 13924 3648 -854 -22593 END
START -1012 -1444 14228 2680 662 -20449 END