START -2272 4756 9804 -6557 -3919 2235 END
START 2376 2952 3604 -6705 -3759 2603 END
START 2624 2616 2044 -7216 -3902 3445 END
START -16 2972 3508 -8434 -2920 4927 END
START 56 2916 1936 -10169 -2473 6228 END
START -32 2804 1264 -11821 -2317 7258 END
START 284 2132 1608 -13060 -3043 7934 END
START 788 1812 2360 -13805 -4219 8333 END
START 732 1268 3032 -14424 -4136 8423 END
START 512 828 3476 -15096 -4741 8224 END
START 320 612 4728 -15241 -6046 7985 END
START 1636 -516 5636 -15429 -7172 8039 END
START 3560 -2052 6660 -16488 -7084 8409 END
START 4580 -2328 8188 -17492 -5407 8740 END
START 5128 -2168 9584 -18177 -2849 8735 END
START 4540 -1772 10348 -18314 -965 8234 END
START 3552 -2100 10052 -18784 -735 7220 END
START 3124 -2656 10416 -19251 -1903 6328 END
START 3120 -3776 11440 -20171 -2185 6165 END
START 3716 -5088 13248 -21020 -1488 6680 END
START 4264 -4864 15420 -22112 -311 7486 END
START 4492 -5424 17672 -23035 1742 7768 END
START 3916 -5656 19356 -23236 3752 7562 END
START 3720 -6632 20316 -22674 4161 6903 END
START 4296 -8284 21620 -22651 2237 6236 END
START 5892 -9076 24064 -22700 -605 5629 END
START 7484 -9196 27468 -22286 -2713 4860 END
START 8696 -8592 31012 -20783 -2518 3781 END
START 9824 -8640 32767 -18842 -419 2668 END
START 10704 -9508 32767 -17293 1439 1845 END
START 11600 -10372 32767 -15228 2222 1093 END
START 12604 -10788 32767 -12460 2103 -362 END
START 12372 -10580 32767 -8845 1047 -3195 END
START 12080 -9924 32767 -4862 -1206 -6943 END
START 11056 -8612 32767 -1737 -2224 -11079 END
START 9128 -8764 32767 1238 -380 -13739 END
START 6332 -9704 32767 4303 1136 -14069 END
START 4692 -9840 32767 7218 2020 -13327 END
START 3464 -9796 32767 10098 2492 -12337 END
START 2580 -9492 32767 13065 2600 -11573 END
START 1544 -9056 30156 15734 2174 -11453 END
START 472 -8424 27264 17895 1337 -11371 END
START -184 -7584 24316 19231 615 -10970 END
START -148 -6764 21520 19623 565 -10490 END
START -204 -6224 18576 19729 435 -9809 END
START -424 -5644 16256 19312 -43 -9098 END
START -476 -4836 14004 18666 -414 -8413 END
START -584 -4060 11636 17756 465 -7688 END
START -888 -3496 9936 16296 1039 -6848 END
START -1312 -3076 8112 14822 1068 -5859 END
START -1660 -2664 6568 13318 337 -4678 END
START -1428 -2312 5212 11486 -330 -3481 END
START -1220 -2004 3920 9221 -740 -2332 END
START -1016 -1572 3160 6984 -1114 -1302 END
START -652 -1236 2416 5112 -1052 -244 END
START -332 -1276 1768 3204 -951 609 END
START 256 -1000 1364 993 -1196 1127 END
START 876 -924 1108 -1149 -1610 1459 END
START 1048 -696 1536 -2781 -2059 1820 END
START 1376 -904 1684 -4373 -2000 2297 END
START 1676 -1064 1696 -6225 -1859 2796 END
START 1836 -1564 1832 -8240 -2107 3184 END
START 1856 -1888 2948 -9794 -2773 3297 END
START 1688 -2436 4260 -10367 -3074 3395 END
START 1252 -3108 4672 -11285 -2825 3642 END
START 596 -3836 5544 -12873 -2216 4243 END
START -252 -4568 6964 -14427 -1252 5316 END
START -924 -5268 8368 -15760 -225 6590 END
START -1524 -5996 10524 -16854 167 8103 END
START -2036 -6796 13164 -17450 954 9799 END
START -2912 -6928 16220 -17666 2301 11208 END
START -3216 -6356 19820 -17546 2383 12520 END
START -2156 -6408 23632 -17059 1359 13653 END
START -220 -6960 28144 -15778 811 14747 END
START 2560 -7028 32356 -13788 1612 15682 END
START 5188 -6544 32767 -11629 3793 15746 END
START 7144 -6096 32767 -9011 5963 14929 END
START 8620 -5880 32767 -6380 6275 13282 END
START 10404 -6000 32767 -2944 4820 11055 END
START 11916 -6112 32767 1045 2832 8114 END
START 12604 -6352 32767 4689 1153 4891 END
START 12776 -6404 32767 7858 -30 2055 END
START 12480 -6596 32767 10722 -856 -275 END
START 11312 -6508 32767 13457 -1330 -2226 END
START 9928 -6608 32767 15780 -1592 -3747 END
START 8524 -7208 32767 17557 -1438 -4788 END
START 6868 -7620 31356 19285 -1425 -5509 END
START 5648 -7816 28768 20843 -1647 -6036 END
START 4628 -7888 25912 21764 -1538 -6156 END
START 3812 -7296 23400 21608 -748 -6080 END
START 2920 -6796 21432 21253 800 -5916 END
START 1700 -7040 18728 21220 2042 -5791 END
START 572 -7272 16312 21201 1740 -5271 END
START -60 -7148 13352 20559 1088 -4140 END
START -292 -6752 10820 19082 1070 -2931 END
START -600 -5960 9080 17204 880 -1771 END
START -668 -5156 7328 16005 1101 -920 END
START -560 -4552 5592 14610 1448 -460 END
START -372 -3564 4292 13029 1366 -182 END
START -108 -2880 3092 11414 805 259 END
START 276 -2564 2616 9981 -4 894 END
START 932 -2220 2096 8462 -786 1437 END
START 1680 -1732 2268 6558 -1482 1788 END
START 2968 -1044 2896 4795 -1625 2113 END
START 4404 -424 3924 3220 -1045 2293 END
START 6008 -44 4996 1968 303 2454 END
START 7648 80 6056 627 1554 2407 END
START 9172 -72 7044 -441 1683 2103 END
START 10916 204 8712 -1128 569 1469 END
START 13136 176 10676 -1150 -978 126 END
START 15436 484 12540 -890 -1666 -1537 END
START 17500 424 14308 -748 -1113 -3685 END
START 19232 532 15896 -411 98 -5741 END
START 19420 776 16404 176 1730 -8060 END
START 18200 1188 16448 553 3325 -10714 END
START 15908 1400 16028 941 4791 -13446 END
START 12788 1124 15468 1309 5520 -15889 END
START 8812 492 14396 1626 5899 -17817 END
START 4660 -492 13916 1774 6243 -18794 END
START -172 -956 14252 1886 6717 -18728 END