START 2232 2440 160 1223 -3176 1747 END
START -3052 5124 11472 -138 -3408 2151 END
START -3184 4016 2540 -3235 -2547 2303 END
START -1084 3452 -1268 -6609 -3498 3750 END
START 360 2568 -1728 -7693 -5664 6095 END
START 1300 2980 -884 -7789 -6001 7690 END
START 2788 3788 -848 -8376 -4060 8481 END
START 3028 4612 -656 -9568 -1633 9009 END
START 3536 4220 -840 -11026 -1389 9165 END
START 3496 4156 4 -11691 -3555 8565 END
START 3400 3492 1148 -11220 -5779 7756 END
START 3544 2760 1320 -10586 -7365 6719 END
START 3340 1124 1244 -10934 -6623 6471 END
START 2388 -984 1540 -11978 -4553 7636 END
START 1136 -2336 1872 -13181 -3048 9979 END
START 672 -1544 1716 -14955 -2125 12677 END
START 1192 -744 1756 -17708 -2394 14055 END
START 2908 -1060 3420 -19628 -3104 14199 END
START 4736 -2228 5304 -20627 -2452 13735 END
START 4928 -3428 6792 -21359 142 12447 END
START 3812 -3772 8484 -21875 2062 11490 END
START 2556 -4000 9708 -22120 1982 11018 END
START 2624 -4332 10724 -22336 435 10929 END
START 3840 -5628 11612 -23350 -624 10867 END
START 4468 -7036 13364 -24974 934 10541 END
START 4280 -7860 16096 -25921 3684 10626 END
START 2896 -7612 18224 -26465 4586 10605 END
START 2764 -8308 20152 -26378 2718 10359 END
START 3936 -8820 21808 -25984 349 9868 END
START 6000 -10712 23856 -25741 -985 8692 END
START 9720 -13208 26608 -24860 -1622 6969 END
START 12752 -14676 30960 -24838 -351 4386 END
START 13160 -14288 32767 -23234 3103 1251 END
START 11940 -14204 32767 -19115 6176 -1101 END
START 10528 -14664 32767 -15492 7097 -2637 END
START 9812 -14812 32767 -12400 6401 -3536 END
START 10076 -14812 32767 -8704 5421 -4273 END
START 10124 -14304 32767 -4579 5321 -5227 END
START 9284 -13136 32767 -214 6124 -6401 END
START 8184 -11892 32767 3899 6287 -7654 END
START 6956 -10796 32767 7734 5326 -9245 END
START 5476 -9844 32767 11305 3138 -11041 END
START 3988 -9188 32767 14710 408 -12714 END
START 2976 -8464 32368 17406 -2705 -14051 END
START 2684 -7372 29336 19460 -4607 -15102 END
START 2276 -6488 26392 21071 -4549 -15621 END
START 1916 -5924 23256 22262 -4017 -15582 END
START 1156 -5404 20144 22771 -4157 -15320 END
START 612 -4536 17120 22853 -3969 -14560 END
START -392 -4116 14472 22290 -2516 -13082 END
START -1188 -3848 11464 20922 -1656 -11226 END
START -1712 -3344 8692 18656 -2366 -9675 END
START -1844 -2744 7400 16638 -3129 -8382 END
START -1836 -2460 6320 14906 -2905 -6950 END
START -1580 -2044 4816 12775 -2264 -5653 END
START -1504 -2096 3216 10273 -2534 -4385 END
START -1396 -1820 2368 7808 -2815 -2764 END
START -928 -1540 1772 5488 -2073 -1311 END
START -320 -1596 424 2522 -1493 -404 END
START 380 -1612 -564 -1303 -1560 -309 END
START 396 -1740 -136 -4167 -1838 -560 END
START 364 -1492 900 -4690 -2746 -137 END
START 188 -2200 884 -4749 -2583 992 END
START 196 -2272 640 -6083 -927 2468 END
START -76 -2828 536 -8027 1492 4213 END
START -408 -3336 956 -9950 2904 5892 END
START -308 -3544 1336 -11684 2893 7209 END
START 36 -3756 2292 -13649 2780 7891 END
START 180 -4124 3620 -15444 2757 8004 END
START -320 -4576 5912 -16919 1798 8404 END
START -552 -5244 8808 -18094 494 9189 END
START -552 -6004 12380 -19001 637 10652 END
START -176 -6252 15788 -19847 1732 12853 END
START 636 -6472 20440 -20460 3442 15154 END
START 1260 -6456 24888 -20157 5819 17167 END
START 1740 -6736 28864 -18694 7587 18678 END
START 3092 -7140 31848 -17306 7845 19253 END
START 4716 -7096 32767 -15601 7059 18314 END
START 6096 -7448 32767 -12332 6054 16234 END
START 7140 -7868 32767 -8335 5165 13763 END
START 7816 -7836 32767 -3937 4433 11177 END
START 8168 -8104 32767 410 3865 8562 END
START 8404 -8596 32767 4100 3521 6366 END
START 8384 -8868 32767 7755 3045 4438 END
START 8136 -8728 32767 10934 1893 2666 END
START 7568 -8696 32767 13579 459 735 END
START 6764 -8392 32767 16218 -539 -1239 END
START 5676 -8572 32767 18816 -2146 -3074 END
START 5120 -8292 31060 21048 -3696 -4580 END
START 4744 -7912 28596 22873 -3694 -5860 END
START 3668 -7620 25552 24182 -2525 -6585 END
START 2284 -7416 22024 24320 -1413 -6479 END
START 1276 -6748 19084 23741 -216 -5946 END
START 564 -6404 16244 22843 453 -5294 END
START -104 -6216 13956 21979 483 -4746 END
START -572 -5524 11880 21116 593 -4547 END
START -1256 -5392 9716 20302 780 -4630 END
START -1744 -5332 7528 19020 -195 -4170 END
START -1884 -5204 6028 17233 -1513 -2763 END
START -1052 -4704 5016 14885 -1909 -645 END
START 308 -3840 4360 12201 -1752 1734 END
START 1524 -2944 4096 9798 -1408 3479 END
START 3572 -2020 4444 7779 -411 4321 END
START 4828 -1308 4304 6167 180 4229 END
START 6452 -1232 4584 4809 -842 3578 END
START 8716 -888 5396 3789 -2741 2736 END
START 10656 -836 6388 3026 -3987 1405 END
START 12792 -856 7408 2053 -4504 264 END
START 14468 -760 8528 1123 -3760 -813 END
START 16220 -680 9856 247 -2193 -1919 END
START 17040 -64 10792 -188 -74 -3191 END
START 17424 216 10640 -559 2042 -5052 END
START 16712 760 10780 -1104 3761 -7590 END
START 15520 916 10680 -1130 5018 -10531 END
START 13124 520 10872 -1166 5619 -13829 END
START 9560 376 11244 -1086 6143 -16718 END
START 5252 -468 10988 -1283 6602 -18674 END
START 432 -508 11920 -2219 6663 -18923 END
START -4620 -664 12724 -3212 7002 -17046 END