START 4752 3656 -3968 -12110 589 8592 END
START 2564 4724 4804 -12638 -612 8969 END
START 7288 2092 -9972 -14064 798 9071 END
START 3304 1112 -5296 -15972 1017 9905 END
START 732 80 -3064 -18455 1996 11490 END
START 656 -736 -3424 -21438 2042 13475 END
START 560 -668 -2960 -25337 2796 15115 END
START 196 -1576 -1660 -28564 4074 16479 END
START 176 -2328 4 -30970 4180 18182 END
START 1192 -3056 1792 -32067 3518 19029 END
START 2236 -3984 3716 -32768 3945 18060 END
START 2696 -4852 5728 -32768 4587 16263 END
START 1528 -5632 7640 -32768 4413 14866 END
START 1120 -6768 9800 -32768 2230 15089 END
START 1688 -7888 13156 -32768 -124 16244 END
START 3224 -8680 16748 -32768 -1153 17929 END
START 5672 -9280 20352 -32768 826 18671 END
START 7448 -9564 23384 -32768 3713 17579 END
START 8032 -10044 26692 -32768 4630 15854 END
START 9464 -10912 30056 -31936 2103 14306 END
START 11748 -10368 32476 -29010 -922 12452 END
START 13852 -9920 32767 -26486 -1597 9209 END
START 14688 -9464 32767 -24519 108 6157 END
START 14952 -9760 32767 -22313 2772 4226 END
START 15180 -10084 32767 -19333 6151 2378 END
START 15024 -10756 32767 -15736 8242 242 END
START 14756 -11184 32767 -12224 7228 -2282 END
START 14252 -11200 32767 -7580 4391 -5052 END
START 13612 -10860 32767 -2045 1352 -7962 END
START 12568 -10424 32767 2804 154 -10679 END
START 10812 -9984 32767 6278 1080 -12530 END
START 8800 -9740 32767 9591 2144 -13368 END
START 6780 -9552 32767 12718 2901 -13618 END
START 5052 -9272 29644 15122 2939 -13587 END
START 3504 -8432 26588 16695 2305 -13524 END
START 2452 -7836 23812 18054 1738 -13748 END
START 1308 -7200 21216 19372 1306 -13687 END
START 220 -6680 18064 20025 695 -13440 END
START -516 -6052 15096 19693 142 -12921 END
START -1196 -5348 12840 18963 -992 -11888 END
START -1416 -4652 10572 17680 -1821 -10765 END
START -1776 -3984 8652 16175 -2654 -9581 END
START -1804 -3288 7208 14347 -3042 -8255 END
START -1836 -2572 6000 12173 -3018 -7066 END
START -1788 -2116 4948 9785 -2304 -5701 END
START -1972 -1812 3880 7658 -1521 -4150 END
START -2188 -1536 2768 5259 -1589 -2426 END
START -2088 -1380 2000 2671 -1776 -829 END
START -1796 -956 2156 387 -1538 449 END
START -1632 -924 1988 -1476 -1228 1350 END
START -1356 -1084 1764 -3717 -1297 2293 END
START -1124 -1148 1836 -6148 -1655 3063 END
START -812 -1572 2580 -7940 -1697 3778 END
START -612 -2052 3188 -9393 -1666 4611 END
START -364 -2560 3676 -11309 -2084 5350 END
START -112 -2900 4804 -13080 -1898 6292 END
START 312 -3352 6328 -14749 -1243 7384 END
START 716 -4028 8008 -16316 -757 8657 END
START 1328 -4556 10392 -17901 -28 9700 END
START 1644 -5044 12920 -18972 1103 10507 END
START 1792 -5516 16420 -19304 1477 11571 END
START 2660 -6112 20284 -19151 1396 12920 END
START 3584 -6928 24108 -18865 1307 14309 END
START 4888 -7648 28400 -17612 1321 15092 END
START 6272 -8364 32284 -15175 1591 15082 END
START 7428 -8872 32767 -12051 2812 14547 END
START 8336 -8996 32767 -8257 4129 13800 END
START 9364 -9212 32767 -4153 4575 12504 END
START 10508 -9180 32767 -320 4257 10663 END
START 11328 -9044 32767 3223 3541 8372 END
START 12168 -8924 32767 6765 2778 5827 END
START 12316 -8692 32767 10261 1533 3153 END
START 12224 -8016 32767 13362 -105 451 END
START 12008 -7404 32767 15949 -816 -2094 END
START 11204 -7192 30852 18311 -650 -4515 END
START 10404 -6980 28396 20136 -220 -6496 END
START 9400 -6816 25868 21393 313 -8068 END
START 8132 -6576 23044 22143 1045 -9116 END
START 6848 -6080 20020 22098 2352 -9670 END
START 5236 -5944 16940 21028 3334 -10051 END
START 3488 -5484 14600 19946 2765 -9982 END
START 1960 -5400 12736 19464 2188 -9411 END
START 812 -5252 10796 18566 2513 -8558 END
START -420 -5364 8708 16491 3590 -7563 END
START -2172 -5616 7552 14269 4245 -6189 END
START -3048 -5772 7100 12532 4107 -4291 END
START -3516 -5464 6580 11165 3393 -2342 END
START -3716 -5400 6256 9792 2061 -476 END
START -3176 -4584 6316 8424 735 900 END
START -2236 -3904 6388 7265 160 1740 END
START -1536 -3268 6768 6297 -238 2432 END
START -820 -2512 7152 5460 -660 3065 END
START 416 -1996 7500 4641 -788 3456 END
START 1416 -1732 7872 3832 -742 3820 END
START 2572 -1332 8336 2752 -1148 4289 END
START 4000 -1104 9056 1568 -1149 4656 END
START 5540 -916 10060 554 -778 4996 END
START 7288 -972 11068 -457 -580 4938 END
START 9100 -984 12156 -1084 -222 4423 END
START 10984 -1432 13296 -1517 -270 3514 END
START 12860 -1580 14800 -1723 -828 2341 END
START 14792 -1516 16260 -1523 -1577 905 END
START 16884 -1464 17204 -1266 -2113 -845 END
START 18608 -1216 18408 -1001 -1282 -3160 END
START 19316 -828 18808 -512 1147 -5947 END
START 19028 -520 18592 -90 3044 -8681 END
START 18016 -164 17932 234 4083 -11393 END
START 16580 164 16888 471 4968 -14072 END
START 14760 484 15896 275 5964 -16465 END
START 12728 380 15000 -508 7510 -18868 END
START 9800 -312 14332 -1127 9614 -20956 END
START 6148 -1592 13516 -1721 11423 -22842 END
START 872 -3312 14184 -1527 10576 -24998 END