START 1000 4640 9568 1873 -3094 -32 END
START -3164 6452 19164 1487 -2641 193 END
START -4520 5936 12204 568 -1656 549 END
START -1616 4652 7296 -988 -621 1815 END
START -120 3496 4660 -2773 -592 3051 END
START 264 3116 4116 -4039 -675 4057 END
START 732 2656 3736 -4631 -154 4853 END
START 828 2204 3376 -4595 496 5567 END
START 1020 1824 2108 -4415 322 6265 END
START 1228 1528 720 -4854 -286 6666 END
START 2212 2448 188 -5801 -369 6880 END
START 1760 416 -12 -6805 135 6500 END
START 1760 -948 -1120 -7669 14 5903 END
START 704 -1940 -1464 -8004 -2565 5577 END
START 1620 -2424 -1920 -8595 -5957 5586 END
START 1572 -1632 -152 -9857 -7390 5711 END
START 2076 -1660 1152 -10939 -6913 6075 END
START 2092 -1312 2252 -12511 -5394 6555 END
START 2648 -1304 3416 -14253 -4475 7029 END
START 2528 -1800 4836 -15744 -3482 7007 END
START 2488 -2480 5776 -16809 -2787 7073 END
START 2164 -3800 7592 -18413 -2061 7441 END
START 2236 -4904 11240 -19642 -1270 8467 END
START 3376 -6156 13956 -20317 119 9329 END
START 3452 -6536 16640 -20786 1759 9163 END
START 2828 -6680 17832 -20743 2400 8237 END
START 1828 -7120 18256 -20765 2124 6635 END
START 1056 -8868 20196 -21119 358 5214 END
START 1856 -10212 23924 -20887 -2260 5322 END
START 4320 -11116 27136 -20148 -3047 5855 END
START 5764 -10672 29568 -19797 -1972 5680 END
START 5888 -9876 31120 -18847 -830 4705 END
START 5612 -9692 32192 -17443 -892 3680 END
START 6780 -10112 32767 -16304 -2917 3401 END
START 9712 -10436 32767 -14798 -4383 2918 END
START 12036 -9856 32767 -12441 -2130 1234 END
START 12280 -9260 32767 -9762 189 -616 END
START 12320 -8116 32767 -7599 170 -2075 END
START 13004 -7016 32767 -5296 -578 -3596 END
START 13444 -5664 32767 -2691 -526 -5774 END
START 12756 -5644 32767 45 -926 -8474 END
START 11436 -5704 32767 3271 -2534 -10931 END
START 10372 -5636 32767 6739 -3257 -13649 END
START 8800 -5772 32767 10057 -2775 -15822 END
START 6660 -6180 32767 13286 -2504 -16783 END
START 4912 -6140 32767 16108 -1913 -16782 END
START 3348 -6100 31088 18041 -707 -16514 END
START 1428 -5976 27552 19163 738 -15964 END
START -28 -6088 24416 19944 1239 -15123 END
START -952 -5800 21236 20535 1073 -14238 END
START -1148 -5012 18100 20799 683 -13442 END
START -1628 -4420 15636 20904 313 -12864 END
START -2312 -3740 12440 20769 330 -11758 END
START -2136 -3356 9148 19228 704 -10370 END
START -2260 -2356 6556 16925 1236 -8865 END
START -1976 -1700 4676 14986 1567 -7237 END
START -1616 -1060 2628 12943 1561 -5739 END
START -940 -700 1032 10282 1308 -4496 END
START -352 -352 -48 7952 1617 -3662 END
START 144 -508 -844 5820 1961 -3073 END
START 204 -848 -1548 3631 1986 -2524 END
START 16 -1308 -1728 1694 1649 -1920 END
START -240 -1820 -1632 -182 1298 -1203 END
START -480 -2664 -1464 -2064 1214 -318 END
START -628 -3280 -1352 -4099 587 782 END
START -632 -3836 -404 -5905 8 1670 END
START -724 -4304 552 -7459 65 2376 END
START -1036 -4872 1308 -8892 -75 3067 END
START -1548 -4868 2080 -10221 -725 3968 END
START -1576 -4540 2944 -11940 -1329 5057 END
START -1852 -4504 4384 -13831 -1249 6259 END
START -1920 -4964 6172 -15688 -1605 7571 END
START -1856 -5196 8280 -17150 -1952 8951 END
START -2004 -5640 11060 -18404 -1391 9963 END
START -2700 -6280 13780 -19046 -1458 11022 END
START -3420 -6404 16764 -19407 -3649 12703 END
START -2532 -5680 20408 -19706 -5554 15634 END
START -800 -4256 24932 -19729 -4271 18462 END
START 1380 -3448 28728 -19190 -900 20138 END
START 3496 -3648 32224 -17888 1737 20893 END
START 5940 -4556 32767 -16550 2589 20936 END
START 8916 -4228 32767 -14409 3485 19699 END
START 11148 -4464 32767 -10755 5241 17143 END
START 11968 -5160 32767 -6376 6210 13927 END
START 12004 -5700 32767 -1968 6163 10645 END
START 11680 -6516 32767 2206 4948 7535 END
START 10776 -7148 32767 5718 2816 4795 END
START 9900 -7508 32767 8919 596 2249 END
START 9300 -7488 32767 11650 -847 -223 END
START 8440 -7804 32767 14503 -1767 -2531 END
START 7272 -8152 32767 17439 -2195 -3974 END
START 5824 -8296 32767 19644 -1554 -4483 END
START 4384 -7764 30108 21031 -125 -4821 END
START 3092 -7068 27624 22294 357 -5034 END
START 2324 -6512 24424 23034 509 -5392 END
START 1920 -6560 21312 23121 341 -5932 END
START 1400 -6016 19192 23016 -223 -6194 END
START 1184 -5760 17172 22753 -557 -6180 END
START 564 -5484 14588 22064 -289 -6079 END
START -72 -5364 12460 20895 595 -5868 END
START -776 -5228 10308 19614 1105 -5502 END
START -1352 -5116 8412 17962 1444 -4720 END
START -2096 -4620 6812 16177 1164 -3564 END
START -2392 -4144 5660 14530 702 -2349 END
START -2472 -3568 4736 12724 875 -1131 END
START -2644 -3220 3936 10678 474 166 END
START -2040 -3004 3568 8946 -814 1733 END
START -504 -2372 3428 7265 -1629 3207 END
START 1336 -1636 3600 5375 -1432 4173 END
START 2932 -840 4340 3554 -1239 4815 END
START 4768 -160 5064 2103 -1556 5241 END
START 6968 192 6124 923 -2460 5169 END
START 9544 268 7024 -155 -3516 4529 END
START 12328 -84 8416 -853 -4518 3342 END
START 15172 -456 10048 -1469 -5225 1860 END
START 18276 -400 12096 -1964 -4615 140 END
START 19956 -56 13484 -1913 -2817 -2222 END
START 20548 256 14204 -1652 -944 -4805 END
START 20380 692 14208 -1285 373 -7463 END
START 19420 1184 13588 -1256 1657 -10370 END
START 17360 1376 13172 -1534 3044 -13439 END
START 14424 1432 12936 -1822 4644 -16210 END
START 10472 784 13096 -1859 7088 -18241 END
START 5820 -460 12956 -1828 9727 -19102 END
START 512 -1696 13548 -2202 11643 -18708 END