START 2412 3588 9188 3319 -3705 45 END
START -1520 5320 15676 3194 -3887 68 END
START 212 4828 8852 2733 -4291 44 END
START 1676 4440 6172 2251 -5936 -143 END
START 1576 4356 6064 2388 -6024 -333 END
START 1228 4108 5460 2293 -5655 27 END
START 1344 3984 4548 1684 -4541 781 END
START 1312 3516 3680 793 -2233 2074 END
START 868 2696 2220 -149 -409 3859 END
START 456 1728 1280 -1344 402 5848 END
START 192 1220 652 -2491 434 7641 END
START 152 444 536 -3573 389 8884 END
START 252 164 112 -4523 359 9283 END
START -84 -24 -12 -5223 -355 9032 END
START -680 -196 -108 -5958 -1630 8379 END
START -892 -548 -52 -7289 -2685 8010 END
START -1080 -920 584 -8462 -4000 8224 END
START -332 -1560 1644 -9802 -5082 9061 END
START 1540 -1812 3388 -11540 -5367 9762 END
START 3100 -2388 5508 -12920 -5022 9942 END
START 4336 -3388 7624 -13386 -4403 8991 END
START 4796 -3340 9208 -13195 -4637 7153 END
START 4460 -3972 10496 -13815 -5022 5347 END
START 4600 -5408 12636 -14720 -6115 5341 END
START 5824 -6508 15404 -15529 -4722 6865 END
START 7528 -7520 17000 -16387 -445 8693 END
START 7760 -7424 18608 -17841 3268 9381 END
START 7196 -7544 20840 -18104 3963 8975 END
START 6904 -7932 22736 -16993 2170 8062 END
START 8032 -8252 24320 -16512 774 7467 END
START 8884 -9304 25992 -16489 629 6957 END
START 10124 -9636 28048 -16322 746 6411 END
START 11316 -9028 30276 -15361 1061 5301 END
START 12060 -8320 32080 -14067 763 3317 END
START 13208 -7692 32767 -12905 -665 415 END
START 14040 -7364 32767 -11148 -1017 -2346 END
START 13956 -7632 32767 -8652 -620 -4608 END
START 13996 -7260 32767 -6922 -288 -5987 END
START 13100 -6536 32767 -5164 -1053 -7235 END
START 12372 -5524 32767 -2519 -1694 -8700 END
START 11164 -5072 32767 699 -1311 -10397 END
START 9420 -4716 32767 3930 -1183 -12078 END
START 7992 -4540 32767 7065 -1067 -13628 END
START 6416 -4856 32767 9927 -438 -14757 END
START 4708 -5184 32632 12165 -153 -15128 END
START 3136 -5388 30080 14275 -50 -14820 END
START 2324 -5388 27276 16282 583 -13672 END
START 1432 -4996 23784 17008 1983 -12319 END
START 528 -4348 20412 16787 2832 -11002 END
START 60 -3628 17820 16601 2757 -10181 END
START -452 -3016 15328 16627 1803 -9880 END
START -528 -2452 12524 16314 844 -9571 END
START -912 -2184 10600 15425 273 -8957 END
START -972 -1748 8604 14026 13 -7967 END
START -964 -1648 7020 12378 -39 -6843 END
START -916 -1284 5632 10506 -58 -5560 END
START -832 -1140 4672 8578 229 -4168 END
START -724 -952 3796 6679 724 -2755 END
START -624 -816 3156 5051 1081 -1463 END
START -172 -656 2440 3277 1287 -396 END
START 208 -532 1956 1377 1236 352 END
START 764 -316 2004 -116 1231 1021 END
START 1156 -592 1980 -1687 1614 1551 END
START 1520 -768 1732 -3640 1991 1754 END
START 1680 -1156 2064 -5331 2141 1575 END
START 1568 -1704 2692 -6382 1503 1276 END
START 1360 -2804 3064 -7343 750 1340 END
START 1180 -3568 4192 -8781 522 2054 END
START 1304 -4516 5712 -9947 1038 3607 END
START 1120 -4476 7456 -11195 2275 5321 END
START 724 -4284 9676 -12241 3872 6524 END
START -60 -4052 11616 -12851 4651 7194 END
START -1296 -4280 14124 -13538 4602 7935 END
START -1920 -4440 17504 -14008 4707 9341 END
START -2136 -4532 20640 -14149 5252 11235 END
START -2048 -4280 24344 -14037 5618 13323 END
START -1628 -3824 28068 -13205 5707 15473 END
START -256 -3344 32416 -11289 5498 17264 END
START 2076 -2660 32767 -8732 5309 18299 END
START 4828 -2188 32767 -7004 4966 17931 END
START 7792 -1836 32767 -4311 3585 16139 END
START 10024 -1596 32767 -399 2095 12886 END
START 11036 -1732 32767 3368 1140 8768 END
START 10500 -1860 32767 6712 128 5116 END
START 9560 -2264 32767 9883 -1585 2468 END
START 9436 -3612 32767 12804 -2949 799 END
START 9288 -3648 32767 14409 -3257 -548 END
START 8428 -3256 32767 16297 -3548 -2246 END
START 7484 -2720 31808 18322 -4065 -4200 END
START 5908 -2152 29468 20126 -4064 -6178 END
START 4436 -2440 26036 21258 -3351 -7608 END
START 3264 -3136 22580 21002 -2411 -8226 END
START 2020 -2792 20288 20608 -2627 -7645 END
START 1304 -2092 18064 20352 -2475 -6504 END
START 432 -1260 15432 19367 -1316 -5688 END
START -988 -1064 12880 18046 -1350 -5110 END
START -1308 -1280 10728 16743 -1873 -4363 END
START -1556 -1360 9164 15100 -1898 -3602 END
START -1680 -1452 8328 13731 -1553 -2890 END
START -2584 -1416 7472 12198 -1479 -1829 END
START -3052 -1704 6172 10530 -1990 -374 END
START -2916 -2268 5436 8668 -3327 1650 END
START -1816 -2360 5592 6754 -3795 3888 END
START -420 -1628 5916 5044 -3021 5674 END
START 1072 -1304 6132 3730 -2568 6762 END
START 2720 -1012 6100 2621 -3151 7276 END
START 4724 -624 6048 1763 -4378 7665 END
START 7280 -712 6240 573 -5183 7985 END
START 10460 -364 6816 -708 -4875 8041 END
START 13540 -56 7784 -1836 -3869 7456 END
START 16308 256 8924 -2685 -2405 6156 END
START 18616 520 9800 -3291 -888 4241 END
START 20492 1264 10504 -3635 478 1752 END
START 21464 1668 11012 -3684 1790 -1398 END
START 21628 2028 10948 -3794 3294 -5100 END
START 20204 2560 10832 -4172 4996 -9108 END
START 17664 2988 10940 -4885 6070 -13131 END
START 14700 2764 11852 -5277 7438 -16556 END
START 11900 1944 13028 -4966 10678 -18938 END
START 4808 852 15512 -4211 14159 -20054 END
START -108 -1204 15916 -4007 17041 -18544 END