START -2552 5736 9004 -6206 -364 4140 END
START 3100 3448 -548 -6526 -521 4259 END
START 4348 2612 -868 -7247 -846 4585 END
START 2388 2948 1048 -7961 49 4974 END
START 1172 2912 2236 -8235 938 5180 END
START 700 2656 1744 -8691 765 5386 END
START 300 2032 1476 -9348 -561 5959 END
START 300 1488 1732 -9820 -2696 6637 END
START 1160 660 1932 -10580 -3248 6994 END
START 1140 -420 2380 -11595 -2143 7150 END
START 388 -1124 3044 -12672 -1229 7381 END
START -900 -1512 3624 -13643 -1505 8181 END
START -1436 -2188 4420 -14569 -2587 9501 END
START -876 -2760 5256 -15563 -3437 11003 END
START 616 -3360 6228 -16880 -4321 12087 END
START 2880 -3480 7808 -18067 -3900 12229 END
START 3888 -3184 9656 -19105 -2038 11402 END
START 3040 -2188 11920 -19999 24 10021 END
START 1684 -2252 13296 -19691 -724 8850 END
START 2108 -3040 14152 -19344 -3762 8197 END
START 3616 -4140 15124 -19343 -5790 7544 END
START 5044 -5784 16628 -20249 -3878 7372 END
START 5276 -6180 18312 -21496 541 7767 END
START 4288 -5516 20064 -23007 3448 8549 END
START 4552 -5828 22612 -23248 3388 9349 END
START 5996 -6108 24200 -22596 2028 9315 END
START 8116 -7396 25520 -21832 547 8217 END
START 10272 -8448 27492 -20933 63 6377 END
START 11968 -9128 30184 -19664 573 4793 END
START 12980 -8464 32767 -18266 1202 3360 END
START 13284 -8240 32767 -15749 1466 1223 END
START 13660 -8364 32767 -13000 923 -1175 END
START 14128 -8960 32767 -10359 773 -3371 END
START 14400 -9376 32767 -7614 1997 -5464 END
START 13252 -8940 32767 -4964 3163 -7300 END
START 11512 -8024 32767 -1912 2276 -9312 END
START 10204 -7120 32767 1681 288 -11403 END
START 8880 -6600 32767 4638 -1519 -13302 END
START 7676 -6368 32767 7523 -2838 -14457 END
START 6708 -5996 32767 10414 -3052 -15130 END
START 6076 -5524 32767 12740 -2860 -15771 END
START 4756 -5148 31056 14651 -2925 -16189 END
START 3288 -4552 28288 16652 -2506 -15883 END
START 2140 -4244 25024 17706 -1645 -15176 END
START 1156 -3856 22092 18166 -1714 -14390 END
START 560 -3300 19212 18431 -2773 -13420 END
START 408 -2752 16768 18066 -3609 -12756 END
START 176 -1988 14752 17428 -3915 -12277 END
START 32 -1700 13256 17035 -4026 -11597 END
START 344 -1224 11512 16248 -3877 -11036 END
START 352 -932 9920 15274 -3313 -9967 END
START 284 -704 8216 13772 -2331 -8462 END
START 208 -324 6696 11483 -1253 -6761 END
START 220 -76 5472 9283 -445 -5201 END
START 176 52 5172 7489 21 -3900 END
START 676 196 4380 5970 632 -2831 END
START 984 396 3960 4151 1478 -2110 END
START 876 344 3532 2420 1943 -1599 END
START 1072 204 3016 992 1489 -1138 END
START 1204 356 2708 -507 734 -831 END
START 1728 172 2748 -1947 137 -596 END
START 2104 -28 2928 -3399 106 -281 END
START 2516 -468 3128 -5052 768 161 END
START 2400 -1116 3604 -6723 1767 583 END
START 1868 -1992 4272 -8337 2389 1428 END
START 1360 -2064 4780 -10036 2488 2597 END
START 948 -2408 5928 -11579 2367 3789 END
START 788 -2880 7296 -13010 2639 4716 END
START 216 -3348 8632 -14350 2801 5582 END
START -604 -4028 10712 -15774 2645 6364 END
START -1880 -4348 13596 -16660 2305 7764 END
START -3120 -4444 16588 -17354 2235 10018 END
START -4056 -4072 19632 -17474 2145 12517 END
START -4608 -4172 22364 -16846 892 15185 END
START -3516 -4184 24824 -15823 -558 18209 END
START -672 -4220 27324 -15333 -637 21644 END
START 3000 -4408 30136 -14822 1082 23674 END
START 6508 -4788 32767 -13547 3225 23868 END
START 9440 -4676 32767 -10689 4515 21790 END
START 11820 -4152 32767 -6540 5049 17932 END
START 12876 -4060 32767 -2275 5221 13301 END
START 12628 -4592 32767 1863 4389 9499 END
START 12508 -4828 32767 5924 2659 6940 END
START 12796 -4532 32767 8588 1242 4332 END
START 12524 -4556 32767 10802 1071 1605 END
START 11796 -4516 32140 12990 1726 -947 END
START 10652 -4768 29888 14707 2008 -3156 END
START 9396 -5012 27468 16333 1373 -5081 END
START 7736 -4828 25136 17449 -186 -6320 END
START 6648 -4800 23020 17869 -1193 -6986 END
START 5448 -4556 21116 17864 -646 -7060 END
START 4380 -4388 19024 17279 185 -6507 END
START 3448 -3876 17384 16500 1180 -5732 END
START 2564 -3340 15720 15710 1871 -5359 END
START 1704 -2592 14440 15040 1352 -5012 END
START 1368 -1096 14004 14140 277 -4988 END
START 1260 -352 13200 13630 -265 -5416 END
START 764 -344 11776 13033 -685 -5925 END
START 308 -716 10484 11648 -574 -5998 END
START -284 -1320 9480 9952 142 -5589 END
START -928 -2104 8824 8555 887 -4688 END
START -1468 -2652 8588 7253 1217 -3285 END
START -1416 -3072 8528 5763 934 -1775 END
START -1252 -3196 9360 5037 531 -378 END
START -868 -3208 9808 4695 347 643 END
START -440 -3232 10040 4349 141 1315 END
START 188 -3340 10244 3995 -123 1822 END
START 1080 -3492 9968 3287 -350 2400 END
START 1896 -3260 10368 2657 -907 3076 END
START 2868 -3132 10704 2397 -1224 3779 END
START 4376 -2824 10620 1997 -1421 4351 END
START 5912 -2236 10936 1309 -1952 4658 END
START 7604 -1744 11964 966 -2514 4831 END
START 9820 -840 13008 647 -2773 4781 END
START 12772 -104 14288 550 -2153 3955 END
START 15056 436 15080 592 -1083 2528 END
START 16976 1152 15896 625 -183 691 END
START 18824 1804 16460 956 390 -1469 END
START 19568 2524 16868 1588 740 -4349 END
START 19740 2908 16720 2004 1254 -7469 END
START 18920 2984 16444 2097 1727 -10447 END
START 17848 3096 15964 2291 1751 -13233 END
START 16120 3016 15480 2175 2361 -15796 END
START 13888 2760 14720 1557 3990 -17950 END
START 10644 1908 14524 777 6536 -19394 END
START 6976 940 14432 230 8535 -20151 END
START 3332 -244 14084 137 8543 -20888 END