START 4344 824 -960 -9919 -3893 7655 END
START -856 1956 5720 -10265 -3419 7779 END
START 2408 936 1992 -11088 -3376 8451 END
START 2400 1692 2568 -12664 -2246 9213 END
START 3460 2564 2552 -14341 -621 9251 END
START 4052 2620 3540 -16060 117 8557 END
START 4060 1836 4972 -16072 -860 7560 END
START 4360 816 5760 -15554 -2544 6982 END
START 4496 292 7036 -15436 -2416 6689 END
START 4096 388 8420 -15769 -424 6303 END
START 3224 576 9428 -16032 1982 5925 END
START 2980 -176 10840 -16032 3050 6136 END
START 3588 -1016 12196 -15826 3088 7083 END
START 5392 -1232 13504 -16567 3758 8022 END
START 6284 -1380 14704 -18355 4921 8321 END
START 6268 -1476 16144 -19789 5361 7704 END
START 5080 -892 17472 -19660 5953 6538 END
START 3228 -356 18360 -18889 5701 4981 END
START 2240 -1320 18456 -18071 4154 3778 END
START 2204 -2764 18468 -17947 1621 3767 END
START 3404 -3928 18968 -18655 -293 4493 END
START 4536 -4608 20500 -19540 -500 5312 END
START 5596 -4344 22408 -19837 635 5991 END
START 6048 -3684 24076 -19133 2354 5849 END
START 6412 -3684 24976 -18145 3309 5256 END
START 7628 -4316 25260 -17415 2553 4495 END
START 9184 -4904 26416 -16682 1003 3759 END
START 10512 -5068 27148 -16141 243 2707 END
START 11364 -4524 28676 -15796 -115 1120 END
START 11764 -4240 30636 -14442 -105 -672 END
START 11812 -3988 32232 -12182 457 -2448 END
START 11580 -4212 32767 -9822 958 -3978 END
START 11516 -4300 32767 -8233 1132 -5168 END
START 11040 -4292 32767 -6384 735 -6383 END
START 10632 -4228 32767 -3805 597 -7719 END
START 9772 -4772 32767 -784 1001 -9216 END
START 8396 -5412 32767 2105 1732 -10634 END
START 6676 -5880 32767 5034 2517 -11642 END
START 4940 -6236 32767 8108 2872 -11870 END
START 3672 -6100 31748 10918 3340 -11515 END
START 2716 -6056 29420 13370 4545 -10977 END
START 1868 -5976 26604 15022 5631 -10327 END
START 932 -5564 23684 16186 5243 -9228 END
START 456 -5144 21128 16706 4247 -8157 END
START 12 -4340 18620 16553 2866 -7262 END
START -348 -3752 16492 16260 1735 -6694 END
START -592 -3176 14636 15784 1169 -6128 END
START -792 -2696 13164 15205 647 -5560 END
START -560 -2372 11512 14483 595 -5099 END
START -476 -2012 10068 13346 566 -4802 END
START -652 -1976 8412 11654 -59 -4467 END
START -760 -1696 7064 10096 -1397 -3935 END
START -808 -1552 5928 8325 -2858 -3265 END
START -672 -1360 5108 6215 -3892 -2612 END
START -184 -1132 4260 3599 -3611 -2269 END
START 28 -996 4000 1317 -2474 -2082 END
START -160 -980 3780 213 -1828 -1735 END
START -196 -1152 3156 -482 -1977 -1032 END
START 12 -1128 2220 -1962 -2310 -132 END
START 72 -1032 1780 -3883 -2404 820 END
START 340 -1256 1364 -6244 -2090 1804 END
START 348 -1612 1580 -8524 -1437 2791 END
START 444 -2012 2264 -10352 -521 3626 END
START 552 -2156 2948 -11676 193 4190 END
START 624 -2456 3872 -13003 17 4615 END
START 452 -2704 5296 -14205 -436 5146 END
START 404 -3448 7356 -15168 -791 5998 END
START 88 -3728 10060 -16214 -464 7067 END
START -268 -4048 12876 -17217 427 8295 END
START -484 -4020 16704 -17853 1657 9909 END
START -468 -4292 21004 -17829 2883 12072 END
START 104 -4920 25184 -17559 4618 14406 END
START 1092 -5344 28860 -17202 6719 16536 END
START 2196 -5508 32767 -15602 8025 17443 END
START 3268 -5780 32767 -12753 7758 16976 END
START 4228 -5852 32767 -9210 6164 15475 END
START 5152 -5692 32767 -5212 4769 13356 END
START 6204 -5676 32767 -1040 3841 10869 END
START 6720 -5948 32767 2800 2827 8512 END
START 6968 -5912 32767 5992 1812 6892 END
START 7316 -5952 32767 8429 938 5605 END
START 7412 -5704 32767 10494 745 4202 END
START 6800 -5700 32767 12808 319 2582 END
START 6192 -5668 31892 14990 -301 921 END
START 5412 -5808 29172 16556 -1391 -604 END
START 4736 -5264 26924 17751 -3267 -1788 END
START 4120 -4936 24804 18911 -4529 -2696 END
START 3676 -4748 22532 19598 -4407 -3365 END
START 3268 -4556 20288 19836 -3625 -3793 END
START 2852 -4344 17748 19569 -3129 -3957 END
START 2448 -3812 15316 19005 -3610 -4096 END
START 2504 -2992 13016 17786 -5148 -5358 END
START 1992 -2028 12156 16881 -7647 -7150 END
START 1544 -1360 11856 16739 -9422 -7932 END
START 1444 -1012 11772 16175 -8743 -7523 END
START 1184 -1180 10752 14354 -4436 -5771 END
START 768 -1568 9504 11734 -158 -3426 END
START 400 -1780 9040 9636 1190 -1669 END
START 280 -1704 9016 9019 -308 -889 END
START 1072 -1660 8876 9062 -2022 -1175 END
START 1604 -1660 8824 9056 -2707 -1712 END
START 2080 -1664 8504 8626 -2504 -1484 END
START 2488 -1508 8312 7584 -1506 -477 END
START 3116 -1368 7864 6065 -453 997 END
START 3788 -1080 7836 4217 290 2500 END
START 4792 -856 8480 2978 389 3595 END
START 5824 -320 8680 2352 470 4092 END
START 6932 180 8968 1759 332 3984 END
START 8280 860 9536 1214 420 3362 END
START 9636 1276 10120 857 458 2455 END
START 11044 1400 11036 525 208 1625 END
START 12492 1564 11796 26 78 997 END
START 14072 1824 12632 -607 700 331 END
START 15572 2280 13640 -1370 2380 -874 END
START 15836 2820 14360 -1740 4295 -3009 END
START 15144 2836 14944 -1632 5429 -5939 END
START 13604 2612 15284 -1234 5712 -8877 END
START 11508 2012 15548 -674 5262 -11327 END
START 8584 1108 15480 -183 4852 -13017 END
START 5568 84 15652 -236 4492 -13763 END
START 2196 -284 16588 -845 4464 -13578 END