START 2328 1832 2704 -6537 -1418 3680 END
START 7544 -32 -3368 -6553 -1758 4215 END
START 1896 1624 1992 -7039 -562 4353 END
START 684 1856 2308 -7507 -740 5134 END
START 560 2436 1728 -7955 -1094 5930 END
START 372 2728 1452 -8659 -1777 6638 END
START 420 2348 1320 -9566 -2482 7183 END
START 328 1860 1740 -10616 -3649 7703 END
START 600 1416 2020 -11757 -4258 8306 END
START 1728 1308 2420 -12649 -4210 8328 END
START 2460 1476 3212 -14005 -3053 8029 END
START 2664 1108 4108 -14593 -2158 7011 END
START 2644 684 4332 -14667 -2337 6191 END
START 2408 276 4240 -15345 -2363 5686 END
START 1404 -376 5328 -16721 -2108 5390 END
START 1592 -1024 6184 -17833 -1961 5652 END
START 2384 -1672 7424 -19155 -2129 5814 END
START 3452 -1636 9064 -20451 -1999 5812 END
START 4380 -1628 10492 -21303 -874 5408 END
START 3812 -1924 11616 -22129 1657 4643 END
START 2716 -2352 12256 -22666 4190 4120 END
START 1396 -2804 12808 -23313 4578 3852 END
START 1776 -4328 13564 -24338 2446 3328 END
START 4052 -5772 16108 -25866 551 2139 END
START 6412 -7580 19924 -27098 1526 755 END
START 7156 -9424 23032 -27898 3012 263 END
START 7876 -10480 27280 -28590 1948 794 END
START 9252 -11348 32560 -27943 1423 998 END
START 10192 -12348 32767 -25706 2670 125 END
START 9984 -13180 32767 -22450 4253 -1206 END
START 9876 -14072 32767 -19060 4569 -2687 END
START 9952 -14620 32767 -16186 3685 -3631 END
START 10096 -13628 32767 -12676 2932 -4568 END
START 9944 -12588 32767 -8350 3590 -5988 END
START 8784 -11788 32767 -4027 5700 -7920 END
START 6732 -11368 32767 330 7070 -9902 END
START 4660 -10520 32767 4696 6293 -11696 END
START 2900 -10080 32767 9103 3452 -13096 END
START 1928 -9476 32767 12667 -72 -14019 END
START 1032 -8604 32767 15256 -2632 -14641 END
START 400 -7860 30736 17336 -3264 -14753 END
START -452 -7128 27820 19156 -1768 -14166 END
START -1152 -6420 24296 20646 -526 -13179 END
START -1552 -5780 20952 21514 -234 -12083 END
START -1756 -5068 17336 21407 -561 -11318 END
START -2196 -4592 14152 20310 -1769 -10675 END
START -2756 -4028 11580 18669 -3374 -9637 END
START -3016 -3444 9484 17046 -4369 -7951 END
START -2508 -2528 8172 15446 -3369 -6370 END
START -2064 -2192 6076 13359 -1230 -5090 END
START -2156 -1880 4500 10662 -457 -3859 END
START -2112 -1964 3260 8219 -978 -2562 END
START -2004 -1688 1996 5482 -2041 -1333 END
START -1868 -1520 1748 2604 -2572 -131 END
START -1528 -1300 1916 810 -2583 954 END
START -932 -1304 1836 -405 -2216 1599 END
START -352 -1424 1500 -2258 -1973 1929 END
START -192 -1880 1632 -4147 -1568 2616 END
START -140 -2384 2076 -5630 -1425 3791 END
START 244 -2884 2500 -7132 -1572 4789 END
START 636 -2972 3072 -8371 -1899 5291 END
START 888 -3312 3976 -9621 -2350 5212 END
START 472 -3824 4900 -10962 -2238 5182 END
START -28 -4496 5800 -12617 -1847 5721 END
START -1012 -5036 7756 -14335 -1755 7152 END
START -1144 -5132 9788 -16083 -1070 9201 END
START -848 -5004 12868 -17706 1114 11081 END
START -924 -4340 16492 -18059 2808 12231 END
START -940 -4032 20264 -17147 2741 12688 END
START -828 -3164 23928 -15702 1634 12875 END
START 320 -3336 26700 -14635 513 12580 END
START 1664 -3608 29800 -13480 -823 12723 END
START 4048 -4516 32767 -11598 -1942 13105 END
START 8296 -5888 32767 -9366 -1156 13856 END
START 11692 -6332 32767 -7806 2335 13499 END
START 12716 -6756 32767 -4704 6192 11740 END
START 11776 -7132 32767 -194 7574 9403 END
START 10428 -7184 32767 4399 6244 6586 END
START 9160 -7460 32767 9103 3098 3577 END
START 8500 -7448 32767 12762 -312 1106 END
START 7796 -7128 32767 15563 -2376 -860 END
START 7164 -7156 32767 17617 -2701 -1900 END
START 6804 -7040 32767 19247 -1111 -2398 END
START 5980 -6904 30356 20771 537 -2800 END
START 5460 -6956 27288 21783 1477 -2945 END
START 5088 -6864 24264 22045 1730 -2839 END
START 4332 -6556 21288 22258 1431 -2766 END
START 3560 -6256 18496 22077 905 -3008 END
START 3048 -5808 16252 21426 955 -3443 END
START 2400 -6032 14148 20608 2021 -3644 END
START 1528 -6188 12128 19770 3324 -3198 END
START 632 -6212 9816 18798 4331 -2596 END
START -624 -6108 7976 17434 4320 -1884 END
START -1700 -5672 6392 16150 3569 -829 END
START -2064 -5196 5276 14760 2256 265 END
START -1808 -4560 4788 13011 836 1203 END
START -1000 -3864 4724 11331 -389 2300 END
START -48 -3052 5064 9831 -873 3139 END
START 1056 -2468 5384 8528 -685 3650 END
START 2296 -1912 5480 7002 -422 4012 END
START 3912 -1096 5908 5649 -719 4247 END
START 5592 -644 6540 4315 -1399 3947 END
START 7672 -316 7780 3166 -2973 3509 END
START 10304 -604 9676 2484 -4545 2960 END
START 13332 -432 11884 2156 -4866 1760 END
START 16408 -400 14392 2210 -3845 -143 END
START 19028 -136 16728 2838 -2156 -2410 END
START 20400 864 17868 3879 -122 -5385 END
START 19980 1888 18072 5010 1675 -8973 END
START 17996 2440 16976 6115 2813 -12760 END
START 14588 2544 15020 7111 2703 -16314 END
START 10308 2244 13316 7256 2111 -19376 END
START 4652 1304 11932 7213 1998 -20996 END
START -1676 224 10812 7328 2216 -20855 END
START -6448 -932 9704 7544 1230 -19410 END
START -10564 -2136 9200 7866 -677 -17035 END