START 2656 8160 -3244 -8105 -4727 10114 END
START 4680 7320 -4864 -8914 -3333 9802 END
START 504 7828 -292 -10818 -2981 9615 END
START 1112 7308 -1528 -13266 -2604 9413 END
START 952 5668 -1960 -14400 -3265 9763 END
START 460 4236 -2272 -15010 -5304 10571 END
START 248 2944 -2772 -16572 -7181 11432 END
START 248 1644 -2468 -18953 -8764 12395 END
START 772 672 -1640 -21078 -8737 13206 END
START 1464 -176 12 -23272 -7788 13439 END
START 1996 -1332 1892 -24567 -6342 13789 END
START 2364 -2592 3600 -25704 -5208 14695 END
START 3020 -3772 4840 -26549 -4018 15056 END
START 3160 -4840 5832 -27925 -3799 14433 END
START 2628 -5644 7976 -28131 -4818 13842 END
START 3104 -6360 10008 -28119 -6629 13932 END
START 4768 -6328 12584 -28295 -7608 14040 END
START 6504 -6548 14876 -28034 -6494 13259 END
START 6996 -6932 16004 -27720 -3413 11831 END
START 5952 -7692 17424 -27922 -768 10496 END
START 5188 -7840 20224 -27832 -791 10692 END
START 6428 -8084 23052 -26845 -1666 11587 END
START 8728 -8040 25708 -26435 -947 11309 END
START 9724 -8228 27900 -25072 1174 9559 END
START 9556 -8684 29376 -22940 3121 7621 END
START 9716 -8728 30384 -21267 3672 6397 END
START 10580 -8248 32496 -20205 2440 5765 END
START 11972 -7688 32767 -18554 1425 4493 END
START 13412 -7508 32767 -16090 1102 2371 END
START 13988 -7340 32767 -12880 244 -218 END
START 14600 -6916 32767 -9482 -534 -2777 END
START 14952 -6316 32767 -6708 -1017 -5380 END
START 14640 -5788 32767 -4081 -1223 -7793 END
START 13792 -5160 32767 -1164 -1033 -9777 END
START 12708 -4760 32767 1981 -971 -11610 END
START 11376 -4388 32767 4878 -1269 -13250 END
START 9928 -4160 32767 7658 -1325 -14373 END
START 8380 -3972 32767 10745 -969 -14960 END
START 6716 -3912 31212 13447 -490 -15307 END
START 5300 -3944 28952 15704 46 -15510 END
START 3736 -4256 26984 18258 604 -15370 END
START 2592 -4276 24748 20813 1328 -14459 END
START 2024 -4172 21440 22117 2597 -13626 END
START 1212 -4124 17344 20403 2771 -13124 END
START 164 -3448 14912 17501 1570 -12794 END
START -600 -2968 14132 16806 -363 -12346 END
START -776 -2556 12704 17227 -1837 -11765 END
START -576 -2104 10992 16604 -1884 -11078 END
START -372 -1616 9272 15074 -524 -9933 END
START -288 -1556 7996 13641 526 -8382 END
START -120 -1052 6420 11598 1217 -6536 END
START 52 -568 5288 9198 1759 -4999 END
START 236 -176 4356 7413 2001 -3731 END
START 328 8 3768 5633 2235 -2570 END
START 556 120 2988 3801 2232 -1766 END
START 696 428 2680 1804 2475 -1479 END
START 584 348 2296 -1 2621 -1210 END
START 356 148 1816 -1817 2452 -858 END
START 208 -32 1736 -3761 1923 -287 END
START 112 -320 1468 -5731 1361 525 END
START 100 -808 1532 -8074 481 1565 END
START 236 -1164 2376 -10308 -290 2535 END
START 532 -1356 3396 -11809 -529 3209 END
START 848 -1960 4436 -13048 -1 3673 END
START 684 -2576 5244 -14450 534 4176 END
START 340 -2808 6468 -15814 666 5110 END
START 96 -3140 8032 -16994 635 6274 END
START -128 -3548 9832 -17914 482 7466 END
START -144 -4108 11740 -18692 311 8945 END
START 152 -4444 14656 -19555 765 10585 END
START 352 -4556 17904 -20073 2283 12127 END
START 244 -4980 21416 -20179 4224 13587 END
START 528 -5404 25004 -19833 5615 15305 END
START 936 -6016 28624 -19133 6622 17071 END
START 1740 -6384 31936 -17713 6864 18615 END
START 3104 -6648 32767 -15371 6435 19848 END
START 4476 -6704 32767 -12396 6128 20315 END
START 5792 -6648 32767 -8850 6470 19889 END
START 7136 -7008 32767 -5026 7344 18833 END
START 8460 -6856 32767 -967 8340 17224 END
START 9604 -6300 32767 2510 8813 14338 END
START 9988 -5744 32767 5556 7279 10540 END
START 9536 -5504 32767 9548 2606 6329 END
START 9744 -5344 32767 13692 -2312 1998 END
START 9464 -5040 32767 17207 -5777 -2348 END
START 8792 -5100 32767 20242 -7915 -5969 END
START 7804 -4948 30356 22657 -8322 -8618 END
START 6184 -5432 27528 23957 -6795 -10323 END
START 4016 -5864 24704 24270 -4312 -10831 END
START 1588 -6664 21360 23794 -1789 -10278 END
START -84 -7004 18576 22929 -330 -8936 END
START -1568 -7164 16172 22280 377 -7554 END
START -1908 -6952 13888 21535 899 -6955 END
START -2432 -6492 12368 20540 585 -6686 END
START -2440 -5864 10544 19904 -569 -5454 END
START -2064 -4916 8952 18736 -2539 -3372 END
START -940 -3108 7632 16723 -3244 -1384 END
START -104 -1920 6308 14375 -2634 385 END
START 616 -872 5948 12108 -2155 1802 END
START 1924 228 6108 10540 -1302 2374 END
START 2640 952 6128 9577 -552 1980 END
START 3076 1304 5600 8866 -251 1036 END
START 3032 1284 5320 7999 -897 259 END
START 3216 1016 4900 7004 -2201 167 END
START 3616 1196 5084 5561 -2732 575 END
START 4680 1156 5400 3674 -2301 1243 END
START 5880 1436 6388 1782 -1291 1585 END
START 7148 1300 6856 131 -509 1715 END
START 8800 1100 7736 -1070 -479 1782 END
START 10756 1456 8628 -1858 -877 1627 END
START 12940 1820 9512 -2533 -732 738 END
START 14868 2044 10444 -3392 -134 -653 END
START 16348 2664 11468 -4004 592 -2773 END
START 16496 3136 12096 -3925 1205 -5320 END
START 16120 3684 12252 -3712 1715 -8191 END
START 14792 3740 12288 -4005 2572 -11071 END
START 12636 3464 12256 -4520 4089 -13472 END