START -424 2376 -456 -6713 -6255 8717 END
START 3424 3884 -10280 -7209 -5816 8625 END
START 912 4328 -388 -7950 -5927 8978 END
START 2444 4260 -1132 -8940 -4418 8511 END
START 2908 3588 -1560 -10032 -2501 7924 END
START 2224 3404 -1648 -11609 -2469 8323 END
START 1844 3192 -1656 -13065 -4665 9688 END
START 1972 3184 -1400 -14530 -6371 11220 END
START 2596 2780 -584 -15881 -6675 12226 END
START 3336 2060 516 -17004 -5274 12450 END
START 3812 1720 1752 -17857 -3664 12164 END
START 4280 868 2208 -18578 -2831 11676 END
START 4204 272 3192 -19739 -2844 10896 END
START 4004 -408 4232 -20544 -3015 10100 END
START 3416 -1128 5332 -21571 -2994 10182 END
START 3900 -1744 6996 -22861 -2346 11077 END
START 4636 -2304 8852 -24325 -746 11607 END
START 5404 -2968 10424 -25454 1536 11407 END
START 4908 -3192 11444 -26560 3618 10313 END
START 3428 -3732 13028 -27282 4595 8539 END
START 2680 -4772 14596 -27419 3753 8105 END
START 3148 -5652 16568 -27341 2650 8810 END
START 4996 -6496 19268 -27958 2569 9582 END
START 6888 -5796 22800 -28811 4128 9377 END
START 8064 -5628 26296 -28559 6990 7281 END
START 8052 -5844 29964 -27194 8681 4412 END
START 7524 -6664 32224 -25079 8891 1934 END
START 7300 -8068 32767 -22706 7858 549 END
START 8148 -9188 32767 -20668 5924 375 END
START 9628 -8880 32767 -19167 5591 270 END
START 10672 -8064 32767 -17929 6204 -728 END
START 11024 -7444 32767 -14958 6386 -2580 END
START 10956 -7104 32767 -10216 5868 -5076 END
START 10224 -6392 32767 -5391 4088 -7927 END
START 9064 -5788 32767 -932 1176 -10739 END
START 7740 -5284 32767 3091 -2035 -12877 END
START 6816 -5372 32767 6769 -4400 -14241 END
START 5632 -5556 32767 10062 -4454 -14587 END
START 4592 -5456 32767 13041 -2720 -14055 END
START 3312 -5420 32767 16029 -1176 -13435 END
START 1960 -5560 32476 18981 -727 -13047 END
START 696 -5004 28352 20967 -1327 -12990 END
START -252 -4468 24868 22110 -2446 -13188 END
START -792 -4248 21516 22806 -3652 -13119 END
START -720 -4000 18416 22980 -4841 -12273 END
START -464 -3172 16096 22257 -4798 -11218 END
START -252 -2408 13492 21339 -3114 -10302 END
START -660 -1896 11448 20393 -1546 -9432 END
START -1100 -1380 8992 19318 -176 -8238 END
START -1368 -1068 6352 17334 875 -7080 END
START -2020 -820 4572 14691 983 -5713 END
START -2280 -788 3356 12343 488 -4078 END
START -2144 -464 2532 10260 387 -2340 END
START -1508 16 1756 8123 1376 -1049 END
START -1316 -76 812 5814 2080 -231 END
START -1276 188 308 3648 1714 310 END
START -1044 40 -200 1706 710 731 END
START -812 124 -456 -191 -310 1124 END
START -496 -184 -712 -2240 -990 1526 END
START -100 -276 -380 -4277 -1141 1908 END
START 208 -728 60 -6085 -1194 2272 END
START 164 -1052 480 -7497 -1625 2709 END
START 356 -1048 872 -8852 -1709 3286 END
START 436 -1432 1284 -10452 -1492 3928 END
START 340 -1716 1844 -12476 -1041 4760 END
START -156 -2204 3036 -14429 -597 5880 END
START -536 -2748 4184 -16313 -335 6957 END
START -1212 -2960 6716 -17982 -580 8018 END
START -2232 -3184 9964 -19099 -628 9496 END
START -2956 -3312 13284 -19757 -525 11495 END
START -3952 -3896 18388 -20268 -189 14162 END
START -3560 -3788 23136 -20208 542 17547 END
START -1736 -3544 28096 -20330 1964 21281 END
START 1668 -3420 32767 -20267 3737 24595 END
START 5760 -2784 32767 -19115 6136 25762 END
START 9020 -2628 32767 -15949 8568 23870 END
START 10984 -2896 32767 -10765 9071 19403 END
START 12132 -3524 32767 -4693 7097 13656 END
START 12504 -3780 32767 943 3429 8519 END
START 12404 -4056 32767 5608 -335 4794 END
START 12432 -3712 32767 9937 -1995 1782 END
START 11200 -2820 32767 13565 -858 -637 END
START 8936 -2460 32767 15962 909 -2152 END
START 6656 -2288 32767 17758 1174 -3009 END
START 5360 -2260 30252 19115 221 -3378 END
START 4824 -1912 27324 19623 -1204 -3564 END
START 4964 -1144 24780 19712 -2261 -3846 END
START 5008 -876 22476 19470 -1930 -4901 END
START 4252 -1236 20136 19347 -784 -5976 END
START 2948 -1860 17172 19452 -192 -6694 END
START 1864 -2196 14476 19166 31 -6846 END
START 1156 -2476 12120 18104 445 -6744 END
START -128 -3444 9852 16515 410 -6491 END
START -1200 -4004 7748 14898 -810 -5591 END
START -1780 -4400 6432 13364 -2561 -4312 END
START -1716 -4532 6088 11645 -3226 -2601 END
START -1376 -4564 5444 9756 -2494 -589 END
START -1080 -4200 5604 8227 -1566 1018 END
START -536 -3908 5436 7247 -1441 2550 END
START 492 -3568 5036 5865 -1705 3779 END
START 1732 -2908 5260 3958 -2796 4710 END
START 3876 -1900 6464 2864 -4232 5233 END
START 6128 -1456 7292 2297 -5410 5187 END
START 9640 -768 8704 1720 -6045 4470 END
START 13300 -180 10764 1178 -5629 2998 END
START 17392 352 13632 1127 -4739 1018 END
START 20924 1096 16076 1865 -3005 -1300 END
START 23084 2264 18048 3201 406 -4836 END
START 23440 2688 18372 4622 3438 -8877 END
START 22360 2520 17748 6399 4671 -13443 END
START 19664 2508 16544 8148 4588 -18398 END
START 15716 2168 15616 9982 4511 -23773 END
START 11168 1292 15000 11988 5034 -28917 END