START 4068 3676 1412 -2583 -1331 1548 END
START -5076 6380 13812 -3047 -1450 2058 END
START 1736 3556 -656 -4199 -2362 2961 END
START 2304 2788 -1788 -5659 -3953 3907 END
START 2164 2932 -1584 -6816 -5387 4557 END
START 1904 2796 -1828 -7813 -4709 4982 END
START 2000 2624 -1928 -9589 -3755 5446 END
START 1340 1812 -1740 -11381 -3260 6188 END
START 972 676 -1864 -12923 -3548 7459 END
START 1060 -156 -1412 -14780 -4237 8873 END
START 1500 -1256 196 -17408 -4884 10607 END
START 2032 -2192 2708 -19201 -4202 12077 END
START 2672 -3024 4980 -19837 -2482 12847 END
START 3136 -4128 5812 -20147 -88 12588 END
START 2392 -4988 6956 -20845 1040 12005 END
START 1256 -5720 8216 -21195 283 11741 END
START 496 -5836 10084 -21568 -2893 11610 END
START 2292 -6224 12032 -21248 -7350 11731 END
START 5156 -6788 13616 -21539 -9309 11007 END
START 8264 -8172 15956 -22636 -7521 9957 END
START 8924 -8156 19100 -23600 -2983 9017 END
START 8972 -8404 22028 -23655 75 9014 END
START 9368 -8840 24236 -23070 78 8725 END
START 11048 -9484 26776 -22471 -706 7614 END
START 13364 -10396 30136 -21080 -1746 5399 END
START 15520 -10656 32767 -18863 -2349 3017 END
START 17448 -9928 32767 -17333 -516 1740 END
START 17476 -9484 32767 -15871 3433 1213 END
START 16652 -9416 32767 -13107 6415 683 END
START 15568 -9156 32767 -9925 6609 -748 END
START 14748 -8812 32767 -6187 4917 -2959 END
START 14016 -7912 32767 -1602 3269 -5548 END
START 13204 -7132 32767 2844 2265 -8151 END
START 11672 -6280 32767 6399 1777 -10481 END
START 9696 -5588 32767 9852 1497 -12169 END
START 7872 -5296 32767 12999 973 -13234 END
START 6468 -4980 32767 15246 300 -13863 END
START 4736 -4460 29276 16963 -626 -14142 END
START 3604 -3868 25520 18219 -1111 -14139 END
START 2336 -3424 21624 18779 -1504 -14003 END
START 1360 -2780 18356 18895 -1733 -13386 END
START 480 -2640 15324 18318 -1507 -12267 END
START -400 -2200 12372 17330 -1466 -10666 END
START -776 -1640 10004 15552 -1145 -8670 END
START -852 -1212 8128 13339 -187 -6644 END
START -864 -772 6756 11461 740 -5106 END
START -400 -760 5516 9685 1343 -4161 END
START -264 -740 4412 8116 1014 -3572 END
START -240 -884 3272 6765 -230 -3063 END
START -152 -836 2492 5254 -1353 -2567 END
START -60 -1124 1972 3634 -1597 -1876 END
START 144 -1932 1676 1769 -1099 -883 END
START 444 -3544 1616 -504 1207 344 END
START -152 -4264 1996 -2523 3948 1897 END
START -860 -4272 1968 -4061 5177 3884 END
START -1216 -3840 2140 -5646 5216 5580 END
START -1244 -3484 2088 -7107 4646 6457 END
START -1480 -3400 2284 -8390 3213 6570 END
START -1292 -3436 2836 -9198 1138 6640 END
START -952 -3644 3304 -10237 -220 6941 END
START -660 -3712 4220 -12043 -427 7674 END
START -456 -3644 6224 -14104 539 8823 END
START -760 -3396 8780 -15499 1306 10292 END
START -352 -3024 12104 -16727 1834 11681 END
START 348 -2784 16432 -17922 2952 13030 END
START 1268 -2948 21552 -18518 5120 14600 END
START 2388 -3208 26076 -18316 7655 15938 END
START 3584 -3216 30336 -17438 9699 16386 END
START 4816 -3496 32767 -15686 10705 15892 END
START 5752 -3728 32767 -13187 11365 14507 END
START 5984 -4440 32767 -9690 10217 12855 END
START 6772 -4932 32767 -5585 7529 11250 END
START 7932 -5288 32767 -1610 5397 9234 END
START 8820 -5924 32767 1738 4667 6883 END
START 9032 -6332 32767 4850 4460 4490 END
START 8432 -6508 32767 8029 3593 2226 END
START 8008 -6924 32767 11195 1699 80 END
START 7420 -6836 32767 14323 -713 -2133 END
START 7220 -6656 32767 17302 -3095 -4693 END
START 6812 -6408 31268 19892 -4698 -7419 END
START 6096 -6636 28344 21865 -5423 -9503 END
START 5204 -6600 25180 23165 -5729 -10531 END
START 3980 -6096 21916 23553 -5452 -11041 END
START 2836 -5756 18800 23062 -5234 -11265 END
START 1864 -5080 15812 22550 -5896 -11202 END
START 1096 -4160 12700 21408 -7304 -11381 END
START 680 -2660 10468 19379 -8732 -11948 END
START 124 -1480 8764 17412 -8304 -12181 END
START -1312 -1240 7348 15595 -6794 -11702 END
START -2604 -1852 6040 13813 -6355 -10110 END
START -3628 -1080 5288 11837 -6542 -6767 END
START -2900 -2040 5272 9299 -5351 -2866 END
START -2224 -1956 6100 6414 -2240 239 END
START -1508 -2160 6292 4798 191 2368 END
START -712 -2220 6628 4164 608 3938 END
START 884 -1992 6456 3830 -1013 5240 END
START 3268 -1932 6548 3124 -3450 5907 END
START 6996 -1504 7680 2060 -4727 6152 END
START 9964 -1076 8944 1012 -3804 5893 END
START 12684 -780 10592 393 -1429 5242 END
START 15212 -896 11888 162 1040 4856 END
START 17640 -500 12828 -202 3051 4703 END
START 20132 -40 13844 -714 5513 3932 END
START 21604 508 14256 -938 7635 2115 END
START 21848 1232 14812 -577 9111 -712 END
START 21132 1640 14664 73 10101 -4310 END
START 19332 1700 13852 514 10781 -8096 END
START 16716 1444 12764 800 10667 -11771 END
START 12616 1004 11572 608 10134 -15070 END
START 7404 -164 11016 171 10019 -17231 END
START 1876 -1280 11480 -372 9402 -17586 END
START -2616 -2120 12852 -1261 8888 -15884 END
START -6396 -2756 15984 -3063 9309 -11945 END