START -2584 7540 7248 2971 -2631 -366 END
START -1864 7164 6088 2797 -2568 -760 END
START -1492 6556 5304 2545 -2734 -1597 END
START -1228 6192 4536 2261 -4761 -3168 END
START -1296 6420 3620 1662 -7216 -4025 END
START -1008 6392 2560 884 -8926 -3791 END
START -468 6196 984 -465 -8900 -2945 END
START -100 5404 -400 -2990 -7347 -2046 END
START -488 4788 -1532 -6323 -5133 -805 END
START -876 3964 -2152 -9745 -3666 780 END
START -576 2776 -2060 -12561 -3275 2180 END
START 48 2148 -1852 -14937 -3093 2936 END
START 900 1420 -1732 -17066 -2990 3169 END
START 2372 732 -840 -19219 -3040 2865 END
START 3888 472 560 -21190 -2768 2120 END
START 5472 164 2188 -22807 -1887 1318 END
START 6776 -580 4048 -24087 -1101 279 END
START 7640 -1504 5664 -25129 -699 -1052 END
START 8144 -2564 7324 -26185 268 -2851 END
START 7412 -3736 9428 -27475 1310 -4564 END
START 5964 -4252 12744 -28204 1589 -5561 END
START 4828 -4536 16152 -28205 1479 -5917 END
START 4576 -4820 19260 -28186 1479 -5849 END
START 5108 -4788 23488 -28111 1225 -6015 END
START 6016 -4476 28088 -26514 302 -6988 END
START 7504 -4512 31672 -23757 -1041 -9009 END
START 8712 -5332 32767 -21052 -2135 -11918 END
START 8416 -5860 32767 -18530 -3038 -14799 END
START 7228 -6676 32767 -15174 -3281 -16534 END
START 5540 -7828 32767 -11298 -2697 -17442 END
START 3420 -8688 32767 -7689 -2388 -17220 END
START 1536 -9356 32767 -4551 -2069 -16135 END
START 172 -9404 32767 -1118 -1578 -14816 END
START -684 -9308 32767 2299 -1185 -13804 END
START -1644 -8636 32767 5806 -1294 -13051 END
START -1948 -7756 32767 9094 -1740 -12275 END
START -1704 -6536 32767 11904 -1356 -11512 END
START -1396 -5760 32767 14219 -89 -11016 END
START -1524 -5160 32552 15815 1635 -10686 END
START -1908 -4996 30200 17118 3347 -10336 END
START -2504 -5188 28108 18503 4444 -9897 END
START -3032 -5616 26076 19993 4695 -9373 END
START -3524 -5772 23884 21380 4541 -8959 END
START -3884 -5796 22064 22796 4113 -8777 END