START -968 2508 5620 -6839 -3340 2031 END
START -884 2536 5236 -7194 -3600 2117 END
START -812 2756 5076 -7957 -4300 2225 END
START -192 2780 5048 -9148 -5452 2085 END
START 792 3416 5172 -10117 -6429 1826 END
START 2000 3748 5344 -11172 -6537 1311 END
START 3136 4264 5072 -12798 -6111 656 END
START 3936 3884 5352 -14881 -5293 -137 END
START 4228 3360 5696 -17090 -4921 -1233 END
START 3960 2652 7032 -18718 -4769 -2459 END
START 3520 1868 8584 -19504 -5316 -3316 END
START 3596 1020 9864 -20178 -5899 -3859 END
START 4100 468 11380 -21208 -6334 -4279 END
START 4592 -12 13232 -22309 -6275 -4865 END
START 4896 -728 15656 -23154 -5916 -5568 END
START 5260 -1408 18836 -23373 -5752 -6039 END
START 5644 -1876 22236 -22929 -5993 -6451 END
START 6604 -2144 25740 -21315 -6232 -7259 END
START 7964 -2936 28840 -19116 -6055 -8950 END
START 8260 -4276 31528 -16984 -5628 -11198 END
START 8240 -5332 32767 -14528 -5734 -13467 END
START 7672 -6272 32767 -11799 -6108 -15451 END
START 6280 -7328 32767 -9459 -5113 -16692 END
START 4784 -7484 32767 -7263 -3976 -16585 END
START 3468 -7936 32767 -5106 -2833 -15840 END
START 2872 -8856 32767 -3633 -1049 -15157 END
START 1504 -9580 32767 -1690 438 -14800 END
START 256 -10452 32767 863 746 -14460 END
START -620 -10628 32767 3577 183 -13890 END
START -1100 -10224 32767 6859 -152 -13187 END
START -1216 -10256 32767 9937 440 -12535 END
START -2084 -9960 32767 12822 605 -11982 END
START -2364 -9464 32767 15535 854 -11057 END
START -2436 -8716 32412 17745 2087 -10202 END
START -2764 -8024 30064 19557 3585 -9206 END
START -2584 -7528 27932 20947 4641 -8331 END
START -2692 -6628 25476 22227 5056 -8108 END
START -2856 -6572 23664 23730 4950 -8173 END
START -2944 -6140 21512 25082 4707 -8220 END
START -3040 -6004 19272 26257 4951 -8127 END
START -3472 -5804 16980 26827 5933 -7809 END
START -4224 -5604 14748 26661 7373 -6817 END