START 2768 228 3880 -2762 2746 2246 END
START -1840 2232 15292 -3038 1024 2860 END
START -2404 1948 8132 -3932 2196 2905 END
START -380 976 3880 -5440 147 3962 END
START 760 664 2500 -6791 -1521 5373 END
START 1240 1204 2300 -8532 -2915 7274 END
START 2128 848 2816 -10594 -3652 8820 END
START 2668 740 3648 -12361 -4172 9622 END
START 3624 180 5028 -14158 -3883 9669 END
START 3952 -80 5920 -15831 -2743 9120 END
START 3240 -300 6716 -17195 -1676 8535 END
START 2940 -628 7876 -18390 -1758 8473 END
START 3076 -916 8704 -19494 -3498 8917 END
START 3980 -976 9616 -20260 -6895 9784 END
START 5968 -1168 10664 -20920 -9792 9993 END
START 8292 -1164 12248 -21844 -10684 9262 END
START 9840 -1204 13936 -22970 -8576 7438 END
START 9904 -1232 15640 -24030 -5543 5416 END
START 9484 -1852 16648 -24280 -3382 3930 END
START 9000 -2692 17700 -23945 -3270 2442 END
START 8868 -3560 18952 -23427 -4957 1247 END
START 9456 -4280 19812 -22697 -7235 290 END
START 10044 -4480 21084 -21912 -7482 -485 END
START 10096 -4456 22068 -21305 -5627 -1651 END
START 9744 -5032 22552 -20621 -3101 -2482 END
START 9276 -5300 23124 -19681 -2172 -3042 END
START 9416 -5988 23824 -18927 -3221 -3868 END
START 10052 -6696 24984 -18935 -5462 -5020 END
START 11200 -7228 26412 -18472 -6615 -6464 END
START 11092 -7320 28436 -17177 -5578 -7644 END
START 10968 -7608 30064 -15106 -3983 -8405 END
START 11312 -7800 31512 -12650 -2549 -9120 END
START 11912 -8024 32684 -10025 -1535 -10161 END
START 11824 -8128 32767 -7436 -1368 -11209 END
START 11876 -8000 32767 -4843 -1411 -12753 END
START 11824 -7444 32767 -2095 -1063 -14997 END
START 11156 -7092 32767 1176 -148 -17561 END
START 10124 -7208 32767 4486 1422 -19477 END
START 8420 -7556 32656 7224 3252 -20590 END
START 6512 -7524 31148 9467 4582 -20568 END
START 5140 -7468 29880 11697 4577 -19729 END
START 3864 -7176 28844 13917 4326 -18892 END
START 3496 -6756 28032 16356 4391 -18480 END
START 2732 -6180 27028 18957 4777 -18236 END
START 2144 -5280 25304 21936 5177 -18216 END
START 1420 -4680 22764 24451 5797 -18209 END
START 1468 -3612 19536 25445 6936 -18257 END
START 828 -2860 16360 24988 8497 -18229 END
START -196 -2432 14244 24307 9834 -17764 END
START -1144 -1896 11960 24479 11278 -16728 END