START 1968 2772 1996 -4082 -4877 -1732 END
START 1908 2488 1768 -4532 -4892 -1543 END
START 2148 2056 1192 -5664 -4512 -968 END
START 2460 1336 428 -8173 -3081 -18 END
START 2812 392 588 -10745 -1825 435 END
START 2920 -216 1012 -12690 -1083 588 END
START 2700 -656 1528 -14129 -900 220 END
START 2152 -992 2424 -15091 -1657 -429 END
START 1980 -476 3348 -15825 -3097 -504 END
START 2448 -112 3948 -16812 -3791 -164 END
START 3472 208 4568 -18697 -2891 312 END
START 4344 552 5468 -21071 -1533 461 END
START 5228 188 7672 -23283 -649 -142 END
START 5872 -84 10948 -24399 -249 -1496 END
START 5692 -320 13972 -24142 -1007 -3291 END
START 5488 -744 17308 -23069 -2894 -5116 END
START 5876 -1724 20476 -22548 -4777 -6639 END
START 6072 -3252 24684 -22030 -5484 -7722 END
START 5660 -4808 28836 -20530 -5333 -8340 END
START 5192 -5780 32448 -18454 -5138 -8441 END
START 5452 -6424 32767 -16202 -5054 -8223 END
START 6616 -6432 32767 -14336 -4038 -9163 END
START 6264 -6212 32767 -11877 -3208 -11071 END
START 5696 -5836 32767 -8866 -3596 -12772 END
START 5224 -5284 32767 -6754 -3944 -14042 END
START 4224 -4624 32767 -5729 -3073 -14870 END
START 2668 -4972 32440 -5183 -2125 -14900 END
START 1820 -5180 32092 -4078 -2029 -14109 END
START 1324 -6832 32444 -2845 -1628 -13615 END
START 0 -8044 32767 -818 -1820 -13472 END
START -812 -8412 32767 1648 -2343 -13093 END
START -1276 -8088 32767 4334 -2910 -12279 END
START -872 -7324 32767 6620 -3186 -11499 END
START -92 -6628 32692 8520 -2622 -10964 END
START 560 -5768 31672 10024 -1378 -10832 END
START 800 -5228 30612 10943 -291 -11059 END
START 748 -4536 30036 12215 336 -11411 END
START 584 -4600 29196 14018 1095 -11934 END
START 68 -4928 27968 15811 1688 -12658 END
START -620 -5324 26612 17449 1827 -13293 END
START -1452 -5772 25428 19074 1686 -13646 END
START -2516 -5896 23888 20718 2243 -13353 END
START -3284 -5904 21580 22036 3620 -12505 END