START 2488 4924 3556 -982 -3844 490 END
START 1040 5344 5040 -1176 -4107 213 END
START 2256 5196 3564 -1557 -4659 -218 END
START 2332 5176 3240 -2252 -5833 -742 END
START 3024 4668 2160 -3165 -6138 -1263 END
START 3240 4328 1032 -4915 -5167 -1808 END
START 2860 3536 -52 -7186 -3802 -2300 END
START 2352 2820 -920 -9666 -3016 -2486 END
START 2040 2196 -1196 -12198 -3067 -2800 END
START 1384 1752 -1304 -14443 -3807 -3410 END
START 1136 1192 -780 -16046 -5103 -3894 END
START 1504 1052 -100 -17486 -6328 -4033 END
START 2244 420 792 -19164 -6786 -4458 END
START 2532 -36 2368 -21198 -7218 -5194 END
START 2692 -604 4644 -23095 -7964 -5867 END
START 2680 -1108 7844 -24350 -8534 -6329 END
START 2376 -2136 11256 -25175 -9311 -6610 END
START 2408 -3380 15216 -25339 -9730 -6580 END
START 2540 -4408 20204 -25480 -9285 -6124 END
START 3652 -5040 25020 -24630 -8146 -5817 END
START 5352 -5684 29584 -23159 -6681 -6098 END
START 6676 -5888 32767 -20692 -5701 -7153 END
START 7516 -6728 32767 -17995 -4951 -8775 END
START 7280 -6708 32767 -15613 -3999 -10512 END
START 6320 -5844 32767 -12618 -3059 -11626 END
START 5508 -4880 32767 -10416 -2190 -12128 END
START 4844 -4096 31680 -9124 -1488 -12410 END
START 4036 -3864 29952 -8438 -750 -12407 END
START 3240 -3700 28476 -8808 1205 -11940 END
START 1996 -3980 28196 -8724 2306 -11570 END
START 1444 -4212 28824 -7199 1392 -11730 END
START 1296 -4260 29164 -4459 -634 -12514 END
START 1300 -4952 29112 -1677 -2685 -13548 END
START 1004 -5760 29556 744 -4637 -14606 END
START 660 -6256 29708 2731 -5866 -15076 END
START 340 -6816 29912 3952 -5234 -14742 END
START -216 -6812 30324 4642 -2838 -13317 END
START -828 -6820 30560 5124 -184 -11239 END
START -1000 -7140 30680 5686 2195 -9092 END
START -1144 -7584 31224 6756 3863 -7507 END
START -1104 -7440 31588 8818 4447 -6522 END
START -816 -7156 31256 11373 4747 -6244 END
START -852 -6708 30328 14101 4724 -6284 END
START -896 -6604 29396 16424 4359 -6364 END
START -1112 -6544 28000 18489 4012 -6629 END