START -952 6288 10464 1981 249 3315 END
START -1828 6512 11968 1762 -175 3536 END
START -656 6268 10352 1447 -80 3717 END
START 828 6292 7488 641 -1060 3685 END
START 2164 6388 5216 -648 -1498 2837 END
START 2436 6020 3484 -2316 -974 1632 END
START 2268 5408 2080 -4014 -393 614 END
START 1944 4348 764 -5724 -613 -254 END
START 1352 3724 -128 -7199 -1257 -1004 END
START 760 2964 -996 -8641 -2151 -1574 END
START 956 2168 -1576 -10032 -3210 -1872 END
START 1432 1980 -1600 -11983 -4247 -1741 END
START 2600 1428 -968 -14036 -4382 -1185 END
START 4296 1140 256 -16361 -3550 -367 END
START 6220 844 1568 -18396 -2224 -104 END
START 7748 144 3196 -20334 -419 -1129 END
START 7928 -644 5028 -21620 371 -3377 END
START 7204 -1512 7136 -22133 -924 -5953 END
START 6108 -1376 9480 -22180 -3096 -7739 END
START 5588 -1328 11416 -22751 -3243 -8144 END
START 5476 -1768 13776 -24403 -2072 -7469 END
START 5888 -2760 17680 -26170 -445 -6884 END
START 6556 -4024 22092 -26627 565 -7485 END
START 7188 -5732 26580 -25402 970 -9070 END
START 6820 -7004 30684 -23052 233 -11544 END
START 6008 -8644 32767 -20025 -1739 -13868 END
START 5056 -9144 32767 -16811 -3065 -15318 END
START 3768 -9312 32767 -14114 -2433 -15761 END
START 2164 -9744 32767 -12179 -695 -15093 END
START 288 -10432 32767 -10097 909 -14133 END
START -1344 -10648 32767 -7123 1440 -13136 END
START -2800 -11024 32767 -3064 1381 -12345 END
START -3776 -12148 32767 1449 948 -11561 END
START -4268 -12084 32767 6128 704 -10696 END
START -4352 -11860 32767 10875 347 -9488 END
START -3508 -11028 32767 15115 627 -8366 END
START -2836 -10408 32767 18832 1202 -7930 END
START -2172 -9532 32767 22488 1499 -7938 END
START -1776 -8644 32767 25323 1912 -8182 END
START -1844 -8344 32508 27746 2480 -8406 END
START -1792 -8120 28080 29578 2835 -8510 END
START -1744 -8144 23948 30527 3275 -8618 END
START -2112 -7988 20068 31003 4006 -8685 END
START -2956 -7656 15760 31135 4492 -8379 END
START -3532 -7172 12112 30768 4768 -7633 END
START -4008 -6516 8412 29516 5026 -6585 END
START -4348 -5636 5456 27588 5176 -5147 END
START -4352 -4256 3308 25379 5512 -3854 END
START -4200 -3112 1368 23241 5838 -2716 END
START -4048 -1816 -680 20990 5747 -1674 END
START -3588 -524 -2476 18759 4992 -804 END
START -2788 612 -3908 16357 4247 -393 END