START 1524 1316 8624 4156 -3898 3696 END
START -4956 3632 20228 3880 -5337 4391 END
START -1524 2048 9784 2954 -4416 4700 END
START 1672 1396 5028 1427 -5231 5441 END
START 1688 1488 5196 -198 -5307 5683 END
START 1500 1228 5204 -1560 -5520 5460 END
START 1812 672 5324 -2718 -6848 5559 END
START 2280 936 5996 -3453 -7940 6039 END
START 2984 1088 6620 -3706 -7671 6661 END
START 3904 1112 6792 -4202 -6869 7240 END
START 4208 1472 7132 -5055 -5737 7575 END
START 4552 1740 7416 -6063 -4307 7412 END
START 4584 1328 7580 -6549 -3079 7021 END
START 4188 1456 7468 -6816 -3016 6457 END
START 3160 1660 7304 -7488 -3093 5868 END
START 2868 1056 7160 -8576 -3919 5354 END
START 2868 700 7644 -9150 -5165 5096 END
START 3344 8 8148 -9461 -5301 4951 END
START 3284 -508 8540 -9735 -4932 4927 END
START 3104 -772 8108 -10497 -4297 5225 END
START 2668 -852 7984 -12535 -4360 5927 END
START 2624 -756 9184 -14545 -5308 6554 END
START 3544 -936 10836 -15099 -6319 7032 END
START 4760 -1340 12004 -15027 -6136 7086 END
START 6144 -1556 12520 -15609 -4944 6466 END
START 6792 -2152 12880 -16339 -3884 5148 END
START 6756 -2780 14032 -16919 -3910 4239 END
START 7792 -3484 15656 -17340 -4980 3918 END
START 9244 -3852 17296 -17462 -4909 3684 END
START 10144 -4044 18492 -17707 -3440 3189 END
START 10716 -4772 19864 -17878 -1973 2322 END
START 11492 -5764 21012 -17435 -1474 1524 END
START 11992 -5984 22716 -16770 -1880 1067 END
START 12972 -6036 23924 -16163 -2041 816 END
START 13632 -6128 25228 -15670 -1518 279 END
START 14104 -6420 26572 -15267 -1593 -291 END
START 14704 -6400 27888 -14453 -1687 -838 END
START 15508 -6372 29412 -13605 -1037 -1935 END
START 15884 -6532 30764 -12257 -172 -3607 END
START 15792 -6404 31536 -10479 224 -5607 END
START 14828 -7400 31328 -8523 -1437 -7355 END
START 13856 -8108 30996 -6791 -5235 -8306 END
START 13148 -7460 30756 -6576 -10114 -9444 END
START 13416 -6780 31804 -6428 -12021 -11467 END
START 13236 -5456 32767 -4074 -9585 -14146 END
START 12448 -5532 32767 -1919 -6471 -16599 END
START 11764 -5488 32767 125 -3520 -18005 END
START 10948 -6352 32100 3043 -293 -18874 END
START 9700 -7664 30108 5510 1869 -19003 END
START 7956 -7852 28648 7976 1655 -18412 END
START 7396 -7044 27576 10795 2085 -17638 END
START 6872 -7064 26292 13286 4777 -17156 END
START 5732 -6708 24840 14974 7342 -16325 END
START 4752 -6096 22976 15787 8787 -15900 END
START 3800 -5516 21612 16774 9404 -15928 END
START 2188 -5212 20704 18140 9207 -15894 END
START 988 -5236 19444 19616 8949 -15194 END
START 660 -4812 18516 20717 8827 -13999 END
START 280 -4156 17784 21769 10502 -12543 END
START -160 -3144 16676 22757 13686 -10862 END
START -108 -2360 13016 22720 16376 -9315 END
START -1388 -1344 10224 19929 15259 -8718 END
START -1940 -968 9440 18361 12427 -9003 END
START -1956 -752 8764 18760 9766 -9602 END
START -1412 -1060 7604 19805 8305 -9599 END