START -1376 1760 13836 622 1634 -556 END
START 4632 1780 3496 734 314 -9 END
START 2248 1224 12052 805 744 -38 END
START -844 1268 14692 362 -144 275 END
START -1060 1304 13664 72 -1273 1071 END
START -612 648 12708 72 -1468 1583 END
START -556 668 11680 -5 -1434 2057 END
START -240 352 10188 -525 -1496 2322 END
START -228 384 9760 -1243 -1986 2421 END
START -220 716 9464 -1313 -2413 2548 END
START 28 768 8692 -1779 -2266 3131 END
START 380 836 8276 -2623 -1977 3381 END
START 676 556 8364 -3806 -2039 3636 END
START 1516 76 7956 -4889 -2359 4172 END
START 2124 -340 8636 -6348 -3328 4458 END
START 3200 -612 9904 -6916 -3274 3697 END
START 3356 -912 10368 -6864 -2526 2639 END
START 2408 -828 9956 -7338 -2936 1989 END
START 1856 -1048 10112 -7975 -3345 1658 END
START 1440 -1376 10720 -8405 -4196 2282 END
START 2272 -1708 10708 -9048 -5013 3232 END
START 3292 -2248 11164 -10068 -5463 3813 END
START 3924 -2376 11668 -10793 -5192 3519 END
START 4176 -2708 11840 -11300 -4560 3083 END
START 3840 -2572 12788 -12192 -4742 2808 END
START 4124 -2440 13812 -12799 -4748 2718 END
START 4780 -2796 14368 -13368 -3953 2437 END
START 5552 -3640 15220 -14243 -3655 2294 END
START 6116 -4604 15844 -14536 -3429 1919 END
START 6608 -5400 16288 -14505 -3476 1496 END
START 7016 -5760 16988 -14632 -3029 936 END
START 6984 -5576 18076 -14890 -2490 467 END
START 6900 -5708 19092 -14873 -2062 -157 END
START 7192 -6188 19976 -14557 -1778 -766 END
START 7936 -6564 20944 -14349 -1490 -1227 END
START 8164 -7248 22268 -13862 -679 -1837 END
START 8300 -7312 23136 -13185 -429 -2235 END
START 8956 -7388 24976 -12604 -987 -2946 END
START 9892 -7536 26872 -11577 -1152 -4113 END
START 10884 -7260 28744 -10216 -984 -5358 END
START 11520 -6968 30468 -8806 -442 -6958 END
START 11784 -6500 31656 -7399 705 -8511 END
START 11688 -6444 32668 -5775 1863 -10022 END
START 10804 -6620 32767 -3989 2373 -11746 END
START 9668 -6576 32767 -1852 1956 -13491 END
START 8096 -6692 32767 201 1399 -15117 END
START 6904 -7080 32767 2148 1149 -16458 END
START 5172 -7580 32767 4271 1394 -17416 END
START 3780 -8468 32767 6392 1521 -17582 END
START 2628 -8536 32572 8781 1363 -16844 END
START 1676 -8516 31804 10761 1200 -15965 END
START 1092 -8084 30560 12770 763 -15099 END
START 888 -7488 29264 14435 193 -14608 END
START 452 -7036 28368 16159 114 -14254 END
START 348 -6568 27320 17951 547 -14174 END
START -104 -6432 26196 19511 920 -13524 END
START -140 -5892 25020 20915 1608 -12610 END
START -508 -5120 23552 22612 2471 -11843 END
START -952 -4700 20732 23431 3267 -11240 END
START -1608 -4284 18444 22945 3150 -10989 END
START -2004 -3524 17552 22376 2261 -10459 END
START -1548 -2384 16472 22521 2672 -9884 END
START -1184 -1400 14480 22235 5394 -9907 END
START -1336 -1492 11804 20926 7325 -9791 END
START -2360 -1016 9164 19495 5951 -8685 END
START -1732 -316 6744 17845 3873 -6530 END
START -1228 544 5104 15619 3205 -4338 END
START -1180 688 4204 13283 2600 -2796 END
START -848 1224 3460 11504 2480 -1392 END
START -660 1444 2652 9535 3154 -84 END