START 3028 3948 68 -5999 -1396 -956 END
START 2912 3560 -668 -6574 -1926 -864 END
START 2504 3540 -16 -7612 -1570 -890 END
START 3248 2328 -832 -9183 -1650 -918 END
START 3872 936 -1732 -10689 -1962 -1609 END
START 3820 292 -1904 -12155 -3204 -2735 END
START 3916 -564 -1704 -13792 -4725 -3956 END
START 4344 -1072 -528 -16015 -6086 -4704 END
START 4956 -1028 1428 -18283 -5251 -4800 END
START 5588 -1304 3528 -20966 -2747 -4374 END
START 5700 -1760 5808 -23172 -1403 -4262 END
START 6016 -2100 8328 -24475 -1104 -5008 END
START 6436 -2716 11420 -25169 -1387 -6890 END
START 6264 -3292 14976 -25129 -2775 -9311 END
START 6416 -4080 19500 -24322 -4511 -11468 END
START 6696 -5256 24164 -23185 -5355 -13434 END
START 6680 -6364 29280 -21790 -5249 -15095 END
START 6680 -7616 32767 -19825 -4323 -16634 END
START 5936 -9176 32767 -16886 -2848 -18398 END
START 4724 -10484 32767 -12956 -1954 -19773 END
START 2988 -11404 32767 -8726 -1623 -20986 END
START 692 -12060 32767 -4632 -1396 -21470 END
START -2240 -11848 32767 -972 -1394 -21026 END
START -4500 -11312 32767 2459 -1373 -19709 END
START -5728 -10352 32767 5126 -1018 -17607 END
START -6436 -9568 32767 7470 -422 -15545 END
START -6368 -8768 32767 9672 682 -13542 END
START -6164 -8156 32767 11851 1647 -12126 END
START -5700 -7768 32767 14556 2343 -11005 END
START -5216 -7912 32767 17522 2272 -10470 END
START -5188 -7396 32764 20381 2010 -10195 END
START -5100 -7452 29304 22485 2405 -9988 END
START -5732 -6912 26256 23850 3194 -9364 END
START -6100 -6452 23308 24919 3618 -8225 END
START -5948 -5940 20452 25277 4307 -6872 END
START -5740 -5496 17536 25049 5556 -5573 END