START 3084 2688 -4556 -10921 -887 -2725 END
START 3048 2256 -4512 -11698 -653 -2661 END
START 2880 1504 -4456 -13337 -276 -2539 END
START 2228 652 -4444 -15774 -242 -2429 END
START 2220 -80 -3924 -17777 -990 -2518 END
START 2684 -556 -2812 -19876 -1677 -2941 END
START 2908 -1096 -1240 -22146 -2274 -3731 END
START 3408 -1624 880 -24226 -3039 -4458 END
START 3268 -2156 3768 -25901 -3821 -5202 END
START 2764 -2304 6804 -27334 -4782 -5612 END
START 2716 -2632 11112 -28348 -5996 -5593 END
START 3356 -2812 16640 -28670 -7212 -5327 END
START 4960 -3196 22392 -27899 -8101 -5305 END
START 7036 -4312 27608 -26337 -8501 -6227 END
START 8440 -5760 32767 -24239 -8812 -7893 END
START 9044 -7276 32767 -21322 -8388 -10023 END
START 8652 -8400 32767 -17277 -6911 -12025 END
START 7436 -9624 32767 -13598 -5576 -13553 END
START 5924 -10148 32767 -10328 -4589 -14214 END
START 4552 -9860 32767 -7182 -2795 -14012 END
START 3452 -9444 32767 -4592 -1946 -13187 END
START 2880 -8080 32767 -1869 -1645 -12359 END
START 2912 -6520 32767 686 -1294 -12011 END
START 3076 -5032 32767 2697 -1215 -12074 END
START 3756 -3812 32767 4434 -1205 -12409 END
START 4180 -3128 32767 5879 -608 -13120 END