START 2656 1856 4780 -45 -1055 1413 END
START 6136 936 5212 -439 -2629 2245 END
START -1348 2888 9608 -1689 -1891 2873 END
START 992 1716 4576 -4212 -1702 4163 END
START 1704 1376 3844 -6096 -2193 5725 END
START 2520 968 3956 -7284 -2656 6903 END
START 3060 1312 4288 -7752 -2457 7853 END
START 3048 1548 4732 -8511 -2004 7921 END
START 3500 1504 4596 -9011 -2241 7762 END
START 3948 1660 4748 -9809 -2663 7442 END
START 4044 1680 4932 -11036 -2338 6857 END
START 3812 1464 5200 -12028 -1995 6608 END
START 3108 1628 5484 -13146 -1309 6516 END
START 2544 1212 5940 -14515 -771 6494 END
START 2244 596 6904 -15658 -736 6556 END
START 2372 232 7476 -16583 -1139 6708 END
START 2736 -384 8948 -17420 -1479 6641 END
START 3404 -952 9840 -18209 -1843 6340 END
START 3748 -1180 10968 -18655 -2074 5898 END
START 3884 -1256 11588 -19051 -2318 5340 END
START 4440 -1416 12252 -19487 -2609 4838 END
START 4708 -1852 13348 -19940 -2699 4320 END
START 5308 -2764 14556 -20234 -2842 4079 END
START 5764 -3576 15608 -20524 -2515 3799 END
START 6392 -4260 16504 -20740 -1586 3304 END
START 6600 -4900 17376 -20949 -623 3026 END
START 6512 -5456 18364 -21206 -56 2934 END
START 6632 -5648 19216 -21360 32 2992 END
START 6652 -6064 20188 -21378 -313 2927 END
START 7080 -6432 21304 -21007 -529 2603 END
START 7364 -7320 22344 -20366 -602 1965 END
START 7864 -8060 23376 -19756 -579 1303 END
START 8532 -8828 24144 -19134 -701 762 END
START 9108 -9188 25296 -18221 -916 428 END
START 9624 -9072 26680 -17388 -1197 39 END
START 10076 -9016 28348 -16448 -1578 -599 END
START 11048 -8856 30324 -14998 -1875 -1803 END
START 11644 -9272 31536 -12904 -2017 -3385 END
START 12472 -9328 32656 -10659 -1957 -5050 END
START 12744 -9548 32767 -8714 -1842 -6701 END
START 12984 -9428 32767 -6527 -1666 -8274 END
START 12968 -9568 32767 -3869 -1290 -10324 END
START 12308 -9560 32767 -728 -681 -12321 END
START 11288 -9320 32767 2239 -59 -13978 END
START 10084 -8940 32767 4945 807 -15291 END
START 8660 -9220 32256 7195 1380 -16216 END
START 7264 -9220 31216 9237 1539 -16769 END
START 6192 -9108 30184 11190 1617 -16851 END
START 5036 -8888 28932 13265 1900 -16720 END
START 3700 -8568 27352 15427 1872 -16414 END
START 2396 -8176 25636 17464 1596 -16067 END
START 2080 -7828 24596 19211 1921 -15692 END
START 1788 -7704 23476 20516 3085 -15337 END
START 1236 -6904 22292 21631 4841 -15253 END
START 140 -5840 20256 22770 7083 -14981 END
START -1396 -4896 17936 23610 8424 -14606 END
START -2112 -3768 15248 24002 8630 -13954 END
START -2488 -2868 13352 24073 7705 -13110 END
START -2200 -2176 12252 23781 6360 -12149 END
START -1524 -1512 11152 23471 5361 -11469 END
START -1044 -156 9324 23051 5810 -11072 END
START -896 528 7832 22085 6960 -10792 END
START -1180 852 6064 20812 8035 -10279 END