START 1396 3956 9308 -558 2864 2776 END
START 2460 3548 13036 -704 1819 2782 END
START -3592 5024 15064 -1041 1815 2365 END
START -916 4312 9312 -992 684 1477 END
START -192 4336 6928 -1181 -1495 1352 END
START -540 4104 5704 -2135 -3433 1343 END
START -332 4284 4260 -3389 -4904 1977 END
START -600 3988 4308 -5123 -6067 2874 END
START 376 3984 4240 -6751 -6479 3563 END
START 1440 3504 4828 -7812 -5870 3648 END
START 2244 3044 5000 -8887 -5547 3237 END
START 2632 2420 5076 -9741 -5263 2734 END
START 2020 2080 5240 -10606 -5546 2631 END
START 1788 1940 5460 -12037 -6389 2722 END
START 1528 1700 6020 -13454 -6569 2547 END
START 1620 1256 6460 -14342 -6377 2452 END
START 1924 528 7332 -15178 -7025 2185 END
START 2536 -164 8344 -15819 -7860 2201 END
START 2884 -952 9352 -16496 -7175 2265 END
START 2612 -1508 10000 -17203 -5504 2595 END
START 1964 -1524 10064 -17956 -4026 3137 END
START 976 -1360 10112 -18876 -2959 3025 END
START 672 -2020 11060 -19865 -3613 2377 END
START 1228 -2856 12956 -20383 -5810 1569 END
START 2236 -3760 15348 -20207 -7678 905 END
START 2952 -4504 17012 -19697 -8225 771 END
START 3444 -4296 18000 -19467 -5733 1446 END
START 3212 -4136 18344 -20355 -2499 2568 END
START 3884 -5364 20008 -21500 -2004 3632 END
START 5676 -5468 22456 -20774 -2567 4445 END
START 7792 -5640 24048 -19382 -1669 3808 END
START 8660 -6016 24368 -18094 101 2070 END
START 8128 -6132 24120 -16980 1654 314 END
START 7468 -7044 24024 -16096 1886 -736 END
START 6964 -8024 24440 -15435 1103 -726 END
START 7684 -8484 25168 -14609 240 -562 END
START 9028 -8376 25144 -13987 205 -630 END
START 9376 -8576 25964 -13147 905 -1219 END
START 9912 -8808 26832 -12504 1443 -2631 END
START 9848 -8672 28244 -11324 1474 -4318 END
START 9764 -8824 29344 -9575 1293 -5831 END
START 9772 -9224 30096 -8194 600 -7075 END
START 9916 -9352 31596 -6867 -71 -8164 END
START 9808 -9104 32767 -5215 112 -9329 END
START 9400 -8592 32767 -3262 431 -10758 END
START 8716 -8724 32767 -711 596 -12438 END
START 7624 -8772 32767 1810 574 -14199 END
START 6264 -9096 32767 4824 807 -15557 END
START 4760 -9584 32767 7965 746 -16418 END
START 3568 -9956 32767 11116 -74 -16883 END
START 2720 -9896 32767 14116 -686 -16968 END
START 1984 -9716 32767 16750 -241 -16481 END
START 1676 -9224 32208 19231 1161 -15483 END
START 1376 -8820 29864 21508 3378 -14412 END
START 716 -8200 27108 22658 4943 -13621 END
START 28 -7496 25036 23629 6279 -13108 END
START -856 -7132 22648 25179 8049 -12782 END
START -1488 -6908 19816 26386 9373 -12298 END
START -2416 -5968 17324 27041 10432 -11798 END
START -3764 -5188 14392 27441 10757 -11035 END
START -4260 -4528 11560 27838 9663 -9659 END