START 488 3120 6896 4540 -5564 2498 END
START 2988 2276 8332 4416 -7366 3250 END
START -3100 4200 11768 3714 -6180 3409 END
START 2676 2212 3344 1707 -4947 3563 END
START 2184 1896 3460 -984 -3613 3155 END
START 1516 636 3960 -3423 -3578 2861 END
START 860 -24 4000 -4381 -5294 3774 END
START 736 -16 4172 -4644 -7226 5703 END
START 1528 156 4580 -5521 -7751 7463 END
START 2496 288 5144 -6955 -6670 8422 END
START 2696 888 5456 -8062 -5073 8682 END
START 3112 820 5592 -8946 -4051 8113 END
START 2956 908 5580 -10008 -3977 7427 END
START 2776 752 6324 -10673 -5081 7075 END
START 2916 964 7084 -10933 -6042 7003 END
START 3172 1020 7820 -11633 -5498 6899 END
START 2912 668 8372 -12872 -4566 6941 END
START 2616 364 9052 -13712 -3784 7398 END
START 2516 -532 9820 -14352 -2902 7628 END
START 2584 -1504 10024 -15141 -2031 7742 END
START 2968 -2816 10308 -16274 -1975 7987 END
START 3468 -4152 11912 -17412 -2712 8134 END
START 3916 -4528 13752 -17882 -2311 8431 END
START 3952 -4524 15224 -18433 -367 8545 END
START 3608 -4412 16128 -18792 1021 8378 END
START 3204 -4092 16840 -18900 104 7669 END
START 4640 -4200 17796 -18550 -2932 6731 END
START 6560 -3804 19080 -18068 -5278 5332 END
START 8384 -3616 20428 -17984 -5461 3197 END
START 9048 -3276 21444 -17694 -3741 1170 END
START 8768 -3232 21884 -17111 -1490 -91 END
START 8720 -3792 21588 -17065 249 -201 END
START 8864 -4468 21776 -17298 1000 29 END
START 9216 -5180 22476 -17249 1395 -61 END
START 9184 -6160 23084 -16800 1201 -695 END
START 9264 -6824 23408 -15960 442 -1461 END
START 9248 -7108 23736 -15128 -207 -2370 END
START 9116 -7748 24844 -14139 -997 -3226 END
START 9400 -7788 25332 -12818 -1582 -3655 END
START 10072 -7764 26420 -12057 -1533 -4204 END
START 10876 -7744 27692 -11336 -1287 -4950 END
START 11392 -7440 28876 -10255 -1780 -6275 END
START 11500 -6928 30508 -8327 -2176 -8315 END
START 11020 -6588 31144 -6164 -3570 -10353 END
START 10800 -6472 31888 -4361 -4704 -11801 END
START 10092 -7156 32532 -2823 -5254 -13210 END
START 9448 -7664 32767 -1159 -6109 -14584 END
START 9092 -8164 32767 1171 -6206 -15617 END
START 7924 -8096 32628 4076 -6927 -15853 END
START 7776 -7836 31724 6617 -7231 -16350 END
START 7480 -6948 30448 8702 -5854 -17026 END
START 6452 -6900 29048 9823 -2904 -17041 END
START 4952 -7044 27552 10472 172 -16229 END
START 3896 -7348 26432 11521 2028 -15369 END
START 2648 -7572 25100 13180 2036 -14618 END
START 1948 -7808 23968 14928 528 -13988 END
START 1560 -7464 22500 16370 -857 -13743 END
START 1332 -7252 21628 17639 -1505 -13743 END
START 1324 -6896 21004 19072 -307 -14165 END
START 1264 -6996 20228 20969 1358 -14173 END
START 1476 -6760 18568 22932 4143 -13385 END
START 1268 -6288 16912 23935 7172 -12478 END
START 544 -5664 15212 24049 8963 -11752 END
START 504 -5416 13816 23904 8623 -11381 END
START 540 -5704 12472 23961 6723 -11215 END
START 1108 -4620 10572 24411 4918 -10960 END
START 1420 -3348 8824 24199 5134 -11053 END