START 1876 1292 1296 -8427 -3556 -2121 END
START 1524 1068 860 -8851 -3700 -2043 END
START 884 644 432 -9928 -3875 -1613 END
START 488 -104 -376 -11928 -3403 -376 END
START 452 -920 -684 -14312 -2621 815 END
START 828 -1100 -400 -16469 -2121 821 END
START 1548 -1160 728 -17997 -2583 22 END
START 2292 -808 2380 -18987 -3837 -942 END
START 3476 -116 4308 -20048 -4772 -1774 END
START 5148 588 6500 -21666 -5083 -2598 END
START 6376 492 8944 -23271 -4442 -3662 END
START 6884 104 12400 -24425 -3495 -5124 END
START 7024 -692 16176 -25091 -2529 -6857 END
START 6800 -2120 20440 -24562 -1865 -8886 END
START 6376 -4060 24280 -22810 -2060 -11265 END
START 6120 -6492 27856 -20328 -3514 -13533 END
START 5852 -7956 31012 -17834 -4746 -15393 END
START 5564 -8684 32767 -15618 -5268 -16216 END
START 4820 -9072 32767 -14155 -3582 -15976 END
START 3404 -9224 32767 -13595 -458 -14749 END
START 2496 -8884 32767 -12217 1328 -13459 END
START 2144 -8916 32767 -9748 1764 -13340 END
START 1436 -8624 32767 -6597 1033 -14083 END
START 620 -8612 32767 -3551 -95 -15300 END
START -1040 -8700 32767 -726 -609 -15926 END
START -2536 -8712 32767 1916 -247 -15631 END
START -4048 -8552 32767 4240 851 -14503 END
START -5132 -8432 32767 6456 1944 -13041 END
START -6004 -8132 32767 8981 2211 -11753 END
START -6004 -8136 32767 12066 1664 -11212 END
START -6000 -7888 32767 15233 1160 -11357 END
START -5984 -7824 32767 18490 918 -11715 END
START -5848 -7836 31804 21360 1289 -12132 END
START -6140 -7592 29248 23813 2438 -11960 END
START -6456 -7164 26412 25565 4262 -10920 END