START 4580 -1376 7600 -17920 -859 -6465 END
START 4420 -1336 7740 -17991 -1197 -6733 END
START 4264 -1504 8468 -18206 -1980 -7303 END
START 4860 -2076 9532 -18725 -2618 -8299 END
START 5156 -2312 10940 -19511 -2922 -9356 END
START 5168 -2584 13560 -20039 -3075 -10572 END
START 4836 -2684 16480 -19851 -3208 -12070 END
START 4028 -3528 19232 -19330 -3642 -13510 END
START 2704 -4388 22252 -18556 -4672 -14415 END
START 2252 -5900 24824 -17587 -5972 -14733 END
START 2600 -7120 27924 -16812 -6663 -14619 END
START 2804 -8388 31480 -15442 -6351 -14313 END
START 2988 -8968 32767 -13578 -5578 -14046 END
START 2680 -9224 32767 -11596 -3881 -14272 END
START 1780 -9340 32767 -9386 -2393 -14336 END
START -16 -10208 32767 -7342 -1171 -14013 END
START -1992 -9924 32767 -4637 -648 -13318 END
START -3876 -8984 32767 -1747 -497 -12392 END
START -5228 -7888 32767 1084 -68 -11138 END
START -6000 -6864 32767 3221 787 -9570 END
START -6232 -6676 32767 4827 1862 -7753 END
START -5956 -6348 32767 6614 2366 -6283 END