START -68 2856 2792 3766 -4841 1883 END
START -7892 5388 17812 2911 -5952 3008 END
START -1320 2880 3220 558 -4255 4160 END
START 208 2476 1128 -3420 -4685 6444 END
START 948 1892 1772 -6889 -3842 7850 END
START 1388 1516 2908 -8673 -3022 8490 END
START 1536 1024 3984 -9084 -2591 8724 END
START 2080 800 4792 -9057 -2696 8812 END
START 2500 616 5800 -9304 -2317 8924 END
START 2796 672 6056 -10375 -1081 9202 END
START 2104 900 6672 -11455 -277 9817 END
START 1376 1460 6996 -12352 -703 10327 END
START 1716 1276 7708 -13236 -2061 10203 END
START 2200 1160 8996 -13922 -3728 9876 END
START 3148 624 10184 -14209 -4508 9222 END
START 3644 0 11244 -14399 -4257 8290 END
START 3888 -144 11696 -14702 -3462 7545 END
START 3444 -236 12172 -15573 -2187 7123 END
START 3232 -884 12792 -16455 -1881 7103 END
START 3636 -1244 13884 -17052 -3276 7809 END
START 4748 -1356 15064 -16906 -4452 8230 END
START 6052 -1644 15800 -16717 -3450 7678 END
START 6248 -2116 15548 -16883 -928 6363 END
START 4868 -1744 15280 -17424 759 5161 END
START 4124 -2716 15792 -18028 -343 4509 END
START 5600 -3468 17100 -18222 -2186 4535 END
START 7044 -4212 18440 -17934 -2428 3979 END
START 8088 -5032 19436 -17520 -1616 2850 END
START 8236 -5360 19856 -16782 -116 1249 END
START 7392 -6128 20652 -16562 953 -226 END
START 6900 -6568 21456 -16310 1160 -870 END
START 7100 -6608 22536 -16082 1092 -781 END
START 7372 -6244 23388 -15476 818 -457 END
START 8076 -5916 24304 -14900 109 -695 END
START 8928 -5752 25696 -14246 -663 -1636 END
START 9556 -5032 27392 -13083 -222 -3480 END
START 9732 -4944 28448 -11707 935 -5905 END
START 9044 -5060 29224 -10647 955 -7608 END
START 8952 -5016 30016 -9582 -152 -8529 END
START 8652 -5028 31388 -8376 -897 -9590 END
START 8516 -4796 32308 -6521 -784 -10721 END
START 7756 -4836 32767 -4537 -520 -12115 END
START 6820 -4712 32767 -2613 -906 -13592 END
START 6180 -4956 32767 -762 -947 -15099 END
START 4904 -5140 32767 923 -738 -16226 END
START 4068 -5520 32767 2446 -622 -17060 END
START 3188 -5440 32767 3802 75 -18284 END
START 1740 -5836 32420 6166 -134 -18414 END
START 748 -5932 31428 9295 -1034 -17532 END
START 348 -5668 29828 11711 -1475 -16216 END
START -468 -4928 28168 13871 -1405 -14689 END
START -1288 -4628 26440 15541 -881 -13232 END
START -1596 -4476 25456 16719 -1004 -11672 END
START -1000 -3700 24336 17610 -936 -10165 END
START -952 -3032 23060 18683 353 -9678 END
START -1444 -2692 21208 19984 2209 -10110 END
START -1996 -2788 19268 21245 3406 -10639 END
START -2356 -3100 17436 22023 3883 -9985 END
START -1928 -2884 15620 22487 4518 -9009 END
START -1436 -2324 13716 22390 5247 -7931 END
START -1184 -1596 11740 21881 5461 -7180 END
START -720 -800 9764 21280 4960 -6785 END