START -5992 6700 21352 -2597 -2243 8406 END
START 6612 3292 192 -3542 -868 8371 END
START 2268 4152 3376 -5199 -198 8266 END
START 2880 3756 4012 -7271 1281 7752 END
START 2428 3996 4864 -8554 2139 7220 END
START 2400 3668 5272 -9085 1616 7136 END
START 2248 3592 5784 -9323 498 7404 END
START 2184 3376 5928 -9781 -282 7939 END
START 2276 2984 5960 -10594 -754 8379 END
START 2764 2588 6504 -11719 -1254 8791 END
START 3452 2152 7020 -13113 -1523 8935 END
START 3776 1908 8268 -14361 -1695 8918 END
START 4100 2168 9052 -15308 -1815 8580 END
START 4264 2220 9580 -15741 -1878 7796 END
START 4120 1680 10392 -16164 -2665 7077 END
START 4896 616 10960 -16769 -3558 6808 END
START 5248 -124 11556 -17320 -3566 6793 END
START 5620 -128 11908 -18026 -2544 6754 END
START 5256 88 12448 -19034 -1325 6488 END
START 4964 -100 13100 -19908 -1006 6107 END
START 4960 -568 14448 -20539 -2012 6104 END
START 5856 -1392 15812 -20588 -3491 5947 END
START 6824 -2100 16416 -20200 -4229 5201 END
START 7564 -2516 16684 -19760 -3771 3866 END
START 7508 -3032 17100 -19959 -2910 2241 END
START 7624 -3768 17880 -20560 -2794 1053 END
START 7856 -4392 19404 -20774 -3576 706 END
START 9156 -5408 20920 -20369 -3685 703 END
START 10068 -5684 21972 -19864 -2613 418 END
START 10900 -6028 22692 -19063 -759 -514 END
START 11016 -6000 23444 -18036 679 -2021 END
START 10820 -6380 23996 -16924 688 -3549 END
START 10832 -6824 24560 -15684 -342 -4538 END
START 11156 -7028 25312 -14351 -1361 -5386 END
START 11368 -7008 25876 -13045 -2209 -6189 END
START 11456 -7264 26932 -12103 -2723 -7242 END
START 11600 -7140 27736 -10749 -2516 -8482 END
START 11808 -7092 28152 -9212 -2053 -9825 END
START 11428 -7548 28504 -7532 -2058 -11020 END
START 10396 -7588 28464 -5563 -3628 -12010 END
START 9760 -7576 28088 -3349 -7317 -13064 END
START 10248 -6616 28156 -1719 -9631 -14607 END
START 11756 -5320 29048 422 -8588 -18208 END
START 11668 -4600 28876 2763 -5746 -21948 END
START 10708 -4952 27448 4050 -3829 -24112 END
START 7924 -5900 26440 5121 -5027 -24565 END
START 6324 -5804 26280 7804 -8449 -23061 END
START 6560 -5324 26296 9521 -9144 -21791 END
START 7232 -4964 26892 10055 -6358 -20905 END
START 6976 -4396 27372 11326 -2644 -20258 END
START 6100 -3796 26968 13555 453 -19712 END
START 5316 -3228 25520 14986 3326 -19243 END
START 3920 -2892 23916 15962 5233 -18555 END
START 3064 -2864 22868 17237 5824 -17927 END
START 2684 -2600 21944 18708 5816 -17484 END
START 2416 -2192 20884 19749 5277 -17181 END
START 2088 -1400 19788 20909 4690 -16500 END
START 1464 -884 18224 21765 4622 -15451 END