START 3336 1812 1648 -5077 2117 4114 END
START -4912 4372 16732 -5585 -12 5002 END
START -68 2900 3716 -7028 1051 5345 END
START 1240 2240 2056 -9230 -847 6580 END
START 2184 2196 2436 -10830 -2138 7617 END
START 3316 1964 2908 -11786 -3166 7863 END
START 4072 2160 3172 -12204 -3723 7582 END
START 4152 2324 3828 -13017 -4943 7246 END
START 4668 1884 4500 -14411 -6327 7047 END
START 5340 1780 5528 -15881 -7134 7024 END
START 6036 1660 6844 -16935 -7097 6881 END
START 6356 1716 7836 -17794 -6155 6483 END
START 6532 1672 8420 -18687 -4977 5895 END
START 6128 1056 9236 -19710 -4896 5283 END
START 6564 116 10360 -20529 -5638 5102 END
START 7020 -720 11568 -20987 -6409 5206 END
START 7728 -1384 12388 -21218 -6115 5188 END
START 8124 -1792 13160 -21618 -4884 4844 END
START 8276 -2032 14424 -22342 -3940 4204 END
START 8244 -2392 15940 -22767 -3969 3790 END
START 8872 -2960 17376 -22623 -4521 3336 END
START 9712 -3516 18684 -22345 -4092 2612 END
START 10548 -4736 20488 -22234 -3955 1592 END
START 11728 -5792 22820 -21259 -4447 576 END
START 12644 -6020 24604 -19478 -4401 -436 END
START 12868 -5904 25684 -18046 -3446 -1644 END
START 12720 -5516 26304 -17503 -3258 -2517 END
START 12828 -5180 27540 -16760 -3552 -3215 END
START 13704 -5344 28860 -15648 -3599 -4554 END
START 14476 -5956 30004 -13828 -3725 -5975 END
START 14372 -5524 30672 -12118 -3395 -7630 END
START 14184 -5476 31224 -10591 -2469 -9089 END
START 13880 -5452 32152 -8766 -1834 -10483 END
START 13376 -5360 32767 -6146 -1367 -11834 END
START 12796 -5164 32767 -3639 -508 -13182 END
START 11708 -4988 32556 -1235 482 -14509 END
START 10648 -4772 31952 980 1044 -15714 END
START 9440 -4868 30976 2789 1332 -17116 END
START 7972 -5076 30564 4717 1244 -18002 END
START 6868 -4952 29860 6880 686 -18343 END
START 6276 -4680 29132 9374 485 -18449 END
START 5232 -4508 27904 11969 416 -18435 END
START 4156 -3852 26160 14316 674 -18013 END
START 3336 -3036 24316 15969 1445 -17637 END
START 2724 -2616 22464 17482 2168 -17253 END
START 2136 -2152 20896 18503 2554 -16886 END
START 1320 -1724 19508 19732 2935 -16700 END
START 420 -1144 17668 21269 3151 -16369 END
START -624 -380 15352 22671 2874 -16001 END
START -1380 196 12484 22991 2370 -15808 END
START -1976 888 10144 22215 1777 -15479 END