START 696 3496 2992 -8767 -1423 1240 END
START 1012 3136 2724 -9171 -2109 1429 END
START 1436 2780 3064 -10051 -3221 1948 END
START 2744 2520 3536 -11942 -4290 2955 END
START 4628 2404 3992 -14088 -3353 3690 END
START 6316 1676 5232 -16410 -965 3273 END
START 7568 608 6704 -18026 934 1499 END
START 7696 44 8336 -18738 1081 -898 END
START 7312 -824 10432 -18518 -156 -3117 END
START 7248 -1572 12480 -17581 -1721 -4846 END
START 6928 -1704 13820 -17055 -2633 -6031 END
START 7016 -2284 15172 -17311 -2577 -6772 END
START 7228 -2156 16800 -18053 -1316 -7433 END
START 7120 -2224 18844 -18773 283 -8161 END
START 6632 -2352 20804 -18893 1317 -9010 END
START 6384 -2764 22552 -18137 1980 -10015 END
START 5756 -3064 23776 -16995 1601 -11394 END
START 4572 -3224 24596 -15838 614 -12812 END
START 3568 -2944 25544 -14916 -525 -13875 END
START 2668 -2568 26628 -14096 -1435 -14518 END
START 2016 -2864 28012 -13206 -2346 -14434 END
START 1800 -2576 29188 -12166 -2933 -14133 END
START 1964 -2868 30436 -11162 -2979 -14008 END
START 1532 -3164 32056 -9683 -3400 -14411 END
START 1072 -3912 32767 -7733 -4168 -14864 END
START 172 -3976 32767 -5316 -5240 -15088 END
START 120 -4072 32767 -2179 -5732 -15123 END
START 464 -4480 32767 404 -5214 -15066 END
START 120 -4840 32767 2075 -4405 -14995 END
START -100 -5772 32767 3296 -3017 -14621 END
START -808 -6660 32767 4723 -1905 -14196 END
START -1188 -7324 32767 6819 -1307 -13660 END
START -1708 -7896 32767 9326 -705 -13398 END
START -2372 -8472 32767 11921 -339 -13213 END
START -3420 -8316 32316 14885 -179 -12833 END
START -4156 -7728 30936 17399 39 -12041 END
START -4716 -6992 29744 19035 749 -11031 END
START -4732 -6836 28496 20264 2021 -9728 END
START -4840 -6780 27460 21526 2938 -8480 END
START -4604 -6880 25884 22874 3985 -7181 END
START -4376 -6980 24652 24097 4856 -6306 END
START -4420 -6932 23020 25268 5339 -5825 END
START -4304 -6756 20936 26682 5890 -5431 END
START -4132 -6516 18180 27583 6501 -4678 END