START 4580 5540 300 -5416 3305 1313 END
START -3092 7212 10288 -5847 4151 718 END
START 108 5312 4380 -6605 3001 187 END
START 668 4044 2664 -8088 1816 -796 END
START -160 3596 2376 -9539 11 -1292 END
START -1028 2744 2280 -10977 -1179 -1093 END
START -1832 2156 1984 -12653 -2131 -370 END
START -2180 1480 1948 -14595 -3028 642 END
START -1188 1032 2408 -16739 -3657 1686 END
START 168 1204 4008 -18989 -3703 2518 END
START 2084 716 5816 -20507 -3254 2800 END
START 3908 632 7792 -21428 -2965 2029 END
START 5228 80 9680 -21907 -3505 183 END
START 6176 -448 12040 -21766 -5267 -2075 END
START 7072 -808 15088 -20937 -7464 -4851 END
START 7832 -1240 18016 -19399 -8969 -7101 END
START 8620 -2100 20080 -17896 -9351 -8794 END
START 8964 -2836 21892 -16983 -8974 -10428 END
START 8660 -3796 23248 -16530 -7924 -11665 END
START 8300 -4760 25124 -16303 -6399 -12277 END
START 7296 -5272 26928 -15091 -6142 -12841 END
START 6516 -5416 27780 -12985 -7731 -13178 END
START 6396 -4880 28056 -10609 -9104 -13557 END
START 5780 -4620 28000 -9678 -8279 -13806 END
START 4916 -4344 28236 -9899 -5956 -13055 END
START 4048 -4212 28884 -10520 -3091 -11787 END
START 3184 -3752 29996 -10409 -695 -10615 END
START 2880 -3776 31420 -8664 -674 -10186 END
START 3048 -3448 32040 -6011 -2018 -10711 END
START 3304 -3468 31960 -3359 -3143 -11995 END
START 3116 -3900 32096 -1367 -3711 -13469 END
START 2308 -4300 32680 167 -3356 -14375 END
START 1284 -4548 32767 1481 -2103 -14190 END
START 292 -5100 32767 2241 189 -12959 END
START -768 -5996 32767 3038 2216 -11414 END
START -1720 -6472 32767 4437 3481 -9709 END
START -2692 -6528 32767 6620 4053 -8253 END
START -2808 -6432 32656 8892 4249 -7098 END
START -2932 -6052 31936 11125 4242 -6276 END
START -2664 -5772 31020 13554 4433 -5645 END
START -2496 -5640 29764 15743 5181 -5241 END
START -2080 -5716 28292 17583 5988 -4863 END
START -2272 -5616 26956 18980 7140 -4549 END