START 2952 4548 9004 3942 -2434 5152 END
START -3844 7132 23436 3535 -3801 5957 END
START -1472 5608 12732 2040 -2071 6107 END
START 5160 4384 4452 -366 -1333 6338 END
START 4408 4328 5300 -2439 519 5144 END
START 3780 3568 5640 -3610 1168 3874 END
START 3016 3032 5916 -4085 489 3566 END
START 2476 2684 5756 -4478 -877 4569 END
START 2732 2424 5084 -5260 -1940 6293 END
START 3132 2496 5376 -6613 -1993 7640 END
START 3656 2468 5572 -8145 -803 8563 END
START 3656 2420 5976 -9659 343 8550 END
START 3328 2148 6232 -10719 700 7818 END
START 2436 1864 6572 -11224 -462 7028 END
START 2124 1508 6548 -11467 -2458 6583 END
START 1972 792 6816 -12267 -4418 6371 END
START 2216 420 7572 -13298 -5551 6601 END
START 2868 -260 8344 -14362 -5970 7171 END
START 3676 -804 9036 -15414 -5829 7739 END
START 4392 -672 9520 -16527 -5123 7923 END
START 4876 -200 10128 -17991 -4135 7650 END
START 4924 68 11204 -19304 -3842 6972 END
START 5440 -480 12140 -19831 -4226 6202 END
START 6244 -1308 13164 -20098 -4887 5382 END
START 6956 -2164 13832 -20272 -4579 4546 END
START 7572 -3188 14684 -20762 -3346 3495 END
START 7264 -4348 16096 -21254 -2592 2524 END
START 7004 -5468 17768 -21349 -2972 1650 END
START 7028 -6264 19428 -20797 -3846 966 END
START 7372 -6468 20924 -19983 -3857 454 END
START 7904 -6432 22056 -19404 -3008 220 END
START 8548 -6292 22932 -19078 -1590 146 END
START 8860 -6136 23988 -18648 -691 -20 END
START 9976 -5908 24872 -18012 -151 -448 END
START 10864 -5660 25932 -17381 155 -1818 END
START 11532 -6052 27292 -16551 246 -3621 END
START 11564 -6516 28428 -15306 -680 -5578 END
START 11844 -6844 29332 -13783 -1649 -7145 END
START 11784 -6924 29808 -12195 -2552 -8469 END
START 11864 -6648 29868 -10984 -3400 -9361 END
START 12496 -6552 29212 -11019 -4205 -10509 END
START 12584 -6652 29460 -12403 -5900 -12587 END
START 12156 -7196 30884 -12233 -6934 -14845 END
START 11092 -7544 32767 -9229 -7800 -16256 END
START 10704 -7912 32767 -4726 -8182 -16617 END
START 10776 -7204 32767 -939 -6119 -16990 END
START 10496 -6864 32608 1122 -2157 -18000 END
START 9112 -6816 32040 3279 625 -18889 END
START 8064 -7340 31300 6204 1524 -19934 END
START 6488 -7488 30288 9404 1292 -20732 END
START 5164 -7512 29124 12785 1020 -20877 END
START 4148 -7188 28144 16445 1390 -20281 END
START 3396 -6388 26328 19186 3455 -19456 END
START 2304 -6016 24180 20863 6096 -18155 END
START 1312 -5360 22016 21374 7828 -16721 END
START 308 -4544 20472 21631 8404 -15455 END
START 284 -3960 19032 22240 8527 -14898 END
START -40 -3208 17268 22697 8893 -15012 END
START -592 -2720 15664 23028 8608 -15198 END
START -892 -2692 13584 23027 7516 -15085 END
START -1292 -2192 12076 23045 6268 -14512 END
START -968 -1940 9708 23004 5199 -13415 END
START -716 -1916 7488 22536 3986 -12442 END