START -1216 720 -3344 -18646 -1178 2445 END
START -904 684 -3396 -19171 -1260 2517 END
START -792 664 -3004 -20402 -1774 2630 END
START -84 324 -1816 -22240 -3451 2465 END
START 588 404 -232 -23752 -5442 2163 END
START 1296 852 1712 -24931 -7050 1845 END
START 2856 868 3752 -26148 -8137 1527 END
START 4684 736 6556 -27842 -8849 783 END
START 6048 680 10392 -29175 -8855 -156 END
START 7164 332 14900 -29583 -8715 -1283 END
START 8112 -848 19304 -29138 -8846 -2282 END
START 9268 -2616 23724 -28504 -8505 -3525 END
START 9088 -4276 28204 -27029 -7739 -5068 END
START 8312 -6012 31848 -24690 -7202 -6299 END
START 7764 -6900 32767 -22125 -6983 -6934 END
START 7384 -7104 32767 -20011 -6471 -7624 END
START 7164 -6788 32767 -17951 -5351 -8113 END
START 6824 -6624 32767 -15587 -4036 -8208 END
START 6956 -6732 32767 -13684 -3109 -8501 END
START 7484 -6720 32767 -11822 -2814 -9381 END
START 7380 -6812 32767 -9413 -3171 -10952 END
START 6796 -6636 32767 -6539 -3755 -12628 END
START 5956 -6272 32767 -3582 -3767 -13630 END
START 4940 -6044 32767 -1511 -2745 -13666 END
START 4568 -5592 32767 148 -1282 -13219 END
START 4236 -5048 32767 1974 -453 -13317 END
START 3964 -4976 32767 3826 -280 -13780 END
START 3604 -4584 32767 5643 -740 -14624 END
START 3168 -4872 32767 7866 -1146 -15389 END
START 2776 -4920 32196 10039 -1508 -16012 END
START 2428 -5576 31468 12060 -1864 -16582 END
START 1640 -5660 30424 14029 -1904 -16591 END
START 920 -5668 29224 15553 -511 -15824 END
START 112 -5676 28144 16234 2414 -14400 END
START -512 -5464 26808 17231 4906 -12777 END