START -2652 5564 10028 -929 -1698 6655 END
START 1868 4436 -1644 -1437 -1124 6459 END
START -2088 4948 4148 -2276 -2502 6745 END
START -1484 5104 3128 -3366 -3861 6913 END
START -208 5168 2144 -4352 -4695 6366 END
START 704 4908 1096 -5382 -5353 4944 END
START 1340 4568 -252 -6411 -6232 3436 END
START 1748 4348 -1340 -7563 -7754 2213 END
START 2240 4052 -2376 -8947 -9256 1449 END
START 2908 3572 -3544 -10739 -10333 912 END
START 3220 3096 -4032 -13249 -10439 560 END
START 3248 2364 -4544 -16287 -10018 763 END
START 3752 1708 -3784 -19603 -9572 1737 END
START 5092 1156 -2148 -22979 -8732 2932 END
START 7300 508 680 -25852 -7143 2951 END
START 8776 -544 3860 -27603 -5567 1210 END
START 9436 -1612 8052 -27931 -5145 -1956 END
START 8936 -3100 12908 -26672 -5737 -5681 END
START 7664 -4688 17740 -24206 -6933 -8549 END
START 6532 -5908 20484 -21743 -7470 -10037 END
START 5604 -6856 22272 -21826 -5694 -9757 END
START 4928 -7356 24860 -23616 -2644 -8166 END
START 4472 -7424 28548 -24954 938 -6358 END
START 4608 -7828 31884 -24252 3392 -5339 END
START 5216 -7792 32767 -21519 4142 -5764 END
START 5892 -8628 32767 -17607 3282 -7807 END
START 5748 -7836 32767 -13375 1873 -10211 END
START 5756 -7764 32767 -10309 794 -12042 END
START 4832 -7580 32767 -9193 854 -13062 END
START 3452 -7124 32692 -9084 2723 -12996 END
START 1856 -7016 32516 -8901 5110 -11697 END
START 1412 -7364 32228 -7675 6135 -9916 END
START -3296 -6264 32767 -3398 6621 -7934 END
START 2380 -6788 30256 -3792 4057 -9896 END
START 1396 -6244 31440 -1294 1955 -11167 END
START 784 -5888 31768 1980 479 -11926 END
START 880 -5832 31156 4161 385 -12122 END
START 256 -5940 30484 5112 1339 -12151 END
START -844 -6864 30520 5621 3064 -11636 END
START -2312 -8272 31116 6959 4224 -10622 END
START -3608 -9204 31492 9456 4304 -9112 END
START -3980 -9152 30980 12373 3919 -7570 END
START -3968 -8440 29484 14716 3699 -6202 END
START -3332 -7664 27592 16083 4384 -4899 END
START -2700 -6632 26380 16582 5835 -3836 END
START -2196 -6404 25044 16917 7069 -3281 END
START -1908 -6280 23844 17485 7511 -3392 END
START -2016 -6152 22924 18440 7255 -3856 END
START -2536 -6252 21684 19999 6984 -4307 END
START -2800 -6576 20504 21537 6719 -4543 END