START 1728 4532 11180 -45 -1163 -1766 END
START 1308 4680 11868 -190 -848 -1885 END
START 1412 4788 11460 -515 -363 -2066 END
START 1912 4548 10448 -1204 371 -2286 END
START 2164 4012 9408 -2151 490 -2512 END
START 2840 3236 8488 -3143 483 -3053 END
START 3004 2356 7376 -4358 1149 -3896 END
START 2312 1172 6604 -5618 2051 -4728 END
START 416 588 6496 -6512 2463 -5429 END
START -308 -36 5696 -7406 1412 -5292 END
START -992 -856 5320 -8311 113 -4594 END
START -788 -392 5128 -9511 -667 -3418 END
START 104 -808 5400 -11486 -712 -2420 END
START 956 -1192 6300 -13579 -188 -1882 END
START 1444 -956 7740 -15368 746 -1698 END
START 2040 -1152 9200 -16363 1155 -2003 END
START 2348 -1264 10640 -16838 532 -3150 END
START 2916 -1568 12644 -16834 -297 -4774 END
START 2780 -1896 14624 -16251 -1040 -6449 END
START 2604 -2308 16280 -15514 -1832 -7795 END
START 2340 -3160 17616 -15329 -2424 -8563 END
START 2124 -4036 19296 -15398 -2757 -8867 END
START 1972 -4980 21236 -15596 -2432 -8921 END
START 1728 -5548 23476 -15454 -2099 -9089 END
START 1596 -6052 25936 -14772 -2066 -9200 END
START 1720 -6168 28088 -13508 -2606 -9620 END
START 2280 -6088 30184 -11793 -3215 -10179 END
START 2356 -5804 32136 -9847 -3209 -10925 END
START 2172 -6164 32767 -7933 -2517 -11586 END
START 1144 -6696 32767 -6078 -1400 -12133 END
START 88 -7220 32767 -3695 -909 -12507 END
START -1036 -7676 32767 -1032 -924 -12843 END
START -2132 -8080 32767 1924 -1191 -13180 END
START -3412 -8504 32767 5034 -1686 -13236 END
START -4392 -8528 32767 8119 -2708 -12918 END
START -4408 -8684 32767 10705 -2463 -12122 END
START -4440 -8332 32767 12397 -603 -10758 END
START -4276 -8284 32767 13656 1506 -9380 END
START -4176 -8460 32767 15502 2884 -8399 END
START -4184 -8424 32480 17957 3326 -8027 END
START -4184 -8192 30156 20433 2998 -8235 END
START -4692 -8032 27608 22771 2385 -8720 END
START -5256 -7912 25388 24877 1951 -8842 END
START -5592 -7408 22936 26314 2300 -8388 END
START -5220 -6820 20484 26411 4231 -7485 END
START -5200 -6024 17992 25557 6703 -6268 END
START -5272 -5808 15832 24633 8023 -5090 END
START -5280 -5596 13912 24135 7936 -4291 END
START -5368 -4996 11880 23759 7471 -3691 END
START -5264 -4856 10004 23279 6785 -3071 END
START -5136 -4224 8132 22417 6108 -2519 END