START -84 3176 16408 4478 1443 2493 END
START -104 3700 21384 4666 -430 2767 END
START -6212 5732 22172 4351 384 2493 END
START -2372 4048 16024 4153 -142 2545 END
START 96 3220 12036 3804 116 2630 END
START -904 3944 12196 3310 881 2798 END
START -1136 3800 10636 2671 1983 3066 END
START -1304 3972 8644 1733 2384 3340 END
START -1380 2796 7348 338 2008 3567 END
START -1368 3768 6588 -324 1444 3810 END
START -1460 3536 5504 -773 1088 3874 END
START -1496 3440 4200 -1327 481 3910 END
START -968 2976 2508 -2522 144 3819 END
START -816 3104 1952 -4198 -158 3734 END
START -664 3216 1772 -5783 -264 4185 END
START 0 3084 1700 -7609 -31 4910 END
START 536 3420 2084 -9084 164 5602 END
START 1676 3464 2340 -10792 536 6050 END
START 2816 3224 3036 -12304 950 5579 END
START 3620 2880 3892 -13741 1509 4131 END
START 3568 2284 5012 -14795 1531 2470 END
START 3152 1756 6396 -15884 569 1260 END
START 3276 1292 8172 -17026 -223 688 END
START 3548 1316 10020 -18247 -722 402 END
START 5164 812 12180 -20535 -335 7 END
START 5824 -188 15440 -21846 792 37 END
START 7096 -884 18748 -21942 1019 0 END
START 8180 -1924 21408 -20605 621 -893 END
START 9364 -2836 23356 -18943 -112 -2863 END
START 9012 -4148 25320 -16659 -1046 -5836 END
START 7956 -5048 26496 -14137 -1798 -8226 END
START 6944 -5788 26192 -12338 -2314 -9722 END
START 6020 -6320 25872 -11980 -1736 -9802 END
START 5140 -6476 26224 -12458 24 -9293 END
START 4384 -6896 27124 -12709 1716 -8787 END
START 3636 -7252 28164 -11524 2065 -8622 END
START 3772 -7376 28544 -9317 1311 -9425 END
START 3616 -7276 27888 -7147 160 -10820 END
START 3064 -6768 27100 -5652 -1453 -12013 END
START 2380 -6032 26760 -4602 -2592 -12913 END
START 1424 -5656 26288 -4067 -2009 -13185 END
START 324 -5516 26008 -3861 -735 -12652 END
START -560 -5308 26204 -3615 83 -12005 END
START -1144 -5108 26696 -3122 347 -11773 END
START -1484 -5320 27460 -1869 -225 -11963 END
START -1728 -5324 28332 -438 -1408 -12331 END
START -1612 -5840 29056 1214 -2321 -12933 END
START -1968 -6876 29760 2908 -2219 -13288 END
START -3012 -7876 29712 4470 -1366 -12778 END
START -4068 -8260 29828 5713 312 -11248 END
START -5084 -8428 29668 6976 1622 -9304 END
START -5364 -8572 29180 8618 2141 -7485 END
START -5228 -8400 28244 10424 1683 -6280 END
START -4876 -7900 27268 12055 853 -5279 END
START -4108 -6852 26680 13585 -9 -4638 END
START -3456 -6280 25984 15089 -494 -4519 END
START -2748 -5756 24868 16709 -701 -4659 END
START -2464 -5300 23876 18153 -831 -4815 END
START -1772 -4212 22316 19037 -300 -4758 END
START -1356 -3960 20840 18791 1596 -3972 END
START -1336 -3692 19528 17736 2797 -2733 END
START -496 -2948 19348 16772 3669 -2178 END
START -236 -2544 19172 16832 4209 -2526 END
START -44 -2192 18996 17721 3906 -3010 END
START 240 -1948 18168 18772 2954 -3436 END
START 616 -1612 17252 19372 2547 -3769 END
START 684 -1320 16020 19287 2851 -3769 END
START 404 -812 14688 18385 3569 -3328 END
START -96 -408 13796 17256 4528 -2478 END
START -196 -132 13476 16276 5251 -1514 END
START -80 424 12880 15612 5717 -1073 END
START -76 776 12248 15105 5424 -742 END
START 296 1220 11388 14673 4821 -516 END
START 76 1756 10656 14292 4376 -611 END
START 56 2280 9684 13769 4146 -614 END
START -40 2628 8656 13446 3982 -571 END
START -92 3072 7372 12637 4119 -510 END
START -232 3428 6224 11497 4421 -574 END
START -600 3632 5160 10261 4364 -547 END
START -700 3592 4304 9411 4027 -432 END
START -652 3900 3456 8708 3791 -228 END
START -888 4536 2820 7783 3700 -89 END
START -1040 4184 1964 6731 3252 198 END