START -64 2352 -1820 -9673 -4206 389 END
START -72 2180 -1996 -10330 -4366 749 END
START 324 2316 -1760 -11752 -4693 1694 END
START 1912 1672 -952 -14268 -4685 3047 END
START 3820 1520 656 -16270 -3814 2962 END
START 5016 1268 2480 -17606 -3186 1428 END
START 5996 820 4096 -18245 -3906 -810 END
START 6464 632 5488 -18546 -5287 -2954 END
START 6660 344 6536 -19245 -6109 -4462 END
START 6684 444 8128 -20515 -6091 -5268 END
START 6992 -32 9684 -22192 -5424 -5435 END
START 7068 -712 11956 -23956 -3859 -5457 END
START 6944 -1944 14232 -25337 -1964 -5874 END
START 5736 -3300 16508 -26107 -924 -6713 END
START 4784 -4948 19364 -26261 -1385 -7312 END
START 3880 -6300 22920 -25404 -2653 -7536 END
START 3548 -7512 25352 -24233 -4008 -7247 END
START 3632 -8088 28392 -23228 -4075 -6954 END
START 5040 -8224 32232 -21513 -2004 -7463 END
START 5724 -8476 32767 -18747 282 -8994 END
START 5928 -8608 32767 -15880 1596 -10886 END
START 6096 -8804 32767 -12559 1533 -13001 END
START 5992 -9148 32767 -9425 539 -14950 END
START 5388 -9156 32767 -6542 -79 -16779 END
START 4020 -9216 32767 -3652 -107 -18216 END
START 2412 -9236 32767 -820 268 -19095 END
START 828 -9216 32767 1520 530 -19413 END
START -384 -9496 32767 3850 710 -19294 END
START -1772 -9812 32767 6077 726 -18670 END
START -2944 -10180 32767 8587 59 -17533 END
START -3900 -10192 32767 11376 -1009 -15721 END
START -3988 -10304 32767 14043 -1151 -13850 END
START -4084 -10348 32744 16406 309 -12111 END
START -4016 -10524 30848 18166 1754 -10283 END
START -3212 -10160 28992 19456 3458 -8849 END
START -3576 -9960 27596 21175 4662 -8178 END
START -3932 -9584 25852 23701 5044 -7511 END
START -4036 -8944 23092 26529 5292 -6758 END