START 1316 5052 4136 -2224 206 6626 END
START 3320 4524 1700 -2948 499 6650 END
START 2076 4828 3068 -4024 676 6590 END
START 2952 4492 2016 -5417 520 5993 END
START 3348 4480 1260 -6035 -963 4549 END
START 4064 4336 504 -6336 -2872 2480 END
START 4068 3944 -388 -6811 -4862 37 END
START 4116 3548 -1648 -7807 -6862 -2054 END
START 4216 3372 -2488 -10422 -8198 -3782 END
START 4768 2876 -2228 -14475 -7186 -4521 END
START 5436 2428 -448 -18426 -4452 -4346 END
START 6456 1404 1636 -21574 -1691 -4290 END
START 7828 -468 4640 -23705 -9 -5539 END
START 7860 -1796 7900 -24474 -487 -7792 END
START 7756 -3688 11284 -24286 -2757 -10671 END
START 7292 -5372 15152 -23776 -5426 -13805 END
START 6644 -7012 18944 -22350 -8520 -16383 END
START 5496 -7912 22676 -20205 -11921 -18186 END
START 4172 -7936 24888 -18841 -13047 -17935 END
START 3008 -7756 27184 -19434 -11084 -15491 END
START 2684 -7192 30196 -20353 -7301 -11518 END
START 3192 -6980 32767 -20523 -3383 -7873 END
START 4492 -6888 32767 -19435 -1550 -6326 END
START 5776 -6484 32767 -16833 -1215 -6842 END
START 6384 -6400 32767 -12640 -2220 -9047 END
START 5976 -6108 32767 -7569 -4202 -11816 END
START 4676 -5756 32767 -3269 -5667 -13700 END
START 3144 -5516 32767 -190 -5484 -14150 END
START 1384 -5268 32767 1968 -3518 -12913 END
START 444 -5316 32767 3936 -539 -10513 END
START -176 -5556 32767 5431 2308 -8209 END
START -368 -5864 32767 7122 3916 -6509 END
START -480 -5544 32767 9320 4345 -5821 END
START -432 -5180 32767 11979 3974 -5919 END
START -456 -5068 32712 14874 3447 -6857 END
START -696 -5028 30668 17494 2943 -7933 END
START -1156 -4964 28884 19603 2947 -8598 END
START -1284 -5176 26940 21165 3794 -8676 END
START -1788 -5520 24600 21902 5593 -7959 END
START -2212 -5936 22948 22029 7793 -6491 END
START -2872 -5876 21500 22120 9763 -4654 END