START 4424 -104 472 -12258 -2671 -4657 END
START 4388 -276 608 -12655 -2847 -4789 END
START 4304 -220 836 -13671 -3137 -4893 END
START 4676 -696 1808 -15351 -3114 -4668 END
START 5416 -656 2740 -17269 -2003 -4404 END
START 6044 -1492 4364 -19397 -424 -4539 END
START 6432 -1828 6360 -21015 465 -5524 END
START 6360 -2796 8428 -21764 1088 -7063 END
START 5592 -3344 10684 -22245 751 -8917 END
START 4776 -4196 13648 -22377 -337 -10470 END
START 3696 -4636 17372 -22453 -964 -11569 END
START 3436 -5428 21344 -21996 -1634 -11826 END
START 4328 -6484 25624 -21235 -2017 -11972 END
START 5468 -7684 30120 -20325 -1087 -12659 END
START 5444 -9000 32767 -18659 420 -13736 END
START 5032 -9748 32767 -15743 1691 -14835 END
START 3744 -10212 32767 -11956 2267 -15982 END
START 1696 -10060 32767 -7951 2411 -17042 END
START -780 -10044 32767 -4281 2283 -17511 END
START -3372 -10188 32767 -966 2317 -17122 END
START -6176 -9468 32767 1975 3147 -16033 END
START -9016 -9020 32767 4762 3508 -14228 END
START -10268 -9056 32767 7683 3403 -11736 END
START -10516 -10008 32767 10338 4267 -9052 END
START -10756 -10164 32767 12595 6413 -5826 END
START -10396 -10008 32767 15455 8345 -2451 END
START -8712 -9700 32767 18555 8027 -530 END