START -924 3624 9936 -2292 256 4777 END
START 5952 1340 -932 -2983 -494 5595 END
START 788 2312 6680 -4233 42 6177 END
START 6204 428 816 -5799 157 7141 END
START 5508 724 2372 -6663 405 7515 END
START 5084 660 3752 -7250 158 7644 END
START 5036 728 4204 -7774 -456 7877 END
START 5224 596 4280 -8179 -1804 8176 END
START 5720 1120 4724 -8681 -3150 8986 END
START 6088 1428 5212 -9781 -3705 9689 END
START 6404 2068 5868 -10870 -3361 10025 END
START 6772 1920 6296 -11761 -2641 9943 END
START 6884 1940 6840 -12615 -2168 9602 END
START 7072 1448 7536 -13595 -2243 9362 END
START 7544 956 8456 -14523 -2687 9233 END
START 7468 800 9300 -15406 -3072 9234 END
START 7656 848 10136 -16103 -3222 9356 END
START 8184 860 10904 -16591 -3155 9335 END
START 8632 508 11844 -17112 -3050 9158 END
START 9408 312 12808 -17410 -3437 8800 END
START 10424 32 13912 -17392 -3475 8281 END
START 10848 -40 15092 -17032 -2773 7639 END
START 11180 452 16252 -16182 -1355 6963 END
START 11292 328 16752 -15349 71 5752 END
START 11528 108 17144 -15366 -50 4716 END
START 12196 -480 18080 -16164 -1406 3997 END
START 13168 -1064 19292 -16848 -2247 3401 END
START 13588 -1328 20864 -16972 -1936 2640 END
START 13356 -1252 21804 -16574 -831 1599 END
START 12940 -1340 22508 -16060 -69 210 END
START 12404 -2184 23036 -15642 -213 -961 END
START 12364 -2872 23756 -15175 -999 -2069 END
START 12312 -3476 24748 -14545 -1874 -3094 END
START 12240 -4220 25468 -13747 -2246 -3989 END
START 12188 -3548 26404 -12826 -2704 -4467 END
START 12788 -3332 27192 -11509 -3192 -5240 END
START 13276 -2696 28080 -9926 -3258 -6502 END
START 13776 -2592 28716 -8681 -2461 -8207 END
START 13400 -2312 29208 -7496 -1253 -9702 END
START 13052 -2264 29712 -5886 -183 -11265 END
START 12568 -1684 29664 -3811 279 -12786 END
START 11796 -1572 29740 -1648 599 -14197 END
START 10996 -1944 29628 555 872 -15506 END
START 10164 -2164 29436 2735 1218 -16205 END
START 9240 -2276 28832 4928 1727 -16321 END
START 8108 -2204 28192 6844 2717 -16160 END
START 6916 -2108 27292 8574 3951 -15929 END
START 5804 -2028 26284 10219 4465 -15578 END
START 5284 -2108 25656 11825 4123 -15123 END
START 4924 -1620 25096 13570 3588 -14671 END
START 4888 -892 23944 15226 3587 -14497 END
START 4572 -396 21776 16899 4031 -14695 END
START 3960 228 19432 18220 4599 -14840 END
START 3428 732 17096 18886 5002 -14674 END
START 2888 1080 14768 18925 5084 -14328 END
START 2632 1460 13448 18595 4251 -13793 END