START 5116 3588 12156 -5130 379 2444 END
START 1200 5092 22432 -5217 -981 2826 END
START 712 4480 16064 -5682 40 2697 END
START 2944 3240 11236 -6481 -909 3433 END
START 2908 2988 10708 -7005 -1895 4781 END
START 2896 2620 10352 -7479 -2219 6197 END
START 3204 2428 10276 -8289 -1872 6973 END
START 3380 2324 10296 -9411 -1344 7246 END
START 3624 1716 10568 -10327 -1060 6963 END
START 3512 1492 10932 -10860 -1519 6529 END
START 3576 1216 11420 -11289 -3106 6257 END
START 4252 696 11876 -11702 -4773 6317 END
START 5008 568 12472 -12052 -5705 6549 END
START 5544 200 12760 -12383 -5888 6486 END
START 6216 -108 12700 -12714 -5550 6359 END
START 6732 -448 13016 -13278 -5173 6273 END
START 7112 -384 13584 -13857 -4650 6207 END
START 7720 -60 14448 -14430 -3902 5840 END
START 8028 -296 15104 -14919 -3437 5289 END
START 8448 -624 15660 -15253 -3463 4861 END
START 8760 -1060 16348 -15449 -3506 4292 END
START 9192 -1400 17152 -15662 -3389 3557 END
START 9492 -1672 18064 -15691 -3069 2635 END
START 9624 -1804 18864 -15605 -3063 1844 END
START 9928 -2352 19560 -15422 -3628 1321 END
START 10656 -2392 20680 -14995 -4441 769 END
START 11552 -2628 21644 -14617 -4418 -136 END
START 12056 -2764 22860 -14166 -3914 -1271 END
START 12540 -2840 23984 -13391 -3547 -2277 END
START 13172 -3080 25240 -12417 -3251 -3345 END
START 13480 -3144 26440 -11286 -2999 -4484 END
START 13736 -3008 27692 -9897 -2588 -5646 END
START 13728 -2812 28532 -8361 -2044 -6840 END
START 13120 -2656 29292 -6733 -1768 -8265 END
START 13060 -2464 30160 -5018 -1963 -9702 END
START 12736 -2472 30780 -3346 -1917 -11283 END
START 12120 -2496 31160 -1617 -1458 -12711 END
START 11408 -2740 31460 202 -651 -14118 END
START 10500 -3212 31768 2110 -70 -15421 END
START 9704 -3724 32104 4214 -401 -16191 END
START 8780 -3836 31624 6747 -859 -16472 END
START 7740 -3632 30876 9578 -872 -16465 END
START 6624 -3496 29756 12251 -818 -16521 END
START 6356 -2760 28412 14628 -507 -16661 END
START 5976 -2444 26548 16378 785 -16748 END
START 5428 -1820 24480 17895 3195 -16929 END
START 4560 -1052 22036 19240 5762 -17321 END
START 3616 -352 19280 20446 7768 -17931 END
START 2212 -12 16004 21512 8740 -18406 END
START 956 -288 12780 22172 8498 -18190 END