START -4364 8408 13832 -1760 -502 4615 END
START 4048 6084 3448 -2005 -1040 4418 END
START 3516 6472 4112 -2428 -675 3544 END
START 2932 6264 4832 -3045 -1377 1951 END
START 2868 5740 4236 -3985 -1863 30 END
START 2332 4592 3648 -5202 -2395 -1571 END
START 1516 3380 3120 -6544 -2900 -2510 END
START 792 2400 2808 -7756 -3743 -2761 END
START 588 1360 2004 -9248 -3985 -2520 END
START 504 612 1260 -11262 -3812 -1995 END
START 612 -84 1160 -13390 -3808 -1544 END
START 1072 -492 1916 -15320 -3838 -966 END
START 2188 -356 3664 -17002 -3675 -547 END
START 3464 -180 4932 -18132 -3419 -493 END
START 4820 336 6832 -19056 -3326 -1364 END
START 5776 60 7980 -19583 -3521 -3139 END
START 5656 -348 8604 -20054 -3893 -5292 END
START 5000 -1260 9504 -20901 -3854 -7309 END
START 3724 -2480 11464 -21912 -4299 -8591 END
START 2948 -3064 14428 -22381 -5249 -8616 END
START 2852 -3932 18076 -22341 -5956 -8371 END
START 3320 -5092 21708 -21743 -6351 -8191 END
START 4432 -5928 25456 -20793 -6165 -8451 END
START 5532 -6876 29664 -19171 -5542 -9066 END
START 6232 -7348 32660 -16758 -4787 -9966 END
START 6632 -7128 32767 -14094 -4055 -11411 END
START 6124 -6780 32767 -11820 -3100 -12794 END
START 5276 -6104 32767 -9620 -2554 -13907 END
START 4476 -5564 32767 -7638 -1902 -14816 END
START 3268 -5516 32767 -6251 -863 -15417 END
START 2228 -5708 31592 -5486 7 -15458 END
START 944 -6152 31416 -4925 1025 -15342 END
START -36 -6520 31236 -3677 1274 -14887 END
START -516 -7368 31264 -2168 909 -14798 END
START -1036 -8388 32096 -231 547 -15033 END
START -1984 -9200 32704 2375 -477 -14883 END
START -2364 -10072 32767 5031 -940 -14219 END
START -2800 -10880 32767 7542 -139 -13310 END
START -3612 -10956 32767 9670 1533 -11697 END
START -3756 -10724 32767 11417 3364 -9375 END
START -3312 -10564 32300 12954 5412 -7245 END
START -3504 -10248 31672 15008 6226 -6075 END
START -3716 -9740 30828 18021 5609 -5900 END
START -3896 -9244 29300 21474 4516 -6127 END
START -3832 -8360 27088 24293 4093 -6085 END
START -3464 -7944 24640 25880 4696 -5331 END