START 2540 2272 2960 2451 557 5113 END
START 2384 2536 8992 1853 -1229 6046 END
START -1552 3140 7712 446 -1064 6903 END
START 668 1932 2880 -2353 -2344 8159 END
START 1848 1676 2388 -5092 -3398 9032 END
START 2768 1024 2516 -7353 -4165 9465 END
START 3680 908 2880 -8598 -4756 9481 END
START 4172 548 3680 -9395 -5031 9302 END
START 4212 360 4560 -10115 -5527 9346 END
START 4480 168 5188 -10940 -6057 9753 END
START 4892 452 6028 -11755 -6172 10199 END
START 5228 732 6628 -12648 -5194 10593 END
START 5160 948 7412 -13718 -4009 10612 END
START 5360 840 8100 -15042 -3591 10349 END
START 5824 640 9032 -16116 -3663 10040 END
START 6208 204 10112 -16980 -4063 9467 END
START 6532 -284 11280 -17414 -3976 8757 END
START 6544 -664 12072 -17581 -3663 8307 END
START 6532 -816 12816 -17858 -3442 8181 END
START 6664 -880 13444 -18048 -3388 8151 END
START 7092 -1104 14424 -18322 -3386 7873 END
START 7800 -1596 15340 -18486 -3489 7247 END
START 8796 -2192 16124 -18731 -3239 6398 END
START 9272 -2264 17440 -19101 -2570 5589 END
START 9568 -2340 18996 -19101 -1810 4595 END
START 9812 -2140 19856 -18567 -1425 3631 END
START 9696 -1888 20472 -17665 -949 2443 END
START 9440 -1748 21176 -16750 -891 1108 END
START 9684 -1744 21616 -15827 -1213 -820 END
START 9724 -2184 22484 -14508 -1523 -3394 END
START 9868 -3220 23128 -13243 -2445 -5560 END
START 9684 -3572 23616 -12975 -3030 -6211 END
START 9884 -4232 24312 -13313 -2453 -6279 END
START 10040 -4372 25380 -13146 -1323 -6032 END
START 10540 -4844 26852 -12434 -212 -6121 END
START 10784 -4860 27756 -11304 329 -6657 END
START 11448 -5240 28800 -9759 -233 -7424 END
START 11940 -5224 29336 -7916 -1280 -8375 END
START 12204 -4876 29668 -6429 -2580 -9702 END
START 12236 -4728 29680 -5090 -3365 -10928 END
START 12264 -4568 29764 -3487 -3569 -11737 END
START 12248 -4128 29332 -1956 -2559 -12324 END
START 12104 -3972 28848 -1209 -996 -13204 END
START 11660 -3756 28140 -584 -317 -13992 END
START 10852 -3776 27820 246 -611 -14925 END
START 10204 -3472 26972 1483 -1290 -15736 END
START 9668 -3364 25976 2364 -2444 -16845 END
START 8760 -3120 24916 2953 -4014 -18281 END
START 8008 -2496 24392 4245 -5539 -19502 END
START 7768 -1904 23472 5920 -6234 -20625 END
START 7700 -1232 22636 6955 -4600 -21629 END
START 7344 -1816 22032 7215 -1198 -22233 END
START 5732 -2564 21724 7854 1827 -21814 END
START 4128 -3456 21372 9087 2622 -19815 END
START 2960 -3060 21376 11056 2343 -17240 END
START 2332 -2944 20808 13547 2632 -14997 END
START 1896 -2388 20304 15742 3169 -13766 END
START 1668 -2436 19308 17925 3814 -12998 END
START 832 -1788 18032 19777 5048 -13129 END
START 164 -1672 16448 21044 6069 -13386 END