START 6424 6896 8152 -835 -1834 -1681 END
START 8164 6644 4228 -1398 -3589 -2000 END
START 7040 7044 5088 -2833 -4024 -3029 END
START 8740 5460 4840 -4209 -4468 -4806 END
START 8124 4424 4280 -5941 -3511 -6575 END
START 7344 3660 3904 -7820 -3818 -7713 END
START 6252 2732 4076 -9249 -4299 -8029 END
START 5344 1968 4388 -10689 -4817 -7442 END
START 5260 1812 5408 -11888 -4691 -6479 END
START 5208 1752 6424 -13525 -3651 -6049 END
START 5616 1584 7672 -15231 -1993 -6412 END
START 5264 1756 9660 -16594 -376 -7448 END
START 4716 1428 12040 -17089 390 -8854 END
START 3836 688 14084 -16994 67 -10361 END
START 2540 -572 16344 -16356 -731 -11538 END
START 628 -1660 18616 -15461 -1783 -12186 END
START -1236 -2996 20952 -14794 -1738 -12127 END
START -3244 -4200 23112 -14547 -196 -11606 END
START -5248 -5124 25404 -14061 1231 -10528 END
START -6740 -5612 27224 -12682 1711 -9169 END
START -7600 -5580 28488 -10817 1419 -7902 END
START -8164 -5088 29196 -8849 819 -6629 END
START -8088 -4260 29360 -7216 295 -5607 END
START -7868 -3488 29404 -6068 366 -5039 END
START -7928 -2496 29288 -5095 562 -4614 END
START -7996 -1456 29440 -3967 665 -3847 END
START -7828 -724 29680 -2795 995 -3011 END
START -7748 108 30204 -1588 1574 -2429 END
START -8020 632 30620 -359 1826 -1766 END
START -8028 856 31156 1137 1685 -971 END
START -7652 1168 31560 2712 1300 -263 END
START -7056 1040 32148 4396 1303 54 END
START -6268 824 32480 6078 1549 -62 END
START -5708 360 32572 7846 1944 -412 END
START -5448 -196 32284 9801 2481 -748 END
START -5232 -728 31436 11717 3203 -865 END
START -4944 -1180 30072 13509 4167 -843 END
START -4668 -1500 28144 15249 5160 -619 END
START -4132 -1484 26500 16743 5839 -534 END
START -3584 -1432 24076 18027 6166 -811 END
START -2952 -916 21704 19069 6404 -1383 END
START -2592 -400 19248 19790 6472 -2229 END
START -2352 -84 16948 20306 6247 -3053 END
START -2028 360 14652 20460 6044 -3765 END
START -2140 780 12336 20316 5755 -4398 END
START -2148 1388 10000 19927 5238 -4870 END
START -2424 1468 7952 19306 4566 -5286 END
START -2816 1676 6224 18311 3647 -5531 END
START -3272 1416 4768 17079 2531 -5380 END