START 5688 8524 9860 -129 -2698 5603 END
START 5324 8888 10952 -536 -3590 5436 END
START 6660 8912 8344 -1389 -3791 5024 END
START 8324 7168 7304 -2181 -3652 3827 END
START 8420 7380 6316 -3671 -2587 1900 END
START 8844 6848 5656 -6301 -1895 -117 END
START 8476 5352 5064 -8156 -1662 -1878 END
START 7300 4988 4544 -9474 -2956 -2697 END
START 6648 4360 4232 -10663 -5527 -2588 END
START 6928 3720 4160 -11836 -7112 -2212 END
START 7604 3536 4936 -13538 -6830 -2284 END
START 8168 3220 6196 -15060 -5315 -2961 END
START 8188 3128 7332 -16009 -4549 -3796 END
START 8112 3128 8716 -16571 -4355 -4780 END
START 7408 2888 10040 -17318 -4210 -6218 END
START 6436 2560 12032 -17985 -4009 -7674 END
START 4732 2020 14508 -18190 -3584 -9042 END
START 3072 1200 17176 -17933 -2738 -10273 END
START 468 316 19308 -17365 -1508 -11056 END
START -2264 -488 20832 -16606 -482 -10833 END
START -4508 -984 22260 -15797 353 -9471 END
START -5964 -1408 23424 -15266 1605 -7530 END
START -6476 -1304 24572 -14497 2648 -5395 END
START -6652 -988 25596 -13292 3090 -3722 END
START -6064 -336 26292 -12031 2953 -2897 END
START -5488 148 27088 -10887 2239 -2789 END
START -4740 584 27924 -9599 1377 -2834 END
START -4048 1068 29004 -8189 960 -2745 END
START -2972 1384 29928 -6745 1429 -2585 END
START -2460 1644 30464 -5383 2264 -2349 END
START -1816 2048 31340 -4185 2949 -1959 END
START -1064 2512 32436 -2869 3416 -1541 END
START -204 2968 32767 -1211 3763 -1489 END
START 556 2904 32767 968 3678 -1967 END
START 1304 2772 32767 3144 3199 -2569 END
START 1924 2448 32767 5421 2871 -3450 END
START 2388 2000 32767 7814 2637 -4551 END
START 2344 1404 32767 10288 2691 -5669 END
START 1616 928 32767 12643 3023 -6736 END
START 688 396 31604 14784 3483 -7236 END
START -312 220 29584 16515 3853 -7472 END
START -1256 48 27360 18184 4005 -7533 END
START -2032 -92 24756 19376 4023 -7829 END
START -2808 -56 21940 20273 3697 -8208 END
START -3264 -56 19532 20886 3167 -8597 END
START -3788 -60 16996 21095 2568 -8927 END
START -4332 -140 14752 21064 2024 -9130 END
START -4896 -20 12756 20968 1284 -9180 END
START -5500 -144 10684 20670 392 -8912 END
START -6036 -368 8852 20307 -677 -8283 END
START -6756 -492 7080 19826 -2165 -7083 END