START 3932 4816 7648 557 -302 -912 END
START 2508 5284 9348 323 -1638 -1194 END
START 3920 5036 7000 -115 -1839 -1754 END
START 4216 4244 6936 -586 -2681 -2107 END
START 4368 4680 6428 -1710 -2652 -2142 END
START 4824 4576 6076 -3464 -1785 -2108 END
START 4964 4288 6208 -5363 -271 -2176 END
START 5040 3884 5972 -7133 855 -2619 END
START 4900 3488 6508 -8435 1050 -3521 END
START 4704 3476 7220 -9224 421 -4872 END
START 4496 3252 8000 -9534 -689 -6147 END
START 4500 2872 8492 -9704 -1174 -7143 END
START 4340 2152 9168 -10226 -1021 -7801 END
START 3876 1640 9972 -11097 -162 -8140 END
START 3276 1064 10708 -12297 634 -8254 END
START 2496 184 11720 -13215 710 -8453 END
START 2012 -488 12736 -13695 691 -8782 END
START 868 -1060 14128 -13962 591 -9284 END
START -212 -1736 15012 -14241 287 -9812 END
START -1056 -2264 16384 -14550 -443 -9915 END
START -1764 -2692 18164 -14604 -1269 -9668 END
START -2100 -2824 20152 -14242 -1309 -9457 END
START -2404 -3332 21712 -13578 -932 -9355 END
START -2868 -3636 22856 -12836 -429 -9319 END
START -3676 -4228 23708 -12085 -123 -9303 END
START -4628 -4648 24344 -11031 141 -8984 END
START -5256 -4788 24620 -10159 575 -8487 END
START -5840 -4924 24896 -9323 971 -7729 END
START -6188 -5148 25480 -8441 1174 -6782 END
START -6360 -5156 25136 -7388 1225 -5780 END
START -6252 -5116 25012 -6561 1271 -4975 END
START -6148 -4856 24800 -5733 1423 -4190 END
START -6012 -4404 24652 -4915 1574 -3396 END
START -5712 -3668 24532 -4104 1666 -2838 END
START -5200 -3180 24320 -3413 1849 -2610 END
START -5088 -2632 24436 -2703 1919 -2629 END
START -5248 -1968 24444 -1919 1638 -2626 END
START -5332 -1832 24780 -1150 1376 -2517 END
START -5472 -1348 24928 -347 1106 -2320 END
START -5520 -1448 25664 274 840 -2158 END
START -5260 -1524 26672 1039 679 -1859 END
START -4928 -1532 27984 1969 602 -1598 END
START -4392 -1588 29076 3231 805 -1406 END
START -4012 -1912 29740 4601 1356 -1368 END
START -3644 -2392 30236 6058 2193 -1407 END
START -3852 -2676 30592 7809 2617 -1363 END
START -3824 -2976 30080 9844 2800 -1399 END
START -3832 -3272 29416 11820 3007 -1508 END
START -3948 -3752 28312 13481 3078 -1470 END
START -3936 -3824 26784 14620 2568 -1098 END
START -4060 -4232 25532 15497 2311 -747 END
START -3980 -4360 24256 16223 2760 -486 END
START -3792 -4256 22272 16664 3239 -182 END
START -3848 -4160 20580 17037 3671 64 END
START -3652 -3832 18732 17328 3702 268 END
START -3548 -3444 16572 17417 3650 270 END
START -3148 -2844 14864 17338 3692 184 END
START -2724 -2272 12740 16871 3659 80 END
START -2556 -1948 11064 16088 3440 -250 END