START 6348 5372 4480 -2385 -1117 -254 END
START 7092 5380 3736 -3122 -2040 -493 END
START 5044 5572 4624 -4737 -2485 -1023 END
START 6676 4164 3520 -6521 -3453 -1816 END
START 6964 3376 3428 -7853 -2655 -2812 END
START 6280 3608 3548 -9270 -2639 -3907 END
START 5872 2760 3560 -10294 -2603 -4730 END
START 5168 2456 3632 -11407 -3057 -5257 END
START 5104 2748 4140 -12590 -3313 -5394 END
START 5004 2892 5244 -14048 -3359 -5599 END
START 4828 3092 6988 -15288 -3285 -5637 END
START 5280 3172 8852 -16413 -2212 -5891 END
START 4852 3004 11348 -17350 -868 -6698 END
START 4260 2512 13804 -18091 604 -7870 END
START 3012 1716 16476 -18293 916 -8977 END
START 1628 444 19600 -17655 275 -9682 END
START 184 -860 22588 -16509 -316 -10190 END
START -1492 -1536 25236 -15035 -328 -10111 END
START -3212 -2452 27596 -13745 843 -9419 END
START -4728 -2812 29424 -13026 2740 -8189 END
START -5924 -2924 31348 -11947 4605 -6648 END
START -6736 -2188 32556 -10113 5188 -5159 END
START -7328 -1512 32767 -7910 4706 -4004 END
START -7368 -588 32767 -5991 3343 -3136 END
START -6972 648 32767 -4125 2352 -2496 END
START -6356 1884 32767 -2236 2367 -2112 END
START -5820 2928 32767 -298 2897 -1799 END
START -5616 3516 32767 1772 3728 -1744 END
START -5624 3456 32767 4021 4159 -1714 END
START -5704 3112 32767 6653 4174 -1634 END
START -5576 2552 32767 9030 4033 -1623 END
START -5296 1964 32767 11213 4262 -1709 END
START -5400 1560 32767 13564 4594 -1879 END
START -5392 1108 31000 15628 4792 -1991 END
START -5912 928 28672 17426 5060 -1958 END
START -4980 272 26104 18526 5779 -1749 END
START -4852 432 23672 19223 6335 -1905 END
START -4564 580 21060 20019 6518 -2015 END
START -4056 692 18236 20716 6234 -2253 END
START -3628 1016 15312 21024 5773 -2842 END
START -3436 1472 12608 20699 4818 -3678 END
START -3232 1732 10148 20497 3584 -4425 END
START -2820 1828 7676 19955 2448 -5087 END
START -2404 1744 5408 19272 1840 -5680 END
START -2428 1640 3976 18302 1411 -6033 END
START -2564 1356 2912 17037 1304 -5870 END
START -2864 1180 1880 15445 1885 -5161 END