START 5324 5404 7696 -816 106 -333 END
START 5648 5280 7312 -997 -280 -612 END
START 4284 5520 7656 -1662 -1404 -1088 END
START 5312 4380 7736 -2304 -2826 -1607 END
START 5760 4272 6708 -3155 -2805 -1967 END
START 5876 3964 6180 -4929 -2450 -2432 END
START 5784 3888 6076 -6702 -1458 -3077 END
START 5620 3308 6328 -8371 -700 -3848 END
START 5224 3232 6612 -9300 -406 -4995 END
START 4912 2660 6564 -9914 -633 -6328 END
START 4292 2260 6972 -10556 -937 -7625 END
START 3296 1912 7384 -11317 -1832 -8608 END
START 2640 1548 8248 -12252 -2442 -8945 END
START 1860 1108 9432 -13338 -2699 -8841 END
START 1736 784 10512 -14504 -2009 -8728 END
START 1104 252 11656 -15665 -923 -8825 END
START 356 -384 13304 -16393 -54 -9282 END
START -948 -720 14860 -16594 -52 -9955 END
START -2176 -1384 16464 -16328 -951 -10402 END
START -3188 -2080 18192 -15875 -2314 -10316 END
START -3864 -2540 20140 -15373 -2820 -9944 END
START -4520 -2804 21704 -15326 -1902 -9365 END
START -5244 -2748 23472 -15091 -600 -8372 END
START -5560 -2880 24820 -14429 384 -7542 END
START -5576 -2784 25932 -13338 837 -6820 END
START -5548 -2804 26684 -12038 940 -6521 END
START -5652 -2432 27296 -10585 637 -6499 END
START -5756 -1952 28004 -9100 86 -6490 END
START -5960 -1592 28868 -7776 -439 -6477 END
START -6020 -1324 29444 -6360 -420 -6165 END
START -6104 -1388 30072 -5236 301 -5614 END
START -6480 -1360 30712 -3921 975 -4843 END
START -6668 -1404 31660 -2466 1367 -3942 END
START -6356 -1364 32468 -596 1576 -3146 END
START -5728 -1500 32767 1440 1605 -2870 END
START -5288 -1732 32767 3597 1505 -2894 END
START -4824 -1700 32767 5743 1476 -2967 END
START -4412 -1692 32767 7962 1941 -3077 END
START -3872 -1984 31332 9889 3014 -3194 END
START -3968 -2072 29712 11590 3706 -3236 END
START -4088 -2036 27828 13278 3731 -2850 END
START -3788 -2116 25788 14591 3766 -2640 END
START -3492 -2084 23860 15616 3707 -2644 END
START -3240 -1908 21764 16405 3415 -2862 END
START -2968 -1832 19968 16944 3075 -3158 END
START -2816 -1888 18324 17190 2892 -3528 END
START -2948 -1844 16636 17228 2859 -3895 END
START -3196 -1496 15176 17158 2582 -4178 END
START -3332 -1320 13636 17061 2248 -4210 END
START -3496 -892 12168 16807 2039 -4222 END
START -3768 -420 11012 16144 1902 -4175 END
START -3904 52 9872 15177 1934 -4051 END
START -3904 204 9424 14339 2156 -3841 END
START -3748 332 8876 13552 2658 -3491 END
START -3520 444 8268 12560 3478 -3335 END
START -3516 492 7648 11898 4418 -3246 END
START -3552 412 7204 11256 4933 -3186 END
START -3776 232 6584 10420 4625 -2861 END
START -4040 316 5992 9387 4093 -2340 END
START -4484 716 5388 8027 3421 -1699 END