START -376 4920 12464 4174 -1244 2112 END
START -1208 5368 13320 4000 -1107 2235 END
START -632 5868 11240 3049 -1187 2351 END
START 1084 5300 10540 1686 -1014 1990 END
START 2392 5780 10172 547 -698 960 END
START 3480 5520 9500 229 167 -906 END
START 3316 4700 8900 382 335 -3111 END
START 2660 3896 7396 932 -961 -5256 END
START 1788 3512 6244 1099 -3099 -6558 END
START 1048 2692 5076 239 -4895 -6507 END
START 908 2228 4348 -1406 -5751 -5130 END
START 1200 2132 4448 -3816 -4537 -3273 END
START 1652 1528 4884 -6535 -2504 -1760 END
START 2652 1196 5564 -8707 -852 -1255 END
START 3180 840 6888 -9777 -388 -2230 END
START 3124 1104 7920 -9671 -1288 -4154 END
START 2776 1176 8936 -9108 -2851 -6007 END
START 2072 684 9632 -8688 -3709 -6764 END
START 1644 908 9984 -9199 -2865 -6344 END
START 932 628 10296 -10758 -1054 -5582 END
START 520 -108 10932 -12701 793 -4909 END
START -284 -220 12604 -14025 1806 -4470 END
START -868 -740 14096 -14051 1872 -4331 END
START -1220 -732 15600 -13630 1122 -4935 END
START -1508 -1076 16956 -13197 222 -5721 END
START -2124 -1060 19032 -12927 -236 -6518 END
START -2760 -1272 20812 -12838 247 -7081 END
START -3908 -1168 23012 -12963 1079 -6863 END
START -4616 -1408 25436 -12864 2321 -6083 END
START -5944 -1552 28180 -12499 3411 -5286 END
START -6720 -2232 30892 -11378 3922 -4803 END
START -7992 -2544 32767 -9189 3535 -4408 END
START -8708 -3140 32767 -6709 2818 -3863 END
START -9316 -3408 32767 -4044 2346 -3035 END
START -9136 -3644 32767 -1235 2610 -1801 END
START -8736 -3512 32767 1639 3295 -848 END
START -8072 -3484 32767 4484 3834 -382 END
START -7616 -3364 32767 7590 4043 -323 END
START -6900 -2968 32767 10844 4069 -545 END
START -6524 -2912 32767 14050 3877 -895 END
START -5996 -2632 32767 16369 3532 -1212 END
START -5560 -2396 31716 18410 3047 -1395 END
START -4976 -2084 28772 20099 2614 -1492 END
START -4232 -1656 25516 21338 2655 -1633 END
START -3688 -1204 22004 22052 2605 -1852 END
START -2876 -716 18608 22237 2270 -2256 END
START -2344 -108 15512 22091 1740 -3015 END
START -1932 248 13036 21644 1163 -4041 END
START -1852 496 10548 21340 -165 -5112 END
START -1764 668 8412 20944 -1686 -6152 END
START -1896 532 6664 20580 -2601 -7252 END
START -2328 68 4852 19854 -2890 -8179 END
START -3248 -448 3532 18825 -3212 -8436 END
START -3692 -1036 2400 17124 -2857 -7815 END
START -4796 -1332 2028 14801 -2584 -6293 END
START -5184 -1656 1988 12342 -1404 -4071 END