START 4392 5832 6272 849 365 -1772 END
START 4252 6056 6324 492 -20 -1955 END
START 3020 6092 6436 -258 -905 -2147 END
START 4024 5060 5952 -1318 -1807 -2011 END
START 4364 5172 5040 -2728 -1689 -1955 END
START 4736 5212 4904 -4579 -1117 -2409 END
START 5180 5080 4780 -5958 -155 -3365 END
START 5096 4540 5092 -7381 723 -4433 END
START 4560 4420 5124 -8570 487 -5433 END
START 3976 3880 5652 -9554 -151 -6160 END
START 3724 4028 5968 -10276 -666 -6661 END
START 3324 3360 6568 -11080 -994 -6909 END
START 3132 3056 6996 -11989 -902 -7165 END
START 2424 2948 7804 -13129 -474 -7714 END
START 1952 2400 8640 -14145 -188 -8346 END
START 1120 1944 10096 -14895 -518 -8767 END
START 764 1540 11432 -15439 -1450 -8776 END
START 464 1468 13308 -15800 -2064 -8925 END
START -32 1116 15244 -16045 -1941 -9421 END
START -456 256 17008 -16147 -1553 -9795 END
START -1224 -628 18640 -16236 -858 -10034 END
START -1880 -1416 20264 -16199 130 -9898 END
START -2704 -1964 21936 -15796 947 -9509 END
START -3408 -2492 22936 -15053 1390 -8981 END
START -4080 -2836 24144 -14007 1308 -8350 END
START -4232 -2852 24676 -12804 915 -7851 END
START -4408 -2816 25264 -11525 581 -7506 END
START -4364 -2676 25628 -10409 478 -7358 END
START -4468 -2560 25936 -9299 535 -7022 END
START -4572 -2168 25912 -8472 592 -6670 END
START -4800 -2048 26272 -7536 428 -6239 END
START -4832 -1952 26712 -6575 238 -5793 END
START -4968 -1604 27360 -5569 300 -5472 END
START -5108 -1412 27868 -4436 579 -5182 END
START -5312 -1220 28460 -3226 806 -4849 END
START -5688 -848 28996 -1837 948 -4372 END
START -5752 -528 29296 -307 860 -3760 END
START -5520 -168 29776 1135 874 -3162 END
START -5176 -76 30300 2470 1160 -2706 END
START -4788 116 30776 3782 1726 -2379 END
START -4212 172 31316 5252 2507 -2180 END
START -3956 -200 31208 6977 3446 -2226 END
START -3908 -524 30480 8708 4052 -2367 END
START -4004 -780 29560 10551 4062 -2603 END
START -3968 -1216 28276 12537 3822 -2815 END
START -3880 -1436 26780 14209 3561 -3156 END
START -3908 -1952 25188 15576 3309 -3571 END
START -4084 -2116 23680 16802 3151 -3806 END
START -4184 -1972 21644 17762 3336 -3916 END
START -4376 -1844 19716 18269 3844 -3750 END
START -4676 -1924 17628 18593 3986 -3454 END
START -4696 -1688 15736 18679 3943 -3235 END
START -4860 -1456 13828 18947 3868 -3091 END
START -4632 -1216 11876 18933 3217 -2903 END
START -4532 -1364 9976 18199 2463 -2894 END
START -4248 -1152 8764 17012 2033 -2626 END
START -4216 -536 7868 15727 1899 -2043 END
START -4076 128 7172 14350 2036 -1288 END
START -3896 472 6560 12761 2923 -425 END
START -4080 708 6080 10923 3754 564 END