START 5828 2224 6288 579 -3025 266 END
START 7540 2508 4912 115 -3567 135 END
START 7836 2648 3460 -426 -3582 -190 END
START 7164 2640 3744 -1894 -2640 -1048 END
START 6376 2320 3604 -4026 -2601 -1381 END
START 5856 2132 4156 -5965 -3557 -1072 END
START 5680 2176 5468 -7065 -4091 -392 END
START 6064 2228 6304 -7962 -3481 318 END
START 6164 2328 7164 -8940 -2167 490 END
START 6312 2372 8004 -9727 -1367 231 END
START 6216 2112 8828 -10220 -1007 -191 END
START 6104 1884 9224 -10671 -1546 -529 END
START 5832 1736 9940 -11440 -1929 -724 END
START 5348 1568 10636 -12173 -1614 -923 END
START 4960 1164 11252 -12817 -707 -1196 END
START 4212 428 11892 -13390 -358 -1458 END
START 3912 -64 12628 -13812 -485 -1629 END
START 4072 -604 13480 -14208 -279 -1758 END
START 3672 -1156 13880 -14645 459 -1754 END
START 2992 -900 14448 -15054 1259 -1442 END
START 2668 -696 14660 -15278 1902 -1188 END
START 2588 -828 15196 -15701 1916 -1065 END
START 2612 -1184 16184 -15860 1494 -922 END
START 3088 -1420 17524 -15845 1227 -789 END
START 3244 -1168 18776 -15801 2136 -824 END
START 3016 -464 19504 -15546 3909 -1209 END
START 2456 -276 19984 -15230 5779 -1863 END
START 1816 -652 20548 -15181 6345 -2118 END
START 1764 -1324 21876 -14970 5174 -1966 END
START 2584 -1716 23460 -14351 3628 -1963 END
START 3180 -1852 24640 -12924 3549 -2519 END
START 2544 -1592 24860 -11263 5095 -3324 END
START 1420 -1780 24080 -9890 6847 -3714 END
START -104 -1976 23216 -9283 7370 -3401 END
START -584 -2304 23088 -8900 5746 -2485 END
START 148 -2620 24176 -8055 3314 -1343 END
START 1440 -2152 25116 -6715 2306 -962 END
START 2140 -1740 25292 -5607 2656 -1309 END
START 1988 -1452 24708 -4695 3271 -1891 END
START 1692 -1496 24100 -3811 3475 -2245 END
START 1188 -1468 23612 -3195 2872 -2016 END
START 1204 -1492 23680 -2582 2088 -1512 END
START 1484 -1364 23952 -1968 1364 -1188 END
START 1624 -1528 23912 -1367 811 -1261 END
START 1756 -1508 23868 -757 251 -1395 END
START 1932 -1868 24456 -32 -580 -1466 END
START 2640 -1932 25240 842 -1366 -1441 END
START 3408 -2184 26204 1701 -1618 -1590 END
START 4304 -2416 27060 2582 -1599 -1935 END
START 5080 -2776 27972 3734 -1432 -2368 END
START 5708 -3088 28840 5232 -1747 -3014 END
START 6348 -3444 29588 6998 -2564 -3596 END
START 7584 -3564 30572 8998 -3166 -4202 END
START 8656 -3696 31504 10856 -3143 -4911 END
START 8980 -3620 31448 12815 -2378 -5969 END
START 8848 -3692 30556 14693 -1350 -7368 END
START 8248 -3888 29000 16388 -824 -8874 END
START 7356 -4144 27424 17944 -1074 -10208 END
START 6720 -5156 26376 19392 -1607 -11059 END
START 6388 -5132 25660 20583 -2017 -11053 END
START 5532 -4516 24380 21724 -769 -11430 END
START 3964 -3908 22076 22647 750 -11980 END
START 2360 -3204 18768 23108 1086 -12467 END
START 920 -2464 15612 22618 298 -13230 END
START -200 -1760 13100 22134 -877 -13804 END
START -1052 -1188 10756 21140 -3053 -13981 END
START -1636 -456 8888 19559 -5358 -13935 END
START -1636 760 7640 18626 -6713 -13948 END
START -1488 1168 6176 17643 -6569 -14079 END
START -1636 1312 4904 15848 -5323 -14254 END
START -2052 836 4276 13975 -3952 -13724 END
START -1704 140 3596 12065 -2129 -12743 END