START 3924 5236 11112 4012 758 -108 END
START 3772 5404 9248 3563 -441 -315 END
START 3232 5596 10412 2885 -394 -726 END
START 3696 4388 9604 2420 -1605 -631 END
START 3620 4516 8660 1764 -1519 -974 END
START 3544 4696 7432 701 -1540 -1430 END
START 3684 4108 6660 -495 -1327 -1824 END
START 3448 3916 5560 -1858 -1729 -2251 END
START 3712 3060 5048 -3237 -2637 -2904 END
START 3824 3476 4888 -4524 -3344 -3603 END
START 3852 3364 4924 -5765 -4104 -4083 END
START 3796 3480 5204 -7176 -4353 -4378 END
START 3760 3332 6012 -8678 -3872 -4540 END
START 3804 3204 6784 -10257 -2922 -4982 END
START 3532 2992 7868 -11468 -1920 -5858 END
START 2752 2860 9260 -12279 -1327 -6948 END
START 1872 2244 10576 -12709 -1337 -8037 END
START 528 1808 12136 -12936 -1928 -8798 END
START -608 1728 13388 -13147 -2312 -9227 END
START -2044 1284 15316 -13512 -2306 -9220 END
START -3040 1168 17040 -13705 -1854 -8400 END
START -3564 792 18708 -13923 -875 -7381 END
START -3680 92 20064 -14058 158 -6482 END
START -3880 -480 21728 -13824 897 -5918 END
START -3988 -976 23244 -13027 974 -5503 END
START -4000 -900 24048 -11749 353 -5146 END
START -3600 -636 24528 -10592 -177 -5147 END
START -3372 -332 24944 -9700 -259 -5551 END
START -3712 -380 25644 -8891 24 -5984 END
START -4440 -460 26092 -8040 306 -5943 END
START -4968 -960 26600 -7233 731 -5332 END
START -5316 -1296 27360 -6519 1249 -4670 END
START -5664 -1344 28648 -5525 1413 -3895 END
START -5664 -1204 30112 -3926 1333 -3007 END
START -5160 -780 31276 -2110 1524 -2392 END
START -4872 -340 32020 -378 2156 -2200 END
START -4736 -64 32404 1214 2979 -2311 END
START -5404 -24 32332 2568 3316 -2420 END
START -6108 -24 32236 4221 2860 -2281 END
START -6108 -92 32160 6212 1821 -1757 END
START -5268 -236 31524 8278 847 -1096 END
START -3812 -360 30340 9906 502 -1035 END
START -2848 -412 29360 11539 726 -1378 END
START -1932 -520 27824 13239 1358 -1910 END
START -1136 -276 25624 15065 2589 -2537 END
START -1028 -40 22724 16508 3801 -3218 END
START -860 164 19336 17204 4565 -3775 END
START -1144 352 16812 17000 4940 -4581 END
START -1500 328 14764 16525 4684 -5314 END
START -1964 144 13488 15843 3860 -5900 END
START -2324 -108 12564 15376 3009 -6119 END
START -3120 -336 11848 15114 2445 -5786 END
START -3144 -548 10652 14895 2223 -4993 END
START -3336 -452 9432 14132 2549 -4312 END