START 2344 5204 8404 2300 884 1677 END
START 796 5876 9628 1906 -207 1669 END
START 2552 5808 7528 1219 34 1495 END
START 3392 4996 7032 288 -580 939 END
START 4104 4868 6804 -455 -507 -282 END
START 3636 4624 6516 -1161 -1678 -1400 END
START 4056 4304 6056 -1715 -3014 -2149 END
START 4328 3764 5812 -2388 -3288 -2534 END
START 4104 3592 5548 -3503 -3022 -2551 END
START 4456 3240 5316 -4860 -2235 -2357 END
START 4600 2812 4908 -6483 -1525 -2360 END
START 4676 2588 5164 -8224 -774 -2764 END
START 4652 2440 5836 -9741 -271 -3448 END
START 4664 2492 6764 -10620 -5 -4306 END
START 4820 2072 7488 -11158 205 -5169 END
START 4972 1612 8112 -11720 375 -6061 END
START 4864 872 8892 -12483 689 -7007 END
START 4172 276 9724 -13241 1295 -7889 END
START 3456 -364 10568 -13920 1741 -8471 END
START 2264 -840 11636 -14537 1676 -9026 END
START 1176 -1596 12964 -14974 1450 -9345 END
START 128 -1612 14552 -15493 1082 -9236 END
START -928 -2004 16496 -15714 552 -8853 END
START -1560 -2300 18272 -15910 164 -8255 END
START -1796 -2732 20496 -16162 -41 -7716 END
START -2052 -3256 23076 -16111 237 -7598 END
START -2448 -4020 25256 -15531 936 -7790 END
START -3092 -4332 27024 -14155 1531 -8238 END
START -4076 -4852 28076 -12222 1535 -8479 END
START -5100 -5884 28584 -10511 1127 -8283 END
START -5956 -5524 28648 -9097 821 -7235 END
START -6176 -5496 28676 -7926 1078 -6010 END
START -6212 -5248 28608 -6883 1739 -4975 END
START -6192 -4944 28624 -5885 1998 -4103 END
START -6136 -4612 28860 -4577 1766 -3432 END
START -5720 -4332 28912 -3149 1659 -2968 END
START -5224 -3988 28920 -1909 1748 -2739 END
START -4864 -3492 28696 -433 1833 -2490 END
START -4416 -2964 28416 772 2148 -2383 END
START -4236 -2608 28404 1790 2662 -2224 END
START -4276 -2288 28384 2983 2915 -1976 END
START -4276 -2196 28296 4277 2742 -1766 END
START -3908 -2032 28464 5560 2510 -1631 END
START -3388 -2124 28744 6857 2542 -1556 END
START -2548 -2212 28740 8084 2960 -1517 END
START -2016 -2256 28380 9320 3644 -1666 END
START -1720 -2260 27668 10527 4354 -1897 END
START -1916 -2696 26700 11781 4811 -2335 END
START -2304 -2732 25380 13066 4834 -2726 END
START -2720 -3032 23836 14217 4803 -2931 END
START -3208 -3072 22416 14921 4995 -2902 END
START -3392 -3124 21024 15373 5361 -2741 END
START -3564 -3212 19428 15784 5592 -2499 END
START -3828 -3036 18156 15922 5652 -2207 END
START -3924 -3020 16784 15961 5259 -1820 END
START -3872 -2408 15276 16011 4828 -1515 END
START -3708 -1964 13632 15759 4559 -1448 END
START -3752 -1596 12176 15309 4118 -1576 END