START 9340 7796 7328 -3077 -3319 3412 END
START 8900 8108 8860 -3491 -4760 2992 END
START 10000 8924 5416 -4669 -4487 1818 END
START 10180 7320 6664 -5336 -5719 173 END
START 11004 7048 6232 -6382 -3696 -1515 END
START 10356 6584 6220 -7871 -1629 -2972 END
START 9620 5912 5856 -9173 206 -3588 END
START 9212 5668 5324 -10194 1354 -3798 END
START 8608 4928 5792 -11316 1323 -4359 END
START 8156 4200 5724 -12505 975 -5387 END
START 7572 3536 6164 -13608 713 -6827 END
START 6732 2944 6880 -14766 160 -8325 END
START 5680 2576 7556 -15516 -574 -9143 END
START 4716 2152 8744 -16062 -1378 -9318 END
START 4296 1956 10220 -16750 -1206 -9267 END
START 3644 1516 11896 -17748 -23 -9350 END
START 3008 1128 13876 -18466 1476 -9730 END
START 2148 140 16188 -18664 2211 -10293 END
START 944 -488 18420 -18262 1838 -10739 END
START -484 -1232 20512 -17572 664 -10925 END
START -1668 -1560 22428 -16729 51 -10800 END
START -2936 -1588 24168 -15833 302 -10259 END
START -3720 -1504 25752 -14748 1277 -9260 END
START -4400 -1276 26760 -13578 2529 -7906 END
START -4328 -1096 27636 -12462 3380 -6595 END
START -3964 -656 28040 -11183 3921 -5699 END
START -3812 -80 29016 -9837 4017 -5144 END
START -3368 656 29460 -8377 3719 -4705 END
START -2828 1584 30360 -7003 3415 -4489 END
START -2576 1960 31692 -5600 2999 -4461 END
START -2084 2636 32767 -3750 2454 -4195 END
START -1568 3216 32767 -1775 2423 -4136 END
START -1324 3564 32767 471 2931 -4461 END
START -1464 3324 32767 2718 3521 -4830 END
START -1760 2892 32767 5103 3834 -5300 END
START -2132 2472 32767 7386 4015 -5955 END
START -2968 1700 32767 9647 4038 -6563 END
START -3836 852 32767 12053 3854 -6855 END
START -4580 20 32767 14491 3590 -6668 END
START -5192 -556 31280 16684 3476 -6134 END
START -5368 -920 29212 18782 3849 -5362 END
START -5180 -956 26248 20253 4644 -4545 END
START -4812 -652 23116 21154 5492 -3938 END
START -4516 -144 20024 21663 6008 -3551 END
START -3956 320 16884 21659 5983 -3530 END
START -3588 748 14108 21065 5361 -3729 END
START -3456 1156 11332 20326 4237 -3894 END
START -3216 1488 8908 19781 3275 -4002 END
START -3124 1672 6888 19341 2642 -3944 END
START -2856 1956 4836 18550 3006 -3867 END
START -3100 2024 2976 17198 3570 -3577 END
START -3256 2056 1128 15338 3711 -3160 END
START -3344 2232 304 13128 3277 -2618 END
START -3496 2620 -320 10757 2165 -2004 END
START -3360 3112 -476 8547 797 -1352 END
START -3328 3648 -236 6557 138 -786 END
START -3204 4124 536 4643 381 -276 END