START 7284 5152 3412 -2260 -2061 332 END
START 8312 4944 2112 -3042 -2853 140 END
START 8140 5816 764 -4943 -2632 -326 END
START 6904 5132 2876 -7572 -3195 -955 END
START 7320 4212 2616 -9947 -1937 -2143 END
START 6752 4996 3152 -11760 -1891 -3726 END
START 7012 4028 3740 -12412 -1179 -5470 END
START 6116 3644 4324 -12707 -740 -7176 END
START 5044 4060 4564 -13425 -976 -8330 END
START 4584 2876 5132 -14952 -1285 -9067 END
START 3860 2832 6580 -16487 -1748 -9515 END
START 3588 2860 8580 -17691 -1000 -9842 END
START 2864 3152 10548 -18454 783 -10586 END
START 1628 2772 12852 -19108 2493 -11525 END
START 44 1684 15628 -19479 3440 -12389 END
START -1444 472 18680 -19205 3261 -13009 END
START -2916 -1052 22084 -18428 2636 -13207 END
START -4452 -2440 25672 -17113 1936 -12839 END
START -5708 -3124 28528 -15413 2042 -11829 END
START -7336 -3772 31168 -13424 3149 -10374 END
START -8524 -3848 32476 -11308 4387 -8495 END
START -9332 -3448 32767 -9039 4806 -6496 END
START -8500 -2376 32767 -6607 5208 -5033 END
START -7844 -1180 32767 -4325 4665 -4262 END
START -7164 188 32724 -2129 3177 -3938 END
START -6308 1524 32340 -33 1376 -3708 END
START -5392 2724 31828 1886 -13 -3548 END
START -4812 3600 31592 3441 -117 -3513 END
START -4180 4128 31216 4737 832 -3623 END
START -4036 4424 30732 5934 1889 -3778 END
START -4332 4244 30068 7458 2625 -4012 END
START -4720 3832 29420 8963 2867 -4320 END
START -4900 3016 28548 10440 2780 -4588 END
START -5092 2160 27752 11982 2718 -4938 END
START -5320 1200 26936 13410 2691 -5319 END
START -5520 316 25968 14668 2801 -5514 END
START -5568 -240 25012 15694 3353 -5596 END
START -5592 -852 23808 16408 4680 -5670 END
START -5800 -1080 22184 17100 6406 -5727 END
START -6040 -1020 20460 17860 7945 -5523 END
START -6100 -604 18096 18648 8819 -5153 END
START -5988 -216 15624 19205 8878 -4918 END
START -5816 476 13064 19635 8133 -4896 END
START -5636 1096 10828 19947 6578 -4877 END
START -5556 1844 8256 20054 4569 -4783 END
START -5136 2480 6456 19813 2599 -4765 END
START -5032 2768 4872 18885 1224 -4821 END
START -5052 3212 3952 17425 596 -4699 END