START 5196 5892 6952 -2255 -931 -968 END
START 5200 5824 6320 -2695 -1510 -1059 END
START 4832 5888 7072 -3811 -946 -1413 END
START 5104 5596 6952 -5443 -914 -1878 END
START 5196 5632 7376 -7037 -679 -2533 END
START 5140 5344 7876 -8027 -969 -3369 END
START 5236 5176 8576 -8369 -965 -4201 END
START 5084 4976 9220 -8688 -937 -5006 END
START 4808 4388 9388 -8963 -941 -5889 END
START 4340 4000 10220 -9299 -793 -6721 END
START 3960 3668 10632 -9858 -552 -7468 END
START 3604 2932 11288 -10636 -121 -8147 END
START 2944 2168 11828 -11442 -26 -8623 END
START 2424 1652 12752 -12016 6 -8999 END
START 1756 1200 13660 -12621 251 -9503 END
START 792 360 14704 -13056 643 -9934 END
START -52 -196 15480 -13254 930 -9919 END
START -760 -904 16740 -13376 1070 -9520 END
START -1376 -1204 17828 -13371 1493 -9087 END
START -2184 -1388 19132 -13057 1618 -8635 END
START -3020 -1552 20172 -12484 1463 -8175 END
START -3792 -1652 21084 -11647 758 -7623 END
START -4608 -1344 22140 -11043 474 -7092 END
START -5336 -724 23456 -10848 988 -6586 END
START -6192 -248 24924 -10766 1295 -5775 END
START -6972 112 26360 -10418 1200 -4663 END
START -7492 428 28520 -9623 1028 -3629 END
START -7472 724 30444 -8572 1162 -3034 END
START -7448 896 32524 -6946 1414 -2665 END
START -7136 1124 32767 -4684 1784 -2490 END
START -6696 840 32767 -2073 2129 -2540 END
START -6456 676 32767 549 2250 -2559 END
START -6336 600 32767 2884 2399 -2633 END
START -6192 276 32767 5051 2596 -2750 END
START -6072 -72 32767 7199 2521 -2714 END
START -6224 -300 32767 9178 2536 -2393 END
START -5856 -224 31552 11075 2890 -1975 END
START -5412 -220 29592 12788 3267 -1612 END
START -5052 -184 27780 14034 3368 -1286 END
START -4704 144 26000 15506 3177 -1200 END
START -4144 340 24284 16584 2899 -1369 END
START -3892 836 22388 17533 2459 -1712 END
START -3364 1044 20424 18225 2213 -2320 END
START -3088 1268 18848 18675 2246 -3156 END
START -2860 1392 16936 19008 2550 -3870 END
START -2908 1392 14820 19060 2929 -4495 END
START -3320 1164 13200 18919 3000 -4848 END
START -3632 1036 11216 18550 2383 -4744 END
START -3616 724 9256 17858 1877 -4420 END
START -3876 1128 7828 16884 1711 -4123 END
START -4016 1112 6596 15662 1564 -3687 END