START 7696 8576 5900 -2855 -133 4272 END
START 7552 8460 5788 -3226 -31 3905 END
START 6620 8776 5292 -4255 -614 3256 END
START 7780 7604 5748 -5409 -1268 2223 END
START 8100 7236 4920 -6182 -1791 1154 END
START 8196 6916 4592 -6897 -3404 72 END
START 8920 6284 4244 -7606 -4170 -900 END
START 8804 6112 4296 -8923 -4374 -1920 END
START 9292 5444 4484 -10480 -3877 -3043 END
START 9656 5160 5388 -11969 -2813 -4416 END
START 9580 4812 6504 -12838 -2061 -5841 END
START 9056 4384 7120 -13494 -1927 -7081 END
START 8584 3708 8036 -14286 -2120 -8118 END
START 7928 3220 8844 -15273 -2342 -9246 END
START 7076 2584 10268 -16155 -2428 -10382 END
START 5628 1336 12232 -16721 -2378 -11367 END
START 4328 548 13996 -16964 -2192 -12065 END
START 2572 -556 16168 -17163 -2155 -12520 END
START 872 -1564 18500 -17094 -2380 -12596 END
START -892 -2880 20892 -16779 -2375 -12204 END
START -2492 -3580 23280 -16192 -1926 -11288 END
START -3948 -4108 25612 -15290 -385 -10212 END
START -5372 -4028 27060 -14053 783 -9263 END
START -6360 -3824 27964 -12622 1393 -8299 END
START -7048 -3588 28764 -11217 1823 -7379 END
START -7712 -3120 29056 -9591 1515 -6366 END
START -7804 -2272 29072 -7974 888 -5298 END
START -7916 -1520 29444 -6300 419 -4411 END
START -7636 -952 29424 -4771 317 -3586 END
START -7180 -648 29440 -3508 253 -2833 END
START -6796 -180 29724 -2253 207 -2163 END
START -6064 300 29956 -756 229 -1415 END
START -5048 624 29960 499 500 -929 END
START -4092 972 30092 1687 823 -603 END
START -3224 1292 30328 3038 1199 -601 END
START -2308 1160 30216 4562 1560 -898 END
START -1396 1308 30044 5934 2055 -1335 END
START -608 1196 29592 7201 2644 -1673 END
START 336 1276 29444 8422 3352 -2035 END
START 960 1484 28640 9744 3963 -2578 END
START 1556 1588 27520 11038 4414 -3361 END
START 1704 1716 26244 12250 4718 -4449 END
START 1376 1520 24596 13286 4782 -5649 END
START 1336 1408 23144 13847 4716 -6682 END
START 900 1352 21604 14566 4627 -7683 END
START 500 1128 20288 15000 4656 -8345 END
START 96 944 18784 15433 4624 -8824 END
START -340 764 17224 15709 4728 -9392 END
START -932 532 15500 15601 4822 -10077 END
START -1652 300 14188 15353 4810 -10805 END
START -2496 -68 12360 15174 4504 -11123 END
START -3436 -328 10576 14927 3761 -10965 END
START -4344 -448 8924 14498 2886 -10429 END
START -5160 -420 7552 13553 2395 -9376 END