START 6220 6672 3504 -4026 -277 802 END
START 7556 6204 1436 -4597 -1496 750 END
START 7616 6712 1116 -6025 -1982 524 END
START 6892 5520 2892 -7793 -3283 306 END
START 8092 4952 2344 -9389 -2479 -194 END
START 8300 4896 3072 -11041 -1783 -1268 END
START 8892 4680 3408 -12459 -606 -2674 END
START 8684 4028 4244 -13535 -120 -4237 END
START 8500 3904 4952 -14075 -231 -5781 END
START 8004 3688 5552 -14597 -591 -7176 END
START 7128 3340 6232 -15549 -1079 -8166 END
START 6568 3188 6536 -16731 -1689 -8717 END
START 5696 2916 8796 -17727 -1441 -9207 END
START 4924 2628 10800 -18465 -963 -9914 END
START 3752 1856 12676 -19158 -622 -10822 END
START 2308 932 15220 -19569 -549 -11393 END
START 640 -60 18152 -19534 -728 -11550 END
START -552 -1224 20620 -19063 -814 -11344 END
START -1960 -2084 23064 -18280 -583 -10661 END
START -3248 -2592 25228 -17615 218 -9691 END
START -4184 -2844 26760 -16858 1476 -8849 END
START -5136 -2708 27492 -15641 2230 -7691 END
START -5376 -2336 27920 -13785 2367 -6573 END
START -5480 -1876 27800 -12103 2072 -5671 END
START -5060 -1048 27316 -10557 1267 -4877 END
START -4692 -248 27160 -8978 582 -4534 END
START -4548 68 26876 -7654 183 -4305 END
START -4316 460 26640 -6728 -4 -4046 END
START -4584 568 26716 -6017 69 -3628 END
START -4428 572 27144 -5251 323 -3206 END
START -4548 368 27500 -4417 605 -2799 END
START -4868 324 27920 -3016 347 -2248 END
START -4896 176 28508 -1359 -131 -1752 END
START -4568 208 28900 255 -336 -1257 END
START -4108 348 29384 1486 54 -796 END
START -3464 584 30036 2571 871 -422 END
START -2896 728 30840 3950 1934 -230 END
START -2200 836 31212 5576 3050 -164 END
START -1384 824 31540 7339 3885 -328 END
START -504 624 31516 9076 4592 -813 END
START 220 748 31284 10770 5373 -1729 END
START 788 852 30720 12661 6212 -2966 END
START 1016 632 29576 14646 6917 -4269 END
START 676 380 28464 16619 7297 -5628 END
START 472 340 27120 18283 7196 -6592 END
START 84 376 25180 19485 6770 -7275 END
START 28 372 23572 20290 6321 -7791 END
START -224 692 21848 21029 6145 -8275 END
START -496 1132 20016 21582 5929 -8754 END
START -1240 1100 17592 22165 5122 -9362 END
START -2084 1080 15656 22627 4283 -9910 END
START -2976 1376 13704 22801 3607 -10382 END
START -4372 1176 11972 22641 3154 -10304 END