START 4852 7112 8052 2808 -1277 3589 END
START 4424 7424 7628 2375 -1421 3483 END
START 4568 7784 6556 1167 -1632 3080 END
START 6508 6808 5504 -693 -1480 2069 END
START 6736 6896 4828 -2735 -398 599 END
START 7040 7108 4532 -5101 -105 -1374 END
START 7632 6204 4196 -6784 -387 -3473 END
START 7260 5568 4084 -7657 -1493 -4990 END
START 6796 5212 4252 -8210 -3749 -5807 END
START 7196 4736 4292 -8630 -5687 -6158 END
START 7380 4200 4308 -9706 -6641 -6523 END
START 7536 3720 4588 -11611 -5221 -7007 END
START 7052 3168 5888 -13832 -2785 -7931 END
START 6396 2736 7632 -15221 -603 -8782 END
START 5752 2220 9312 -15756 597 -9644 END
START 4768 1896 10596 -15788 647 -10531 END
START 4028 1404 12340 -15903 -550 -11159 END
START 3344 496 14596 -15934 -1149 -11923 END
START 2048 -360 17156 -16015 -1247 -12639 END
START 780 -1280 19856 -15906 -603 -13076 END
START -796 -2168 22480 -15747 519 -13305 END
START -2928 -2852 25108 -15073 1359 -12857 END
START -4408 -2932 26696 -13838 1920 -11493 END
START -5840 -3260 28964 -12523 2798 -10183 END
START -6436 -3088 30156 -10581 3070 -8753 END
START -7128 -2344 30968 -8418 2522 -7420 END
START -7004 -1536 31628 -6388 1925 -6175 END
START -6904 -464 32376 -4700 1772 -5155 END
START -6348 904 32767 -3277 2530 -4068 END
START -6204 1448 32767 -1536 3813 -3199 END
START -6080 1936 32767 264 5426 -2773 END
START -6480 2104 32767 2008 6163 -2657 END
START -6980 2084 32767 4006 5532 -2611 END
START -7324 1996 32767 6443 4058 -2458 END
START -7480 1596 32484 8933 2694 -2313 END
START -6960 1368 31548 11093 2127 -2090 END
START -6548 904 30368 12853 2672 -1868 END
START -6084 408 29032 14195 3898 -1449 END
START -5780 116 27640 15465 5145 -1017 END
START -5312 -48 25904 16701 6185 -746 END
START -4996 -236 23820 17919 6547 -636 END
START -4808 -148 21740 19080 6090 -381 END
START -4136 240 19584 19955 5506 -308 END
START -3584 556 17572 20637 5146 -561 END
START -3184 1348 15328 20989 5097 -987 END
START -2436 2180 12852 20675 5180 -1633 END
START -1888 2700 10696 19616 5621 -2974 END
START -1764 3404 8948 18470 5837 -4449 END
START -1708 3476 7200 17695 5630 -5784 END
START -2196 3768 6340 17310 4999 -6452 END
START -2836 3776 4632 17549 4252 -6015 END
START -3320 3724 3108 17404 2977 -4835 END
START -3744 3760 1696 16309 2040 -3816 END