START 6696 7332 8380 -586 -2226 -1131 END
START 7100 7452 8248 -989 -3324 -1314 END
START 5664 8132 6952 -2453 -3151 -1799 END
START 6508 6368 5532 -4657 -3007 -2458 END
START 6556 5332 5140 -7324 -1285 -3010 END
START 6268 4676 4716 -9571 -147 -3526 END
START 5684 3540 4644 -10858 560 -3937 END
START 4808 2536 4676 -11507 -183 -4797 END
START 4996 1776 4888 -12137 -1683 -5928 END
START 4396 1408 5660 -12924 -2843 -7210 END
START 3596 1120 6052 -13691 -3987 -7568 END
START 3064 988 7140 -14693 -3982 -7204 END
START 2920 1324 8396 -16026 -2552 -6850 END
START 2656 1288 10112 -17401 -581 -6928 END
START 2056 1100 12160 -18415 996 -7318 END
START 1356 868 14620 -18785 1512 -8081 END
START 724 304 17052 -18330 621 -8931 END
START -112 -444 19576 -17406 -425 -9795 END
START -1100 -1172 22212 -16215 -1310 -10483 END
START -2164 -2104 24488 -14888 -1247 -10791 END
START -3784 -3056 26672 -13721 -169 -10338 END
START -4700 -3356 28052 -12317 1234 -9183 END
START -5204 -3424 28772 -10878 2591 -8220 END
START -5668 -3280 29120 -9752 3426 -7367 END
START -6152 -2536 29380 -8425 3275 -6753 END
START -6272 -2300 29652 -6622 2334 -6397 END
START -6308 -1708 29728 -4838 1144 -6051 END
START -6380 -1104 29788 -3367 322 -5523 END
START -6368 -296 30004 -2116 533 -4846 END
START -6500 80 29972 -785 1236 -4145 END
START -6924 144 30052 406 1914 -3510 END
START -7232 132 30208 1630 2255 -2926 END
START -7476 104 30192 2962 2433 -2224 END
START -7636 100 29968 4254 2411 -1660 END
START -7516 -64 29996 5457 2262 -982 END
START -7092 -252 30168 6750 2122 -305 END
START -6120 -440 30124 8230 2342 216 END
START -5176 -340 30012 9703 2832 636 END
START -4300 -200 29688 11118 3694 767 END
START -3716 -28 28856 12739 4687 496 END
START -3036 -136 27632 14156 5461 -90 END
START -2796 -144 26196 15784 6373 -906 END
START -2608 -236 24304 17266 7306 -1625 END
START -2732 136 22192 18379 7683 -2071 END
START -2564 356 20436 19011 7429 -2367 END
START -2344 524 18308 19439 6860 -2858 END
START -2272 836 16608 19696 6125 -3339 END
START -2464 1064 14668 19950 5051 -3950 END
START -2752 1352 12708 19926 3832 -4535 END