START 5804 3372 3764 -5382 853 -3021 END
START 4664 3260 4928 -5873 -506 -3238 END
START 5928 3252 3368 -6847 -475 -3879 END
START 5348 2244 3212 -8260 -2239 -4529 END
START 5276 2028 3500 -10043 -3134 -5416 END
START 5056 2036 4268 -11544 -3565 -6003 END
START 4564 2084 4800 -12695 -2986 -6131 END
START 4240 1948 5728 -13648 -1781 -6242 END
START 3616 2136 6784 -15041 -1016 -6692 END
START 3212 1820 8112 -16365 -1083 -7598 END
START 2020 1364 10656 -17176 -1621 -8728 END
START 616 908 13256 -17404 -2865 -9613 END
START -136 460 15844 -17322 -3831 -9962 END
START -1040 -496 18800 -17375 -3796 -10012 END
START -2256 -1400 21756 -17351 -2567 -9767 END
START -3236 -2360 24952 -16928 -540 -9592 END
START -4516 -3584 27576 -15782 1324 -9692 END
START -6144 -4300 29580 -13951 1999 -9665 END
START -7396 -4668 30736 -11780 2075 -9374 END
START -8828 -4516 31324 -9678 1624 -8478 END
START -9712 -4036 31820 -7800 1120 -7072 END
START -9872 -3032 32076 -6158 1012 -5363 END
START -9680 -2236 32767 -4807 1307 -3822 END
START -9108 -1072 32767 -3461 1691 -2532 END
START -8264 -160 32767 -1881 1670 -1666 END
START -7472 436 32767 45 1579 -1087 END
START -6792 752 32767 2124 1561 -972 END
START -6488 760 32767 4583 1439 -1097 END
START -6164 552 32767 6996 1282 -1236 END
START -5892 124 32767 9323 1138 -1494 END
START -5584 -440 32767 11564 1279 -1585 END
START -5216 -768 31956 13818 1863 -1751 END
START -5004 -1220 30064 15418 2729 -1840 END
START -4676 -1536 27796 16826 3528 -1776 END
START -4220 -1472 25368 17919 4104 -1885 END
START -3836 -1388 22884 18773 4337 -2202 END
START -3188 -996 20492 19411 4298 -2705 END
START -2792 -556 18352 19827 4196 -3305 END
START -2400 -20 15924 19955 4203 -3938 END
START -2048 336 13912 19909 4252 -4711 END
START -2240 396 11756 19714 4312 -5432 END
START -2324 612 9508 19170 3868 -5871 END
START -2560 676 7396 18171 3106 -6268 END
START -2820 868 5684 16949 2356 -6714 END
START -3296 1072 4476 15793 1770 -7049 END
START -3880 1272 3552 14641 1368 -7021 END
START -4292 1396 3124 13513 878 -6428 END
START -4468 1292 2884 12059 940 -5573 END