START 8076 7412 5348 -3072 -5525 4108 END
START 8800 7564 5124 -3719 -6866 4001 END
START 9356 7712 2840 -5642 -6461 3469 END
START 8960 6200 4176 -8003 -6614 2271 END
START 9980 6472 4268 -9964 -3958 255 END
START 9292 6420 4480 -11746 -2382 -2040 END
START 8408 5532 5108 -12745 -1947 -3908 END
START 7832 4780 5340 -13064 -2461 -4655 END
START 6864 4212 5840 -13199 -3419 -4574 END
START 7064 4108 6148 -13180 -3805 -4128 END
START 6864 4812 7060 -14083 -2356 -4268 END
START 7228 3696 7492 -15240 659 -5479 END
START 6628 3832 8688 -16311 2665 -6847 END
START 5968 3460 9816 -16971 2983 -8036 END
START 5028 3124 11564 -17086 2120 -8974 END
START 4328 2556 13232 -16940 1055 -9939 END
START 2868 1480 15328 -16779 765 -10782 END
START 1136 800 17420 -16588 1255 -11034 END
START -776 -248 19684 -16405 2258 -10934 END
START -2536 -444 21504 -15772 3544 -10131 END
START -4120 -976 22896 -14601 4720 -8989 END
START -5196 -984 23764 -13543 5398 -7641 END
START -6016 -244 24356 -12561 5386 -6515 END
START -6804 908 24672 -11813 4020 -5506 END
START -4964 1132 25540 -11364 4946 -5853 END
START -5196 1992 25652 -10611 4123 -6145 END
START -5336 2480 26256 -9595 2845 -6164 END
START -5284 2744 27036 -8285 1135 -5650 END
START -5264 3128 27956 -6978 -29 -5183 END
START -4812 3104 28696 -5778 -273 -4694 END
START -4560 3512 29688 -4730 289 -4222 END
START -4136 3544 30716 -3400 1126 -3818 END
START -3736 3860 31440 -2160 2325 -3630 END
START -3780 3840 32220 -650 3181 -3859 END
START -4184 3576 32612 1249 2859 -4025 END
START -4300 3444 32767 3526 1444 -4024 END
START -4244 2944 32767 5836 -14 -4175 END
START -4052 2408 32767 7981 -841 -4341 END
START -4064 1880 32767 10035 -905 -4268 END
START -3868 1656 32692 12362 -537 -4090 END
START -3160 1592 31812 14525 275 -4105 END
START -2824 1548 30604 16492 1682 -4362 END
START -2500 1104 29108 18180 3316 -4867 END
START -2472 1152 27424 19731 4784 -5327 END
START -2848 968 25336 21169 5769 -5720 END
START -3340 1168 23204 22377 6148 -5775 END
START -3676 1460 20560 23416 6296 -5422 END
START -3892 2068 17744 23914 6468 -4843 END
START -3976 2588 14880 23520 6882 -4306 END
START -4104 3200 12508 22377 7374 -3713 END
START -4192 3468 10232 21213 7366 -3093 END