START 1664 6968 11984 4525 -1766 3633 END
START 1440 7232 11500 4444 -1958 3597 END
START 2076 7384 9528 3934 -2149 3360 END
START 2872 7360 9208 3097 -1950 2926 END
START 3744 7492 7616 1531 -1245 2041 END
START 3916 7252 6720 -483 -1211 741 END
START 4420 6716 6188 -2251 -1795 -481 END
START 4376 6136 5800 -3597 -3130 -1587 END
START 4408 5512 5752 -4282 -4745 -2375 END
START 4836 4956 5564 -4934 -5281 -2860 END
START 5148 4340 5472 -6044 -4476 -3485 END
START 5612 3372 5264 -7464 -3013 -4449 END
START 5364 2716 5000 -8824 -1671 -5723 END
START 4548 1756 5348 -9945 -1140 -7060 END
START 3252 936 5256 -10928 -1517 -8150 END
START 2024 -112 5308 -11621 -2480 -8700 END
START 844 -592 5392 -12318 -3738 -8891 END
START 304 -1060 5980 -13455 -4615 -8633 END
START 96 -1196 7452 -15208 -4382 -8362 END
START -132 -1248 9148 -17110 -3295 -7983 END
START -656 -1252 11512 -18609 -2163 -7543 END
START -1212 -1140 14172 -19310 -1611 -7565 END
START -1908 -1200 17028 -18979 -1376 -7916 END
START -3156 -1924 19452 -17947 -1940 -8619 END
START -3548 -2092 21544 -16994 -2597 -9147 END
START -4508 -2560 23584 -16318 -2393 -9470 END
START -5700 -2760 25808 -15794 -1261 -9120 END
START -6532 -2976 27624 -15051 60 -8144 END
START -6740 -3104 28936 -13946 1177 -7300 END
START -7248 -3248 30304 -12244 1588 -6641 END
START -7564 -3108 31060 -10301 1278 -6164 END
START -7784 -3088 32092 -8167 565 -5820 END
START -7748 -2788 32767 -5910 46 -5436 END
START -7724 -2540 32767 -3829 21 -5012 END
START -7604 -2308 32767 -1941 485 -4446 END
START -7384 -2208 32767 -5 1053 -3717 END
START -7304 -2180 32767 2063 1447 -3007 END
START -7008 -2112 32767 4415 1778 -2390 END
START -7020 -2208 32767 6704 2007 -1899 END
START -6820 -2360 32767 8691 2069 -1279 END
START -6056 -2192 32008 10539 2328 -808 END
START -5620 -2216 30588 12304 2811 -548 END
START -5144 -2116 29168 13851 3120 -565 END
START -4876 -2188 27272 15561 3326 -754 END
START -4736 -2112 25388 17020 3340 -820 END
START -4600 -2052 23312 18149 3587 -961 END
START -4624 -1792 21184 18906 4110 -1083 END
START -4508 -1640 19172 19440 4554 -1105 END
START -4372 -1428 16840 19729 5035 -1181 END
START -4240 -1060 14624 19643 5333 -1342 END
START -4200 -1252 12888 19416 5044 -1575 END
START -4396 -580 10716 18904 3872 -1841 END
START -3900 -932 9112 18123 3033 -2352 END
START -3852 -468 7692 17490 2600 -2701 END
START -3692 -504 6484 16623 2526 -2905 END
START -3500 -628 5428 15521 2841 -2939 END
START -3552 -528 4696 14295 3335 -2616 END
START -3652 -656 3944 12702 3676 -1962 END
START -3696 -492 3568 10622 3781 -1087 END