START 3356 5180 9524 1999 -807 1604 END
START 3496 5520 7928 1371 -2210 1643 END
START 2832 6264 8836 233 -2092 1377 END
START 4152 4664 8444 -884 -2592 1176 END
START 4532 5052 7588 -1863 -2328 410 END
START 4968 4996 7168 -3120 -3040 -860 END
START 5408 3976 7196 -3737 -3898 -2319 END
START 5364 4180 6776 -4410 -4642 -3537 END
START 5700 3308 6420 -5150 -4952 -4191 END
START 5680 2868 6236 -6235 -4695 -4573 END
START 5796 2228 6128 -7707 -3507 -4971 END
START 5408 1552 6320 -9395 -1898 -5619 END
START 5148 1072 6864 -10768 -843 -6526 END
START 4108 828 7744 -11707 -724 -7597 END
START 2972 604 8688 -12173 -1316 -8317 END
START 2412 504 9592 -12616 -2158 -8853 END
START 1616 420 10908 -13082 -2696 -9183 END
START 1216 92 12356 -13855 -2518 -9351 END
START 736 -292 14204 -14559 -2147 -9558 END
START -188 -888 16332 -14737 -1872 -9756 END
START -1168 -1928 18156 -14661 -1449 -9994 END
START -2152 -2564 20156 -14388 -879 -9956 END
START -2988 -3036 21816 -13950 -336 -9679 END
START -3672 -3240 23288 -13207 33 -9158 END
START -4172 -3452 24112 -12473 552 -8875 END
START -5112 -3256 25008 -11597 1206 -8831 END
START -6180 -3344 25756 -10479 1403 -8521 END
START -6900 -3616 26356 -9412 1173 -7820 END
START -7536 -3576 26964 -8287 980 -6874 END
START -7864 -3388 27432 -7089 1014 -5877 END
START -7976 -3080 28012 -5903 1240 -4881 END
START -7648 -2580 28640 -4840 1628 -3851 END
START -7652 -1864 29732 -3760 1912 -3053 END
START -7288 -1272 30680 -2586 2005 -2309 END
START -6576 -644 31996 -916 2184 -1885 END
START -6040 -352 32680 1098 2509 -2033 END
START -5644 -436 32767 3265 2634 -2411 END
START -5256 -652 32767 5349 2743 -2738 END
START -4972 -1008 32500 7500 3027 -2907 END
START -4820 -1368 31476 9690 3635 -3009 END
START -4636 -1664 29568 11660 4435 -3050 END
START -4424 -2024 27680 13309 5391 -3099 END
START -4536 -2004 25656 14662 6150 -3119 END
START -4036 -2036 23352 15822 6586 -3220 END
START -3940 -2132 21004 16598 7006 -3656 END
START -3940 -2080 18884 17170 7136 -4220 END
START -4044 -2184 16724 17554 7129 -4713 END
START -4508 -2160 14584 17657 6874 -4821 END
START -4844 -2268 12800 17598 6131 -4490 END
START -4872 -2292 10868 17328 5318 -4001 END
START -4872 -2400 9312 16700 4775 -3561 END
START -5000 -2548 7908 15689 4373 -3046 END