START 4232 1828 4460 -3461 -918 -1921 END
START 3980 1960 5092 -3711 -1218 -1793 END
START 3488 2336 6472 -4266 -1644 -1756 END
START 4292 2460 6288 -5246 -1631 -2262 END
START 4380 1996 6656 -6109 -1488 -2751 END
START 4096 1796 7408 -6978 -1855 -2784 END
START 4076 1144 8184 -7754 -1830 -2364 END
START 3888 628 8852 -8552 -1161 -1426 END
START 3368 292 9004 -9373 74 -371 END
START 2976 -92 9320 -10078 765 234 END
START 2336 80 9732 -10679 500 550 END
START 2204 64 9896 -11170 -654 694 END
START 2232 -252 10372 -11840 -1922 584 END
START 2380 -692 11056 -12578 -2826 141 END
START 2252 -1012 11668 -13322 -2899 -431 END
START 1728 -1104 12512 -14170 -3043 -771 END
START 1784 -1592 12992 -14692 -3411 -697 END
START 1836 -1676 14036 -15131 -4108 -372 END
START 2524 -2352 14836 -15435 -4697 118 END
START 3104 -2812 15688 -15537 -4679 236 END
START 3588 -2960 16588 -15934 -4217 -327 END
START 3652 -2988 17584 -16015 -3570 -1010 END
START 3308 -2812 18840 -15735 -3259 -1287 END
START 3520 -2660 19596 -15073 -2751 -1180 END
START 3812 -2680 19968 -14252 -1920 -1458 END
START 3888 -2648 20540 -13225 -882 -2421 END
START 3572 -2080 21132 -12297 -468 -3575 END
START 3340 -1080 22220 -11346 -838 -4578 END
START 3288 -832 22996 -10073 -1101 -5586 END
START 2396 -604 23364 -8583 -274 -6435 END
START 760 -720 22516 -7895 1760 -6703 END
START -616 -1736 21920 -8232 3181 -6180 END
START -1452 -2112 21744 -9207 2754 -4639 END
START -992 -2384 23080 -9676 1537 -2853 END
START -328 -2312 24400 -9297 730 -1541 END
START 456 -2068 25308 -8319 666 -870 END
START 996 -1824 26184 -7640 990 -808 END
START 1084 -1652 27004 -6884 1002 -875 END
START 1436 -2244 27828 -5596 827 -710 END
START 1864 -2404 29084 -4275 365 -273 END
START 2736 -2784 30068 -2887 260 177 END
START 3472 -2868 30736 -1409 294 522 END
START 4076 -2748 31056 277 451 594 END
START 4800 -2880 31392 1956 622 279 END
START 5348 -2884 31424 3562 526 -294 END
START 6360 -2884 31540 5103 -55 -1008 END
START 7128 -3208 31812 6875 -434 -1840 END
START 7644 -3532 31516 8885 -405 -2955 END
START 7804 -3752 31044 10932 -388 -3911 END
START 7892 -3904 30284 12496 -701 -4892 END
START 7904 -4104 29720 13892 -1289 -5913 END
START 8088 -4204 29288 15465 -1942 -6809 END
START 7976 -4108 28132 16929 -2131 -7896 END
START 7132 -3900 26616 18286 -2136 -9073 END
START 6120 -4008 24920 19474 -2639 -9719 END
START 5660 -3900 23744 20283 -3012 -10021 END
START 5464 -3616 22184 20591 -2085 -10210 END
START 4696 -3192 20752 20363 -652 -10623 END
START 4016 -2760 19288 20305 503 -10972 END
START 2988 -2652 17372 20543 1439 -11377 END
START 1952 -2424 15296 20202 2079 -11756 END
START 1444 -2640 14020 19727 3047 -11710 END
START 740 -2220 12936 18657 4134 -11068 END
START 232 -1792 11032 17477 5253 -10336 END
START -1260 -1376 9004 16053 5049 -10104 END
START -3332 -744 6228 14609 2814 -9929 END