START 11248 8528 9960 1294 -3123 3608 END
START 11108 8732 9420 1103 -2950 2770 END
START 12604 9440 7124 198 -2753 1078 END
START 11848 8224 8808 -759 -1786 -1487 END
START 11856 7648 7544 -1682 -81 -3855 END
START 10628 7808 6680 -3049 -309 -5154 END
START 10272 7264 6000 -4547 -1377 -5425 END
START 9416 5700 5648 -5957 -2800 -5571 END
START 9272 5388 5368 -7424 -3442 -5858 END
START 8892 4536 5764 -9120 -2701 -6801 END
START 8048 3936 6104 -10362 -1832 -8089 END
START 7168 3408 6776 -11399 -1513 -9348 END
START 5736 2904 7516 -12135 -2207 -10237 END
START 4924 2604 8496 -12710 -3416 -10491 END
START 4420 2368 9944 -13430 -3798 -10615 END
START 4116 2060 11388 -14264 -2786 -11192 END
START 2940 1172 13208 -15195 -958 -12084 END
START 1372 336 14996 -15728 620 -12839 END
START -856 -632 17036 -15802 696 -12914 END
START -2380 -1600 18900 -15238 -244 -12528 END
START -3704 -2252 20496 -14257 -1224 -11880 END
START -4836 -2680 22408 -13299 -1112 -11049 END
START -6032 -2908 23632 -12302 -340 -9887 END
START -6696 -2648 24412 -11380 636 -8584 END
START -6988 -2380 25272 -10770 1455 -7254 END
START -6916 -1904 26116 -9890 1528 -5683 END
START -6708 -1236 26884 -8789 1149 -4526 END
START -6336 -888 27952 -7527 815 -3802 END
START -5804 -608 29160 -6476 581 -3319 END
START -5296 -352 30904 -5074 634 -3076 END
START -4600 28 32404 -3322 1034 -2876 END
START -4044 144 32767 -1530 1804 -2700 END
START -3756 616 32767 421 2648 -2732 END
START -3748 744 32767 2636 3085 -2790 END
START -3860 704 32767 4749 3091 -2736 END
START -3664 708 32767 6848 2964 -2832 END
START -3520 624 32767 8989 2919 -2929 END
START -3172 416 32340 10994 3270 -3191 END
START -3180 132 30764 12762 4083 -3506 END
START -2960 276 28944 14411 5023 -3839 END
START -3076 176 26624 15802 5751 -4309 END
START -3000 360 24372 17072 6029 -4800 END
START -2960 412 21384 17916 6133 -5349 END
START -2872 584 18712 18346 6045 -5872 END
START -2992 908 15892 18409 5714 -6130 END
START -2716 680 13020 17876 5134 -6227 END
START -2804 504 11016 17014 4183 -5981 END
START -2784 396 9136 16115 3098 -5670 END