START 9288 9448 11152 -659 1381 3734 END
START 11052 9368 9524 -1022 550 2866 END
START 12604 9248 3264 -2260 -92 1251 END
START 10504 7996 6896 -2713 -3055 -937 END
START 9692 7808 6656 -2465 -4740 -2377 END
START 9112 7908 5768 -2742 -6355 -3013 END
START 9480 6736 4660 -3865 -5968 -3481 END
START 9384 6340 4124 -6119 -4267 -4079 END
START 9452 5736 4288 -8729 -2572 -4928 END
START 9252 4840 5144 -10393 -1865 -5958 END
START 8820 4028 5656 -11142 -2326 -7012 END
START 8760 3332 6452 -11588 -3190 -8025 END
START 8048 2544 7260 -12460 -3536 -9181 END
START 7292 1660 7984 -13465 -3144 -9949 END
START 6192 724 9180 -14308 -2432 -10273 END
START 4972 -144 10436 -15091 -1431 -10240 END
START 3948 -1084 12064 -15791 -588 -10161 END
START 2836 -2364 14212 -16272 -96 -10143 END
START 1720 -3092 16216 -16092 -442 -9844 END
START 500 -3916 18696 -15492 -253 -9336 END
START -1000 -4604 20636 -14699 601 -8493 END
START -2212 -4612 22496 -13801 1329 -7505 END
START -3176 -3852 24108 -13085 2088 -6926 END
START -5292 -3500 25428 -11964 1490 -6199 END
START -4212 -2156 26260 -10955 1705 -5343 END
START -4708 -960 27232 -10074 1908 -4977 END
START -4524 40 28376 -9078 2408 -4835 END
START -4632 760 29484 -8019 2896 -4852 END
START -4740 1104 30640 -6711 2925 -4677 END
START -4452 1392 31940 -4982 2500 -4539 END
START -4212 1360 32767 -3112 2218 -4391 END
START -3820 1336 32767 -1340 2307 -4341 END
START -3660 988 32767 607 2776 -4358 END
START -3764 544 32767 2450 3325 -4319 END
START -3820 -4 32767 4401 3768 -4077 END
START -3540 -344 32767 6301 4247 -3902 END
START -3492 -900 32767 8382 4623 -4050 END
START -3448 -1296 32640 10636 4485 -4301 END
START -3636 -1528 30964 12695 4079 -4498 END
START -3300 -1468 28680 14333 3921 -4570 END
START -3164 -1172 26540 15532 4464 -4756 END
START -3372 -1012 24372 16672 5214 -4981 END
START -3220 -600 21744 17275 5524 -5176 END
START -2996 -376 19296 17636 5456 -5571 END
START -3072 40 17308 17978 5167 -5901 END
START -2888 324 15300 18289 4832 -6257 END
START -2856 280 13016 18341 4290 -6658 END
START -2964 440 10936 18187 3752 -6959 END
START -3060 592 9048 17762 3411 -6936 END
START -3200 504 7648 17012 3544 -6740 END