START 8776 5816 7028 -3893 537 -714 END
START 7132 6576 10292 -4377 -907 -1011 END
START 8496 7348 6032 -5884 -1201 -1819 END
START 8832 6288 6008 -7515 -3232 -3170 END
START 9148 4992 5968 -8634 -3391 -4646 END
START 9000 5680 5796 -9684 -4137 -5839 END
START 8960 4820 5848 -10538 -4139 -6689 END
START 8700 4448 6360 -11542 -3354 -7774 END
START 7712 3976 6728 -13027 -2509 -8771 END
START 6916 3572 7488 -14254 -1824 -9349 END
START 5540 3328 8968 -15189 -1933 -9934 END
START 4600 2940 10116 -15699 -2423 -10307 END
START 3096 2688 11888 -16181 -2827 -10741 END
START 1988 2116 13900 -16813 -2815 -11210 END
START 580 1440 16340 -17320 -2493 -11673 END
START -892 248 18876 -17275 -1921 -11949 END
START -2552 -1032 21096 -16899 -1324 -11975 END
START -4452 -2272 23488 -16340 -801 -11372 END
START -6380 -2944 25632 -15318 -456 -9934 END
START -7096 -3064 27336 -13960 154 -8326 END
START -7636 -2672 28496 -12364 604 -6962 END
START -8008 -1912 29264 -10581 901 -5691 END
START -8052 -1300 29924 -8951 1037 -4261 END
START -7544 -248 30656 -7364 1494 -3053 END
START -6944 704 31292 -5622 2033 -1970 END
START -6132 1580 31620 -3968 2433 -1117 END
START -5216 2672 31968 -2355 2815 -756 END
START -4748 3336 32128 -619 2991 -853 END
START -4440 3596 32140 1142 3035 -1153 END
START -4300 3548 32052 2927 2884 -1533 END
START -4276 3284 32000 4687 2526 -1785 END
START -3936 2860 31832 6513 2132 -1883 END
START -3516 2468 31744 8445 2146 -2043 END
START -2820 2160 31244 10424 2332 -2075 END
START -1844 2024 30196 12401 2817 -2345 END
START -1080 1852 28764 13874 3434 -3053 END
START -640 2000 26956 15503 3887 -4007 END
START -328 2236 24716 16802 3732 -4973 END
START 212 3152 21820 17870 3009 -5859 END
START 936 3444 18596 17424 1908 -7450 END
START 1184 4060 16808 15549 801 -9859 END
START 668 4732 15964 14741 703 -12342 END
START -64 4640 15340 15322 2191 -14093 END
START -1040 3340 13908 15958 3701 -14951 END
START -2232 2172 12580 16314 4370 -15131 END
START -3316 1204 10960 16411 4033 -14693 END
START -4348 172 9860 16147 2984 -13833 END