START 10080 5504 4936 -7704 -704 231 END
START 6412 6620 8556 -8330 -1987 -187 END
START 8848 6016 5308 -9646 -1455 -1273 END
START 8888 4636 4788 -11050 -2406 -2768 END
START 7920 4084 4764 -11980 -2642 -3925 END
START 7616 3996 4708 -12553 -3040 -4999 END
START 7168 3796 5284 -13681 -2969 -6163 END
START 6824 3616 6368 -15020 -3280 -7218 END
START 6916 3544 7376 -16338 -3442 -8185 END
START 6620 3248 8936 -17747 -2113 -9220 END
START 5276 3284 10928 -18897 -1101 -9977 END
START 4528 2740 13136 -19294 -982 -10404 END
START 3840 2104 15756 -19334 -1423 -11097 END
START 2932 1316 18908 -18987 -1601 -12195 END
START 1396 -36 21924 -18593 -1328 -13561 END
START -564 -1376 24692 -17818 -891 -13931 END
START -2220 -2652 27620 -16618 -511 -13092 END
START -3540 -3304 29300 -15079 569 -11511 END
START -4352 -3184 30620 -13557 1692 -9766 END
START -4600 -2816 31380 -11512 2247 -8080 END
START -4572 -2164 31716 -9326 2235 -6962 END
START -4336 -1556 31604 -7279 1471 -5971 END
START -3764 -876 31164 -5583 1004 -5171 END
START -3332 88 30848 -4214 1382 -4343 END
START -3000 1024 30832 -3126 2375 -3687 END
START -2820 1892 30920 -2061 3313 -3055 END
START -2664 2688 31012 -674 3551 -2719 END
START -2524 3576 31524 831 3342 -2940 END
START -2844 3892 32100 2507 2571 -3281 END
START -3152 4116 32400 4493 1464 -3500 END
START -3168 3672 32767 6336 610 -3782 END
START -3120 3092 32767 8136 278 -4021 END
START -2852 2368 32767 9929 707 -4285 END
START -2816 1592 32767 11824 1689 -4743 END
START -2700 956 32120 14006 2948 -5120 END
START -2656 344 30368 16359 3948 -5445 END
START -2540 116 28180 18292 4745 -5829 END
START -2336 348 25408 19838 5305 -6313 END
START -2024 340 21968 20652 5609 -6830 END
START -1928 728 19272 20870 5329 -7466 END
START -1536 960 16292 20836 4682 -8123 END
START -1244 1460 13928 20812 3565 -8794 END
START -1364 1596 12016 20931 2273 -9518 END
START -1444 1932 9464 20882 1171 -10042 END
START -1876 2208 7388 20455 -18 -10458 END
START -2232 2628 6044 19723 -675 -10630 END
START -2708 2816 5052 18778 -688 -10412 END
START -3268 2804 4096 17437 -378 -9614 END