START 3528 6848 11608 1607 -1082 1125 END
START 1416 7568 13324 1015 -2524 1057 END
START 3800 7312 9012 16 -2664 729 END
START 4516 6564 9712 -847 -2759 427 END
START 5316 6528 8512 -1940 -1592 -424 END
START 5184 6104 8036 -2874 -1755 -1668 END
START 5552 5540 7752 -3190 -2450 -3161 END
START 5580 5212 6996 -3542 -3469 -4777 END
START 4980 4348 6580 -4073 -4678 -5874 END
START 5328 3588 5936 -5093 -5105 -6215 END
START 4876 2712 5752 -7149 -4283 -6330 END
START 4500 1928 5940 -9423 -2048 -6421 END
START 3732 1132 6448 -11274 151 -6728 END
START 2632 144 7068 -12550 1347 -6934 END
START 1592 -492 7724 -13171 1361 -6988 END
START 224 -956 8784 -13285 294 -6978 END
START -676 -1296 9992 -13237 -1171 -6804 END
START -1060 -1376 11244 -13457 -1910 -6643 END
START -1860 -1108 13136 -13987 -1977 -6320 END
START -2312 -948 14804 -14533 -1634 -5716 END
START -2608 -816 16776 -14957 -1261 -5304 END
START -2744 -720 18744 -15210 -635 -5187 END
START -2908 -968 20992 -14949 -310 -5315 END
START -3128 -1100 22700 -14098 -315 -5624 END
START -3668 -1360 24160 -12695 -505 -5698 END
START -3988 -1872 25496 -11465 -475 -5585 END
START -4060 -2040 26332 -10431 -18 -5175 END
START -4428 -2280 26736 -9413 698 -4647 END
START -4644 -2440 27192 -8192 1111 -4228 END
START -4936 -2524 27280 -6884 1040 -3884 END
START -5316 -2368 27460 -5511 565 -3325 END
START -5184 -2252 27812 -4385 143 -2741 END
START -5008 -1824 28412 -3391 97 -2256 END
START -4776 -1348 29036 -2433 632 -1874 END
START -4824 -1012 29568 -1285 1236 -1584 END
START -4644 -836 30492 85 1511 -1339 END
START -4472 -656 31028 1627 1510 -1133 END
START -3952 -520 31372 3525 1486 -1100 END
START -3448 -292 31120 5572 1645 -1238 END
START -2980 -360 30208 7290 1777 -1610 END
START -2532 -392 29284 8836 1981 -1923 END
START -2176 -208 28160 10143 2521 -2351 END
START -2076 -260 26656 11385 3132 -2720 END
START -2144 -588 24924 12357 3608 -3026 END
START -2092 -540 23348 13212 4102 -3435 END
START -1884 -456 21644 13744 4537 -4094 END
START -2152 -712 20000 14232 4659 -4727 END
START -2224 -1036 18500 14870 4631 -5325 END
START -2492 -808 16660 15354 4674 -5899 END
START -2708 -908 14956 15487 4741 -6440 END
START -3320 -724 13228 15338 4147 -6758 END
START -3768 -788 11884 15293 3193 -6905 END
START -4456 -480 10548 15332 2377 -6902 END
START -4692 -444 9420 15012 1977 -6575 END
START -4768 -660 8460 14051 2051 -5882 END