START 10724 7436 6224 -2807 -2186 -5505 END
START 9528 7520 7924 -3049 -3039 -6377 END
START 10516 6676 5412 -3570 -3678 -8256 END
START 9496 5412 6112 -3417 -5940 -10339 END
START 8952 4672 5316 -3454 -5975 -11924 END
START 8184 3888 4704 -4693 -4865 -12935 END
START 7776 2596 4088 -7459 -2262 -13295 END
START 7208 1516 4532 -11144 302 -13290 END
START 5932 1104 5076 -14040 1402 -12987 END
START 5068 1100 6524 -15706 1209 -12663 END
START 4124 1664 7756 -16095 655 -12864 END
START 2552 2636 8996 -16197 197 -13528 END
START 1252 3668 10260 -16526 -612 -14269 END
START -184 3752 12220 -17341 -1063 -15116 END
START -1976 3580 14500 -18038 -1469 -15378 END
START -3236 2596 16876 -18388 -1791 -15003 END
START -4824 1908 20100 -18605 -1403 -14318 END
START -5548 168 23352 -18517 -402 -13659 END
START -6892 -1064 26176 -17559 529 -13246 END
START -8300 -2632 28480 -15691 929 -13047 END
START -9776 -3900 30756 -13492 471 -12663 END
START -10964 -4488 32372 -11032 -137 -11440 END
START -11408 -4616 32767 -8472 -281 -9315 END
START -11172 -4108 32767 -6003 221 -6949 END
START -10412 -3532 32767 -3768 1244 -4985 END
START -9600 -2472 32767 -1577 2475 -3432 END
START -8812 -1268 32767 524 3218 -2356 END
START -7936 -156 32767 2422 3576 -1809 END
START -7900 828 32740 4305 3525 -1832 END
START -8068 1316 31684 6327 2806 -1790 END
START -8232 1872 30652 8263 1577 -1551 END
START -8108 2156 29740 10144 415 -1068 END
START -7564 2164 28796 11667 -15 -566 END
START -7248 1996 27804 12843 403 -202 END
START -6820 1588 26572 13769 1208 93 END
START -6612 1364 25396 14560 1834 361 END
START -6456 1164 24024 15319 2320 405 END
START -6152 1144 22664 16284 2303 327 END
START -6000 1052 20944 17226 2127 284 END
START -5636 988 19184 18047 1880 102 END
START -5368 956 17380 18408 1697 -136 END
START -5100 1080 15676 18625 1773 -341 END
START -4908 1372 13940 18559 1997 -349 END
START -4672 1616 12196 18160 2382 -379 END
START -4532 1904 10684 17534 2680 -452 END
START -4200 2140 9364 16686 2762 -538 END
START -4240 2480 8240 15764 1970 -492 END
START -3836 2632 7260 15166 909 -416 END
START -3640 2740 6160 14419 141 -424 END
START -3416 2988 5436 13580 -276 -454 END
START -3204 3116 4608 12831 200 -607 END
START -3468 3640 3904 11411 755 -712 END
START -3668 3604 3300 10087 1241 -759 END
START -3740 3656 2896 8842 1563 -739 END
START -3768 3460 2376 7685 1727 -777 END
START -3848 3528 2052 6205 1737 -978 END
START -4188 3352 1812 4759 1407 -1258 END