START 7248 6800 4800 -8657 -3212 -411 END
START 8316 6596 4716 -9038 -3684 -665 END
START 9120 6532 968 -10390 -4837 -1133 END
START 8812 5604 2544 -12260 -6450 -1878 END
START 9072 5148 3040 -14233 -5732 -3140 END
START 9024 5464 3048 -15875 -4973 -4922 END
START 9100 4888 3676 -17385 -3327 -6827 END
START 8064 4288 4808 -18309 -3039 -8308 END
START 7268 3800 5604 -18318 -4028 -8645 END
START 6824 3380 6708 -18425 -4471 -8606 END
START 6500 2984 7508 -19480 -3677 -8645 END
START 5988 2064 9164 -21349 -2652 -8879 END
START 5684 1456 11580 -22636 -2019 -9083 END
START 5084 308 14732 -22666 -2205 -9575 END
START 4328 -1076 18108 -21582 -2804 -10233 END
START 3440 -3196 21536 -20148 -3143 -11009 END
START 2004 -4852 24588 -18625 -2883 -11053 END
START 716 -6108 27316 -17003 -1899 -10199 END
START -468 -6640 29456 -14879 -375 -9107 END
START -1480 -6728 30232 -12789 887 -7925 END
START -2296 -6224 30624 -10822 2013 -6720 END
START -2820 -5816 30640 -8931 2617 -5287 END
START -2484 -4632 29644 -7228 2691 -4306 END
START -2084 -3388 28956 -5816 2274 -3911 END
START -1520 -2252 28576 -4332 1809 -3959 END
START -1516 -1264 27976 -2841 1679 -4228 END
START -1804 -572 27152 -1623 1630 -4217 END
START -2228 -176 27004 -587 1732 -3889 END
START -2776 252 26808 357 2198 -3381 END
START -2928 404 26684 1230 2570 -2896 END
START -3360 428 26628 2238 2551 -2439 END
START -3480 604 26740 3274 2666 -2032 END
START -3164 348 27244 4323 2802 -1678 END
START -2840 12 27976 5451 3284 -1535 END
START -2536 -44 28272 6593 4171 -1458 END
START -2060 100 28704 7722 5246 -1431 END
START -1640 68 29440 8939 6169 -1414 END
START -768 108 29236 10138 7030 -1438 END
START -200 424 28740 11299 7925 -2072 END
START -4 1004 28120 13165 8569 -3143 END
START -80 848 26528 14935 8721 -4386 END
START -228 1040 24796 16352 8522 -5547 END
START -720 1212 22996 17448 8506 -6582 END
START -1172 988 20868 18511 8587 -7363 END
START -1904 940 18600 19199 8390 -7540 END
START -2348 1040 16332 19379 8048 -7393 END
START -2832 1112 14692 19299 7472 -7167 END
START -3216 1252 12616 18847 6854 -7062 END
START -3716 1392 10540 17907 6307 -6955 END
START -4108 1344 8940 16829 5627 -6744 END
START -4204 1336 7036 15629 5011 -6350 END