START -920 3200 14392 3489 575 2064 END
START -764 3412 13400 3355 315 1998 END
START -640 3852 13744 3197 143 1883 END
START -2004 3928 16072 3110 548 1924 END
START -308 4104 12324 2493 589 1765 END
START 416 3584 10660 1933 1123 1424 END
START 124 3996 9876 1150 635 890 END
START 456 3800 9632 242 -25 634 END
START 776 3324 9112 -226 -368 378 END
START 792 3460 9068 -792 -910 67 END
START 1340 3140 8960 -1234 -1526 -83 END
START 1980 3604 8968 -1866 -1919 -222 END
START 2660 3700 8828 -2555 -1702 -389 END
START 3156 3928 8932 -3523 -1440 -801 END
START 3628 3892 8876 -4295 -1351 -1466 END
START 4156 3728 8868 -5073 -874 -2385 END
START 4192 3432 8988 -5885 -163 -3296 END
START 4080 2948 8936 -6529 447 -4222 END
START 3656 2332 9236 -7246 949 -5022 END
START 3088 1732 9116 -7836 1168 -5642 END
START 2796 988 9176 -8509 1015 -6139 END
START 2348 556 9544 -9266 985 -6514 END
START 2148 44 10112 -10030 1421 -6773 END
START 1920 -656 10408 -10920 2037 -6983 END
START 1328 -1064 11324 -11907 2364 -7212 END
START 640 -1328 12144 -12360 2220 -7326 END
START 220 -1596 12856 -12377 1756 -7314 END
START 4 -2168 13880 -12501 1569 -7385 END
START -452 -2552 14892 -12632 1692 -7795 END
START -780 -3276 16040 -12696 1615 -8267 END
START -1340 -3736 17132 -12778 1068 -8784 END
START -1928 -4160 18236 -12835 581 -9194 END
START -2360 -4788 19536 -12627 700 -9329 END
START -3148 -5760 20544 -12327 1098 -9318 END
START -4052 -6084 21320 -11882 1689 -9079 END
START -5128 -6728 21824 -11447 1992 -8574 END
START -5740 -6952 22440 -10969 2236 -7820 END
START -6156 -7268 23104 -10395 1954 -6870 END
START -6388 -7268 24012 -9819 1970 -5979 END
START -6476 -6984 24680 -9020 2216 -5244 END
START -6776 -6656 25832 -8145 2179 -4519 END
START -6884 -6648 26856 -6970 1947 -3831 END
START -7060 -6460 27800 -5821 1781 -3393 END
START -7052 -6504 29040 -4735 1943 -3224 END
START -7256 -6496 30456 -3384 2130 -2934 END
START -7424 -6776 31424 -1774 2336 -2392 END
START -7548 -7240 32216 -135 2725 -1893 END
START -7740 -7768 32767 1328 3221 -1303 END
START -8044 -8204 32767 2998 3918 -514 END
START -8092 -8592 32767 4983 4302 425 END
START -8072 -8732 32767 7374 4024 1220 END
START -7568 -8516 32767 10015 3398 1709 END
START -6952 -8176 31920 12334 2619 1680 END
START -6444 -7996 30432 14403 1950 1644 END
START -5852 -7504 28776 16160 1770 1698 END
START -5380 -7104 27108 17374 1971 1698 END
START -4832 -6688 25052 18390 2177 1647 END
START -4396 -6312 23220 19175 2383 1556 END
START -4064 -5928 21464 19704 2496 1335 END
START -3612 -5464 19660 19888 2455 1084 END
START -3252 -4760 17772 19817 2350 795 END
START -2908 -3920 16180 19728 2035 428 END
START -2728 -3116 14532 19461 1711 -115 END
START -2284 -2472 12824 19047 1519 -744 END
START -2044 -1716 11080 18283 1544 -1378 END
START -1704 -1380 9632 17226 1593 -2185 END
START -1864 -1436 8644 16182 1674 -3065 END
START -2084 -1432 7756 15348 1485 -3908 END
START -2568 -1560 6996 14863 1217 -4368 END
START -3168 -1564 5796 14414 984 -4543 END
START -3304 -1392 4648 13543 687 -4250 END
START -3416 -760 4036 12289 816 -3475 END
START -3220 -264 3320 10558 1463 -2463 END
START -3508 248 3432 8471 1803 -1141 END