START 4260 5000 7288 -1992 516 -1019 END
START 2988 5452 9128 -2396 -708 -1283 END
START 4300 5208 6540 -3250 -996 -1897 END
START 4928 4020 6248 -4154 -1815 -2944 END
START 4320 3908 6172 -5213 -1765 -4396 END
START 3536 3504 6308 -6144 -2085 -5363 END
START 3316 3216 6736 -7049 -2056 -5769 END
START 2620 2796 6836 -8003 -2078 -5649 END
START 2576 2056 7336 -9094 -1795 -5394 END
START 2864 2076 8036 -10226 -1113 -5256 END
START 2572 1772 8788 -11434 182 -5858 END
START 1892 1740 9708 -12446 897 -6682 END
START 1112 1884 10864 -13046 808 -7283 END
START 740 1564 12284 -13293 322 -7911 END
START 140 1120 13208 -13370 -18 -8539 END
START -544 420 14344 -13683 51 -9160 END
START -1404 -24 15812 -13840 718 -9443 END
START -2624 -532 17152 -13740 1312 -9424 END
START -3124 -1100 18284 -13355 1549 -8955 END
START -3604 -1536 19468 -12783 1817 -8314 END
START -4632 -1984 20560 -12254 1869 -7863 END
START -4152 -2272 21172 -11683 1894 -7551 END
START -4716 -2096 21656 -11063 1680 -7711 END
START -5044 -2048 21780 -10368 1346 -7945 END
START -5108 -2308 21900 -9960 882 -7863 END
START -5280 -2776 22172 -9668 723 -7469 END
START -5192 -2852 22556 -9287 737 -6740 END
START -5224 -2956 23116 -8941 1229 -6309 END
START -5460 -2952 23368 -8279 1433 -6086 END
START -5932 -3120 23908 -7255 1126 -5745 END
START -6120 -3112 24012 -6307 631 -5300 END
START -6380 -2912 24452 -5657 397 -4754 END
START -6336 -2732 25128 -5008 323 -4208 END
START -6488 -2312 25784 -4174 216 -3821 END
START -6484 -1992 26428 -3182 103 -3313 END
START -6192 -1636 27216 -2354 284 -2806 END
START -5732 -1540 28084 -1490 674 -2404 END
START -5292 -1416 28912 -438 1061 -2060 END
START -4816 -1520 29872 915 1485 -1965 END
START -4532 -1684 30468 2608 1565 -2048 END
START -4232 -1748 31048 4715 1453 -2194 END
START -3812 -1928 31024 6812 1713 -2558 END
START -3736 -2096 30648 8538 2122 -2777 END
START -3688 -2200 30176 9867 2954 -2819 END
START -3760 -2264 29628 11109 4095 -2694 END
START -4136 -2400 28524 12509 5295 -2524 END
START -4704 -2688 27060 13771 5689 -2423 END
START -5168 -3148 25212 15215 5283 -2055 END
START -5324 -3152 23504 16335 4464 -1787 END
START -5352 -2948 21424 17222 3798 -1725 END
START -5220 -2704 19312 17900 3367 -1722 END
START -5168 -2340 17304 18035 3280 -1691 END
START -4984 -2012 15360 17864 3524 -1692 END
START -4812 -1980 13352 17308 4010 -1700 END
START -4948 -1984 11748 16522 4219 -1592 END
START -4868 -1708 10268 15827 3922 -1179 END
START -4656 -1768 9024 15096 3483 -543 END