START 4456 6804 7764 2382 -1728 5536 END
START 3388 7240 9440 1855 -3032 5267 END
START 5100 7100 7920 902 -2383 4491 END
START 5764 5892 7548 140 -2644 3642 END
START 6428 6572 6808 -643 -1516 2210 END
START 6532 6028 6140 -1710 -913 656 END
START 6312 5284 5564 -2453 -686 -562 END
START 5988 5364 5060 -3439 -1154 -1329 END
START 5620 4820 4692 -4461 -1745 -1898 END
START 5480 4912 4200 -5524 -1601 -2393 END
START 5272 4592 4180 -7188 -1233 -2818 END
START 5284 4420 4392 -9021 -364 -3322 END
START 5216 4124 4840 -10485 242 -4038 END
START 5024 3628 5424 -11565 348 -4824 END
START 4812 3328 6516 -12438 -154 -5689 END
START 4444 3160 7344 -13135 -851 -6605 END
START 3944 2844 8672 -13853 -1359 -7450 END
START 3520 2384 10040 -14922 -1272 -8042 END
START 2532 1864 11640 -15902 -769 -8638 END
START 1532 1304 13384 -16409 -341 -8932 END
START 760 800 14932 -16772 -6 -9014 END
START 68 316 16516 -16959 121 -8938 END
START -228 -284 17988 -17038 207 -8934 END
START -904 -584 19664 -16945 347 -8983 END
START -1560 -880 21316 -16612 427 -9037 END
START -2212 -1448 22548 -15905 63 -9081 END
START -2568 -1544 24040 -15118 -368 -9069 END
START -2756 -1868 25172 -14050 -460 -9004 END
START -3344 -2104 26464 -13047 -216 -8659 END
START -3880 -2076 27636 -12030 350 -7828 END
START -4460 -2088 28964 -10967 1095 -6722 END
START -4584 -1996 30204 -9568 1987 -5693 END
START -4724 -2180 31640 -7844 2547 -4793 END
START -4704 -2104 32767 -5872 2769 -4131 END
START -4540 -2104 32767 -3554 2914 -3785 END
START -4264 -1868 32767 -1060 3024 -3364 END
START -3964 -1728 32767 1365 3072 -3083 END
START -3380 -928 32767 3418 3204 -2980 END
START -3440 -1236 32767 5169 3121 -2986 END
START -3128 -932 32548 7126 2754 -3003 END
START -2844 -744 31176 9044 2558 -3075 END
START -2796 -764 29736 10739 2600 -3168 END
START -2476 -792 28216 12083 2852 -3175 END
START -2204 -824 26372 12940 3370 -3347 END
START -2116 -828 24688 13767 3802 -3685 END
START -2472 -636 23072 14474 3993 -4038 END
START -2768 -696 21672 15417 4009 -4332 END
START -3404 -720 20004 16281 3789 -4526 END
START -4100 -656 18060 16810 3083 -4347 END
START -4472 -608 16352 17040 2471 -3957 END
START -4512 -356 14544 16743 2586 -3596 END
START -4712 -300 12800 16046 3021 -3120 END
START -4736 -104 11244 15101 3035 -2580 END
START -4704 196 9864 14140 2794 -2173 END
START -4684 392 8756 13649 1944 -1876 END
START -4428 836 7568 13574 977 -1903 END
START -4116 1216 6968 12735 429 -2277 END
START -3704 1712 6256 11942 603 -2762 END
START -3296 1668 5804 11008 1601 -3013 END
START -3332 1428 5460 9995 2773 -2947 END
START -3484 1304 5096 9009 3553 -2480 END
START -3856 1192 4652 7964 3873 -1552 END
START -4140 1228 4460 6517 3589 -401 END