START 6828 6640 9172 -5075 284 -820 END
START 5740 7152 10888 -5543 -829 -1086 END
START 6760 7016 8136 -6665 -874 -1753 END
START 6688 4864 8212 -7416 -2520 -2808 END
START 7352 4428 7732 -8446 -2588 -4343 END
START 7148 4012 7788 -9560 -3686 -5942 END
START 6896 3112 7996 -10467 -4288 -7298 END
START 6220 3020 8176 -11379 -4339 -8219 END
START 5484 2192 8656 -12375 -3805 -8882 END
START 4456 1664 9340 -13369 -3081 -9069 END
START 4012 1416 10000 -14366 -2802 -9039 END
START 3352 624 11552 -15349 -2466 -9187 END
START 2740 -116 13176 -16114 -2171 -9441 END
START 2332 -1340 15212 -16881 -973 -9951 END
START 976 -1920 17824 -17134 203 -10782 END
START -520 -2516 20272 -16628 957 -11344 END
START -2480 -3360 22896 -15596 1450 -11498 END
START -4592 -3808 24876 -14316 1898 -11236 END
START -6500 -3544 27016 -13003 2610 -10293 END
START -7944 -3220 28476 -11739 3258 -8704 END
START -8844 -2144 30248 -10178 3622 -6627 END
START -9064 -1156 31608 -8606 4195 -5097 END
START -9024 -108 32767 -7190 4534 -4231 END
START -9112 936 32767 -5608 3767 -3706 END
START -8840 1504 32767 -3596 2266 -3467 END
START -8228 1836 32767 -1033 1136 -3585 END
START -7984 1620 32767 1581 571 -3905 END
START -7656 1216 32767 4111 569 -4016 END
START -7408 668 32767 6653 995 -3708 END
START -7128 232 32767 8922 1880 -3353 END
START -6864 -176 32767 10983 2958 -3145 END
START -6708 -568 32184 13081 3776 -2936 END
START -6572 -780 30004 15036 4079 -2575 END
START -6152 -680 27532 16742 3913 -2110 END
START -5552 -716 25076 18121 3774 -1708 END
START -4860 -408 22404 18919 3734 -1639 END
START -4304 -176 20228 19331 3611 -1675 END
START -3844 -16 17756 19480 3604 -1864 END
START -3344 204 15140 19343 3626 -2307 END
START -3080 272 12992 18782 3554 -2930 END
START -2552 720 10796 18100 3456 -3752 END
START -2456 1032 9064 17472 3422 -4698 END
START -2424 1056 7468 16981 3163 -5511 END
START -2732 1148 6272 16376 2211 -6112 END
START -2808 896 4952 15492 1494 -6375 END
START -2932 732 4484 14135 1134 -6236 END
START -3068 752 3984 12674 1694 -5661 END