START 5408 6068 7192 -4002 -618 -1759 END
START 5584 6280 6500 -4594 -1708 -1958 END
START 6108 5892 5744 -5832 -1443 -2486 END
START 6816 4784 5216 -7254 -1656 -3116 END
START 6776 4372 5192 -8866 -770 -3997 END
START 7088 3636 5328 -10070 -177 -4992 END
START 6748 3260 5808 -10948 -401 -5775 END
START 6704 2564 5912 -11409 -889 -6437 END
START 6468 1856 6336 -11932 -1210 -7132 END
START 5368 1724 7072 -12849 -980 -7868 END
START 4464 992 7220 -14053 -936 -8584 END
START 2928 348 8792 -15294 -1372 -8984 END
START 1848 204 10436 -16266 -1930 -9108 END
START 696 -280 13096 -16965 -2062 -9377 END
START -332 -600 16068 -17238 -2051 -9804 END
START -1588 -1136 19076 -16859 -2364 -10018 END
START -2712 -2144 21988 -15946 -2598 -9854 END
START -4208 -2864 24776 -14998 -2378 -9601 END
START -5544 -3952 27096 -14071 -1488 -9239 END
START -7092 -5120 29312 -12904 -227 -8618 END
START -8512 -5388 30676 -11359 605 -7510 END
START -9112 -5636 31324 -9833 1035 -6180 END
START -9764 -5212 31624 -8152 1025 -4938 END
START -9632 -4412 32104 -6207 660 -3624 END
START -9244 -3308 32304 -4508 670 -2529 END
START -8700 -2420 32612 -3138 860 -1832 END
START -8424 -1492 32767 -1812 1145 -1311 END
START -7448 -668 32767 -97 1509 -600 END
START -6488 -188 32767 1673 2049 -228 END
START -5512 232 32767 3670 2383 -213 END
START -4928 124 32767 5958 2176 -397 END
START -4272 -64 32767 8371 2049 -540 END
START -3660 -400 32767 10650 2529 -606 END
START -2936 -736 32767 12949 3689 -781 END
START -2528 -1216 32480 15062 5061 -1029 END
START -2152 -1820 30524 17097 6306 -1362 END
START -1900 -1932 28200 18851 7061 -1845 END
START -1808 -1992 25492 20094 7309 -2585 END
START -1788 -1864 22896 20949 6870 -3624 END
START -1996 -1436 20264 21821 5847 -4572 END
START -2408 -1208 18052 22442 5136 -5348 END
START -2500 -972 14828 22754 4984 -5799 END
START -3080 -796 12532 22269 4482 -6080 END
START -3496 -792 10060 21435 3691 -5923 END