START 6028 6344 9128 2223 -749 3214 END
START 5624 6384 8632 1841 -1379 3109 END
START 6352 6476 8568 1085 -1900 2893 END
START 8388 5720 5036 35 -2508 2477 END
START 7592 5976 5852 -1164 -3109 1770 END
START 7968 5832 5312 -2342 -2902 507 END
START 7648 5240 4916 -3262 -3170 -834 END
START 7484 4732 4320 -3989 -3929 -1901 END
START 7336 4388 3912 -5051 -4670 -2714 END
START 7008 3540 3944 -6487 -4671 -3210 END
START 6820 2948 4272 -7947 -4151 -3487 END
START 6736 2372 4924 -9437 -2729 -3932 END
START 6436 2032 5688 -10722 -1903 -4618 END
START 5908 1740 7072 -11612 -1807 -5422 END
START 5236 1500 8356 -12263 -2147 -6200 END
START 4680 1088 9940 -12810 -2119 -6647 END
START 4092 364 11560 -13547 -1480 -6800 END
START 3528 -188 13052 -14033 -955 -6837 END
START 2932 -744 14796 -14273 -734 -7249 END
START 1920 -1172 16748 -14284 -858 -7974 END
START 836 -1792 18796 -13814 -1087 -8482 END
START -380 -2124 20628 -13373 -807 -8565 END
START -1424 -2644 21872 -13014 -228 -8333 END
START -2620 -3196 23372 -12515 440 -7841 END
START -3788 -3108 24672 -11894 1242 -7186 END
START -4784 -3328 25992 -11012 1794 -6525 END
START -5112 -3240 27016 -9895 1864 -5857 END
START -5376 -2864 27808 -8626 1684 -5567 END
START -5668 -2976 28804 -7157 1468 -5414 END
START -5984 -2956 29852 -5635 1480 -4986 END
START -6164 -2632 30604 -4220 1839 -4377 END
START -6268 -2552 31180 -2851 2284 -3641 END
START -6044 -2512 31656 -1213 2361 -2928 END
START -5648 -2384 32224 473 2187 -2490 END
START -4892 -2220 32640 2180 1989 -2151 END
START -4032 -2044 32767 4080 1748 -2082 END
START -3176 -2192 32767 6196 2181 -2251 END
START -2712 -2120 32767 8137 2793 -2401 END
START -2600 -1956 31952 9979 3702 -2418 END
START -2856 -1868 30540 11737 4790 -2389 END
START -3108 -1660 28368 13262 5509 -2412 END
START -3508 -1420 26520 14511 5846 -2557 END
START -3788 -1044 24680 15866 5923 -2680 END
START -3760 -1004 22200 16897 5920 -2821 END
START -3820 -692 19592 16959 5677 -3141 END
START -3960 -472 17736 16729 5298 -3550 END
START -4096 -156 15772 16519 4553 -3812 END
START -4004 116 13808 16327 4220 -4112 END
START -3556 548 11752 15861 4291 -4464 END
START -3548 792 9772 15067 4247 -4895 END
START -3344 488 8536 14370 3680 -5402 END
START -3332 532 7264 13630 2889 -5962 END
START -3272 412 6268 13041 2229 -6265 END
START -3404 -16 5448 12025 1736 -6245 END
START -3460 44 5228 10863 1900 -5806 END
START -3952 456 4588 9672 2445 -4889 END
START -4480 716 4368 8287 3154 -3632 END