START 3260 5572 8564 4795 -721 904 END
START 2288 5804 7124 4416 -1246 640 END
START 3604 5436 6528 3548 -1828 41 END
START 4160 4736 7112 2554 -2961 -789 END
START 4620 4932 6204 1251 -2728 -2058 END
START 4576 4820 5764 -186 -2976 -3613 END
START 4264 4172 5296 -1409 -3534 -4356 END
START 3908 3984 4784 -2420 -4262 -4349 END
START 3708 3292 4568 -3714 -4348 -4048 END
START 3828 3080 4300 -5529 -3670 -3849 END
START 3816 2764 4492 -7494 -2405 -4050 END
START 3228 2356 4848 -9520 -1488 -4739 END
START 2620 2116 5528 -11076 -1278 -5408 END
START 2384 1872 6744 -12051 -1761 -5850 END
START 1952 1764 8032 -12538 -2361 -6138 END
START 1836 1472 9184 -12974 -2413 -6526 END
START 1472 1456 10628 -13583 -1982 -7071 END
START 784 1104 12120 -14244 -1262 -7600 END
START -40 624 13728 -14798 -752 -7942 END
START -684 -120 15180 -15035 -517 -8179 END
START -1440 -648 16736 -14967 -378 -8391 END
START -2232 -1360 18192 -14844 -529 -8490 END
START -3252 -1660 19636 -14527 -1137 -8417 END
START -3392 -2040 20844 -14043 -1111 -8336 END
START -3884 -2128 21700 -13458 -648 -8029 END
START -4196 -2472 22732 -13034 -132 -7428 END
START -4416 -2664 23968 -12537 312 -6812 END
START -4264 -2684 25040 -11638 720 -6324 END
START -4364 -2688 25600 -10695 871 -6182 END
START -4536 -2668 26632 -9532 733 -6232 END
START -4780 -2472 27468 -8176 198 -6121 END
START -4836 -2244 28224 -6861 25 -6049 END
START -5212 -1944 29032 -5541 -47 -5912 END
START -5608 -1672 29900 -4204 209 -5707 END
START -5996 -1460 30780 -2925 656 -5286 END
START -6288 -1372 31744 -1471 1223 -4614 END
START -6012 -1680 32548 203 1879 -3945 END
START -5856 -1776 32767 2061 2601 -3409 END
START -5532 -1916 32767 4327 3420 -3021 END
START -5272 -2196 32767 6755 4004 -2795 END
START -4968 -2348 32508 8960 4213 -2794 END
START -4876 -2644 31304 11115 4100 -2908 END
START -4920 -2500 29804 13449 4132 -3067 END
START -4820 -2404 27740 15198 4598 -3144 END
START -4924 -2452 25564 16542 5530 -3190 END
START -4976 -2224 23244 17464 6526 -3256 END
START -5032 -2444 21160 18166 7003 -3402 END
START -5208 -2464 19144 18640 6834 -3679 END
START -5216 -2516 17064 19061 6554 -3884 END
START -5188 -2164 14888 19290 6620 -4025 END
START -5324 -1864 12928 19288 6774 -3949 END
START -5336 -1644 11024 18955 6705 -3684 END
START -5288 -1472 9240 18252 6263 -3423 END
START -5376 -1460 7736 17298 5744 -3133 END
START -5284 -1544 6444 16190 5113 -2658 END
START -5188 -1496 5276 14799 4597 -1951 END