START 4928 8044 6880 1326 -2304 8385 END
START 4908 8348 6748 926 -3771 8169 END
START 5608 8552 5452 66 -4266 7527 END
START 6232 8084 5236 -988 -4699 6404 END
START 6688 8096 4560 -2394 -3707 5009 END
START 7172 8448 3688 -4172 -3268 3920 END
START 7184 8108 3400 -5612 -3204 3247 END
START 6732 8368 3252 -7006 -3824 2661 END
START 7224 8848 3340 -8631 -4368 1839 END
START 7396 8160 3792 -10012 -4429 625 END
START 7344 7652 4516 -11284 -4423 -661 END
START 7536 7120 5424 -12732 -4836 -1998 END
START 7752 6160 7072 -13966 -5264 -3258 END
START 7636 5732 9112 -14812 -5165 -4503 END
START 7596 5096 11140 -15227 -4753 -5503 END
START 7372 3916 13080 -15495 -3991 -6656 END
START 6784 2328 15048 -15717 -2681 -7999 END
START 5956 488 17536 -16060 -1100 -9350 END
START 4012 -1368 20036 -15540 -723 -10086 END
START 2692 -2640 21620 -14063 -1564 -9976 END
START 2244 -3552 22592 -12835 -2102 -9755 END
START 1472 -3840 23732 -12029 -1600 -9724 END
START 708 -3832 24252 -11320 -659 -9322 END
START -200 -3664 24460 -10789 619 -8662 END
START -912 -3396 24880 -10055 1505 -8054 END
START -1836 -2912 24624 -8980 1516 -7490 END
START -2140 -2512 24544 -7911 1296 -7236 END
START -2780 -1752 24284 -6895 682 -6845 END
START -3204 -676 23576 -6124 -53 -6312 END
START -2980 24 23188 -5556 -597 -5903 END
START -2888 804 23076 -5232 -654 -5803 END
START -2816 1208 23232 -4861 -125 -5817 END
START -3572 1092 23512 -4547 657 -5659 END
START -4180 756 23980 -3869 752 -5083 END
START -4584 476 24384 -3018 505 -4596 END
START -4808 384 24836 -2159 365 -4118 END
START -5052 28 25592 -1367 827 -3706 END
START -5200 -520 26312 -626 1427 -3220 END
START -5036 -692 27400 342 2024 -2418 END
START -4424 -640 28712 1482 2816 -1606 END
START -3544 -696 29876 2876 3810 -879 END
START -2316 -508 31064 4447 4984 -431 END
START -1344 -384 31836 6164 6559 -442 END
START -820 -144 32092 8142 8099 -810 END
START -872 -40 31836 10288 9078 -1613 END
START -1140 0 30792 12656 9334 -2619 END
START -1548 192 29508 14670 9288 -3504 END
START -1640 340 28016 16261 9471 -4156 END
START -1824 584 25824 17668 9676 -4474 END
START -2060 1048 23788 18531 10137 -4548 END
START -1852 1500 21220 18617 10815 -4604 END
START -1700 2224 18400 18242 10989 -4628 END
START -1840 2572 15852 17604 10580 -5078 END
START -1832 2044 13416 17249 9551 -5572 END