START 5948 5964 2056 7704 -4068 -1736 END
START 1436 7316 6456 7185 -5832 -1922 END
START 3328 7108 3420 5912 -6062 -2468 END
START 5612 5464 1476 4576 -6597 -2778 END
START 5340 6176 504 2309 -4792 -2927 END
START 5556 5476 -792 -938 -2715 -3036 END
START 5572 4636 -1176 -4337 -1188 -3435 END
START 4748 3984 -1356 -7195 -1236 -4367 END
START 4088 3424 -992 -8898 -2343 -5510 END
START 3548 2452 -536 -9583 -3759 -6560 END
START 2756 1572 -624 -10518 -4663 -7283 END
START 2268 644 -816 -11736 -5356 -7311 END
START 1620 -84 -1128 -13585 -5658 -6763 END
START 1372 -916 -940 -15920 -5605 -6203 END
START 1292 -1912 -432 -18752 -5210 -5894 END
START 1360 -3052 1280 -21798 -5122 -5571 END
START 1476 -3424 4084 -24285 -5362 -4882 END
START 1804 -3340 7384 -25899 -5238 -4373 END
START 2444 -3328 11264 -27023 -4769 -4620 END
START 2348 -3560 16004 -28135 -4360 -5564 END
START 2116 -4132 21040 -28497 -3524 -6962 END
START 936 -4692 26576 -27801 -2224 -8777 END
START -1084 -5532 32284 -25802 -1324 -10254 END
START -3436 -5968 32767 -22285 -1507 -10701 END
START -5152 -6188 32767 -18157 -1249 -10485 END
START -6812 -6424 32767 -14304 -48 -9301 END
START -8020 -6296 32767 -10862 1973 -7573 END
START -9128 -6044 32767 -7137 3425 -5603 END
START -9584 -6180 32767 -3624 3723 -3792 END
START -9556 -5836 32767 7 3428 -2408 END
START -9284 -5552 32767 3741 2668 -1493 END
START -8536 -5124 32767 7871 1746 -711 END
START -7452 -4824 32767 11306 1479 25 END
START -6396 -4348 32767 14061 1411 642 END
START -5096 -4060 32767 16835 1498 1108 END
START -4032 -3712 29684 18843 1855 1401 END
START -2940 -3404 25928 20207 1949 1438 END
START -1940 -3064 22252 21167 1724 1254 END
START -1308 -2632 19028 21663 1381 966 END
START -480 -1988 15728 21735 1036 685 END
START 164 -1160 12868 21106 1193 367 END
START 620 -252 10028 20181 1371 134 END
START 896 344 7504 18756 1569 -160 END
START 1240 996 5032 16932 1393 -644 END
START 1140 1448 3376 14875 657 -1197 END
START 1436 1984 2036 12851 42 -1928 END
START 1312 2308 1268 11074 -396 -2552 END
START 1304 2220 300 9324 -790 -2969 END
START 1236 2116 -596 7564 -1002 -3327 END
START 1100 1728 -1492 5521 -1313 -3473 END
START 1100 1480 -1964 3100 -1718 -3444 END
START 1088 1160 -2312 768 -2230 -3513 END
START 1284 1016 -2352 -1324 -2658 -3487 END
START 1768 512 -2104 -3658 -2936 -3424 END
START 2208 496 -1244 -5845 -3017 -3414 END
START 2804 184 -264 -7981 -2747 -3409 END
START 3728 176 1256 -10246 -2304 -3392 END
START 4048 344 2764 -12484 -1614 -3594 END
START 4204 380 4972 -14484 -1267 -4048 END
START 3736 552 7504 -15827 -1033 -4892 END
START 3068 252 10624 -16748 -815 -6243 END
START 1900 24 13920 -17297 -971 -7258 END
START 1200 80 17420 -17837 -1196 -7713 END
START 888 228 21616 -18232 -860 -7802 END
START 116 196 26072 -17938 320 -7939 END
START -852 80 29932 -17073 1477 -8362 END
START -2368 -252 32767 -15302 2035 -8880 END
START -4384 -932 32767 -12479 1771 -9199 END
START -6060 -1668 32767 -9191 1158 -8982 END
START -7272 -3108 32767 -5352 860 -8299 END
START -8000 -4308 32767 -1447 1189 -7033 END
START -8632 -5188 32767 2344 2341 -5034 END
START -9012 -5912 32767 6017 4435 -2661 END
START -9004 -6256 32767 9740 6731 -399 END
START -8848 -5828 32767 13579 8709 1150 END
START -8392 -5280 32767 17218 10139 2146 END
START -7596 -4720 32767 20748 10492 2729 END
START -6888 -4036 30788 23462 9920 3041 END