START 6360 6344 396 -4403 -9 -1788 END
START 7624 6032 -1508 -5146 -862 -1893 END
START 8248 5996 -752 -6479 -1599 -2106 END
START 8504 5736 72 -8429 -2068 -3068 END
START 8256 5568 440 -10274 -1580 -4653 END
START 8368 4948 764 -11921 -1317 -6288 END
START 8096 4732 1604 -13209 -1174 -7466 END
START 7756 4152 2248 -14571 -1099 -8294 END
START 7652 3556 3496 -15628 -1199 -9181 END
START 7380 3032 4628 -16914 -772 -10449 END
START 6784 2120 5860 -18383 259 -12183 END
START 5436 928 8200 -19785 676 -13902 END
START 3804 16 10656 -20847 432 -15232 END
START 1964 -1144 13620 -21299 -327 -16195 END
START -616 -2572 17364 -21073 -962 -16463 END
START -3052 -3736 20756 -20457 -1487 -15901 END
START -5136 -4268 24236 -19794 -2123 -14359 END
START -6700 -4244 27940 -19548 -1895 -12228 END
START -8028 -4320 31852 -18769 -1209 -10171 END
START -8768 -4004 32767 -16917 -623 -8414 END
START -9204 -3700 32767 -14114 -353 -6793 END
START -9560 -3232 32767 -10595 -82 -5648 END
START -10084 -2776 32767 -6691 159 -4913 END
START -10380 -2548 32767 -2671 80 -4135 END
START -10540 -2284 32767 1152 -5 -3138 END
START -10412 -1896 32767 4660 103 -1915 END
START -9500 -1476 32767 7744 456 -461 END
START -8708 -1148 32767 10304 1154 749 END
START -7528 -864 32532 12608 1794 1773 END
START -6560 -728 29480 14519 2082 2415 END
START -5540 -600 25944 16235 1844 2687 END
START -4248 -160 22300 17506 1373 2719 END
START -3420 232 19468 18098 1167 2531 END
START -2592 756 16280 17979 1155 2363 END
START -1792 1212 13528 17198 1371 2189 END
START -1172 1440 11304 15929 1300 1987 END
START -780 1844 9056 14488 1141 1598 END
START -380 2100 7812 13404 1143 1229 END
START -244 2236 6388 12192 1057 931 END
START 120 2456 4852 11030 681 558 END
START 444 2672 3972 9691 77 37 END
START 448 2828 3136 8413 -517 -627 END
START 548 2856 2424 7155 -1175 -1354 END
START 564 2916 1676 5974 -1749 -1960 END
START 880 2636 868 4456 -2079 -2425 END
START 904 2608 252 2619 -2179 -2736 END
START 976 2340 -364 483 -2115 -2912 END
START 1080 2288 -476 -1769 -1958 -2925 END
START 1596 2068 -376 -4080 -1612 -2918 END
START 1720 1760 -140 -6575 -1200 -3195 END
START 1848 1444 732 -8786 -1091 -3561 END
START 1720 1484 2232 -10581 -1248 -4121 END
START 1356 1644 3916 -11939 -1788 -4721 END
START 1296 1892 6160 -13113 -2607 -5086 END
START 956 2544 8664 -14288 -3304 -5129 END
START 968 3352 11576 -15475 -3541 -5050 END
START 712 3568 15236 -16455 -3135 -5286 END
START 460 3548 18916 -16739 -2412 -6188 END
START -500 3160 22760 -16533 -1793 -7688 END
START -1956 2172 26780 -15713 -1737 -9099 END
START -3496 576 31604 -13729 -2547 -9748 END
START -4608 -1000 32767 -11004 -3151 -9569 END
START -5368 -1860 32767 -7904 -2883 -8714 END
START -5964 -2560 32767 -4830 -1783 -7405 END
START -6628 -2992 32767 -1530 -191 -5883 END
START -7092 -3088 32767 2054 1237 -4379 END
START -7168 -3056 32767 5581 2152 -3062 END
START -6744 -2728 32767 8914 2556 -2006 END
START -6336 -2480 32767 11983 2829 -1223 END
START -5688 -2152 32767 14842 3203 -586 END
START -5004 -1884 32652 17321 3368 -81 END
START -4372 -1564 29616 19235 3262 57 END
START -3756 -1104 26424 20619 3199 -48 END
START -3368 -656 23600 21659 3218 -270 END
START -2760 -336 20504 22320 3335 -473 END
START -2492 -76 18116 22561 3617 -657 END
START -2316 308 15492 22484 4043 -684 END
START -2256 620 13236 22089 4475 -709 END
START -2032 808 11364 21378 4986 -712 END
START -1744 908 9496 20132 5038 -652 END
START -1560 1244 8172 18877 4940 -814 END