START 4432 1592 -1248 7376 683 558 END
START 4180 1708 -2684 6615 -1077 437 END
START 4492 1768 -2456 5382 -1880 167 END
START 4444 484 -2576 3808 -4378 -166 END
START 5356 340 -4164 1461 -4133 -1204 END
START 5520 -608 -5460 -1756 -3683 -2637 END
START 5292 -1416 -6100 -5202 -3008 -4391 END
START 4716 -2572 -6140 -8505 -2558 -5574 END
START 3912 -3388 -5556 -11510 -3004 -5875 END
START 3696 -3752 -4940 -14439 -3525 -5820 END
START 3812 -4196 -3896 -17466 -3838 -5959 END
START 4020 -4652 -2316 -20521 -4067 -6537 END
START 4316 -5100 -396 -23107 -3890 -7512 END
START 4500 -5684 2080 -25215 -3795 -9090 END
START 4468 -5812 4544 -27200 -3683 -10868 END
START 4260 -6340 7684 -29449 -3379 -12710 END
START 3256 -6400 12700 -31504 -3811 -14007 END
START 2068 -5244 18516 -32744 -4681 -14440 END
START 928 -3824 26516 -32768 -4392 -14816 END
START -524 -3348 32767 -32020 -3062 -15644 END
START -3044 -4128 32767 -28567 -1763 -16807 END
START -5944 -5696 32767 -23442 -915 -17445 END
START -8712 -7008 32767 -16830 -1333 -16494 END
START -10692 -8104 32767 -9357 -1577 -13424 END
START -10772 -8576 32767 -2318 -155 -9275 END
START -10416 -8324 32767 3031 2163 -5373 END
START -9560 -7140 32767 7836 4165 -1907 END
START -8316 -5556 32767 12742 5140 570 END
START -6596 -4024 32767 17335 5182 1681 END
START -5068 -2912 32767 21005 4154 1553 END
START -3932 -2296 28692 23538 2468 869 END
START -3108 -2048 23608 24725 1355 20 END
START -2640 -1836 18960 24980 1177 -522 END
START -2260 -1964 14936 24421 1586 -792 END
START -1876 -2272 10960 23309 2100 -952 END
START -1788 -2892 7320 21700 2302 -1263 END
START -1504 -3396 4272 19920 1781 -1633 END
START -1196 -3560 1156 17600 964 -2405 END
START -976 -3748 -1272 15185 -170 -3263 END
START -880 -3708 -3244 12397 -1289 -3911 END
START -516 -3280 -4728 9342 -1653 -4441 END
START -188 -3056 -5856 6162 -1762 -4669 END
START 60 -2680 -6784 2754 -1949 -4582 END
START 632 -2664 -6880 -749 -1747 -4272 END
START 1100 -2356 -6396 -4418 -1258 -4228 END
START 1576 -2664 -5612 -8097 -834 -4674 END
START 2220 -3020 -3996 -11250 -1123 -5566 END
START 2196 -3744 -1932 -13990 -1966 -6572 END
START 2308 -4032 784 -16216 -2790 -7510 END
START 2660 -4208 3720 -18501 -3097 -8165 END
START 2804 -4276 7480 -21104 -2434 -8829 END
START 2352 -4088 12192 -23218 -753 -9683 END
START 668 -3472 18108 -24450 224 -10504 END
START -964 -2688 24112 -24151 -623 -10654 END
START -2332 -2132 32068 -22251 -1700 -10703 END
START -3780 -2284 32767 -18182 -2357 -10983 END
START -5264 -3432 32767 -12593 -3019 -11290 END
START -6668 -4604 32767 -6646 -3308 -10999 END
START -7728 -5688 32767 -1091 -2210 -9712 END
START -8672 -6176 32767 4216 152 -7308 END
START -8980 -6348 32767 9044 2455 -4503 END
START -8704 -5672 32767 13593 4244 -1808 END
START -8048 -4972 32767 17949 5457 243 END
START -7144 -4492 32767 21833 5998 1587 END
START -5908 -4108 32767 25059 6183 2309 END
START -5076 -3888 30308 27402 6224 2429 END
START -4376 -4148 25920 28857 6115 2211 END
START -4240 -4156 21700 29728 6077 1852 END
START -4500 -4012 17996 30234 6217 1657 END
START -4360 -4040 14628 30345 6512 1627 END
START -4324 -4060 11124 29602 6914 1568 END
START -4048 -3980 7960 28073 7295 1571 END