START 5568 5204 8500 2659 -2706 1306 END
START 5900 5356 6552 2239 -3723 1009 END
START 5840 5716 7252 1572 -4356 359 END
START 6968 4944 6044 903 -5063 -400 END
START 6972 5240 5376 -347 -4430 -1508 END
START 7060 5124 4684 -2466 -3718 -2449 END
START 7152 4748 4428 -4748 -2911 -3305 END
START 7508 4156 4828 -6756 -1946 -3990 END
START 7036 3436 5076 -8733 -1176 -4869 END
START 6892 2920 5708 -10215 -701 -5793 END
START 6244 2256 6272 -11255 -634 -6752 END
START 5932 1844 7228 -12210 -805 -7463 END
START 5412 1228 8040 -13153 -741 -8094 END
START 5084 424 9172 -14404 -36 -8847 END
START 4300 -452 10728 -15602 935 -9639 END
START 3060 -1412 12892 -16352 1646 -10374 END
START 1808 -2420 15144 -16214 1467 -10914 END
START 196 -2716 17360 -15726 970 -11295 END
START -1196 -2988 19400 -15192 504 -11076 END
START -2208 -2852 21868 -14577 190 -10509 END
START -3368 -2868 24372 -14242 358 -9879 END
START -4036 -2544 27120 -13970 1173 -8948 END
START -4792 -2300 29360 -13330 2484 -8183 END
START -5936 -1996 31620 -12228 3672 -7695 END
START -6996 -2360 32767 -10466 3797 -7228 END
START -7860 -2408 32767 -8151 3007 -6612 END
START -8008 -2616 32767 -5265 2097 -5653 END
START -7792 -2572 32767 -2086 1716 -4499 END
START -7324 -2608 32767 1073 1856 -3630 END
START -7000 -2552 32767 4217 1910 -2769 END
START -6560 -2616 32767 7075 2066 -2352 END
START -6236 -2568 32767 9836 2094 -2139 END
START -5836 -2724 31732 12325 1976 -2031 END
START -5492 -2420 29184 14538 2028 -1805 END
START -5020 -2224 26420 16234 2398 -1449 END
START -4504 -1792 23344 17354 2732 -1129 END
START -4076 -1260 20304 17716 2861 -796 END
START -3584 -984 17188 17521 2672 -406 END
START -3216 -492 14796 16858 2276 -189 END
START -2476 112 12692 15938 2011 -250 END
START -2156 720 10712 14981 1736 -636 END
START -1756 936 9200 14258 976 -1053 END
START -1400 1188 7864 13609 -19 -1443 END
START -1148 1448 6492 12820 -917 -1786 END
START -804 1760 5288 11608 -1348 -1964 END
START -500 2180 4148 10148 -1439 -2094 END
START -84 2204 3100 8318 -1319 -2190 END
START -124 2300 2224 6485 -1480 -2328 END
START -80 2440 1336 4804 -1816 -2612 END
START 132 2292 620 3149 -2466 -3107 END
START 352 2208 64 1600 -3265 -3613 END
START 592 1828 -268 -189 -4035 -4004 END
START 1148 1640 -140 -2375 -4460 -4264 END
START 1720 1376 352 -4678 -4075 -4351 END
START 2132 1108 1024 -7081 -2914 -4191 END
START 2512 772 1984 -9429 -1414 -3994 END
START 2600 760 3228 -11499 -419 -3983 END
START 2704 656 4880 -13056 87 -4449 END
START 2244 748 6576 -14143 157 -5130 END
START 1692 776 8676 -14837 -275 -5915 END
START 1120 1108 10984 -15520 -744 -6670 END
START 472 1760 13740 -16132 -888 -7326 END
START -240 2080 16976 -16775 -960 -7756 END
START -612 2268 20528 -16961 -852 -8029 END
START -1052 1940 24568 -16739 -154 -8252 END
START -1952 932 28668 -15686 998 -8689 END
START -3264 -552 31904 -14079 1812 -9420 END
START -4760 -2384 32767 -11755 1812 -10048 END
START -6516 -4192 32767 -8364 870 -9953 END
START -7548 -5252 32767 -4709 238 -9083 END
START -8156 -5808 32767 -1311 566 -7622 END
START -8484 -5768 32767 1638 1709 -5700 END
START -8504 -5696 32767 4330 3122 -3715 END
START -8164 -5488 32767 6937 4119 -1991 END
START -7848 -4720 32767 9733 4538 -828 END
START -7168 -4136 32767 12571 4535 -235 END
START -6624 -3500 31996 15293 4183 -76 END
START -6060 -2996 28712 17549 3584 -56 END
START -5388 -2340 25932 19123 3040 -115 END
START -5036 -2008 22756 20134 2990 -202 END
START -4432 -1560 19784 20743 3246 -286 END
START -4068 -1052 17228 20774 3683 -537 END
START -3756 -844 14728 20347 3984 -991 END
START -3652 -540 13084 20126 4143 -1453 END
START -3432 -776 11104 19883 4103 -1739 END