START 2572 4676 5948 2886 -3238 -431 END
START 2332 4964 6056 2118 -3905 -461 END
START 1964 5548 6572 614 -4034 -657 END
START 3796 4060 5376 -1177 -4151 -902 END
START 3884 3852 5320 -2821 -2952 -1796 END
START 4352 3840 4380 -4299 -2771 -3085 END
START 4300 3052 4032 -5137 -2843 -4185 END
START 4116 2648 3344 -5859 -3255 -4833 END
START 4068 1616 2816 -6475 -4168 -5392 END
START 4208 1216 2148 -7418 -4805 -5856 END
START 4584 688 1656 -8851 -4359 -6313 END
START 4528 -136 1576 -10959 -3007 -6858 END
START 4200 -768 2060 -13311 -1956 -7087 END
START 3884 -1100 2880 -15323 -1539 -6832 END
START 3184 -844 4424 -16936 -1430 -6173 END
START 3244 -556 5844 -18408 -1160 -5499 END
START 2780 -184 8072 -19961 -827 -5451 END
START 2224 -404 10928 -21349 -710 -5712 END
START 1476 -468 14252 -22184 -874 -6461 END
START 1052 -1320 17736 -22428 -454 -7753 END
START -448 -2496 22056 -22095 -515 -9340 END
START -2004 -4056 26312 -20957 -1723 -10344 END
START -3504 -5468 30796 -18989 -2941 -10417 END
START -4544 -6336 32767 -16757 -2301 -9691 END
START -6056 -7168 32767 -14300 -301 -8134 END
START -7048 -7248 32767 -11770 1948 -5895 END
START -7676 -7044 32767 -9097 3782 -3614 END
START -7848 -6744 32767 -5993 4638 -1925 END
START -7604 -5992 32767 -2365 4377 -1005 END
START -7156 -5456 32767 1621 3420 -684 END
START -6600 -4728 32767 5341 2375 -807 END
START -5984 -4064 32767 8673 1507 -993 END
START -5356 -3400 32767 11659 988 -1055 END
START -4612 -3048 32767 14120 877 -986 END
START -4036 -2752 31324 16447 1161 -843 END
START -3512 -2508 28080 18217 1690 -560 END
START -2864 -2252 24884 19425 2125 -267 END
START -2356 -1932 21704 20099 2531 -71 END
START -1812 -1564 19252 20311 2697 10 END
START -1456 -1100 16504 20155 2555 -14 END
START -944 -780 14080 19536 2311 -248 END
START -720 -192 11596 18735 1797 -719 END
START -556 268 9700 17666 735 -1209 END
START -128 512 7816 16338 -198 -1706 END
START -88 1028 6516 14784 -964 -2331 END
START 36 1720 5400 13466 -1230 -2940 END
START -120 2036 4496 12232 -1121 -3294 END
START -184 2164 3276 11054 -1122 -3351 END
START 36 2044 1776 9450 -1171 -3277 END
START -120 2324 596 7406 -1424 -3261 END
START 4 2076 -120 5321 -1861 -3129 END
START -8 2204 -628 3494 -2443 -3055 END
START 196 2268 -1056 1745 -3069 -2961 END
START 784 2240 -1492 -349 -3458 -3216 END
START 1448 2364 -1688 -2664 -3748 -3590 END
START 1852 2144 -1184 -5003 -3985 -3962 END
START 2516 1940 -824 -7527 -3827 -4171 END
START 2920 1780 128 -10102 -3579 -4248 END
START 3120 1824 1408 -12317 -3086 -4492 END
START 3180 1504 2984 -13987 -2253 -5017 END
START 2980 1252 5096 -15081 -1895 -5687 END
START 2516 652 7028 -15964 -2318 -6430 END
START 1668 476 9740 -16881 -2997 -7012 END
START 1136 604 13016 -17672 -3401 -7257 END
START 460 712 16936 -18000 -3500 -7161 END
START 132 1264 21236 -17907 -3134 -6792 END
START -72 1548 24624 -17662 -1923 -6779 END
START -560 1344 28236 -17118 -488 -7494 END
START -1624 488 31984 -16104 507 -8732 END
START -3032 -808 32767 -14263 880 -10009 END
START -4472 -2776 32767 -11090 536 -10768 END
START -5952 -4664 32767 -6983 73 -10951 END
START -7436 -5996 32767 -2687 -343 -10149 END
START -8144 -6796 32767 1525 244 -8239 END
START -8368 -6928 32767 4510 2060 -5741 END
START -8236 -6844 32767 7007 4505 -3066 END
START -7900 -6320 32767 9679 6430 -906 END
START -7232 -5744 32767 13025 7187 467 END
START -6284 -5168 32767 16475 7109 837 END
START -5552 -4688 32767 19603 6648 584 END
START -5016 -3968 31468 22175 6072 82 END
START -4712 -3756 28132 24256 5574 -329 END
START -4336 -3240 24424 25948 5444 -537 END
START -4192 -3040 20524 26778 5854 -505 END
START -4108 -2884 17180 26954 6142 -11 END
START -4040 -2740 14064 26454 6150 782 END
START -3648 -2360 10832 25481 6186 1614 END
START -3444 -2128 8128 24159 5949 2388 END