START 3584 6564 3844 6939 -1268 -1202 END
START 2016 7316 5260 6153 -2281 -1110 END
START 3152 7152 3212 4540 -1831 -1210 END
START 4960 5848 1020 2455 -2276 -1140 END
START 4832 5496 916 81 -1554 -1822 END
START 5036 5648 -20 -1962 -1712 -2720 END
START 4784 4936 -392 -3636 -1992 -3813 END
START 4692 4688 -492 -4977 -2352 -4933 END
START 3964 4144 -924 -6204 -2994 -5864 END
START 3748 3516 -1260 -7569 -3603 -6521 END
START 3460 2924 -1768 -9672 -3532 -7088 END
START 2728 2008 -1960 -11939 -3332 -7530 END
START 2312 1436 -1792 -14320 -3322 -7912 END
START 1976 1060 -1048 -16812 -3655 -7987 END
START 2196 928 252 -19368 -4146 -7824 END
START 2492 676 2288 -21687 -4091 -7789 END
START 2776 472 4612 -23486 -3628 -7815 END
START 2572 216 7232 -24759 -3035 -8384 END
START 2136 -436 10120 -25489 -3079 -9457 END
START 1476 -1848 13360 -25631 -4234 -10806 END
START 376 -3412 17948 -25234 -6073 -12095 END
START -760 -4948 22276 -24257 -8028 -12625 END
START -1528 -6432 27216 -23323 -8533 -12254 END
START -2668 -6964 32196 -22496 -7063 -10700 END
START -3712 -7308 32767 -21747 -3658 -8730 END
START -4712 -7240 32767 -20571 512 -6850 END
START -6000 -7352 32767 -18046 3712 -5349 END
START -7460 -7356 32767 -14165 5321 -4676 END
START -8864 -7148 32767 -8895 4752 -4414 END
START -9500 -6928 32767 -3315 2482 -3877 END
START -9280 -6544 32767 1682 190 -3196 END
START -8640 -6016 32767 5412 -423 -2452 END
START -8068 -5500 32767 8426 514 -1434 END
START -7452 -5260 32767 10782 2256 -246 END
START -6932 -5088 32767 13411 3630 987 END
START -6216 -4752 32767 16247 3967 1781 END
START -5400 -4448 29184 18858 3653 1975 END
START -4404 -4312 25460 20930 2842 1876 END
START -3644 -3584 22004 22122 2012 1592 END
START -2688 -2832 18544 22167 1466 1476 END
START -1988 -2252 14988 21130 1199 1279 END
START -1412 -1300 12048 19216 1510 1191 END
START -1108 -616 9688 17165 2119 1208 END
START -992 128 8076 15519 3032 1467 END
START -816 536 6560 14337 3725 1867 END
START -500 948 4908 13512 3683 1969 END
START 24 1208 3852 12242 2995 1726 END
START 76 1356 2464 11050 1720 1152 END
START 692 1816 1396 9667 246 414 END
START 888 2048 992 8298 -728 -504 END
START 1048 2336 544 6964 -1418 -1325 END
START 1508 2276 20 5518 -1683 -1974 END
START 1764 2296 -364 3800 -1446 -2547 END
START 1852 2204 -980 1791 -1308 -3091 END
START 2176 2224 -1320 -220 -1917 -3294 END
START 2556 2168 -948 -2102 -2483 -3410 END
START 3224 2244 -600 -4075 -2505 -3831 END
START 3844 1840 -188 -6439 -1497 -4475 END
START 3980 1360 540 -8971 -48 -5392 END
START 3960 972 1768 -11115 1106 -6330 END
START 3216 448 3128 -12928 1589 -7216 END
START 2396 72 4576 -14458 1369 -7800 END
START 1384 -132 6504 -15628 234 -8081 END
START 656 -116 8716 -16432 -1247 -8092 END
START 44 36 11560 -17402 -2631 -8007 END
START -452 24 14956 -18435 -3180 -8077 END
START -896 68 18648 -19338 -2940 -8317 END
START -1920 -20 22636 -19970 -1572 -8626 END
START -3112 -752 26792 -20204 373 -8865 END
START -4932 -1748 31104 -19550 1613 -8736 END
START -6604 -3104 32767 -17341 1346 -8221 END
START -8156 -4580 32767 -13504 263 -7202 END
START -8404 -5208 32767 -8906 -304 -5953 END
START -8308 -6004 32767 -4503 541 -4846 END
START -8908 -6520 32767 -1172 2516 -3896 END
START -9392 -6868 32767 2070 4458 -2736 END
START -9604 -7012 32767 5774 5468 -1564 END
START -9624 -7004 32767 9892 5723 -646 END
START -8780 -6484 32767 14002 5459 -122 END
START -8016 -5908 32767 17540 5058 250 END
START -7396 -5404 32440 20267 4615 490 END
START -6340 -4396 28664 22064 4595 821 END
START -5400 -3932 24964 22884 4936 1076 END
START -4812 -3484 21780 23128 5212 1305 END