START 2816 5144 9420 6006 -448 2374 END
START 2836 5172 8076 5521 -1308 2052 END
START 2356 5952 8424 4851 -2042 1402 END
START 3564 5004 6988 4068 -3184 840 END
START 3452 5064 6400 2986 -3790 395 END
START 3852 5220 5276 1459 -4640 -100 END
START 4460 5000 4924 -91 -5234 -751 END
START 5216 4732 4424 -1535 -5390 -1582 END
START 5696 4564 3956 -3087 -4884 -2742 END
START 5144 3916 4168 -4810 -4554 -4022 END
START 5036 3008 4020 -6497 -3879 -4866 END
START 3976 2256 4172 -8258 -2976 -5455 END
START 3708 1500 4604 -9850 -2403 -5587 END
START 3164 796 5280 -11405 -1759 -5537 END
START 2584 -40 6460 -12945 -866 -5484 END
START 2188 -628 8272 -14140 35 -5550 END
START 1876 -1240 9848 -14875 534 -5728 END
START 1448 -1616 11452 -15487 781 -6213 END
START 428 -2080 13656 -16050 975 -6806 END
START -752 -2132 16004 -16158 686 -7191 END
START -1580 -1976 18500 -15847 186 -7298 END
START -2096 -2084 21132 -15540 -46 -7237 END
START -2328 -2152 23972 -15199 395 -6967 END
START -2876 -2100 26728 -14658 1512 -6649 END
START -3472 -2596 29344 -13832 2726 -6403 END
START -4164 -3072 32388 -12156 3327 -6471 END
START -4944 -3796 32767 -9704 2974 -6802 END
START -5656 -4304 32767 -6724 2145 -7138 END
START -6416 -4988 32767 -3675 1650 -7168 END
START -7032 -5268 32767 -830 1577 -6567 END
START -7396 -5548 32767 1866 1866 -5417 END
START -7640 -5656 32767 4532 2483 -4033 END
START -7492 -5716 32767 7323 2958 -2680 END
START -7436 -5432 32767 9919 3287 -1806 END
START -7092 -5064 30908 12417 3257 -1200 END
START -6704 -4448 28064 14587 3080 -825 END
START -6312 -3972 25296 16180 2749 -575 END
START -5844 -3416 22568 17205 2412 -421 END
START -5312 -2768 20072 17673 2512 -238 END
START -4928 -2136 17380 17592 2616 106 END
START -4540 -1424 15044 17322 2457 788 END
START -4060 -828 12848 16565 2367 1472 END
START -3504 28 10724 15477 2467 1989 END
START -2976 724 8948 14180 2328 2166 END
START -2300 1408 7296 12960 1894 1903 END
START -1816 2056 6004 11636 1172 1087 END
START -1156 2380 5024 10531 364 117 END
START -872 2692 4264 9633 -253 -911 END
START -668 2780 3148 8562 -996 -1782 END
START -528 2812 2268 7376 -1784 -2520 END
START -748 2812 1364 5850 -2310 -3106 END
START -560 2456 640 4173 -2855 -3389 END
START -572 2276 0 2297 -3347 -3347 END
START -228 2020 -228 301 -3802 -3210 END
START 320 1892 88 -1907 -3974 -3034 END
START 976 1652 512 -4100 -3501 -2962 END
START 1540 1500 1152 -6252 -2606 -3063 END
START 2080 912 2048 -8356 -1948 -3137 END
START 2572 724 3024 -10096 -1734 -3365 END
START 2796 464 4296 -11548 -1695 -3822 END
START 2692 256 5852 -12639 -1617 -4506 END
START 2684 352 7872 -13541 -1646 -5236 END
START 2668 272 9588 -14385 -1952 -5929 END
START 2436 264 11992 -15321 -2039 -6762 END
START 1960 436 14816 -15951 -1602 -7726 END
START 1148 188 17948 -16315 -802 -8412 END
START 376 -72 20576 -16441 -126 -8816 END
START -680 -1212 23444 -16235 187 -9367 END
START -1880 -2132 26404 -15583 493 -10232 END
START -3656 -3764 29932 -14265 277 -10979 END
START -5092 -4844 32767 -11911 -650 -10664 END
START -6272 -5672 32767 -9388 -1015 -9594 END
START -6768 -5924 32767 -7066 -65 -7710 END
START -7136 -6216 32767 -5019 1464 -5598 END
START -7112 -6356 32767 -2682 2921 -3684 END
START -7064 -6316 32767 251 3601 -2454 END
START -6872 -6244 32767 3375 3484 -2000 END
START -6992 -5836 32767 6820 2638 -1839 END
START -6628 -5212 32767 10203 1630 -1684 END
START -6536 -4772 32767 13059 1313 -1417 END
START -6100 -4084 32668 15143 1820 -867 END
START -5528 -3768 30304 16708 2496 -116 END
START -5048 -3436 28148 17951 3076 420 END
START -4612 -3124 25612 18890 3199 539 END
START -4100 -2912 23392 19713 2930 264 END
START -3700 -2560 20980 20504 2406 -260 END
START -3420 -2576 18700 21136 1747 -1011 END
START -2864 -2200 16012 21380 1271 -1775 END
START -2664 -2236 13728 21121 1374 -2406 END
START -2572 -2176 11436 20682 1710 -2616 END
START -2188 -1868 9144 19780 2310 -2687 END
START -2008 -1968 6848 18287 2675 -2861 END
START -2116 -1616 5192 16475 2398 -3052 END
START -1972 -1808 4240 14771 2018 -2958 END