START 6668 6580 3164 -1740 3218 -1021 END
START 5416 6720 3712 -2729 2222 -887 END
START 6420 7284 2200 -4434 2268 -948 END
START 6848 6132 2632 -6343 1075 -933 END
START 7228 6144 1992 -8012 591 -1899 END
START 7816 5604 1908 -9582 -559 -3657 END
START 7752 4920 1748 -10870 -954 -5937 END
START 6948 4260 1984 -12131 -1167 -8392 END
START 5764 3092 1712 -12991 -2109 -10482 END
START 4108 2152 1420 -14385 -3120 -11747 END
START 2420 1016 1344 -16660 -3693 -12226 END
START 808 24 1928 -19453 -3746 -11737 END
START 72 -628 3520 -22394 -3299 -10500 END
START -352 -812 5712 -25252 -2728 -8828 END
START -468 -808 9096 -27628 -2065 -7469 END
START -460 -888 13156 -28968 -1032 -6955 END
START -472 -1436 17436 -29202 -161 -7378 END
START -1184 -2528 21736 -28034 -317 -8617 END
START -2680 -3712 27312 -25342 -1941 -9960 END
START -3552 -4392 31540 -22021 -3581 -11043 END
START -4464 -5268 32767 -18564 -4249 -11467 END
START -5512 -5824 32767 -15197 -3579 -11071 END
START -6772 -6036 32767 -11988 -1528 -9925 END
START -8056 -6396 32767 -8476 1295 -8425 END
START -9376 -6888 32767 -4958 3077 -6695 END
START -10396 -6976 32767 -1343 4029 -4735 END
START -10944 -6788 32767 2630 3818 -2894 END
START -10880 -5888 32767 6779 3090 -1316 END
START -10328 -5168 32767 10534 2184 65 END
START -9412 -4276 32767 13777 1383 1152 END
START -7980 -3380 32420 16275 685 1994 END
START -6904 -2860 29064 18170 265 2530 END
START -5712 -2096 25504 19541 -45 2950 END
START -4628 -1524 22376 20559 -485 3272 END
START -3300 -852 19180 21110 -819 3378 END
START -2204 -208 16364 20947 -861 3222 END
START -1156 368 13792 20248 -789 2956 END
START -436 832 11148 19131 -822 2552 END
START 84 1304 9324 17748 -1081 1940 END
START 384 1700 7520 16310 -1744 1423 END
START 552 2028 6460 14824 -2413 899 END
START 852 2364 5480 13491 -2507 412 END
START 1084 2648 4340 12179 -2069 -83 END
START 1232 2748 3344 10586 -1609 -594 END
START 1240 2892 2296 8823 -1354 -1072 END
START 1416 2904 1544 7047 -1155 -1416 END
START 1300 2920 752 4996 -1164 -1678 END
START 1580 2856 376 2948 -1310 -1880 END
START 1720 2836 536 1125 -1473 -2131 END
START 1984 2968 596 -617 -1521 -2514 END
START 2224 2904 612 -2420 -1357 -2957 END
START 2324 2872 996 -4369 -1064 -3354 END
START 2452 2964 1696 -6221 -952 -3530 END
START 2516 3196 2488 -7864 -794 -3609 END
START 2472 3376 3560 -9444 -705 -3811 END
START 2488 3360 4632 -11007 -868 -4086 END
START 2560 3396 6328 -12441 -748 -4616 END
START 2416 3184 8324 -13568 -496 -5466 END
START 2120 3176 10144 -14368 -316 -6562 END
START 1892 2792 12496 -15027 -704 -7518 END
START 1444 2488 14968 -15626 -1150 -8329 END
START 1056 2116 17920 -15986 -1280 -8943 END
START 164 1780 21580 -15788 -1037 -9479 END
START -928 1372 24540 -15369 -680 -9921 END
START -2108 252 28212 -14822 -67 -10405 END
START -3708 -960 31900 -13791 7 -10515 END
START -4924 -1892 32767 -11605 -461 -9792 END
START -5780 -2624 32767 -8304 -294 -8534 END
START -5988 -3348 32767 -4931 934 -7083 END
START -6280 -3924 32767 -1995 2734 -5460 END
START -6388 -4240 32767 1063 4563 -3971 END
START -6644 -4228 32767 4953 5784 -3010 END
START -6740 -4444 32767 9262 6214 -2366 END
START -6884 -3788 32767 13426 6253 -2044 END
START -7004 -3220 32767 17269 6144 -1767 END
START -6848 -2748 32767 20496 6175 -1323 END
START -6468 -2444 30544 22960 6415 -744 END
START -6128 -2084 26920 24701 6863 -141 END
START -5972 -1988 23200 25794 7064 440 END