START 5004 6084 1928 1416 221 -375 END
START 5412 6004 964 697 -470 -489 END
START 5440 5760 1404 -219 -569 -834 END
START 5976 5092 944 -1883 -1432 -1481 END
START 5704 4976 704 -3698 -1900 -2460 END
START 5520 4516 528 -5254 -2749 -3376 END
START 5544 4328 580 -6759 -3225 -4142 END
START 5408 3784 388 -8368 -2834 -4869 END
START 5092 3200 396 -10285 -2332 -5675 END
START 5116 2368 528 -12520 -1644 -6599 END
START 4648 1520 1424 -14795 -1409 -7632 END
START 4368 612 3008 -16378 -1584 -8373 END
START 3808 -132 4828 -17493 -1822 -9036 END
START 3372 -1040 6760 -18578 -2014 -9601 END
START 2808 -1868 9160 -19532 -2185 -10152 END
START 1808 -2928 12704 -20340 -1770 -10461 END
START 740 -3888 16060 -20682 -834 -10282 END
START -540 -4760 19260 -20696 -130 -9747 END
START -1560 -4384 22672 -20490 252 -8958 END
START -2320 -3936 25824 -20050 534 -8273 END
START -2520 -3096 29140 -19333 941 -7501 END
START -2840 -2336 31792 -18278 1628 -7127 END
START -3540 -2084 32767 -16778 2643 -7554 END
START -5352 -2228 32767 -14521 2791 -8382 END
START -7176 -2680 32767 -11583 1726 -8646 END
START -8400 -2732 32767 -8281 379 -8127 END
START -9204 -2648 32767 -5129 -19 -7120 END
START -9500 -3056 32767 -1979 283 -5806 END
START -9596 -3540 32767 1226 1173 -4348 END
START -9332 -3900 32767 4716 2180 -3001 END
START -8964 -4000 32767 8323 2722 -1806 END
START -8300 -4004 32767 11680 2784 -840 END
START -7376 -3756 32716 14317 2590 -178 END
START -6352 -3268 29296 16547 2365 227 END
START -5264 -2816 25664 18165 2223 483 END
START -4416 -2428 22260 18952 2101 484 END
START -3636 -1916 18940 19063 2002 454 END
START -3008 -1584 16448 18687 2364 426 END
START -2460 -1216 13768 18110 2807 431 END
START -2104 -976 11548 17606 2603 529 END
START -1516 -808 9452 16804 2112 401 END
START -1132 -548 7804 15756 1526 82 END
START -892 -136 6316 14629 817 -146 END
START -628 132 5148 13535 149 -285 END
START -312 692 3992 12146 -225 -471 END
START 96 1092 2964 10570 -468 -699 END
START 304 1408 2268 9080 -776 -1101 END
START 548 1456 1380 7595 -1303 -1583 END
START 364 1720 620 6110 -2243 -2118 END
START 540 1764 -48 4708 -3278 -2611 END
START 732 1904 -276 3192 -4079 -3027 END
START 1124 2092 -504 1228 -4342 -3159 END
START 1468 2256 -432 -1267 -3695 -2901 END
START 1980 2144 0 -4125 -2478 -2406 END
START 2624 2052 540 -6742 -1300 -2200 END
START 3028 1540 1660 -9003 -761 -2390 END
START 3336 1232 3100 -10548 -703 -3033 END
START 3432 1048 4640 -11844 -657 -4222 END
START 2980 1140 6216 -13021 -712 -5804 END
START 1744 1068 8316 -13845 -1178 -7270 END
START 416 1224 10616 -14451 -1920 -8073 END
START -488 1260 13072 -15295 -2469 -8152 END
START -1208 1592 16676 -16262 -2431 -7847 END
START -1716 1752 20596 -17067 -1522 -7482 END
START -2328 1560 24868 -17415 -76 -7336 END
START -3264 896 29120 -16899 1058 -7602 END
START -4656 -372 32767 -15122 1082 -8341 END
START -6096 -1696 32767 -11828 -39 -8858 END
START -7152 -2624 32767 -7813 -1407 -8697 END
START -7940 -3468 32767 -3471 -2070 -7780 END
START -8136 -4076 32767 354 -1446 -6195 END
START -8096 -4312 32767 3383 285 -4238 END
START -7692 -4364 32767 6340 2197 -2345 END
START -7364 -4340 32767 9620 3491 -762 END
START -6612 -4040 32767 12925 4100 218 END
START -5864 -3548 32767 15971 4106 530 END
START -5292 -2976 32767 18719 4069 246 END
START -5008 -2492 31324 21264 3814 -189 END
START -4540 -2104 27732 23335 3553 -507 END
START -4204 -1680 24056 24375 4052 -754 END
START -3928 -1716 20752 24529 5121 -733 END
START -3956 -1620 17736 24217 5771 -441 END
START -3780 -1744 15036 23533 5885 -131 END
START -3532 -1796 12612 22771 5876 -41 END