START 5444 6288 3116 9678 -1938 -1398 END
START 5388 6668 2324 8795 -3008 -1403 END
START 5400 7040 1596 6830 -3008 -1446 END
START 6100 5880 672 4416 -3184 -729 END
START 6196 6048 -52 1962 -2194 -353 END
START 6452 6192 -860 -619 -1304 -392 END
START 6588 5468 -1164 -2698 -422 -982 END
START 6776 5104 -1708 -4469 -121 -2138 END
START 6224 4648 -1836 -5881 -963 -3743 END
START 6232 4348 -1980 -7054 -1958 -5358 END
START 6088 3672 -2424 -8365 -2847 -6815 END
START 5720 3044 -2676 -10022 -3076 -8015 END
START 5108 2140 -2872 -12260 -2674 -8841 END
START 4352 1268 -2668 -14715 -2323 -9151 END
START 4172 408 -1824 -17080 -2526 -8962 END
START 4496 -8 -504 -19170 -2772 -8816 END
START 4476 -28 1320 -21026 -2972 -8850 END
START 4792 -44 3184 -23028 -2938 -9176 END
START 4396 -532 5768 -25159 -2992 -10337 END
START 3684 -1244 9772 -26785 -3584 -12009 END
START 2588 -2768 14780 -27428 -4619 -13812 END
START 788 -4428 19592 -27271 -5570 -15348 END
START -1232 -6216 25052 -26284 -6403 -15623 END
START -2864 -7896 30268 -24872 -6258 -14355 END
START -4852 -8776 32767 -23353 -4726 -12012 END
START -6368 -9040 32767 -21525 -1825 -9312 END
START -7808 -9072 32767 -19131 1079 -6886 END
START -8628 -8220 32767 -16364 3261 -4809 END
START -9700 -7960 32767 -12843 4950 -3660 END
START -10368 -7180 32767 -7798 4533 -2737 END
START -10500 -6524 32767 -2152 2702 -2147 END
START -9968 -5812 32767 3023 743 -1904 END
START -9356 -5252 32767 7183 -116 -1562 END
START -8384 -4844 32767 10655 102 -780 END
START -7300 -4452 32767 13728 676 183 END
START -6256 -4268 32767 15937 1479 971 END
START -4988 -4012 30044 17904 1918 1529 END
START -4080 -3572 26244 19284 1891 1936 END
START -3272 -3292 22392 20207 1726 2105 END
START -2180 -2952 19012 20554 1439 1985 END
START -1388 -2316 15736 20460 961 1654 END
START -748 -1544 13140 19868 686 1328 END
START -216 -872 10376 18710 977 1047 END
START 248 -144 8324 17112 1711 971 END
START 488 316 6700 15296 2399 890 END
START 640 600 5328 13642 2584 700 END
START 764 860 4176 12383 2305 327 END
START 908 1152 3304 11271 1581 -333 END
START 1092 1152 2172 9930 758 -946 END
START 952 1244 1808 8917 -312 -1372 END
START 1240 1320 1056 7841 -1053 -1707 END
START 1184 1280 456 6390 -1473 -1960 END
START 1396 1312 -516 4579 -1657 -2229 END
START 1632 1384 -964 2333 -2024 -2573 END
START 1768 1552 -732 166 -2135 -2873 END
START 1952 1760 -760 -1876 -1894 -2994 END
START 2372 1896 -720 -4225 -1257 -3211 END
START 2556 1980 -308 -6733 -619 -3400 END
START 2724 2052 404 -9012 -208 -3707 END
START 2788 2052 1716 -10962 -91 -4166 END
START 2484 2052 3184 -12516 -453 -4806 END
START 2044 2008 5272 -13894 -1122 -5530 END
START 1404 2380 7536 -15156 -2192 -6247 END
START 1000 2212 10668 -16252 -3363 -6887 END
START 412 2220 14352 -17150 -4114 -7630 END
START -312 1576 18732 -17944 -3829 -8640 END
START -1480 556 23248 -18483 -3076 -9379 END
START -2784 -1096 27876 -18400 -2177 -9537 END
START -4196 -3008 32767 -17226 -1301 -8983 END
START -5732 -4752 32767 -14244 -521 -8061 END
START -7016 -5868 32767 -10089 -391 -6895 END
START -7560 -6812 32767 -5285 -471 -5593 END
START -8048 -7052 32767 -751 4 -4319 END
START -7956 -6444 32767 2843 976 -3064 END
START -7728 -5760 32767 5990 2413 -1674 END
START -7180 -5196 32767 9008 4275 -563 END
START -6944 -4480 32767 12193 5551 275 END
START -6392 -4104 32767 15596 5980 815 END
START -5596 -3672 32564 18299 5646 1084 END
START -4672 -3224 28832 20367 5297 1181 END
START -3852 -2656 25872 21809 5224 1283 END
START -3172 -2228 22768 22769 5342 1338 END
START -2576 -2056 19596 23268 5499 1370 END