START 5460 7540 4040 2530 58 -1681 END
START 4968 7532 4068 1854 -551 -1741 END
START 6020 7124 3172 781 -762 -1771 END
START 5768 6168 3280 -474 -1696 -1365 END
START 5728 6392 2424 -2349 -1910 -1180 END
START 6096 5564 1672 -4389 -2773 -1179 END
START 6160 5456 1988 -6147 -3360 -1532 END
START 6792 4956 1988 -7697 -3338 -2409 END
START 7180 4584 2028 -9286 -3093 -4043 END
START 7200 3868 2252 -10774 -3078 -6054 END
START 6876 3124 2268 -12043 -3324 -8005 END
START 6508 1860 2456 -13550 -3234 -9878 END
START 5336 524 3252 -15045 -3335 -11364 END
START 4908 -348 4308 -16463 -3954 -12122 END
START 3944 -1016 6136 -17727 -3794 -12572 END
START 3256 -1560 8704 -18937 -3265 -12720 END
START 2424 -2256 11272 -19830 -2077 -12363 END
START 1152 -2404 14232 -20678 -768 -11989 END
START -172 -2812 17348 -21400 614 -11960 END
START -2564 -2924 20840 -21229 1325 -11786 END
START -4552 -2556 24256 -20347 891 -11470 END
START -5904 -2376 27576 -19349 85 -11153 END
START -7088 -2048 31076 -18315 -126 -10975 END
START -8544 -2068 32767 -16735 127 -10599 END
START -9664 -2516 32767 -14670 342 -9814 END
START -10092 -2976 32767 -11821 400 -8315 END
START -10320 -3628 32767 -7916 832 -6590 END
START -10192 -4188 32767 -3603 1315 -5133 END
START -9940 -4540 32767 605 1458 -3855 END
START -9152 -4792 32767 4320 1459 -2933 END
START -8692 -4524 32767 7850 1767 -2169 END
START -8016 -4240 32767 11122 2420 -1301 END
START -7260 -3932 32767 13875 3155 -314 END
START -6508 -3496 30056 15827 3605 601 END
START -5728 -2992 26608 17502 3599 1432 END
START -4660 -2296 22988 18607 3547 1916 END
START -3920 -1752 19360 18988 3612 2096 END
START -3372 -1116 16204 18699 3345 2395 END
START -2700 -320 13232 18027 2901 2499 END
START -2116 248 11116 16775 2634 2344 END
START -1740 436 9184 15433 2258 2179 END
START -1536 640 7628 14191 1597 1965 END
START -1368 772 6224 12943 789 1630 END
START -1196 1032 5288 11860 17 1384 END
START -848 1420 4320 10835 -519 1060 END
START -536 1532 3060 9343 -756 586 END
START -324 1600 2332 7856 -1019 78 END
START -164 1720 1596 6376 -1210 -429 END
START 84 1548 956 4753 -1720 -831 END
START 236 1720 584 3240 -2475 -1115 END
START 640 1668 316 1550 -3186 -1329 END
START 1188 1948 388 -209 -3406 -1618 END
START 1856 2156 560 -2168 -2883 -1902 END
START 2620 2256 876 -4316 -1934 -2275 END
START 3284 2072 1348 -6704 -568 -2834 END
START 3496 1860 2172 -8947 358 -3601 END
START 3740 1524 3328 -10769 894 -4437 END
START 3116 1304 4464 -12192 1056 -5561 END
START 2852 872 6028 -13347 870 -6706 END
START 2080 828 7744 -14252 485 -7740 END
START 1292 856 9512 -14817 -66 -8537 END
START 356 724 11320 -15215 -644 -9030 END
START -564 892 13640 -15839 -1184 -9213 END
START -1292 840 16128 -16807 -1506 -9062 END
START -2016 840 19308 -17853 -1585 -9045 END
START -3024 392 23552 -18262 -1422 -9405 END
START -4248 -456 27848 -17469 -1214 -10078 END
START -5728 -2028 32136 -15409 -1549 -10843 END
START -6912 -3860 32767 -12236 -2490 -10895 END
START -8288 -5100 32767 -8299 -3228 -9994 END
START -8952 -5452 32767 -4374 -2876 -8135 END
START -9088 -5824 32767 -718 -1404 -5545 END
START -8424 -5512 32767 2686 759 -3016 END
START -7820 -5224 32767 5820 2810 -1312 END
START -7360 -4884 32767 9182 4111 -387 END
START -6956 -4424 32767 12670 4292 -146 END
START -6732 -4080 32767 16280 3842 -114 END
START -6220 -3728 32767 19504 3315 -105 END
START -5660 -3380 31776 22127 2867 -55 END
START -4716 -3072 28424 23906 2656 26 END
START -4268 -2692 25608 24935 2903 136 END
START -3660 -2120 22544 25611 3545 128 END
START -3312 -2072 20292 26056 4142 72 END
START -2936 -1808 17252 26059 4525 127 END
START -2532 -1732 14972 25416 5027 180 END
START -2444 -1524 12656 24331 5414 26 END
START -2180 -1484 10720 23282 5646 -226 END
START -2228 -1236 8784 22249 5673 -529 END