START 5136 6468 10864 7919 -1726 3898 END
START 6004 6704 8700 7610 -4005 3597 END
START 6756 7364 7992 7142 -5482 2779 END
START 7308 6904 7724 6719 -7626 1248 END
START 7880 6900 6400 5331 -6481 -725 END
START 8048 7288 5212 3683 -4865 -2158 END
START 8280 6656 3632 1679 -2676 -3008 END
START 8332 6348 2632 -685 -1035 -3611 END
START 7940 5896 1840 -2807 -237 -4169 END
START 7400 5420 1428 -4497 -491 -4872 END
START 7180 4768 1092 -5837 -1210 -5644 END
START 6848 4104 764 -7401 -1748 -6670 END
START 6640 3636 540 -9098 -1569 -7939 END
START 5980 3036 524 -11010 -1221 -9315 END
START 4600 2396 1036 -12811 -1337 -10524 END
START 3464 1968 2052 -14714 -1953 -10932 END
START 2680 1752 3568 -16485 -2601 -10493 END
START 2384 1788 5336 -18137 -2491 -9731 END
START 2292 1248 7296 -19881 -1579 -9291 END
START 1760 812 9412 -21639 -435 -9528 END
START 1384 172 11932 -23008 418 -10381 END
START 216 -900 14772 -23657 328 -11577 END
START -960 -1904 17428 -23323 -862 -12638 END
START -2384 -3224 20772 -22157 -2717 -13396 END
START -3496 -4124 23600 -20892 -3793 -13504 END
START -4376 -4824 26348 -19594 -3505 -12786 END
START -5072 -5272 28660 -18149 -1800 -11539 END
START -6104 -4912 30904 -16771 69 -9898 END
START -6776 -5184 32767 -15431 1468 -8780 END
START -7716 -5352 32767 -13194 1892 -7804 END
START -8800 -5412 32767 -10218 1242 -6900 END
START -9116 -5168 32767 -7048 93 -6005 END
START -9112 -4840 32767 -4392 -815 -5150 END
START -9040 -4356 32767 -1816 -911 -4023 END
START -8604 -4144 32767 689 -17 -2638 END
START -8356 -3976 32767 2855 1394 -1518 END
START -7916 -3696 32767 5416 2337 -466 END
START -7400 -3616 32767 7980 2700 90 END
START -7056 -3504 32396 10332 2545 249 END
START -6388 -3396 30340 12785 2116 159 END
START -5576 -3264 27684 14845 1621 165 END
START -4928 -3048 25440 16522 1321 267 END
START -4104 -2880 22712 17573 1371 412 END
START -3480 -2108 20000 17981 1948 622 END
START -2836 -1612 17652 17798 2809 1006 END
START -2244 -940 15108 17261 3483 1357 END
START -1612 -360 12724 16521 3363 1534 END
START -1076 112 10612 15588 2490 1256 END
START -604 612 8972 14559 1212 486 END
START -308 1196 7612 13603 -135 -502 END
START -108 1652 6312 13124 -1330 -1339 END
START 164 2052 4864 12358 -2266 -1869 END
START 224 2180 3464 11065 -2682 -2088 END
START 544 2544 2372 9384 -2740 -2228 END
START 648 2536 1552 7500 -2602 -2331 END
START 872 2408 592 5484 -2427 -2569 END
START 904 2144 -32 3319 -2787 -2858 END
START 812 1828 -268 1236 -3597 -3094 END
START 1192 1580 -208 -610 -4325 -3117 END
START 1524 1280 76 -2458 -4551 -3089 END
START 2248 888 424 -4408 -4199 -3052 END
START 2680 668 1000 -6575 -3500 -3151 END
START 3052 452 2072 -8867 -2744 -3014 END
START 3132 684 3380 -10961 -2106 -3125 END
START 2736 952 5432 -12870 -1764 -3638 END
START 1952 1364 7632 -14290 -2146 -4104 END
START 1332 2108 10736 -15212 -3176 -4294 END
START 1240 2728 14132 -16096 -3462 -4508 END
START 1228 2936 18168 -16890 -2556 -5258 END
START 744 3080 22696 -17194 -1219 -6411 END
START 148 2412 26924 -16401 -147 -7652 END
START -1208 1148 30940 -14766 692 -8948 END
START -2692 -432 32767 -12393 902 -9822 END
START -4672 -2012 32767 -9161 770 -9921 END
START -6284 -3804 32767 -5258 715 -9175 END
START -7412 -4880 32767 -1412 937 -7758 END
START -7648 -5500 32767 1910 1932 -5770 END
START -7440 -5812 32767 4484 4113 -3638 END
START -7212 -5472 32767 6851 6801 -1708 END
START -7124 -5276 32767 9390 9054 -149 END
START -6776 -4792 32767 12159 9920 813 END
START -6532 -4180 32767 15027 9682 1184 END