START 8528 6872 592 -1465 -1049 -1552 END
START 5524 7644 2848 -2349 -2084 -1618 END
START 6668 7764 2492 -4030 -1884 -1828 END
START 7252 6704 2840 -5367 -2589 -1909 END
START 8248 6604 2268 -7070 -1591 -2299 END
START 8564 6180 2148 -8755 -1029 -3220 END
START 8476 5472 2064 -10427 -251 -4948 END
START 7788 4856 2140 -12046 -85 -7261 END
START 6592 4148 2404 -13380 -976 -9418 END
START 5944 3524 2988 -14337 -2878 -10558 END
START 5236 2984 3632 -15492 -4160 -10745 END
START 4792 2692 4416 -17166 -4055 -10364 END
START 3924 2012 5788 -19628 -2479 -10491 END
START 2828 1172 7840 -22294 -499 -10791 END
START 1468 80 10764 -24293 665 -11088 END
START 632 -832 14200 -25204 629 -11448 END
START -812 -2228 18028 -25417 16 -12297 END
START -2140 -3244 21728 -24354 -1302 -12965 END
START -3536 -4748 26288 -22025 -3048 -13262 END
START -4788 -5372 29804 -19249 -4159 -12981 END
START -5928 -5360 32552 -16628 -3957 -11990 END
START -6952 -5464 32767 -14385 -2500 -10432 END
START -7904 -5204 32767 -12271 -1003 -8707 END
START -8488 -5032 32767 -9934 27 -7062 END
START -8924 -4436 32767 -7477 379 -5578 END
START -8884 -4036 32767 -4793 344 -4138 END
START -8444 -3540 32767 -2108 292 -3016 END
START -7980 -3168 32767 715 188 -2129 END
START -7284 -2668 32767 3538 157 -1535 END
START -6624 -2320 32767 6359 456 -1124 END
START -6024 -1984 32767 8700 1043 -862 END
START -5704 -1696 31904 10871 1493 -647 END
START -5340 -1708 29268 12843 1687 -412 END
START -4784 -1520 26536 14606 1730 -223 END
START -4368 -1464 23612 15926 1366 -140 END
START -3908 -1416 20672 16771 703 -100 END
START -3500 -984 17940 17111 209 -44 END
START -3032 -556 15896 17150 -110 132 END
START -2560 -348 13740 16800 -168 331 END
START -2204 148 11824 16087 -116 637 END
START -1852 512 10108 15155 -69 855 END
START -1232 1036 8548 14111 16 897 END
START -968 1356 7156 12877 4 782 END
START -572 1828 6016 11833 -158 621 END
START -68 2316 5096 10745 -499 195 END
START 220 2540 4188 9591 -908 -421 END
START 448 2764 3228 8388 -1709 -1068 END
START 524 2848 2812 7074 -2752 -1716 END
START 964 3096 2136 5621 -3684 -2297 END
START 1300 3096 1948 4057 -4100 -2797 END
START 1432 3244 1768 2323 -4024 -2975 END
START 1908 3160 2044 303 -3509 -2911 END
START 1984 3208 2048 -1888 -2765 -2746 END
START 2376 3132 2388 -4254 -2084 -2691 END
START 2636 3176 3320 -6527 -1377 -2886 END
START 2704 3104 4168 -8472 -487 -3461 END
START 2472 3068 5576 -9976 -383 -4119 END
START 2056 3096 7336 -11108 -1168 -4679 END
START 1860 3240 9016 -12164 -2025 -5189 END
START 1508 3472 11424 -13285 -2608 -5680 END
START 1340 3704 14092 -14272 -2630 -6428 END
START 676 3644 17072 -14842 -2397 -7287 END
START 64 3212 20264 -14898 -2222 -8127 END
START -656 2552 23540 -14495 -2031 -8735 END
START -1476 1556 26828 -13955 -1663 -9027 END
START -2620 316 30464 -12697 -1157 -9215 END
START -3752 -1016 32767 -10626 -720 -8884 END
START -5064 -2324 32767 -7894 -258 -7993 END
START -5856 -3096 32767 -4943 241 -6427 END
START -6272 -3416 32767 -2051 993 -4638 END
START -6148 -3796 32767 994 2030 -2843 END
START -5836 -3620 32767 4160 3177 -1413 END
START -5840 -3164 32767 7307 4156 -630 END
START -5792 -2808 32767 10203 4582 -132 END
START -5752 -2360 32767 13526 4557 239 END
START -5628 -1960 32767 16384 4461 530 END
START -5404 -1536 30444 19027 4397 711 END
START -5428 -1616 28060 21368 4196 1071 END
START -4932 -1596 24916 23424 3912 1745 END
START -4548 -1488 21948 24463 3972 2314 END
START -4248 -1180 19124 24406 4708 2610 END