START 6248 3280 3632 10785 489 3167 END
START 6444 3420 1132 9537 -792 2548 END
START 6360 4168 -608 6810 -371 1441 END
START 5232 2328 -1004 2012 -1609 473 END
START 5264 2600 -2124 -2296 -677 -373 END
START 5016 2152 -2496 -5697 143 -1083 END
START 4716 1504 -2464 -7411 145 -1634 END
START 4908 1448 -3320 -8841 -494 -2405 END
START 5504 1104 -3948 -10918 -1607 -3908 END
START 5544 712 -4040 -13357 -2451 -5719 END
START 5412 116 -3748 -16214 -3200 -7624 END
START 5252 -740 -3040 -19403 -3886 -9587 END
START 4356 -1916 -1652 -22623 -4883 -11250 END
START 3556 -2840 1108 -25387 -6169 -12419 END
START 3060 -4192 4752 -28019 -7173 -13435 END
START 2260 -4988 10316 -30281 -7437 -14365 END
START 1700 -5768 18048 -31577 -7100 -15045 END
START 756 -6616 25756 -30929 -6707 -15739 END
START -600 -8072 32767 -28410 -6222 -16228 END
START -2796 -8600 32767 -24415 -5671 -16072 END
START -4756 -9024 32767 -19462 -4897 -14817 END
START -6616 -8608 32767 -13989 -3534 -12783 END
START -7620 -7980 32767 -8169 -1411 -10221 END
START -8232 -6776 32767 -2276 1150 -7444 END
START -8428 -5208 32767 3568 3536 -4621 END
START -7892 -3680 32767 8574 5569 -2180 END
START -7080 -2212 32767 13180 6471 -259 END
START -5972 -1280 32767 17306 6243 787 END
START -4392 -1000 32767 20654 5481 1060 END
START -3408 -932 28456 23017 4340 900 END
START -2776 -1212 24208 24576 3171 558 END
START -2272 -1212 20148 25453 2270 418 END
START -2096 -1364 16464 25418 2259 413 END
START -1640 -1708 12628 24434 2652 626 END
START -1324 -2088 9300 22505 3177 654 END
START -1140 -2344 6244 20414 3222 687 END
START -920 -2680 3184 18262 2566 605 END
START -636 -2924 512 15612 1425 231 END
START -224 -2964 -1568 13199 437 -380 END
START 64 -2760 -3476 10410 -254 -1151 END
START 268 -2696 -4836 7809 -952 -1852 END
START 376 -2528 -5876 5101 -1571 -2305 END
START 452 -2472 -6664 1937 -2038 -2514 END
START 756 -2208 -7044 -1472 -2321 -2343 END
START 1332 -1864 -6952 -5191 -2425 -2089 END
START 2056 -1660 -6148 -9314 -2334 -2279 END
START 2800 -1864 -4512 -12873 -2230 -2943 END
START 3780 -1860 -2128 -15811 -2504 -3978 END
START 4884 -1824 904 -18250 -2802 -5457 END
START 5652 -1824 4516 -20361 -2666 -7732 END
START 5620 -1772 8860 -22206 -2162 -10339 END
START 4264 -2140 14852 -23606 -1940 -12762 END
START 1880 -2220 21268 -24068 -2457 -14241 END
START -744 -2172 28816 -22936 -2861 -14477 END
START -3448 -2564 32767 -19770 -3028 -13786 END
START -5596 -3252 32767 -15100 -2960 -12540 END
START -7064 -4340 32767 -10400 -2154 -11028 END
START -8552 -4620 32767 -5422 -573 -8627 END
START -8968 -4544 32767 -280 1866 -5484 END
START -8796 -3804 32767 4869 4668 -2165 END
START -7924 -3004 32767 9542 6878 734 END
START -7192 -2044 32767 13949 7745 2604 END
START -5904 -1468 32767 18592 7633 3518 END
START -4828 -1316 32767 22657 6969 3609 END
START -3856 -1324 31764 25746 6425 3159 END
START -3248 -1588 27516 27905 5972 2548 END