START 4904 6640 1088 -3261 592 -2515 END
START 4676 7032 1252 -4020 -327 -2703 END
START 5312 6672 1896 -5326 -402 -3100 END
START 5256 5872 1892 -6628 -779 -3771 END
START 5172 6056 2060 -7700 -659 -4475 END
START 5436 5624 1568 -8708 -348 -5574 END
START 4980 4680 1068 -9766 -51 -7141 END
START 4116 4016 768 -10894 -256 -8789 END
START 3140 3324 728 -12193 -970 -10117 END
START 2440 2672 1172 -13634 -1982 -10701 END
START 2132 2636 2060 -15587 -3415 -10264 END
START 2420 2732 3488 -17713 -3688 -9387 END
START 2744 2544 5476 -19748 -2645 -9046 END
START 3112 1824 7256 -21478 -1443 -9627 END
START 3068 756 9180 -23048 -543 -10975 END
START 2484 -608 11696 -24311 -226 -12806 END
START 1220 -2484 14904 -24942 -609 -14723 END
START -100 -4492 18180 -24768 -1298 -16206 END
START -1996 -6364 21764 -23754 -1778 -16688 END
START -3944 -8116 25108 -22277 -1946 -15991 END
START -5560 -8808 27752 -20469 -1812 -14086 END
START -7080 -8628 30324 -18470 -1772 -11380 END
START -7936 -8164 32384 -16701 -957 -9401 END
START -8820 -8112 32767 -15293 498 -8367 END
START -9692 -7292 32767 -13566 1535 -7968 END
START -10584 -6552 32767 -11287 1591 -7447 END
START -11164 -6180 32767 -8521 1262 -6634 END
START -11644 -6188 32767 -5327 1011 -5848 END
START -11936 -6336 32767 -1513 749 -4852 END
START -11944 -6620 32767 2475 606 -3611 END
START -11564 -6944 32767 5892 756 -2364 END
START -10896 -7020 32767 8542 1372 -1266 END
START -10352 -6760 32767 11132 1950 -147 END
START -9420 -6676 31528 13827 2112 671 END
START -8440 -6160 29116 15888 2263 1256 END
START -7268 -5704 26040 17804 2438 1740 END
START -6356 -4956 23264 19034 2480 2141 END
START -5220 -4388 20200 19416 2331 2514 END
START -4148 -3732 17476 19030 2792 2755 END
START -3456 -2896 15188 18213 3424 2994 END
START -2928 -2264 12792 17420 3592 3153 END
START -2248 -1556 10812 16566 2716 3015 END
START -1808 -792 9160 15932 1588 2577 END
START -1400 -60 7760 15510 560 2070 END
START -736 548 6316 15114 -270 1519 END
START -216 1024 5184 14307 -683 965 END
START 12 1380 3676 12950 -1077 391 END
START 244 1656 2700 11093 -1337 -106 END
START 532 1940 2052 9049 -1297 -539 END
START 656 2032 1460 7074 -1295 -904 END
START 884 2020 940 5258 -1510 -1182 END
START 916 2076 608 3567 -1861 -1484 END
START 1216 2044 272 1845 -2313 -1902 END
START 1624 2080 316 27 -2494 -2265 END
START 2068 2204 384 -1559 -2609 -2647 END
START 2368 2228 620 -3372 -2523 -3044 END
START 2700 2288 1032 -5615 -2138 -3731 END
START 2660 2188 1660 -7819 -1863 -4656 END
START 2452 2136 2904 -9564 -1959 -5518 END
START 1904 1888 4352 -10831 -2685 -6380 END
START 1216 1712 6204 -11750 -4186 -7379 END
START 472 1656 8400 -12616 -6047 -8239 END
START -392 1684 11136 -13464 -7819 -8619 END
START -476 1180 14388 -14676 -8168 -8831 END
START -1316 756 18344 -15883 -7108 -8703 END
START -1632 -96 22012 -16924 -4999 -8250 END
START -2208 -820 26080 -17119 -3217 -7906 END
START -3040 -1836 29480 -16546 -1674 -7842 END
START -4336 -3264 32767 -15064 -497 -7961 END
START -5428 -4440 32767 -12727 -313 -7703 END
START -6836 -5536 32767 -9224 -564 -6974 END
START -7652 -6328 32767 -5389 -735 -5794 END
START -7752 -6996 32767 -1848 -243 -4400 END
START -7964 -7328 32767 1513 652 -2665 END
START -7712 -7308 32767 4575 1960 -1026 END
START -7280 -7032 32767 7471 3551 428 END
START -6672 -6396 32767 10205 4917 1356 END
START -6420 -5796 32767 12758 5544 1824 END
START -6140 -5100 31708 15010 5238 1974 END
START -5672 -4548 28748 17058 4687 1955 END
START -5252 -3884 25776 18723 4590 1866 END
START -4640 -3656 23000 19936 4850 1833 END