START -2688 2864 13044 6033 753 4949 END
START -3316 3120 14396 5877 107 5111 END
START -2588 2956 13092 5696 -231 5145 END
START -1388 2652 11496 5634 -811 4870 END
START -888 2860 10840 5477 -840 4364 END
START -540 2696 9672 5270 -1482 3757 END
START 76 2924 8464 4980 -2050 3001 END
START 896 2892 6872 4543 -2221 1975 END
START 1172 2500 5564 4077 -2796 1129 END
START 1644 2292 3700 3156 -3612 473 END
START 2052 1636 2248 1382 -3993 -323 END
START 2456 1412 1144 -980 -3461 -1447 END
START 2636 960 560 -3820 -2283 -2420 END
START 2156 480 620 -6191 -1754 -3302 END
START 1984 152 548 -8042 -1930 -3878 END
START 2000 -612 420 -9989 -2498 -4457 END
START 1852 -1136 592 -12050 -2977 -5088 END
START 1736 -2020 1552 -14207 -2750 -5969 END
START 1312 -2908 2612 -16353 -2449 -7007 END
START 1284 -3568 4308 -18670 -2460 -7828 END
START 1040 -3640 7400 -20626 -2891 -8365 END
START 648 -3152 10232 -21942 -3981 -8201 END
START 668 -2456 13844 -22657 -4656 -8111 END
START 568 -1880 17688 -23369 -4671 -8434 END
START 376 -1504 21952 -23830 -3929 -9085 END
START -280 -1604 26992 -23675 -2796 -10200 END
START -1604 -1740 32644 -22067 -1706 -11579 END
START -3780 -2684 32767 -18912 -1561 -12590 END
START -5664 -3252 32767 -14322 -2762 -12120 END
START -6832 -4172 32767 -9404 -2717 -10637 END
START -8124 -4708 32767 -5245 -969 -8311 END
START -8664 -4940 32767 -1288 1047 -5422 END
START -8444 -4744 32767 2948 2966 -2643 END
START -7892 -4472 32767 7587 4086 -504 END
START -7100 -3584 32767 12399 3987 816 END
START -5796 -2848 32767 17014 3030 1457 END
START -4688 -2236 32767 20862 1751 1472 END
START -3756 -1816 28016 23425 480 1182 END
START -3080 -1684 24252 24708 -278 792 END
START -2408 -1376 19960 24676 392 714 END
START -1884 -1128 16412 23356 2253 620 END
START -1388 -1592 12800 20811 5007 156 END
START -1784 -1832 10396 18363 6373 -63 END
START -2108 -2488 7868 16626 5805 -94 END
START -1980 -2624 6324 15626 3870 -314 END
START -1396 -2612 4348 14971 1814 -1041 END
START -1112 -2376 2072 14007 231 -1976 END
START -876 -2188 476 12168 -665 -2731 END
START -840 -1928 -1084 9674 -1386 -3049 END
START -540 -1712 -2348 6558 -1688 -3136 END
START -484 -1408 -2980 3283 -1818 -3129 END
START -276 -1316 -3236 71 -1910 -2917 END
START 416 -1008 -3296 -2872 -1994 -2843 END
START 1064 -1064 -3000 -5737 -2237 -3243 END
START 1928 -1016 -2344 -8581 -2823 -4103 END
START 2484 -1232 -1028 -11145 -3218 -5255 END
START 3032 -1692 496 -13259 -3513 -6515 END
START 3164 -2232 2544 -14926 -3964 -7703 END
START 3200 -2696 5048 -16830 -4166 -8367 END
START 3188 -3100 7960 -18912 -4065 -8757 END
START 2624 -3224 11352 -20793 -3258 -9478 END
START 1236 -3008 15160 -21912 -2652 -10306 END
START -796 -2688 19912 -21797 -3190 -10847 END
START -2796 -1948 25164 -21019 -4513 -10660 END
START -3668 -1668 30724 -19381 -5615 -9854 END
START -4080 -1860 32767 -16997 -5454 -9031 END
START -4544 -2576 32767 -14155 -3651 -8624 END
START -5464 -3624 32767 -10290 -1386 -8336 END
START -6808 -5420 32767 -5172 143 -7217 END
START -7856 -6064 32767 284 1235 -5380 END
START -8444 -6152 32767 5845 2665 -3130 END
START -8700 -5456 32767 11047 3848 -561 END
START -7764 -4676 32767 15254 4868 1751 END
START -6844 -3932 32767 18539 5883 3539 END
START -5720 -3556 32767 21167 6656 4565 END
START -4936 -3612 32048 23365 6899 4994 END
START -4500 -3976 28196 25065 6336 5005 END
START -4284 -4404 24496 26429 5657 4823 END
START -4204 -4696 20780 27484 5589 4629 END
START -3948 -4792 16948 28020 6098 4546 END
START -4112 -4616 13796 27833 6813 4549 END
START -4048 -4292 10728 27001 7167 4530 END
START -3824 -3820 7952 25698 7187 4386 END