START 6412 8000 10456 3903 407 1115 END
START 7504 8064 6916 3334 -673 622 END
START 7916 8452 6948 2299 1029 -476 END
START 7220 7636 8088 852 3632 -2123 END
START 7396 7196 6692 -1314 9233 -3229 END
START 5984 5660 5376 -3585 12392 -3650 END
START 4944 4176 4180 -5078 10837 -3732 END
START 3996 3848 3484 -5849 5476 -4246 END
START 3772 3644 3340 -6060 -1128 -5711 END
START 4024 3396 3564 -5686 -6667 -7577 END
START 4184 3220 3936 -5955 -9314 -8889 END
START 4232 3128 4020 -7493 -8542 -9301 END
START 4172 2800 4372 -10532 -5458 -9019 END
START 3448 2620 5532 -14544 -1541 -8250 END
START 2068 2436 7564 -17548 405 -7599 END
START 1056 2320 9600 -18932 306 -7208 END
START 184 2308 12300 -19600 -559 -7542 END
START -408 2272 14652 -19654 -1520 -8704 END
START -1604 1700 17560 -19496 -2032 -10270 END
START -3384 516 20860 -19514 -1566 -11243 END
START -5480 -696 23804 -19825 28 -11110 END
START -8000 -1828 27260 -19465 1928 -9838 END
START -10416 -2468 30364 -17970 3555 -7715 END
START -12284 -2612 32767 -15189 4713 -5480 END
START -13488 -2516 32767 -11562 4419 -3555 END
START -13668 -2036 32767 -7969 2888 -1956 END
START -13084 -1188 32767 -4919 1286 -950 END
START -12344 -892 32767 -2131 917 -417 END
START -12052 -440 32767 863 1162 -259 END
START -11740 -572 32767 4134 1378 -48 END
START -11260 -828 32767 7190 1208 314 END
START -10636 -1268 32040 9674 328 955 END
START -9900 -1132 29328 11765 -712 1725 END
START -8664 -844 26616 13481 -1804 2565 END
START -7112 -424 23624 14847 -3004 3097 END
START -5444 -4 20628 15740 -4667 3120 END
START -3852 856 18112 16164 -6259 2829 END
START -2340 1676 15716 16335 -7437 2302 END
START -792 2296 13292 16006 -7616 1448 END
START 216 2932 11472 15190 -7065 607 END
START 1068 3220 9468 14131 -6363 -81 END
START 1524 3572 7964 13051 -5821 -662 END
START 1892 3832 6308 12056 -5804 -1233 END
START 2340 4240 4712 10587 -6116 -1960 END
START 2588 4440 3560 8983 -6102 -2815 END
START 2704 4472 2624 7265 -5516 -3441 END
START 2620 4104 1840 5206 -4605 -3871 END
START 2556 3588 1460 2916 -3656 -4246 END
START 2236 3116 1216 681 -3031 -4578 END
START 2060 2448 1360 -1411 -2793 -4911 END
START 2104 1828 1428 -3356 -2666 -5145 END
START 2240 1664 2092 -5109 -2645 -5139 END
START 2612 1788 3320 -6752 -2378 -5119 END
START 3028 2468 4572 -8160 -1927 -5199 END
START 3388 3168 6032 -9442 -1541 -5512 END
START 3524 4112 7624 -10697 -1079 -6143 END
START 3156 4900 9884 -11953 -401 -6953 END
START 2624 5336 12020 -12949 256 -7735 END
START 1824 5476 14540 -13601 669 -8588 END
START 1088 5508 17136 -14084 742 -9160 END
START 228 4952 20184 -14286 798 -9914 END
START -668 3816 23432 -13998 763 -10791 END
START -1724 1964 27120 -13147 469 -11869 END
START -3088 -384 31176 -11677 242 -12690 END
START -4644 -2352 32767 -9515 558 -12394 END
START -5868 -3360 32767 -6597 1921 -11130 END
START -7312 -4480 32767 -3226 4141 -9472 END
START -8744 -5048 32767 760 5801 -7817 END
START -9476 -5280 32767 4670 6535 -6152 END
START -9644 -5064 32767 8140 7195 -4490 END
START -9576 -4764 32767 11300 8380 -2908 END
START -9184 -3812 32767 14015 9495 -1461 END
START -8852 -3188 32767 17091 10490 -473 END
START -8276 -2588 30040 19814 10855 211 END
START -7752 -2080 26720 22017 10288 505 END