START 4236 6044 4560 300 476 2639 END
START 4184 5996 4324 -92 -570 2536 END
START 4652 6044 4512 -572 -1148 2283 END
START 5576 5556 4252 -1346 -2775 1643 END
START 5848 5608 3508 -2409 -3596 410 END
START 6336 5344 2796 -3675 -4643 -984 END
START 6972 4976 2340 -5194 -5196 -2610 END
START 6704 4352 2372 -6775 -5456 -4015 END
START 6848 3796 2504 -8162 -5586 -4749 END
START 7060 3272 2596 -9838 -4756 -5360 END
START 6908 2604 3168 -11888 -3314 -6143 END
START 6704 1760 3936 -13930 -1600 -7041 END
START 6288 1160 4812 -15661 -57 -8134 END
START 5384 452 5996 -16944 599 -9327 END
START 4516 28 7664 -17717 429 -10279 END
START 3740 -588 9532 -18196 -107 -10933 END
START 2876 -1276 11768 -18469 -481 -11406 END
START 1680 -1772 14392 -18572 -880 -11784 END
START 440 -1924 17168 -18644 -1052 -12064 END
START -740 -2236 19984 -18663 -951 -12234 END
START -1964 -2724 23236 -18209 -648 -11723 END
START -3160 -2980 26452 -17349 -675 -11046 END
START -4032 -3296 29608 -16260 -541 -10580 END
START -5312 -3408 32220 -14916 141 -10210 END
START -6824 -3732 32767 -13085 790 -9505 END
START -8008 -3692 32767 -10512 872 -8551 END
START -8524 -3636 32767 -7590 777 -7497 END
START -9080 -3604 32767 -4535 567 -6435 END
START -9048 -3748 32767 -1318 647 -5231 END
START -8932 -3740 32767 1745 1402 -3979 END
START -8740 -3500 32767 4887 2160 -2460 END
START -8020 -3144 32767 7805 2832 -1051 END
START -7232 -2848 32767 10435 3385 -45 END
START -6536 -2404 32388 12859 3286 500 END
START -5672 -2108 29228 14794 2880 697 END
START -4752 -1688 26316 16412 2398 612 END
START -3888 -1212 22984 17638 1948 501 END
START -2940 -956 20064 18104 1871 336 END
START -2616 -716 17424 17861 2120 140 END
START -2452 -608 15304 17419 2291 101 END
START -2036 -360 13280 16915 2325 362 END
START -1712 -84 11404 16124 2551 554 END
START -1392 -40 9696 15150 2662 668 END
START -1148 300 8156 14085 2321 648 END
START -900 436 6768 13011 1666 434 END
START -696 840 5540 12147 636 186 END
START -632 1200 4568 11077 -163 -122 END
START -284 1556 3368 9774 -785 -515 END
START -44 1792 2368 8379 -1174 -925 END
START -116 2012 1560 6956 -1748 -1235 END
START 196 2144 868 5293 -2476 -1382 END
START 352 2216 192 3356 -2977 -1447 END
START 1108 2392 28 1321 -3324 -1414 END
START 1620 2704 152 -840 -3274 -1476 END
START 2460 2732 348 -2954 -2944 -1640 END
START 3088 2736 756 -5139 -2423 -2068 END
START 3724 2552 1252 -7303 -1939 -2778 END
START 4248 2284 2408 -9345 -1669 -3769 END
START 4180 1944 3760 -10925 -1496 -4960 END
START 3776 1912 5416 -12235 -1589 -6150 END
START 3252 1812 7428 -13197 -1918 -7049 END
START 2496 2152 9856 -14149 -2187 -7646 END
START 1804 2544 12516 -15188 -2404 -7687 END
START 1248 3056 16144 -16141 -1978 -7616 END
START 708 3428 19824 -16663 -1031 -7805 END
START -104 2744 23808 -16598 174 -8650 END
START -1464 1404 27460 -15951 916 -9939 END
START -3680 -668 31548 -14289 395 -11151 END
START -5696 -2768 32767 -11632 -622 -11747 END
START -7592 -4468 32767 -8079 -1219 -11041 END
START -8608 -5592 32767 -4448 -930 -8615 END
START -8752 -5636 32767 -1320 690 -5663 END
START -8824 -5484 32767 1387 3198 -3162 END
START -8700 -5024 32767 4295 5401 -1078 END
START -8424 -4476 32767 7720 6312 323 END
START -7920 -3840 32767 11190 6383 740 END
START -7224 -3128 32767 14804 5771 689 END
START -6608 -2432 32767 17984 5093 513 END
START -6216 -1880 30416 20192 5080 470 END
START -5476 -1236 27136 21792 5446 677 END
START -5000 -1060 23820 22677 5899 917 END
START -4528 -612 20348 22756 6561 1165 END
START -4132 -332 17356 22152 7347 1304 END
START -3932 -232 14880 21267 7894 1307 END