START 3448 4224 1008 -3004 1247 -3238 END
START 3852 4184 36 -3763 -750 -3387 END
START 4284 4676 -1056 -5133 -1693 -3709 END
START 4236 3264 -532 -6497 -4251 -3917 END
START 4032 3044 -584 -8142 -4309 -4060 END
START 4292 2776 -1220 -10321 -3378 -4103 END
START 3996 1868 -1296 -12968 -1692 -4275 END
START 3788 924 -1500 -15373 -621 -4807 END
START 3164 260 -1032 -17434 -993 -5563 END
START 2944 -336 -456 -19536 -2508 -6033 END
START 3140 -600 1412 -21731 -4123 -6276 END
START 2916 -416 4160 -24006 -5363 -6242 END
START 3376 -148 7712 -25896 -5253 -6229 END
START 3204 -20 12176 -27701 -3753 -6911 END
START 2252 -756 16964 -28905 -2647 -8279 END
START 676 -2568 23900 -28630 -2673 -9681 END
START -1088 -4704 30560 -26888 -3732 -10913 END
START -3276 -6672 32767 -23453 -4818 -11264 END
START -4872 -7632 32767 -19043 -4554 -10545 END
START -6536 -8240 32767 -14111 -2812 -8648 END
START -7964 -7856 32767 -9609 -73 -6160 END
START -8472 -7280 32767 -5751 2331 -3499 END
START -8724 -5948 32767 -1966 3650 -1193 END
START -7848 -4728 32767 2129 3507 306 END
START -6960 -3732 32767 6160 2760 911 END
START -5972 -2596 32767 9892 1798 929 END
START -4740 -1888 32767 13158 1034 758 END
START -3648 -1400 32767 15783 375 471 END
START -2748 -1176 30504 17748 129 207 END
START -2124 -980 26820 19050 302 24 END
START -1424 -1080 23260 19921 402 35 END
START -928 -840 19716 20008 593 67 END
START -364 -912 16720 19529 774 120 END
START -56 -640 14040 18811 430 140 END
START 420 -388 11592 17808 -94 -14 END
START 712 120 9500 16602 -88 -310 END
START 728 376 7468 15399 55 -588 END
START 948 852 6084 13937 196 -894 END
START 1192 1060 4508 12609 342 -1456 END
START 1052 1400 3224 11047 219 -1981 END
START 1016 1476 2112 9550 -133 -2290 END
START 1052 1512 972 8036 -641 -2324 END
START 1016 1408 28 6353 -950 -2509 END
START 1184 1344 -700 4710 -946 -2853 END
START 912 1060 -1308 2846 -1056 -3223 END
START 844 752 -1792 1063 -1703 -3377 END
START 1092 740 -2004 -730 -2264 -3333 END
START 1448 712 -1916 -2879 -2547 -3249 END
START 2448 888 -1532 -5303 -2493 -3124 END
START 3716 1004 -692 -7797 -1914 -3087 END
START 5000 1204 544 -10238 -976 -3427 END
START 6056 1220 2052 -12414 108 -4312 END
START 6368 1192 3712 -14266 753 -5481 END
START 6004 1124 5760 -15523 1134 -6993 END
START 5236 1016 8508 -16566 960 -8549 END
START 4008 1072 12248 -16963 142 -9826 END
START 2672 1384 15884 -16919 -635 -10947 END
START 820 1292 20280 -16692 -1087 -11829 END
START -784 852 24564 -15974 -1357 -12050 END
START -2320 380 29036 -15389 -1164 -11758 END
START -3824 -660 32767 -14949 -208 -11445 END
START -5520 -1780 32767 -13659 577 -11067 END
START -6920 -3192 32767 -10593 741 -9982 END
START -7276 -3884 32767 -6051 918 -8382 END
START -6952 -4348 32767 -1551 1882 -7030 END
START -6532 -4860 32767 2285 3493 -6083 END
START -6640 -5040 32767 5499 5518 -5160 END
START -6756 -4920 32767 8786 7640 -3974 END
START -6728 -4940 32767 12313 9530 -2680 END
START -6596 -4780 32767 15793 10855 -1484 END
START -6228 -4508 32296 19125 11293 -441 END