START 6204 7524 8964 2560 -4068 2667 END
START 5544 8392 7448 2091 -5434 2069 END
START 6236 8236 7792 1487 -5876 821 END
START 6156 7504 8236 1470 -7504 -873 END
START 6492 7116 6716 967 -7406 -1871 END
START 6268 6856 5480 -159 -7262 -1933 END
START 6492 5900 4312 -1944 -6211 -1602 END
START 6948 5804 3576 -4607 -4315 -1471 END
START 7264 5328 2852 -7305 -1765 -2311 END
START 6588 4932 3108 -9481 -278 -3948 END
START 5996 4312 3064 -10524 -586 -5717 END
START 5360 3752 2844 -11310 -1992 -7456 END
START 4560 2980 2832 -12140 -3448 -8862 END
START 3876 2736 3392 -13599 -3999 -9618 END
START 3384 2296 4360 -15525 -3663 -9623 END
START 2616 2020 5372 -17767 -2451 -9086 END
START 1868 1892 7068 -19943 -1464 -8356 END
START 1376 1572 8880 -21882 -679 -7787 END
START 764 1236 11428 -23256 -216 -7745 END
START 120 592 14492 -24035 -34 -8197 END
START -784 -288 17812 -24214 -119 -8904 END
START -1728 -1688 21228 -23659 -493 -9675 END
START -3052 -2820 25444 -22338 -977 -10132 END
START -4520 -3312 29096 -20205 -1306 -10133 END
START -6028 -4112 32556 -17439 -1225 -9621 END
START -6912 -4504 32767 -14688 -792 -8549 END
START -7676 -4788 32767 -11835 -341 -6899 END
START -7932 -4824 32767 -8837 288 -5055 END
START -7788 -4668 32767 -6038 1450 -3529 END
START -7476 -4448 32767 -3210 2523 -2426 END
START -7264 -4168 32767 -109 3173 -1710 END
START -7068 -3804 32767 3128 3172 -1324 END
START -6836 -3236 32767 6456 2677 -1109 END
START -6736 -2712 32767 9490 2182 -1030 END
START -6368 -2196 32176 12004 2037 -897 END
START -6020 -1896 29384 13920 2058 -625 END
START -5620 -1508 26560 15744 2023 -326 END
START -5092 -1372 23528 16816 1927 87 END
START -4512 -908 21156 17424 1649 560 END
START -4180 -696 18528 17728 1105 920 END
START -3320 -136 16088 17798 548 1222 END
START -2680 260 13740 17465 -195 1176 END
START -1992 840 11612 16742 -1181 795 END
START -1364 1344 9860 15738 -2182 131 END
START -864 1808 8176 14700 -3259 -531 END
START -388 2312 6908 13549 -3699 -1162 END
START 0 2756 5692 12338 -3422 -1567 END
START 160 2756 4724 10952 -3011 -1700 END
START 516 3000 3600 9244 -2625 -1832 END
START 616 2960 2660 7533 -2613 -1983 END
START 784 3040 1920 5835 -3061 -2158 END
START 976 3076 1380 4098 -3726 -2489 END
START 1452 3008 960 2396 -4156 -2947 END
START 1744 2928 1028 697 -4339 -3346 END
START 2300 2960 1196 -1012 -4135 -3655 END
START 2836 2660 1180 -3131 -3459 -3920 END
START 3288 2496 1600 -5578 -2231 -4058 END
START 3452 2244 2532 -7801 -831 -4209 END
START 3236 2224 3408 -9817 397 -4365 END
START 2688 2384 4544 -11401 676 -4568 END
START 2332 2660 5980 -12760 197 -4890 END
START 1848 3144 8248 -13609 -796 -5444 END
START 1448 3604 10628 -14221 -1927 -6228 END
START 912 4020 13604 -14794 -2740 -7320 END
START 76 4404 16856 -15489 -2932 -8380 END
START -904 4260 20760 -16047 -2490 -8949 END
START -2004 3552 25012 -16058 -1968 -9244 END
START -2860 2708 29160 -14917 -1831 -9131 END
START -3792 860 32767 -13153 -1878 -9106 END
START -4504 -868 32767 -10982 -1744 -9184 END
START -5244 -2724 32767 -7712 -1582 -8879 END
START -5720 -4188 32767 -3453 -918 -7899 END
START -5568 -5344 32767 747 548 -6655 END
START -5784 -5616 32767 4092 2453 -5455 END
START -6224 -5260 32767 7382 4399 -4295 END
START -6256 -4344 32767 10817 5808 -3209 END
START -5944 -3624 32767 14058 6787 -2224 END
START -5348 -2736 32767 17232 7370 -1516 END
START -4708 -1644 29980 19492 7759 -1167 END
START -4140 -1060 26620 21294 8099 -1188 END
START -3832 -576 23704 22953 8054 -1415 END
START -3432 -212 20636 24306 7695 -1755 END
START -3180 20 17792 25109 7345 -2161 END