START 5168 5412 5524 -7381 -3908 -2177 END
START 5312 5280 4064 -7989 -5248 -2041 END
START 5272 5452 4580 -8943 -5064 -2008 END
START 7052 4696 5240 -9491 -6166 -1891 END
START 7424 4832 5184 -10667 -5420 -2608 END
START 8192 4592 5684 -11409 -5367 -4025 END
START 8604 4108 5796 -11934 -5148 -5734 END
START 8688 3776 6468 -12350 -5323 -7853 END
START 8548 3040 6704 -12651 -5705 -9955 END
START 7816 2440 7120 -13447 -5044 -11435 END
START 6712 1464 7596 -14936 -3840 -12141 END
START 5308 348 8456 -16898 -2640 -12409 END
START 3684 -636 10116 -18988 -1958 -12649 END
START 1700 -1476 12332 -20440 -1899 -12816 END
START -352 -2932 15068 -21169 -1821 -12833 END
START -2452 -4464 17972 -21080 -1777 -12502 END
START -4476 -5764 20852 -20176 -2609 -11510 END
START -6100 -7068 24312 -19068 -3712 -10057 END
START -7412 -7856 27500 -17641 -4289 -8138 END
START -8388 -8200 30580 -16201 -3619 -6039 END
START -9104 -8312 32767 -14358 -2451 -3933 END
START -8464 -7372 32767 -12205 -1136 -3167 END
START -8192 -6168 32767 -9287 436 -3768 END
START -8204 -5628 32767 -6053 733 -4133 END
START -8008 -4768 32767 -2828 587 -4261 END
START -7968 -3796 32767 290 735 -4267 END
START -8012 -3212 32767 2852 1064 -3952 END
START -7988 -3096 32767 4922 2071 -3535 END
START -8184 -3108 32767 7094 2850 -2832 END
START -8024 -3284 32767 9547 2892 -2023 END
START -7504 -3416 30824 11853 2786 -1453 END
START -7048 -3268 28496 13926 2479 -870 END
START -6308 -3240 25680 15814 1941 -274 END
START -5372 -2904 23388 16911 1329 189 END
START -4472 -2400 20668 17383 950 365 END
START -3724 -1996 18496 17767 568 384 END
START -2792 -1196 16092 18166 56 370 END
START -1976 -388 13656 18142 -592 112 END
START -1348 188 11504 17673 -1152 -397 END
START -616 856 9488 16828 -1593 -1082 END
START -308 1360 7924 15773 -1855 -1494 END
START -28 1908 6424 14581 -1591 -1621 END
START 284 2428 4916 13076 -1312 -1654 END
START 556 2772 3652 10994 -952 -1693 END
START 356 2872 2532 8799 -675 -1772 END
START 368 3124 1640 6897 -708 -1815 END
START 260 2968 676 5087 -1010 -2111 END
START 232 2916 120 3360 -1667 -2664 END
START 300 2840 -484 1776 -2497 -3352 END
START 420 2444 -500 12 -3442 -4082 END
START 480 2192 -544 -1735 -4116 -4560 END
START 756 1724 -44 -3904 -4279 -4362 END
START 1036 1688 828 -6229 -3925 -3788 END
START 1332 2028 1948 -8699 -3002 -3238 END
START 1608 2276 3232 -11039 -1968 -2966 END
START 1404 2432 4996 -12952 -1787 -3180 END
START 1256 3048 7056 -14341 -2189 -3925 END
START 868 3276 9924 -15417 -2841 -4976 END
START 440 3420 13216 -16225 -3508 -5799 END
START 56 3424 16920 -16791 -3705 -6461 END
START -128 2984 21000 -16917 -3009 -7253 END
START -648 1740 25376 -16819 -1449 -8183 END
START -1880 -72 29748 -16114 571 -9104 END
START -3592 -1776 32767 -14455 2326 -9578 END
START -5752 -3848 32767 -11836 3852 -9180 END
START -7868 -5312 32767 -8100 4464 -7998 END
START -9336 -6236 32767 -3843 3838 -6451 END
START -10004 -6576 32767 178 2584 -4780 END
START -9612 -6552 32767 3602 2108 -3135 END
START -8896 -5736 32767 6570 2917 -1698 END
START -8108 -4900 32767 9307 4451 -584 END
START -7448 -4148 32767 12056 5724 129 END
START -6864 -3520 32767 15021 6579 468 END
START -6172 -3076 32767 17958 7247 476 END
START -5564 -2840 30540 20733 7515 115 END
START -5080 -2588 27428 23031 7158 -381 END
START -4620 -2260 24532 24905 6628 -898 END
START -4436 -2004 21612 26328 6297 -1214 END