START 5776 6420 5272 4394 -2962 1244 END
START 5664 6540 4076 3851 -3598 1080 END
START 5904 6924 4416 2900 -3810 746 END
START 7276 5620 3100 1393 -2997 584 END
START 6976 5828 2260 -919 -1754 158 END
START 7336 5676 1300 -3530 -1339 -408 END
START 7624 5004 1436 -5645 -1531 -1448 END
START 7700 4604 1360 -7475 -1206 -2847 END
START 7512 3516 1620 -9016 -794 -4586 END
START 6860 2548 1636 -10026 -667 -6167 END
START 5928 1704 1808 -11073 -919 -7162 END
START 5456 780 2308 -12549 -972 -7613 END
START 5076 144 3116 -14213 -453 -7690 END
START 4848 -680 4456 -15708 -23 -7545 END
START 4564 -1212 6172 -16735 536 -7225 END
START 4428 -1868 7988 -17927 1086 -7127 END
START 4104 -2272 10560 -19290 2200 -7572 END
START 3444 -2560 13344 -19841 2857 -8326 END
START 2340 -2836 16344 -19285 2606 -9207 END
START 1072 -2972 18800 -18405 1361 -10017 END
START -100 -2932 21376 -17866 260 -10875 END
START -1408 -2836 24356 -17376 -314 -11236 END
START -2912 -2620 27000 -16747 -164 -11114 END
START -4404 -2764 29796 -15973 550 -10676 END
START -6160 -2864 32440 -15145 1542 -9874 END
START -7800 -3300 32767 -13853 2446 -8566 END
START -9100 -3392 32767 -11694 2824 -6854 END
START -9736 -3456 32767 -8784 2715 -5124 END
START -9760 -3068 32767 -5470 2588 -3467 END
START -9404 -2932 32767 -2013 2591 -2228 END
START -8928 -2772 32767 1670 2659 -1400 END
START -8084 -2792 32767 5408 2519 -876 END
START -7456 -2660 32767 8814 2137 -566 END
START -6608 -2680 32767 12012 1601 -386 END
START -5752 -2552 32767 14763 1207 -213 END
START -4976 -2448 29464 16826 944 -83 END
START -4100 -2080 26144 18445 847 43 END
START -3420 -1900 23032 19328 931 109 END
START -2672 -1644 20024 19683 1015 195 END
START -2032 -1076 16784 19311 849 242 END
START -1572 -696 14248 18789 307 259 END
START -1056 -420 12008 17752 -580 1 END
START -588 -24 10208 16628 -1321 -559 END
START -324 412 8552 15660 -1701 -1177 END
START -20 688 7152 14791 -1853 -1578 END
START -144 984 5396 13520 -1960 -1760 END
START 228 1232 3920 12002 -2092 -1740 END
START 432 1660 2928 10176 -1975 -1662 END
START 732 1908 1972 8337 -1923 -1742 END
START 916 1988 1224 6612 -2143 -1931 END
START 1176 2084 416 4865 -2533 -2118 END
START 1528 2136 -48 2807 -2963 -2432 END
START 1736 2096 48 711 -3201 -2760 END
START 2136 2076 172 -1305 -3195 -3042 END
START 2312 2016 672 -3262 -3010 -3198 END
START 2844 1972 1012 -5089 -2681 -3355 END
START 2920 1932 1896 -7053 -2505 -3640 END
START 3436 1788 2844 -8983 -2513 -4032 END
START 3484 1884 4308 -10540 -2586 -4650 END
START 3628 1876 5848 -11784 -2616 -5301 END
START 3700 1904 7792 -12760 -2410 -6084 END
START 3532 2036 9892 -13551 -2406 -6911 END
START 3084 1992 12468 -14271 -2878 -7617 END
START 2672 1892 15464 -14762 -3157 -8529 END
START 1920 1780 18792 -14920 -2669 -9575 END
START 736 1032 22108 -14541 -2164 -10465 END
START -968 -156 25476 -14030 -1717 -11380 END
START -3072 -1580 29204 -13174 -1294 -11650 END
START -5176 -2780 32652 -11638 -610 -10794 END
START -6612 -3304 32767 -9621 210 -8655 END
START -7532 -3424 32767 -7575 1276 -6193 END
START -8064 -3264 32767 -5572 2375 -3858 END
START -8464 -3140 32767 -3211 2839 -1989 END
START -7968 -2888 32767 -231 2692 -650 END
START -7604 -2452 32767 2801 2555 -24 END
START -7096 -2200 32767 6046 2215 214 END
START -6628 -2324 32767 9500 1659 451 END
START -6092 -2240 32767 12897 1206 717 END
START -5428 -2292 32767 15618 1251 1074 END
START -4472 -2264 32767 17988 1844 1579 END
START -3556 -2364 31308 19982 2796 1841 END
START -2644 -1952 27888 21275 3446 1900 END
START -1828 -2060 24412 21926 3667 1500 END
START -1264 -1668 21164 22408 3590 636 END
START -724 -1684 18048 22745 3294 -403 END
START -296 -1508 14664 22766 2902 -1525 END
START -44 -1308 11520 22235 2588 -2685 END
START 8 -1044 8768 21602 2494 -3518 END