START 4764 -1288 -3992 4991 637 -3984 END
START 248 204 268 3826 -891 -3897 END
START 3132 32 -4020 1688 -938 -3820 END
START 2676 -524 -3188 -1531 -2499 -3211 END
START 3480 -552 -4256 -4975 -1859 -3014 END
START 3548 -408 -4440 -8171 -1476 -3158 END
START 3632 -184 -4868 -10808 -1167 -3677 END
START 3644 -280 -4972 -13859 -1005 -4600 END
START 3080 -148 -4756 -16702 -2097 -5666 END
START 3044 32 -4756 -19560 -3692 -6731 END
START 3352 -480 -4240 -22649 -4975 -8282 END
START 3484 -1552 -2648 -26231 -5115 -10948 END
START 3100 -3592 372 -29450 -5657 -13529 END
START 2360 -6120 4988 -31445 -7679 -15079 END
START 2032 -7156 11496 -32768 -9659 -15583 END
START 1292 -7852 19856 -32768 -10044 -14887 END
START 364 -8440 28596 -32768 -8368 -13961 END
START -1052 -9600 32767 -32617 -5752 -13364 END
START -3256 -9960 32767 -28728 -3746 -13189 END
START -6092 -10204 32767 -21919 -2621 -13189 END
START -8620 -9640 32767 -13455 -2642 -11721 END
START -9264 -8700 32767 -5670 -2580 -8819 END
START -9096 -7396 32767 566 -861 -5619 END
START -8336 -5896 32767 5743 1747 -2821 END
START -7520 -4436 32767 10433 4268 -334 END
START -6272 -3312 32767 14625 5687 1341 END
START -4924 -2740 32767 18144 5333 1936 END
START -3864 -2572 32767 21088 4230 1717 END
START -3356 -2588 27996 23310 2971 1191 END
START -3012 -2740 23140 24852 2117 1014 END
START -2688 -2848 18856 25141 2042 1215 END
START -2596 -2804 15032 24524 2386 1882 END
START -2312 -3084 11632 23066 3094 2405 END
START -2140 -3228 8996 21583 3090 2812 END
START -1656 -3336 5908 20155 2337 2840 END
START -1168 -3264 3428 18337 1543 2372 END
START -816 -3104 1152 16187 624 1500 END
START -328 -2964 -676 14105 -308 671 END
START 92 -2752 -2152 11696 -1235 33 END
START 300 -2428 -3244 9312 -1764 -447 END
START 916 -2012 -4316 6434 -1564 -975 END
START 1016 -1756 -5248 3037 -1360 -1442 END
START 1544 -1660 -5536 -514 -1191 -1877 END
START 1948 -1352 -5036 -3937 -838 -2522 END
START 2020 -1656 -4388 -7160 -698 -3212 END
START 2360 -1752 -3228 -9982 -852 -4084 END
START 2668 -2024 -1632 -12269 -1254 -4926 END
START 3312 -2392 252 -14566 -1922 -5869 END
START 3912 -2912 2416 -16709 -2161 -7050 END
START 4480 -3084 5684 -18917 -1536 -8566 END
START 4544 -3748 9324 -20897 -834 -10213 END
START 3676 -3956 13880 -22268 -588 -11800 END
START 2340 -3392 18920 -22800 -1252 -12770 END
START 844 -2584 24332 -22616 -1973 -13424 END
START -1292 -1812 30348 -20946 -2709 -13631 END
START -3008 -1700 32767 -17779 -3545 -13446 END
START -4696 -2256 32767 -14125 -3561 -13001 END
START -6488 -3600 32767 -10234 -2547 -11544 END
START -7272 -4816 32767 -5184 -1593 -8874 END
START -7736 -5544 32767 -92 -504 -5936 END
START -7228 -5380 32767 4506 1067 -3238 END
START -6424 -4652 32767 9144 3078 -833 END
START -5584 -3600 32767 13551 4639 952 END
START -4716 -3044 32767 17842 5468 1948 END
START -3916 -2788 32767 20887 6100 2067 END
START -3472 -3056 31508 23168 6436 1626 END
START -3592 -3632 27352 24957 6752 1159 END
START -3716 -3928 23800 26179 6859 1021 END