START 7008 6844 1348 409 89 -375 END
START 6824 6848 -76 -345 -377 -617 END
START 6348 7480 344 -1692 -431 -1023 END
START 7864 6224 1332 -3963 -1297 -2374 END
START 7916 5400 1168 -5616 -868 -4235 END
START 7404 5128 1256 -7190 -1387 -6028 END
START 7040 4164 1332 -8160 -1153 -7477 END
START 6688 3052 796 -9369 -611 -8157 END
START 5648 2448 292 -10752 -294 -8455 END
START 4936 1692 -60 -12421 -240 -8938 END
START 4008 892 -364 -14295 -691 -9737 END
START 3040 4 -284 -16527 -1520 -10726 END
START 2116 -604 840 -18594 -2803 -11423 END
START 1400 -904 2724 -20737 -4346 -11291 END
START 1136 -844 5744 -22808 -5819 -10581 END
START 1148 -360 9216 -24648 -5673 -10104 END
START 588 -548 13460 -25645 -5261 -10287 END
START -204 -1808 18616 -26126 -5376 -11042 END
START -1312 -3788 23664 -26093 -5461 -11839 END
START -3172 -6364 30156 -24936 -5145 -12273 END
START -5128 -8388 32767 -22428 -4472 -11874 END
START -7128 -9588 32767 -18510 -3297 -10532 END
START -8820 -9928 32767 -14229 -2002 -8396 END
START -9852 -9252 32767 -10681 -389 -6188 END
START -10672 -8088 32767 -7094 1107 -4141 END
START -10808 -6908 32767 -2977 2017 -2648 END
START -10912 -6256 32767 1051 2047 -1579 END
START -10256 -5244 32767 4852 1693 -573 END
START -9540 -4760 32767 8214 1599 307 END
START -8816 -4424 32767 11328 1468 1049 END
START -7636 -3948 32767 14337 1136 1628 END
START -6564 -3528 31932 17059 907 1968 END
START -5588 -3188 28128 18926 609 2184 END
START -4248 -2824 24332 19993 559 2234 END
START -3428 -2332 21024 20441 602 2343 END
START -2352 -1792 17556 20331 597 2345 END
START -1580 -1264 14740 19820 663 2256 END
START -932 -696 11900 18991 802 2040 END
START -380 -136 9400 18111 746 1745 END
START 116 484 7200 17066 433 1405 END
START 404 988 5348 15878 19 960 END
START 704 1300 3800 14583 -524 346 END
START 1152 1904 2416 13194 -877 -385 END
START 1060 2048 1244 11300 -1354 -1166 END
START 1320 2216 212 9295 -1549 -1768 END
START 1172 2156 -272 7475 -1844 -2300 END
START 1280 1828 -792 5793 -2022 -2804 END
START 1172 1644 -1136 4097 -2214 -3301 END
START 1188 1468 -1956 2311 -2673 -3538 END
START 1324 1016 -1988 337 -2960 -3563 END
START 1464 992 -1840 -1807 -2924 -3595 END
START 1944 944 -1400 -4165 -2618 -3555 END
START 2216 824 -684 -6681 -2134 -3627 END
START 2548 1060 672 -9001 -1545 -3681 END
START 2784 1348 2452 -10991 -1158 -3810 END
START 2840 1752 4524 -12579 -1020 -4196 END
START 2844 2056 6816 -14092 -1088 -4723 END
START 2596 2472 9720 -15638 -1007 -5442 END
START 1936 2984 12956 -16719 -668 -6399 END
START 752 2928 16540 -17353 -547 -7516 END
START -332 2336 20532 -17541 -707 -8385 END
START -1312 1812 24284 -17223 -1164 -8858 END
START -1960 1124 28740 -16265 -1108 -8853 END
START -2992 424 32767 -14785 -242 -8870 END
START -4096 -776 32767 -12796 883 -8974 END
START -5716 -2184 32767 -10204 1475 -8928 END
START -7244 -3292 32767 -6494 1019 -8160 END
START -7896 -4068 32767 -2135 157 -6826 END
START -7696 -4536 32767 1918 471 -5278 END
START -7392 -4568 32767 4916 1909 -4064 END
START -7288 -4452 32767 8043 3686 -2977 END
START -6956 -4312 32767 11274 5240 -1995 END
START -6572 -4008 32767 14487 6540 -1305 END
START -6336 -3888 32767 17718 7425 -681 END
START -5864 -3572 30652 20116 7669 -103 END
START -5212 -3248 26348 21652 7372 394 END
START -4728 -2672 22384 22434 6941 766 END