START 3956 5920 5536 10311 -7007 -2710 END
START 3056 6208 5832 9749 -7714 -2806 END
START 3828 6400 4300 8425 -7158 -3069 END
START 5152 5612 2856 6225 -5488 -2424 END
START 4660 5528 1680 2906 -3673 -1582 END
START 4824 5168 604 -974 -3496 -883 END
START 5248 4480 776 -4010 -3843 -905 END
START 5812 4088 1200 -6288 -3992 -1592 END
START 5888 3408 1932 -7758 -3657 -3051 END
START 5936 2620 2404 -8962 -2879 -4825 END
START 5472 2116 2656 -10185 -2682 -6280 END
START 5176 1308 3288 -11632 -2630 -7190 END
START 4652 824 4136 -13210 -1857 -7524 END
START 3944 300 5020 -14856 -1034 -7371 END
START 3420 -136 6516 -16361 -115 -7016 END
START 2796 -352 8284 -17694 983 -6835 END
START 2008 -524 10112 -18648 1809 -7242 END
START 884 -704 12612 -19097 2166 -8274 END
START -708 -684 14932 -18990 1626 -9205 END
START -2568 -576 17696 -18682 552 -9861 END
START -4112 -532 20836 -18220 -482 -9970 END
START -5300 -596 24032 -17755 -594 -9430 END
START -6044 -1192 27540 -17287 -1 -8278 END
START -6600 -1664 31012 -16698 953 -6935 END
START -7040 -2204 32767 -15421 2173 -5700 END
START -7536 -2420 32767 -12721 3578 -5228 END
START -8312 -3060 32767 -8738 3921 -5245 END
START -9060 -3604 32767 -4469 2841 -5265 END
START -9348 -3928 32767 -577 1624 -5011 END
START -9744 -4312 32767 2638 1082 -4216 END
START -9544 -4288 32767 5614 1386 -2962 END
START -8988 -4232 32767 8418 1816 -1459 END
START -8108 -3980 32767 11010 1851 -252 END
START -7140 -3256 31096 13255 1879 620 END
START -5868 -2404 27696 14984 1775 1144 END
START -4788 -1508 24260 16218 1461 1311 END
START -3596 -540 20884 16886 918 1114 END
START -2884 -52 18024 16963 519 638 END
START -2288 300 15608 16814 -41 217 END
START -1876 644 13552 16316 -271 -240 END
START -1484 832 11400 15700 -185 -388 END
START -1068 1152 9720 14878 -14 -329 END
START -860 1320 7936 13580 -115 -379 END
START -556 1540 6384 12561 -598 -540 END
START -400 1836 5108 11167 -1330 -847 END
START 32 2080 4084 9695 -1770 -1368 END
START 260 2236 3208 8331 -2039 -1915 END
START 176 2320 2388 6924 -2496 -2497 END
START 400 2116 1428 5279 -3309 -3064 END
START 372 2216 848 3679 -4152 -3491 END
START 508 1980 576 2066 -4385 -3753 END
START 812 1700 436 223 -4138 -3606 END
START 1184 1468 400 -1860 -3581 -3226 END
START 1796 1340 748 -4298 -2818 -2748 END
START 2368 1132 1344 -6671 -2124 -2448 END
START 3128 900 2232 -8747 -1715 -2578 END
START 3532 916 3484 -10472 -1339 -3257 END
START 3876 1064 4912 -11795 -1081 -4396 END
START 3380 1244 6760 -12867 -1205 -5742 END
START 2924 1492 8608 -13497 -1765 -6821 END
START 2472 1924 11228 -13977 -2482 -7473 END
START 2168 2348 14036 -14669 -2657 -7988 END
START 1480 2620 17336 -15376 -2005 -8774 END
START 312 2608 21256 -15598 -1373 -9757 END
START -1036 1680 24864 -15116 -974 -10900 END
START -2836 156 29068 -14002 -627 -11980 END
START -4704 -1664 32504 -12468 -323 -12462 END
START -6872 -3536 32767 -10186 118 -11906 END
START -8636 -4944 32767 -7197 810 -10056 END
START -9548 -5344 32767 -4192 1925 -7455 END
START -9980 -5684 32767 -1552 3353 -4762 END
START -9708 -5412 32767 1092 4585 -2387 END
START -9320 -5196 32767 4090 5042 -695 END
START -8708 -4644 32767 7342 4839 240 END
START -7768 -4204 32767 10640 4374 655 END
START -6708 -3608 32767 13495 4066 907 END
START -5540 -2624 32767 16231 4506 892 END
START -4840 -1928 29736 18290 5417 795 END
START -4308 -1424 26820 19919 6245 765 END
START -3828 -896 23676 20907 6888 700 END
START -3376 -792 20916 21137 7293 475 END
START -3136 -532 18260 20988 7391 155 END
START -2904 -476 16068 20794 6932 -282 END
START -2760 -456 14064 20479 6224 -613 END