START 7944 7384 8060 4733 -3889 -235 END
START 7352 7744 6812 4055 -4775 -495 END
START 8376 7704 5400 2842 -4286 -1091 END
START 8196 6960 5604 1558 -4933 -1517 END
START 8380 6632 3848 -642 -3162 -2384 END
START 8108 5860 3152 -3130 -2275 -3580 END
START 7312 5040 2484 -4903 -1649 -4679 END
START 6628 4456 1892 -6408 -1664 -5718 END
START 5392 3556 1864 -7609 -2352 -6707 END
START 4740 3336 1992 -8935 -3483 -7392 END
START 4420 3128 2296 -10654 -4362 -7648 END
START 4244 3312 2956 -13003 -4172 -7619 END
START 3824 3388 4272 -15350 -3198 -7520 END
START 3428 3588 5780 -17645 -2045 -7552 END
START 2892 3384 7632 -19833 -1149 -7686 END
START 2432 3172 9720 -21704 -318 -8154 END
START 1672 2272 12692 -23033 268 -8860 END
START 840 1356 15612 -23693 456 -9668 END
START -408 -140 19156 -23731 376 -10508 END
START -1640 -2016 22608 -22935 -12 -11148 END
START -3340 -3544 26604 -21209 -545 -11119 END
START -4652 -4212 29672 -18708 -890 -10186 END
START -5616 -4588 32272 -15908 -585 -8671 END
START -6104 -4548 32767 -13354 444 -7263 END
START -6840 -4200 32767 -11219 1828 -6196 END
START -7328 -3796 32767 -9035 3039 -4881 END
START -7740 -3364 32767 -6642 3648 -3651 END
START -8044 -2976 32767 -3925 3657 -2656 END
START -7912 -2632 32767 -802 3235 -1897 END
START -7720 -1932 32767 2490 2396 -1367 END
START -7416 -1584 32767 5522 1805 -1008 END
START -7128 -1200 32767 7962 1467 -693 END
START -6836 -1052 31176 10048 1633 -219 END
START -6388 -708 28852 11849 1892 289 END
START -5936 -808 26504 13629 1972 758 END
START -5268 -728 23840 14674 1653 1157 END
START -4560 -668 21416 15632 1181 1424 END
START -3812 -484 18900 16264 581 1537 END
START -3136 -84 16728 16542 44 1527 END
START -2484 260 14372 16376 -704 1460 END
START -1568 628 12312 15620 -1501 1238 END
START -884 1348 10388 14490 -2074 836 END
START -316 1852 8776 13452 -2625 385 END
START 260 2484 7740 12385 -2663 -64 END
START 736 2980 6388 11378 -2403 -482 END
START 1032 3460 5060 10257 -2315 -818 END
START 1456 3644 4104 8958 -2625 -1265 END
START 1680 3828 2760 7459 -3271 -1920 END
START 1628 3600 1916 5760 -4651 -2644 END
START 1888 3712 1384 4092 -6194 -3436 END
START 2148 3624 1112 2355 -7051 -4299 END
START 2488 3344 1060 591 -6868 -5028 END
START 2704 3088 1156 -1424 -5787 -5555 END
START 2844 2640 1384 -3763 -4172 -5743 END
START 2984 2384 2164 -6278 -2651 -5528 END
START 2968 2324 2956 -8771 -1389 -5331 END
START 2860 1960 4140 -10934 -699 -5415 END
START 2452 2052 5812 -12568 -647 -5913 END
START 1808 2220 7888 -13441 -1374 -6587 END
START 1432 2536 10488 -13631 -2678 -7233 END
START 1300 2948 13088 -13789 -3724 -8034 END
START 896 3188 16368 -14241 -4153 -8915 END
START 576 3656 19536 -14711 -3515 -9489 END
START 72 3320 22824 -15026 -1925 -9893 END
START -752 2416 26232 -15026 13 -10112 END
START -1804 1024 29264 -14555 1374 -10466 END
START -3308 -680 32767 -12978 1886 -10938 END
START -4604 -2716 32767 -10071 1532 -11084 END
START -5868 -3908 32767 -5927 640 -10472 END
START -6448 -4612 32767 -1420 228 -9333 END
START -6464 -4972 32767 2134 1067 -8036 END
START -6668 -4860 32767 4469 2923 -6499 END
START -6824 -4100 32767 6926 5038 -4548 END
START -6532 -3656 32767 9677 6806 -2553 END
START -6096 -2932 32767 12394 8112 -1245 END
START -5500 -2384 32340 15025 8636 -735 END
START -4936 -1752 29412 17419 8301 -872 END
START -4476 -1368 26700 19625 7454 -1468 END
START -4320 -912 23816 21643 6495 -2336 END
START -4164 -828 21160 23061 5554 -3015 END
START -4172 -960 18712 24250 4765 -3288 END
START -3916 -828 16540 24925 4431 -3174 END