START 3604 7520 6756 10227 -2464 876 END
START 2748 7728 6916 9842 -3751 830 END
START 3748 7552 5220 9182 -3840 551 END
START 4452 7236 4128 8381 -4530 497 END
START 4828 7296 2804 6682 -3525 436 END
START 5160 7444 1256 4008 -2590 346 END
START 5780 6964 488 1227 -1321 6 END
START 6192 6588 -184 -1136 -713 -736 END
START 5964 6480 -312 -2996 -869 -2063 END
START 6228 6016 -692 -4289 -1487 -3769 END
START 5968 5488 -1012 -5503 -2163 -5682 END
START 5596 4824 -1552 -6729 -2563 -7254 END
START 5112 4012 -1880 -8226 -2613 -8286 END
START 4344 3244 -2288 -10118 -2581 -8949 END
START 3696 2144 -2460 -12417 -2462 -9401 END
START 2604 1060 -2320 -15018 -2242 -9825 END
START 1592 144 -1280 -17539 -2525 -10057 END
START 700 -216 92 -19754 -3506 -9817 END
START 456 -408 1764 -21607 -4510 -9177 END
START 676 -224 4276 -23437 -4715 -8671 END
START 956 -620 7088 -25253 -4199 -8663 END
START 784 -1908 10652 -27077 -3990 -9228 END
START 308 -2700 15028 -28286 -4498 -9896 END
START -40 -4324 19764 -28423 -4918 -10503 END
START -960 -5672 24844 -27077 -5228 -11014 END
START -1628 -6672 29752 -24653 -5105 -11362 END
START -3104 -7896 32767 -22460 -3956 -11042 END
START -4364 -7736 32767 -20437 -2406 -9720 END
START -5068 -7752 32767 -18888 239 -8082 END
START -6372 -7668 32767 -16742 3354 -6493 END
START -8124 -7664 32767 -13132 5565 -5363 END
START -9388 -7560 32767 -7525 5267 -4494 END
START -10112 -7740 32767 -1736 2870 -3732 END
START -9876 -7148 32767 3460 213 -3036 END
START -9216 -6368 32767 7517 -993 -2212 END
START -8384 -5736 32767 11168 -948 -1109 END
START -7596 -5396 32767 14167 -186 87 END
START -6344 -4804 32767 16958 496 1017 END
START -5196 -4644 31932 19103 913 1533 END
START -4148 -4456 28460 20732 841 1630 END
START -2992 -3940 24732 21971 326 1540 END
START -2092 -3460 21308 22646 24 1293 END
START -1252 -2880 18412 22862 -115 1002 END
START -528 -1792 15092 22594 -86 709 END
START 72 -1100 12320 21666 215 488 END
START 452 -276 9976 20276 934 405 END
START 612 500 7600 18695 1728 247 END
START 580 968 5744 16916 2480 234 END
START 908 1544 4508 15156 2716 42 END
START 704 1828 3128 13693 2459 -256 END
START 756 2124 2172 11881 1897 -637 END
START 908 2404 1196 10326 1020 -1279 END
START 1040 2404 428 8974 9 -2055 END
START 1012 2328 -228 7738 -1010 -2858 END
START 1324 2324 -752 6306 -1886 -3721 END
START 1128 2020 -1284 4897 -2846 -4270 END
START 1312 2068 -1428 3158 -3671 -4422 END
START 1592 2000 -1532 715 -3524 -4113 END
START 1912 1940 -1452 -2234 -2116 -3666 END
START 2256 1888 -992 -5423 -409 -3285 END
START 2656 1716 -424 -8186 563 -3148 END
START 2840 1724 580 -10228 550 -3508 END
START 2988 1616 1656 -11833 39 -4345 END
START 2956 1524 3156 -12870 -629 -5409 END
START 2376 1748 4876 -13889 -1444 -6537 END
START 1884 2012 7000 -14927 -2408 -7229 END
START 1284 2484 9728 -16137 -3473 -7483 END
START 704 2912 13004 -17427 -4076 -7630 END
START 364 2672 16728 -18625 -3986 -8011 END
START 308 2080 21388 -19658 -3343 -8728 END
START -784 1232 26740 -19904 -2192 -9655 END
START -2248 -276 32404 -18900 -1172 -10407 END
START -4440 -1948 32767 -15889 -1059 -10421 END
START -5992 -4104 32767 -11426 -1099 -9603 END
START -7224 -5424 32767 -6425 -898 -8318 END
START -8004 -5956 32767 -1728 -27 -6773 END
START -8296 -5924 32767 2274 1196 -5097 END
START -8068 -5804 32767 5595 2912 -3524 END
START -8064 -5348 32767 9214 5047 -1954 END
START -7572 -4944 32767 13040 6953 -758 END
START -7164 -4464 32767 16703 7848 -98 END
START -6520 -3916 32767 19743 7844 285 END
START -5828 -3260 31872 22133 7337 459 END
START -5020 -2592 28144 23907 7030 553 END
START -4256 -2204 24252 24965 7471 554 END
START -3732 -2012 20864 25387 7799 633 END
START -3284 -1876 17436 25242 7857 836 END
START -2608 -1548 14120 24828 7778 948 END
START -2284 -1232 11320 23979 7630 1142 END