START 5396 6948 2588 3441 -1283 461 END
START 3020 7200 4624 2884 -2294 450 END
START 3428 7376 3772 1997 -2811 359 END
START 5088 6268 2220 990 -3567 610 END
START 5472 6552 1392 -804 -2969 533 END
START 5856 5832 544 -3238 -3089 32 END
START 6252 5236 528 -5496 -3247 -735 END
START 6548 4856 740 -7663 -3229 -1665 END
START 6688 4016 1240 -9408 -2723 -2939 END
START 6696 2996 1688 -10744 -1987 -4525 END
START 5952 1968 1724 -12039 -1303 -6182 END
START 4896 624 1944 -13404 -994 -7579 END
START 3936 -372 2260 -14832 -553 -8563 END
START 2708 -1652 2856 -16397 40 -9177 END
START 1612 -2312 4232 -17998 -246 -9147 END
START 1072 -2460 6468 -19359 -829 -8505 END
START 660 -2036 9280 -20612 -399 -7640 END
START 172 -1536 11912 -21670 758 -6930 END
START -244 -956 14884 -22368 1954 -6855 END
START -1164 -552 17404 -22684 2588 -7507 END
START -2008 -360 20588 -22470 2231 -8563 END
START -3352 -780 23888 -21790 1140 -9664 END
START -4536 -1696 27272 -20787 24 -10592 END
START -5752 -2436 30828 -19181 -648 -10912 END
START -6976 -3200 32767 -16846 -961 -10417 END
START -7660 -3724 32767 -14458 -369 -9147 END
START -8584 -4228 32767 -12188 921 -7580 END
START -9300 -4680 32767 -9586 1870 -5990 END
START -9756 -5008 32767 -6216 1842 -4516 END
START -9676 -4808 32767 -2166 1256 -3363 END
START -9416 -4584 32767 2082 463 -2712 END
START -8784 -4616 32767 5756 -16 -2354 END
START -8360 -4552 32767 8898 126 -1729 END
START -7788 -4480 32767 11475 878 -919 END
START -7252 -4348 32767 14066 1609 -85 END
START -6544 -4004 30320 16401 1998 645 END
START -5788 -3512 26820 18228 2091 1210 END
START -4860 -2916 22956 19360 1968 1669 END
START -4136 -1936 19396 19781 1704 1884 END
START -3252 -964 16064 19671 1424 1878 END
START -2624 -604 13332 18884 1253 1522 END
START -1988 -124 10864 17601 550 892 END
START -1924 272 9120 16396 -577 336 END
START -1648 604 7788 15438 -1606 -120 END
START -1452 860 6568 14521 -2126 -506 END
START -1068 1072 5108 13536 -2167 -867 END
START -1020 1112 4084 12064 -2029 -944 END
START -864 1188 2960 10385 -1823 -908 END
START -788 1340 1968 8579 -1752 -781 END
START -748 1228 1068 6808 -1968 -683 END
START -436 1248 440 4913 -2474 -665 END
START -60 1412 -72 3109 -3154 -753 END
START 460 1636 -216 1386 -3501 -913 END
START 1072 1944 -256 -596 -3345 -1135 END
START 1556 1944 -360 -2962 -2878 -1367 END
START 2140 2052 248 -5419 -2137 -1710 END
START 2552 2160 1288 -7459 -1658 -1992 END
START 3300 2104 2020 -9203 -1410 -2369 END
START 3744 2096 3300 -10911 -1067 -3095 END
START 3704 2064 4720 -12458 -698 -4160 END
START 3640 1960 6564 -13849 -450 -5287 END
START 3284 2032 8824 -15117 -353 -6429 END
START 2828 1992 11132 -16009 -266 -7519 END
START 1900 2088 13996 -16684 -431 -8584 END
START 936 1968 17356 -17075 -913 -9732 END
START 252 1576 21032 -17070 -1607 -10988 END
START -956 764 25028 -15834 -2713 -12319 END
START -2056 -644 29168 -13651 -3573 -13537 END
START -3612 -2188 32560 -11643 -3883 -13981 END
START -5356 -3236 32767 -9735 -3556 -12970 END
START -6584 -4028 32767 -7484 -2202 -10710 END
START -7404 -4532 32767 -4996 -302 -7914 END
START -7464 -5036 32767 -2120 1276 -5486 END
START -7436 -5288 32767 1063 2236 -3737 END
START -7180 -5068 32767 4501 2563 -2714 END
START -6732 -4904 32767 8075 2452 -2112 END
START -6204 -4284 32767 11628 2264 -1778 END
START -5420 -3836 32767 14618 2624 -1465 END
START -4708 -3248 32767 17091 3308 -952 END
START -3768 -2780 31760 19204 4098 -774 END
START -3228 -2176 28908 20852 4806 -817 END
START -2732 -1912 25768 22057 5434 -1042 END
START -2508 -2016 22928 23112 5596 -1179 END
START -1876 -1892 20260 23748 5579 -1403 END
START -1492 -1768 17856 23803 5725 -1648 END
START -1268 -1696 15416 23394 6237 -2142 END