START 6640 1848 -4156 164 3423 -4901 END
START 6104 1660 -4172 -1171 2822 -5379 END
START 5280 680 -4184 -3506 2753 -6171 END
START 4812 -996 -5052 -5923 927 -6796 END
START 4176 -1472 -6028 -8022 -1016 -7102 END
START 3792 -1996 -6820 -10505 -3220 -6947 END
START 4180 -2040 -7476 -14121 -4071 -6548 END
START 4580 -2276 -7272 -18676 -4327 -6461 END
START 4756 -2636 -5700 -22988 -4756 -6953 END
START 5448 -3172 -3608 -26281 -4328 -8450 END
START 4896 -3516 -1004 -29168 -4125 -10885 END
START 4480 -4172 3396 -31911 -5846 -13439 END
START 3452 -5068 9348 -32768 -8714 -15820 END
START 2448 -5500 18576 -32768 -10420 -17587 END
START 988 -6484 28596 -32768 -9658 -18757 END
START -1504 -7816 32767 -31819 -7568 -18763 END
START -3792 -9452 32767 -27382 -4215 -18083 END
START -6184 -10236 32767 -21353 -634 -16723 END
START -8528 -10404 32767 -14225 1172 -14305 END
START -10152 -9312 32767 -6839 1260 -10744 END
START -10412 -7380 32767 -166 1638 -6915 END
START -9776 -5208 32767 5449 2660 -3613 END
START -8704 -3348 32767 10362 3505 -914 END
START -7048 -1764 32767 14364 4045 928 END
START -5632 -1000 32767 17968 4190 1779 END
START -4336 -912 32767 20836 3789 1979 END
START -3444 -1280 28144 22873 2947 1845 END
START -2884 -1316 23120 24029 2082 1735 END
START -2476 -1572 19320 24426 1220 1694 END
START -2064 -1472 15448 24227 933 1574 END
START -1736 -1732 11772 23429 1096 1268 END
START -1700 -2056 8368 21876 1166 1029 END
START -1448 -2196 5672 19740 1396 815 END
START -1252 -2220 3424 17583 1360 506 END
START -1176 -2308 1120 15557 819 132 END
START -688 -2128 -680 13418 -147 -402 END
START -208 -1888 -2448 11070 -1046 -1223 END
START -60 -1620 -3608 8219 -2171 -2180 END
START 212 -1828 -4376 5233 -2826 -2957 END
START 504 -1808 -4664 1930 -2602 -3480 END
START 540 -1844 -4648 -1496 -2013 -3734 END
START 872 -2180 -3900 -5105 -1427 -3675 END
START 1236 -2360 -2980 -8366 -1140 -3518 END
START 1796 -2540 -1580 -11180 -1236 -3908 END
START 2356 -2520 264 -13500 -1407 -4706 END
START 3052 -2684 2368 -15487 -1690 -5748 END
START 3324 -2432 4804 -17401 -2001 -7019 END
START 3424 -2416 7740 -19073 -2454 -8141 END
START 3216 -2100 11156 -20574 -2552 -9153 END
START 2780 -1404 16028 -21999 -2509 -9956 END
START 2036 -432 21084 -22457 -2289 -10380 END
START 1268 192 26808 -21828 -1981 -10947 END
START 100 -48 32596 -19688 -2124 -11806 END
START -1324 -476 32767 -16017 -3282 -12615 END
START -2756 -1372 32767 -11292 -4508 -12912 END
START -4244 -2772 32767 -6534 -4040 -12231 END
START -5836 -3716 32767 -1592 -2268 -9899 END
START -6592 -4308 32767 3388 353 -6575 END
START -6436 -4088 32767 7761 2890 -3492 END
START -5916 -3340 32767 11945 4848 -1247 END
START -5168 -2672 32767 15997 5754 -18 END
START -4472 -2364 32767 19523 5630 292 END
START -3872 -2440 32767 22370 4978 -14 END
START -3584 -2496 29200 24705 4382 -449 END
START -3464 -2888 25244 26532 4357 -786 END
START -3588 -3064 21552 27864 5104 -699 END
START -3596 -3160 17788 28184 6178 -369 END
START -3620 -3100 14184 27515 7128 104 END
START -3580 -2940 11148 26392 7532 586 END
START -3568 -2720 8456 25096 7508 914 END
START -3380 -2412 6148 23887 7172 1020 END