START 4268 8008 5612 1253 1710 -891 END
START 3560 7984 4764 325 1436 -1173 END
START 4340 7928 4404 -1222 1580 -1605 END
START 4216 6884 4424 -3108 1598 -1637 END
START 3612 6852 3748 -4823 1688 -1513 END
START 3816 6284 2972 -6097 378 -1032 END
START 4072 5768 2620 -6793 -725 -563 END
START 4704 5692 2448 -7779 -1422 -546 END
START 5368 5148 2124 -8728 -1522 -1104 END
START 6064 4988 1848 -10505 -1457 -2382 END
START 6564 3920 1980 -12499 -1177 -4474 END
START 6352 3108 1916 -14555 -983 -6974 END
START 5604 1896 2540 -16415 -887 -9526 END
START 4544 744 3608 -17660 -1243 -11134 END
START 3236 -84 5012 -18268 -2393 -11701 END
START 2392 -616 6836 -18917 -2673 -11482 END
START 1436 -688 8828 -20124 -2185 -10879 END
START 680 -1124 11520 -21535 -1350 -10402 END
START -236 -1396 14984 -22713 -682 -10236 END
START -1196 -1976 18804 -22981 -665 -10315 END
START -2660 -2520 23132 -22472 -1221 -10759 END
START -3496 -3100 27380 -20798 -2257 -11069 END
START -4444 -3248 30880 -18353 -2946 -11474 END
START -5464 -3632 32767 -15314 -3553 -11462 END
START -6416 -3624 32767 -12614 -3253 -10434 END
START -7104 -3812 32767 -10688 -2195 -8567 END
START -7748 -3672 32767 -9058 -565 -6436 END
START -8116 -3460 32767 -6621 921 -4728 END
START -8640 -3344 32767 -3309 1842 -3272 END
START -8584 -3096 32767 647 1955 -2088 END
START -8224 -2696 32767 4689 1322 -1279 END
START -7588 -1944 32767 8540 868 -809 END
START -6856 -1396 32767 11728 888 -403 END
START -6248 -1144 32767 14376 1433 -6 END
START -5180 -932 30876 16521 2029 410 END
START -4452 -784 27320 18083 2808 697 END
START -3768 -452 24192 19064 3245 846 END
START -3148 -384 21104 19589 3389 868 END
START -2508 -88 18020 19649 3445 720 END
START -1996 28 15476 19304 3458 505 END
START -1848 448 12888 18665 3154 502 END
START -1624 516 10864 17623 2447 544 END
START -1388 940 8828 16237 1799 509 END
START -1272 1288 7472 14744 1337 260 END
START -1008 1688 6032 13468 971 -125 END
START -980 1892 4704 12114 375 -469 END
START -916 2388 3688 10991 -260 -641 END
START -840 2380 2548 9534 -712 -752 END
START -576 2524 1516 7928 -930 -821 END
START -472 2516 668 6272 -1194 -882 END
START -456 2388 -304 4525 -1599 -997 END
START -340 2200 -924 2571 -2274 -978 END
START -64 2216 -1216 589 -3007 -941 END
START 500 2152 -1336 -1486 -3419 -982 END
START 832 2096 -1100 -3704 -3549 -1071 END
START 1592 2020 -544 -6132 -3328 -1123 END
START 2124 2120 316 -8352 -2873 -1244 END
START 2684 1956 1108 -10230 -2434 -1735 END
START 3352 1912 2652 -12106 -2045 -2469 END
START 3480 1728 4540 -13588 -1613 -3507 END
START 3472 1832 6484 -14712 -1404 -4646 END
START 3188 1896 8648 -15499 -1717 -5856 END
START 2352 1992 11204 -16138 -2110 -7087 END
START 1316 2372 14328 -16839 -2316 -7891 END
START 288 2596 18000 -17416 -2343 -8389 END
START -840 2840 22088 -17732 -1823 -8786 END
START -2356 2324 26696 -17507 -1081 -9039 END
START -3312 1292 31272 -16151 -404 -9340 END
START -4640 -268 32767 -14108 187 -10026 END
START -6456 -2300 32767 -11158 -5 -10425 END
START -8388 -3476 32767 -7050 -841 -9763 END
START -9776 -3768 32767 -2782 -960 -8254 END
START -10368 -3756 32767 1028 -143 -5947 END
START -10184 -3560 32767 4027 1334 -3332 END
START -9472 -3360 32767 6996 2770 -981 END
START -8588 -3204 32767 10223 3338 441 END
START -7632 -2800 32767 13868 3214 1118 END
START -6484 -2232 32767 17113 3100 1120 END
START -5548 -1668 32767 20216 2993 787 END
START -4788 -1052 29704 22660 2185 188 END
START -3788 -608 25916 24064 1478 -664 END
START -3312 252 23064 24613 1434 -1329 END
START -2912 780 20508 24852 2237 -1535 END
START -2492 840 17812 24845 3699 -1578 END
START -2308 544 15384 24350 5331 -1381 END
START -1920 160 12828 23628 6247 -1071 END