START 3864 6192 5604 -1341 -1479 -172 END
START 3056 6412 4192 -2037 -2934 -303 END
START 4060 6804 2936 -3484 -3835 -731 END
START 4816 5428 2988 -4758 -5824 -1373 END
START 4392 5172 2656 -6506 -5720 -2373 END
START 4164 5648 2384 -7989 -6339 -2983 END
START 4484 4608 2000 -9112 -5999 -3700 END
START 4516 4404 2276 -11095 -5095 -4539 END
START 4432 3768 2484 -13133 -4309 -5221 END
START 4388 3468 3372 -15123 -4047 -5519 END
START 4456 3384 4272 -16990 -3763 -5674 END
START 4604 3344 5416 -18676 -3201 -5976 END
START 4556 3132 6588 -20357 -2041 -6841 END
START 3976 2400 8652 -22007 -708 -8214 END
START 2696 1616 10516 -23247 35 -9605 END
START 1044 344 13104 -23672 -286 -10529 END
START -284 -1440 16460 -23848 -893 -11103 END
START -1716 -3260 20156 -23916 -1385 -11409 END
START -3300 -4952 24684 -23327 -2208 -11066 END
START -4700 -5432 28780 -21437 -2907 -9894 END
START -5248 -5380 32216 -19052 -2522 -8469 END
START -5788 -4576 32767 -16902 -1408 -7117 END
START -6040 -4004 32767 -14869 195 -6090 END
START -6184 -3432 32767 -12748 1257 -5592 END
START -6628 -2632 32767 -9634 1487 -5323 END
START -6968 -2068 32767 -5703 1116 -5470 END
START -7480 -1956 32767 -1245 304 -5376 END
START -7780 -1880 32767 2635 -309 -4932 END
START -7764 -1912 32767 5840 -289 -4081 END
START -7764 -2072 32767 8437 812 -2901 END
START -7612 -2228 32767 10587 2268 -1674 END
START -7248 -2552 32767 12727 3321 -354 END
START -6708 -2608 30120 14879 3470 511 END
START -5792 -2652 27004 16813 2950 807 END
START -5044 -2484 24076 18366 2265 871 END
START -4260 -2208 20960 19391 1687 850 END
START -3468 -1652 18408 19852 1259 881 END
START -2660 -1008 15600 19851 1219 1012 END
START -2016 -232 12800 19179 1648 1161 END
START -1440 356 10240 17912 2009 1274 END
START -1064 956 7952 16287 1771 1341 END
START -604 1636 6260 14622 1106 1120 END
START -128 2388 5136 13224 390 580 END
START 80 2916 3900 11864 -55 -121 END
START 44 3056 2964 10873 -630 -763 END
START 96 3064 1804 9733 -1376 -1282 END
START 124 3148 712 8425 -2377 -1606 END
START 536 3108 32 6791 -3223 -1884 END
START 956 3332 -532 4810 -3528 -2201 END
START 1664 3344 -780 2518 -3422 -2493 END
START 1944 3376 -744 66 -3170 -2741 END
START 2544 3372 -628 -2042 -2947 -2958 END
START 3252 3344 -236 -4134 -2496 -3411 END
START 3684 2928 136 -6222 -2079 -4014 END
START 4032 2628 1032 -8172 -1493 -4771 END
START 4060 2200 2256 -10174 -768 -5726 END
START 3492 1800 3468 -12098 -486 -6767 END
START 2512 1600 5052 -13560 -1032 -7590 END
START 1544 1468 7172 -14788 -2217 -8193 END
START 616 1472 10156 -15849 -3352 -8179 END
START 92 1712 13308 -16861 -3783 -8029 END
START -704 1836 16948 -17951 -3136 -7915 END
START -1340 1664 21092 -18805 -2254 -7672 END
START -1904 1552 25452 -18708 -1352 -7231 END
START -2924 1148 29716 -17525 -369 -7175 END
START -4204 528 32767 -15096 76 -7411 END
START -5508 -932 32767 -12064 -156 -7516 END
START -6692 -2216 32767 -8364 -654 -7086 END
START -7756 -3588 32767 -4858 -862 -5931 END
START -8036 -4180 32767 -1568 -286 -4235 END
START -7892 -4536 32767 2042 933 -2378 END
START -7332 -4452 32767 5757 2755 -924 END
START -6800 -3936 32767 9474 4493 -82 END
START -6176 -3240 32767 12708 5703 316 END
START -5732 -2552 32767 15573 6148 475 END
START -5264 -1884 31944 18050 6050 405 END
START -4924 -1580 28924 20136 5828 134 END