START 6904 7236 7780 1182 -994 -214 END
START 5012 7536 8696 474 -2716 -624 END
START 7288 6684 5920 -563 -3010 -1507 END
START 7548 6268 5256 -1791 -5029 -2682 END
START 7676 5784 4244 -3303 -5444 -3896 END
START 7448 5072 3236 -5068 -5168 -5111 END
START 7024 4736 2720 -6450 -4441 -6404 END
START 6488 3612 2092 -7894 -3341 -7454 END
START 5224 2988 1320 -9297 -3652 -8123 END
START 4768 2116 1116 -10993 -4831 -8329 END
START 4380 1880 1432 -13258 -5813 -8557 END
START 4492 1884 2320 -15672 -5930 -8640 END
START 4108 1620 3856 -18150 -5167 -8474 END
START 4124 1476 5808 -20614 -3662 -8384 END
START 3644 1048 8284 -22868 -2341 -8722 END
START 2560 484 11724 -24381 -1117 -9403 END
START 968 -764 15456 -24365 -783 -10089 END
START -376 -2268 19168 -23273 -1128 -10987 END
START -2104 -4152 22516 -21646 -1945 -11994 END
START -3892 -5596 25968 -19672 -2751 -12194 END
START -5264 -6684 28992 -17726 -3068 -11423 END
START -6292 -6720 31768 -16323 -1849 -9958 END
START -7152 -6504 32767 -14975 -91 -8098 END
START -7808 -6344 32767 -13288 1051 -6410 END
START -8168 -5968 32767 -10942 1617 -4855 END
START -8164 -5452 32767 -8020 1528 -3772 END
START -8096 -4668 32767 -4702 812 -3011 END
START -7576 -4036 32767 -1217 184 -2605 END
START -7104 -3656 32767 2123 220 -2412 END
START -6688 -3368 32767 5281 559 -2042 END
START -6512 -2936 32767 8254 1061 -1418 END
START -6084 -2804 32767 10785 1407 -752 END
START -5484 -2504 32420 13188 1649 -356 END
START -4804 -2368 29648 15207 1740 -143 END
START -4364 -2264 26432 16959 1852 -39 END
START -3924 -1904 23432 18267 1830 71 END
START -3108 -1548 20292 18890 1882 85 END
START -2756 -924 17444 18992 1833 207 END
START -2116 -408 14724 18403 1960 177 END
START -1540 76 12164 17283 1982 61 END
START -1336 1060 9636 15947 1671 9 END
START -856 2368 7556 14742 1225 2 END
START -524 2888 5508 13464 898 -296 END
START -236 3288 4044 12082 443 -712 END
START -148 3472 2616 10574 -169 -1164 END
START 220 3332 1536 8858 -1093 -1646 END
START 248 3252 868 7035 -2155 -2279 END
START 124 2904 332 5346 -3344 -2881 END
START 280 2372 -76 3832 -4468 -3311 END
START 444 2136 -300 2301 -5158 -3700 END
START 636 1380 -532 426 -5394 -3934 END
START 824 928 -428 -1861 -5306 -3959 END
START 1216 268 -144 -4363 -5089 -3522 END
START 1748 -24 840 -6769 -4635 -2962 END
START 2656 -236 2160 -8877 -4019 -2486 END
START 3360 -320 3712 -10650 -3163 -2492 END
START 3896 -156 5792 -11806 -2285 -3180 END
START 4064 -80 7444 -12453 -1723 -4361 END
START 3872 428 9452 -12860 -1839 -5604 END
START 3404 956 11744 -13015 -2285 -6845 END
START 2852 1584 14116 -13170 -2542 -7777 END
START 2200 1876 17404 -13584 -2483 -8292 END
START 1512 1844 20492 -13987 -1385 -8571 END
START 440 1468 23668 -14138 102 -8776 END
START -644 680 26832 -14008 1193 -9022 END
START -2072 -524 30420 -13251 1693 -9431 END
START -3828 -1628 32767 -11222 1553 -9631 END
START -5344 -2676 32767 -8160 847 -9470 END
START -6400 -3720 32767 -4857 410 -8799 END
START -7140 -4128 32767 -1532 323 -7694 END
START -7212 -4360 32767 1454 867 -6328 END
START -6896 -4552 32767 4106 2007 -4909 END
START -6544 -4460 32767 6780 3452 -3573 END
START -6088 -4388 32767 9600 4743 -2612 END
START -5876 -4232 32767 12461 5472 -2043 END
START -5620 -3792 32767 15539 5763 -1680 END
START -5060 -3440 31768 18203 5956 -1379 END
START -4540 -3076 28476 20186 6367 -1306 END
START -4040 -2588 25192 21767 6686 -1316 END
START -3612 -1996 21720 22686 6751 -1405 END
START -3300 -1884 18632 22931 6586 -1565 END
START -3088 -1328 15460 22743 6629 -1754 END
START -2892 -1104 12764 22388 6788 -1908 END