START 4816 372 -2632 1182 378 -3383 END
START 3484 680 -2200 404 -889 -3339 END
START 4024 1408 -3508 -1027 -1600 -3244 END
START 3800 128 -3848 -3297 -3377 -2720 END
START 4168 208 -4808 -6684 -3406 -2662 END
START 4176 -16 -5588 -11024 -2767 -3097 END
START 3828 -240 -5228 -15208 -2208 -3671 END
START 3248 -208 -4808 -18744 -2166 -4160 END
START 3368 -220 -3740 -21507 -2886 -5022 END
START 3464 -696 -2876 -24106 -3999 -6724 END
START 4036 -1708 -908 -26713 -4970 -9253 END
START 3788 -2988 2704 -29279 -6984 -11613 END
START 3504 -4212 8056 -31469 -8794 -13656 END
START 2420 -5272 16164 -32768 -9622 -14982 END
START 1148 -7084 24824 -32768 -9389 -15575 END
START -908 -8508 32767 -30879 -8340 -15451 END
START -3420 -9956 32767 -27108 -6433 -14408 END
START -5552 -10404 32767 -21527 -4806 -12413 END
START -6396 -9128 32767 -15253 -2521 -10279 END
START -6748 -7968 32767 -9380 213 -8053 END
START -7124 -6508 32767 -4292 2877 -5806 END
START -6764 -5040 32767 978 4795 -3733 END
START -6392 -3492 32767 5802 5849 -2367 END
START -5584 -2448 32767 10256 6252 -1432 END
START -4960 -1784 32767 14134 6018 -1060 END
START -4760 -1848 32767 17650 5233 -672 END
START -4124 -1972 29760 20086 4214 -132 END
START -3512 -2176 25376 21564 3220 198 END
START -3244 -1960 21564 22353 2562 492 END
START -2808 -1888 17788 22598 2530 1010 END
START -2264 -1968 14232 22202 2604 1360 END
START -1852 -1980 10656 21115 2196 1350 END
START -1480 -1928 7644 19469 1616 1029 END
START -1152 -1824 4708 17498 1109 580 END
START -916 -1896 2652 15413 799 135 END
START -748 -2088 672 13366 584 -231 END
START -448 -2020 -1180 11391 158 -567 END
START -124 -1900 -2564 8939 -581 -1015 END
START 388 -1560 -3880 6290 -1243 -1506 END
START 792 -1556 -4916 3437 -1544 -2195 END
START 992 -1404 -5504 379 -1671 -2904 END
START 1228 -1252 -5832 -2785 -1871 -3505 END
START 1628 -1252 -5748 -6413 -2262 -4071 END
START 1980 -1572 -4776 -10176 -2200 -4679 END
START 2296 -1992 -3040 -13502 -2116 -5517 END
START 2784 -2564 -688 -16203 -2450 -6439 END
START 3340 -2832 2224 -18493 -2990 -7295 END
START 3888 -2828 5656 -20940 -3350 -8496 END
START 4020 -2648 10272 -23418 -3272 -10119 END
START 2504 -2604 16544 -25142 -3106 -12156 END
START 268 -2616 23592 -25309 -4033 -13648 END
START -2172 -2484 31872 -23284 -5399 -13780 END
START -3604 -2656 32767 -19273 -5878 -12977 END
START -4420 -4112 32767 -14168 -5117 -11741 END
START -5136 -5432 32767 -8760 -3556 -10196 END
START -5536 -6320 32767 -3081 -1284 -8072 END
START -5428 -6148 32767 2507 1536 -5859 END
START -5256 -5248 32767 7855 4006 -3570 END
START -4608 -3944 32767 12891 5589 -1818 END
START -3760 -2748 32767 17367 6637 -888 END
START -3088 -2100 32767 21033 6885 -764 END
START -2508 -2060 32560 23928 6446 -1174 END
START -2108 -2336 27928 26359 5599 -1755 END
START -2088 -2780 23996 28073 5181 -2193 END
START -2060 -3048 20236 28873 5389 -2391 END