START 6788 6548 4364 3606 -2366 -1735 END
START 8304 6248 904 2841 -2503 -2019 END
START 7308 6772 3376 1345 -2370 -2487 END
START 6376 5672 4120 -420 -2641 -2785 END
START 6096 5160 3172 -2343 -2339 -3221 END
START 5964 5156 2724 -4553 -2975 -3707 END
START 6224 4692 2532 -6290 -2828 -4202 END
START 6008 4476 2548 -7941 -2251 -4755 END
START 5756 3792 2580 -9573 -1399 -5670 END
START 5152 3096 2624 -11363 -838 -6899 END
START 4068 2636 2816 -12871 -1083 -8161 END
START 3344 1972 3316 -14419 -1611 -9177 END
START 2372 1608 4584 -15999 -2524 -9499 END
START 1364 1420 6016 -17487 -3040 -9253 END
START 744 1268 8108 -18990 -2831 -8415 END
START 200 964 10080 -20669 -1707 -7527 END
START -352 612 12896 -22191 -550 -7004 END
START -928 -116 16388 -23056 225 -7023 END
START -1568 -1268 19672 -23207 271 -7548 END
START -2452 -2744 23480 -22411 -462 -8205 END
START -3472 -4140 27800 -20374 -1421 -8709 END
START -4444 -4568 30940 -17538 -1861 -8759 END
START -5396 -4720 32767 -14597 -1692 -8244 END
START -6360 -4544 32767 -11868 -1021 -7439 END
START -6856 -4224 32767 -9325 -50 -6475 END
START -7260 -3992 32767 -6959 842 -5429 END
START -7648 -3664 32767 -4419 1607 -4330 END
START -7860 -3352 32767 -1536 2123 -3099 END
START -7716 -2980 32767 1525 2113 -2044 END
START -7404 -2648 32767 4561 1810 -1369 END
START -6880 -2248 32767 7234 1608 -992 END
START -6536 -2176 32767 9623 1716 -622 END
START -6032 -2140 31716 11877 1791 -312 END
START -5672 -1944 29280 13911 1886 -34 END
START -5200 -1848 26844 15834 1772 253 END
START -4680 -1732 23948 17099 1764 411 END
START -4116 -1552 21576 17780 1996 588 END
START -3732 -1204 18852 18090 1994 837 END
START -3124 -692 16276 18058 1844 1051 END
START -2468 -140 13864 17319 1649 996 END
START -1996 472 11660 16286 1226 681 END
START -1508 1128 9744 15193 216 417 END
START -1252 1704 8292 14341 -995 -29 END
START -996 2172 7148 13500 -2036 -440 END
START -296 2700 5752 12926 -2529 -920 END
START 24 2940 4368 11602 -2305 -1330 END
START 76 3196 3172 9920 -2093 -1538 END
START 200 3352 2204 8125 -1987 -1585 END
START 336 3256 1448 6152 -2046 -1638 END
START 540 3232 788 4196 -2425 -1877 END
START 1036 3180 516 2416 -3034 -2276 END
START 1576 3088 484 815 -3662 -2670 END
START 2236 3076 608 -820 -3831 -3036 END
START 2908 3052 732 -2627 -3379 -3575 END
START 3448 2824 1092 -4784 -2386 -4127 END
START 3620 2412 1528 -7203 -1233 -4670 END
START 3520 2120 2448 -9497 -9 -5013 END
START 2696 2060 3668 -11223 793 -5305 END
START 1928 2048 4920 -12548 845 -5745 END
START 908 2052 6480 -13451 58 -6145 END
START 248 2424 8224 -14096 -1309 -6403 END
START -84 2488 10524 -15065 -2672 -6649 END
START -148 2936 13892 -16109 -3377 -6762 END
START -88 3136 17364 -16978 -3092 -6770 END
START -220 3268 21224 -17340 -1856 -7076 END
START -568 2700 24964 -17206 -666 -7961 END
START -1692 1712 28588 -16384 -153 -9205 END
START -3244 44 32084 -14612 -173 -10592 END
START -4764 -1664 32767 -11967 -868 -11337 END
START -6108 -3744 32767 -8292 -1721 -11181 END
START -7140 -5220 32767 -4511 -1794 -10109 END
START -7932 -5960 32767 -901 -480 -8358 END
START -8316 -6204 32767 2253 1501 -6252 END
START -8368 -6052 32767 5166 3772 -3976 END
START -8108 -5432 32767 7743 5608 -1963 END
START -7688 -4464 32767 10474 6725 -547 END
START -7188 -3528 32767 13611 7243 138 END
START -6884 -2940 31424 16357 7205 454 END
START -6256 -2280 28192 18868 6744 456 END
START -5884 -1796 25452 20778 6247 262 END
START -5292 -1264 22404 21961 5646 107 END
START -4824 -1084 19844 22506 5224 -72 END