START 6848 7320 4024 2430 -3052 3597 END
START 5884 7796 4996 1638 -5327 3225 END
START 6764 8136 3868 430 -6667 2346 END
START 7036 7032 4492 -94 -9106 1391 END
START 7004 7100 3956 -504 -8394 804 END
START 6976 6720 2756 -1819 -7097 820 END
START 6832 5812 2152 -3607 -5311 1133 END
START 6952 5296 1464 -5881 -4321 1778 END
START 7524 4640 868 -8468 -3370 1725 END
START 8260 4660 624 -10817 -2178 258 END
START 7984 4204 672 -12574 -1145 -2514 END
START 7276 3216 552 -13635 -1281 -5580 END
START 6388 2152 432 -14444 -2395 -8106 END
START 5412 1216 464 -15557 -3243 -9714 END
START 4656 564 876 -17176 -3112 -10066 END
START 4220 192 2196 -19241 -1924 -9559 END
START 3992 -80 3652 -21440 -328 -8663 END
START 3812 200 5388 -23638 1563 -7902 END
START 3592 224 8184 -25532 3493 -7466 END
START 3324 88 10960 -27006 4935 -7531 END
START 2456 -292 15012 -27728 4988 -8373 END
START 1076 -904 19376 -27242 3908 -9717 END
START 160 -2112 23452 -25576 2327 -11428 END
START -1584 -3640 28340 -22805 61 -12691 END
START -2884 -4828 32100 -19937 -1720 -12913 END
START -4088 -5684 32767 -17582 -1943 -11851 END
START -4908 -6060 32767 -15334 -541 -9909 END
START -5724 -6108 32767 -12929 1904 -7907 END
START -6632 -5852 32767 -10169 4410 -6257 END
START -7896 -5724 32767 -7172 6089 -4855 END
START -8896 -5416 32767 -3479 5850 -3558 END
START -9312 -4784 32767 745 4343 -2409 END
START -9028 -3836 32767 4726 2746 -1484 END
START -8308 -2924 32767 8398 1617 -627 END
START -7536 -2108 32767 11324 1273 270 END
START -6544 -1632 32767 13788 1519 1174 END
START -5616 -1348 30608 15641 1958 1864 END
START -4808 -1168 27236 17448 2107 2166 END
START -3976 -1096 23920 18780 2002 2161 END
START -3216 -704 20836 19707 1758 1979 END
START -2632 -528 18200 20123 1508 1746 END
START -1980 -244 15468 20067 1319 1586 END
START -1572 304 12944 19423 1539 1484 END
START -1056 464 10460 18225 1718 1466 END
START -716 852 8416 16531 1561 1403 END
START -696 1196 6908 14762 906 1298 END
START -156 1624 5624 13389 284 907 END
START -16 2188 4840 11941 -272 239 END
START 128 2420 4068 10965 -904 -254 END
START 404 2696 3320 9997 -1697 -634 END
START 1016 2920 2740 8768 -1964 -1072 END
START 1684 3104 1740 7247 -1811 -1523 END
START 1876 3160 1104 5346 -1604 -2000 END
START 2004 3112 656 3296 -1529 -2549 END
START 2044 3028 200 1245 -1715 -2942 END
START 2268 2980 284 -692 -1819 -3323 END
START 2296 2968 256 -2559 -1707 -3713 END
START 2516 2700 696 -4431 -1270 -3987 END
START 2700 2524 920 -6414 -917 -4137 END
START 3020 2364 1520 -8395 -523 -4315 END
START 3192 2368 2464 -10407 223 -4604 END
START 3216 2200 3704 -12215 934 -5053 END
START 2808 2068 5132 -13766 1357 -5848 END
START 1960 1944 6616 -14812 968 -6931 END
START 680 2188 8604 -15541 -63 -7944 END
START -156 2336 10948 -16249 -1543 -8515 END
START -900 2208 14324 -17042 -3162 -8462 END
START -1384 2048 18316 -17652 -4141 -8044 END
START -1336 1964 23092 -18135 -3925 -8031 END
START -1500 1244 28732 -18431 -2569 -8624 END
START -2624 -12 32767 -17355 -852 -9741 END
START -4416 -1336 32767 -13925 -296 -10382 END
START -6404 -2932 32767 -8623 -1013 -10124 END
START -7152 -3896 32767 -3620 -1496 -9037 END
START -7532 -4736 32767 28 -647 -7640 END
START -7544 -4872 32767 2846 1112 -5929 END
START -7428 -4744 32767 6250 3550 -3955 END
START -6972 -4388 32767 9794 5704 -2089 END
START -6288 -3864 32767 13015 7169 -893 END
START -5828 -3416 32767 16280 8081 -336 END
START -5468 -2492 32767 19577 7937 -55 END
START -4908 -1980 31208 22311 7429 77 END
START -4176 -1404 28128 24345 6930 -69 END
START -3668 -984 24844 25927 6637 -463 END