START 984 3840 2772 -1241 -1595 -3628 END
START 1052 3912 1644 -1632 -2621 -3783 END
START -372 3756 5556 -2326 -3985 -4037 END
START 1316 3496 1456 -3771 -5858 -3556 END
START 1776 3288 1124 -5519 -6321 -2745 END
START 2204 3356 1296 -7671 -5698 -1983 END
START 2780 3180 1988 -9859 -4491 -1249 END
START 3624 3112 2496 -12063 -3220 -1121 END
START 3888 3312 3904 -13838 -2611 -1917 END
START 4124 3528 5104 -14717 -2586 -3428 END
START 4048 3172 6640 -15266 -2418 -5303 END
START 3096 3204 8100 -15567 -2698 -7294 END
START 2680 2600 9604 -16002 -3009 -8725 END
START 1548 1712 11776 -16817 -3155 -9572 END
START 604 232 13944 -18208 -2364 -9718 END
START -740 -1208 16904 -19679 -1060 -9067 END
START -1484 -2828 19676 -21353 679 -7568 END
START -3564 -4080 22788 -22185 2124 -6281 END
START -3584 -6464 26588 -21959 2808 -4791 END
START -5132 -5848 30032 -19803 2517 -4167 END
START -5760 -6236 32624 -16216 1434 -4322 END
START -6388 -5836 32767 -12641 216 -4927 END
START -7304 -5244 32767 -9499 -551 -5514 END
START -7644 -4792 32767 -7143 -555 -5886 END
START -8508 -4348 32767 -5255 -170 -5558 END
START -9364 -4516 32767 -3165 364 -4346 END
START -9756 -4500 32767 -560 818 -2841 END
START -9692 -4808 32767 2665 955 -1172 END
START -9072 -5012 32767 5815 1202 369 END
START -8140 -4832 32767 8453 1822 1225 END
START -7224 -4856 32767 10962 2379 1575 END
START -6400 -4632 31504 13499 2529 1433 END
START -5896 -4412 28900 15857 2116 1280 END
START -5268 -3948 26080 17836 1580 1236 END
START -4468 -3184 23088 19119 1327 1441 END
START -3516 -2808 19960 19287 1868 1583 END
START -3024 -2252 17264 18474 2792 1623 END
START -2504 -1864 14432 17270 3262 1599 END
START -2192 -1264 12408 16214 2850 1638 END
START -1772 -612 10636 15654 1809 1637 END
START -1188 52 8940 15300 651 1532 END
START -720 612 7320 14859 -252 1251 END
START 0 1400 5716 14067 -549 832 END
START 444 1896 4384 12938 -553 468 END
START 688 2340 3116 11498 -456 -9 END
START 860 2516 2016 9864 -424 -448 END
START 976 2448 1068 8190 -666 -1005 END
START 960 2212 240 6324 -1258 -1740 END
START 1108 2316 -208 4347 -1736 -2584 END
START 964 2008 -360 2346 -2343 -3178 END
START 1364 1736 -480 515 -2611 -3425 END
START 1580 1568 -388 -1341 -2455 -3528 END
START 1996 1492 -128 -3458 -1846 -3705 END
START 2308 1480 132 -5864 -1162 -3909 END
START 2488 1544 848 -8079 -561 -4278 END
START 2372 1760 1616 -9872 -153 -4803 END
START 1928 1768 2892 -11449 -152 -5584 END
START 1324 1772 4412 -12983 -632 -6351 END
START 320 2032 6516 -14295 -1691 -6893 END
START -512 2244 9308 -15173 -3256 -6991 END
START -1036 2192 12660 -15890 -4850 -6903 END
START -1460 1680 16328 -16779 -5470 -6802 END
START -2004 1356 20672 -17849 -4659 -7129 END
START -2540 248 24996 -18791 -2698 -7441 END
START -3792 -520 29632 -18644 -807 -7354 END
START -5000 -2044 32767 -17075 513 -7135 END
START -6412 -3276 32767 -14275 1356 -7189 END
START -8216 -4940 32767 -10085 1186 -6997 END
START -9360 -6196 32767 -5127 355 -6071 END
START -10024 -6760 32767 -775 134 -4921 END
START -10364 -6756 32767 2911 654 -3587 END
START -10460 -6724 32767 5941 1641 -2172 END
START -10276 -6296 32767 8903 2705 -734 END
START -9920 -5808 32767 11796 3298 609 END
START -9200 -5360 32767 14448 3511 1712 END
START -8128 -4608 32767 17111 3592 2431 END
START -7152 -3864 30864 19336 3654 3003 END
START -6112 -3320 27396 20983 3770 3169 END
START -5160 -2656 24420 22038 3701 3013 END
START -4024 -2372 21088 22430 3638 2446 END
START -3444 -2228 18088 22033 3422 1651 END
START -2944 -1988 15608 21479 3343 908 END
START -2764 -1696 13440 21151 3491 398 END
START -2300 -1548 11272 21082 3731 131 END