START 9788 6072 5160 523 -3456 -3447 END
START 7596 6356 6148 20 -4122 -3766 END
START 8288 6616 5856 -772 -4421 -4187 END
START 8612 5564 4232 -1550 -4756 -4273 END
START 7872 5212 3484 -2814 -3958 -4377 END
START 8196 5008 1968 -4500 -3184 -4358 END
START 8044 4252 1052 -6841 -1427 -4944 END
START 7292 3836 376 -9377 -91 -6211 END
START 6008 3076 12 -11186 -524 -7754 END
START 5260 2696 -116 -12619 -2195 -9122 END
START 4280 2444 740 -14056 -3498 -9958 END
START 3776 2336 1772 -15803 -3495 -9756 END
START 3040 2612 3152 -18132 -2505 -8967 END
START 2200 2616 5296 -20853 -756 -8157 END
START 1004 1956 7916 -23160 1053 -7916 END
START -604 1124 11836 -24546 1838 -8069 END
START -1904 -244 16084 -24485 1052 -8556 END
START -3020 -2664 20560 -23375 -663 -9634 END
START -3876 -4856 25108 -21661 -2066 -10253 END
START -5240 -6944 29720 -19349 -3231 -10100 END
START -6020 -7488 32767 -16744 -3629 -8895 END
START -5992 -7332 32767 -14600 -2433 -7284 END
START -6372 -6812 32767 -12751 -377 -5695 END
START -6568 -5752 32767 -10441 1431 -4356 END
START -6776 -4996 32767 -7456 2311 -3491 END
START -7008 -4336 32767 -4023 2202 -3087 END
START -6976 -3812 32767 -233 1367 -2863 END
START -6760 -3184 32767 3425 510 -2569 END
START -6544 -2644 32767 6506 241 -2120 END
START -6032 -2104 32767 9135 338 -1466 END
START -5700 -1728 32767 11449 724 -962 END
START -5292 -1504 31860 13607 1167 -664 END
START -4948 -1516 28816 15164 1483 -508 END
START -4744 -1496 25860 16703 1321 -411 END
START -4136 -1144 22588 17809 975 -370 END
START -3756 -904 19960 18324 708 -422 END
START -3208 -760 16864 18300 532 -485 END
START -2920 -468 14548 17790 300 -399 END
START -2624 -24 12288 17014 -50 -95 END
START -2052 484 10092 16112 -488 218 END
START -1604 992 8408 14832 -900 296 END
START -1036 1756 6984 13408 -830 55 END
START -660 2164 5624 12294 -656 -350 END
START -436 2700 4216 11193 -834 -664 END
START -272 3000 2916 10165 -1463 -948 END
START 216 3168 1712 8913 -2093 -1330 END
START 492 3340 460 7263 -2743 -1943 END
START 752 3272 -524 5314 -3387 -2578 END
START 1092 3136 -988 3175 -3985 -3233 END
START 1268 3004 -1048 1065 -4305 -3709 END
START 1568 2728 -884 -848 -4389 -3871 END
START 2108 2420 -868 -2791 -4252 -3726 END
START 3072 2352 -576 -5098 -3527 -3561 END
START 3740 2216 148 -7691 -2304 -3699 END
START 4352 2216 1092 -10132 -1255 -4012 END
START 4388 1872 2340 -12023 -703 -4672 END
START 4076 1808 3824 -13421 -832 -5619 END
START 3512 2292 5812 -14485 -1573 -6553 END
START 2808 2708 8524 -15560 -2556 -7510 END
START 2292 2964 11864 -16453 -3546 -8268 END
START 1984 2840 16044 -17207 -3719 -9088 END
START 1244 2336 21384 -17644 -2616 -9990 END
START 164 800 26368 -17255 -1128 -11116 END
START -1716 -1228 31272 -15834 -268 -11990 END
START -4112 -3260 32767 -12994 -301 -12091 END
START -6676 -4588 32767 -9170 -826 -11148 END
START -8408 -5184 32767 -5659 -1052 -9224 END
START -8916 -5484 32767 -2885 -435 -6433 END
START -8416 -5308 32767 -675 1378 -3424 END
START -7648 -5236 32767 1630 3869 -1127 END
START -7080 -4932 32767 4701 5833 190 END
START -6608 -4460 32767 8543 6031 565 END
START -6032 -3836 32767 12579 5167 395 END
START -5388 -3004 32767 16367 4293 -41 END
START -4596 -2268 32767 19501 4065 -435 END
START -3780 -1720 30816 21790 4533 -683 END
START -3280 -1244 27232 23299 5511 -828 END
START -2956 -960 23636 24134 6799 -830 END
START -2524 -860 20760 24523 7770 -905 END
START -2396 -516 17608 24605 8211 -1039 END
START -2256 -300 14560 24610 8201 -1234 END
START -2020 -184 11844 24330 7763 -1552 END