START 7388 1732 13108 6398 -6821 -5045 END
START 11776 288 9384 6408 -7239 -4921 END
START 8360 1016 10396 6090 -5571 -5236 END
START 5788 1392 13052 5878 -5111 -4056 END
START 6648 1284 11752 5818 -5075 -2918 END
START 7360 1592 10700 5126 -6073 -2874 END
START 7640 2148 10576 4491 -7517 -3826 END
START 8216 2384 10344 4361 -8913 -5129 END
START 8372 2524 9672 4079 -9553 -6979 END
START 7972 2672 8968 3560 -9937 -8353 END
START 7792 2340 8276 2833 -9835 -8973 END
START 7280 2220 7696 1638 -9353 -9004 END
START 6652 2020 6944 -78 -8610 -8614 END
START 5904 2180 6884 -1957 -7740 -7937 END
START 5620 1948 6832 -3549 -6602 -7537 END
START 5304 1736 6760 -4690 -5243 -7838 END
START 4632 924 6836 -5910 -4433 -8618 END
START 3948 76 6756 -7148 -4516 -9436 END
START 3000 -188 7472 -7512 -5675 -9887 END
START 2560 -168 7496 -7260 -7758 -9765 END
START 2312 136 7768 -7606 -9716 -9728 END
START 2280 700 8192 -8509 -9583 -9235 END
START 2476 1056 8040 -10546 -7703 -8185 END
START 2052 1088 8960 -13606 -4979 -7302 END
START 1776 788 10472 -14959 -2238 -5974 END
START 1168 448 11196 -14687 -851 -4337 END
START 976 768 11804 -14414 -536 -3383 END
START 752 1156 12112 -14199 19 -3323 END
START -316 1320 12408 -14287 28 -3514 END
START -1192 1260 12424 -14171 -922 -3638 END
START -1752 924 12968 -14071 -2695 -3353 END
START -1444 672 13488 -14115 -4167 -2719 END
START -1304 1080 14272 -14668 -4201 -2120 END
START -1596 1244 15304 -15650 -2975 -1226 END
START -2000 924 16052 -16294 -1362 85 END
START -2424 600 16408 -16824 -83 1365 END
START -2840 120 16632 -17280 361 2551 END
START -2892 208 17900 -17378 -9 3760 END
START -2628 -12 18908 -16830 -208 4922 END
START -2024 -532 19888 -15880 -392 5483 END
START -1796 -816 20528 -14987 568 5847 END
START -2096 -1240 20924 -14289 2196 6305 END
START -3144 -1660 21680 -13574 3766 7087 END
START -3404 -2056 22568 -12466 4207 8770 END
START -2452 -1860 23712 -11560 4389 10686 END
START -1120 -1760 24036 -11401 5981 11922 END
START -764 -1560 24808 -11677 8283 12357 END
START -1180 -1716 26212 -11268 9906 12223 END
START -1448 -2204 27536 -9857 10021 12173 END
START -1540 -2184 28416 -7625 9283 12624 END
START -1136 -2040 28756 -5242 8957 13364 END
START -700 -1816 28544 -3349 9462 14165 END
START -92 -1920 28104 -2295 10901 14794 END
START 820 -2340 27572 -2631 11579 15178 END
START 2036 -2556 28520 -2960 10954 14828 END
START 3448 -2156 29872 -879 9718 14084 END
START 5116 -1580 29900 2117 9097 12325 END
START 6064 -1076 29048 4698 9532 10157 END
START 5312 -1444 28164 6633 10384 8827 END
START 5644 -1732 27384 8374 10858 7872 END
START 6276 -2200 26332 9930 10979 7486 END
START 7108 -2136 24632 9822 10941 6600 END
START 7424 -1952 23372 8532 10341 4577 END
START 7416 -1892 22876 8550 9032 2157 END
START 7048 -2088 22400 9672 7185 -330 END
START 6776 -2532 21248 11091 4786 -2817 END
START 6484 -3104 19648 11731 2357 -4825 END
START 6436 -3524 18292 11385 -35 -6027 END
START 6316 -3476 17432 10542 -2044 -7169 END
START 6884 -3944 16548 9645 -2733 -8248 END
START 6868 -3668 15708 7995 -2577 -9203 END
START 6552 -3728 15328 6240 -2076 -9810 END
START 5844 -3756 15512 5171 -1446 -9717 END
START 5976 -3652 15620 5164 -313 -9477 END
START 6484 -3452 15636 4817 884 -10128 END
START 6480 -3180 15400 4376 1208 -11879 END
START 5824 -3292 15604 4040 130 -13867 END
START 5096 -3364 16700 4440 -1081 -15283 END
START 4324 -3376 17348 5025 -2075 -16367 END
START 3792 -3644 17608 5402 -2345 -17076 END
START 2788 -3700 18484 5384 -1270 -17254 END
START 1656 -3376 19504 5677 316 -16635 END
START 660 -2964 20476 6817 2069 -16057 END
START -280 -2668 20576 8175 3537 -15806 END
START -1476 -2488 19720 8823 3899 -16032 END
START -2896 -2496 19060 7763 2285 -16580 END
START -4040 -2464 20036 7157 53 -16808 END
START -4756 -2500 21608 8159 -731 -16370 END
START -5536 -2168 21728 8933 244 -15579 END
START -6728 -1848 21756 9394 1023 -14588 END
START -7488 -1536 21936 10561 1181 -13482 END
START -8184 -1248 21924 12298 1222 -12261 END
START -8300 -864 21156 13971 979 -10806 END
START -8312 -784 19676 13798 -447 -9500 END
START -8588 -304 19432 12412 -1850 -8383 END
START -9036 -92 19800 12289 -2452 -7271 END
START -9804 40 19680 12942 -2861 -6121 END
START -10028 396 19324 13609 -3081 -4981 END
START -10268 516 18520 14244 -3311 -3782 END
START -10188 832 17792 14918 -3807 -2204 END
START -9824 1372 17160 15418 -4002 -155 END
START -9100 1932 16004 15104 -3881 1482 END
START -8844 2120 14624 13880 -3847 2450 END
START -8504 2180 14060 12943 -3826 3268 END
START -8260 1944 13440 12744 -3823 4274 END
START -8024 1976 12772 12714 -4136 5360 END
START -7944 2120 11764 12764 -4452 6487 END
START -8296 2368 10868 13676 -4277 7610 END
START -9076 2196 9304 15066 -3873 8687 END
START -8544 1780 7560 15947 -3651 10001 END
START -6508 1012 4760 14457 -4428 11643 END
START -4064 1132 3008 8221 -7026 12784 END
START -2476 1180 4920 3188 -8254 13442 END
START -1740 1296 7008 1992 -7697 14391 END
START -844 1040 7136 2217 -6681 15490 END
START 116 880 6432 1384 -6235 15820 END
START 1084 708 6200 562 -5923 15763 END
START 1912 356 6312 -17 -5791 16015 END
START 3056 212 6320 -977 -6263 16541 END
START 4488 244 6504 -2378 -6838 16928 END
START 5508 256 7060 -3609 -7151 17057 END
START 6288 684 7268 -4449 -6614 16898 END
START 6756 724 6968 -5309 -5448 16375 END
START 7112 632 6976 -6585 -4557 15774 END
START 7900 588 7548 -7915 -4461 15840 END
START 9128 324 8204 -8876 -4372 15962 END
START 10252 380 8764 -9944 -4131 15757 END
START 10828 512 9384 -11044 -3323 14925 END
START 10704 456 9672 -11720 -2290 13314 END
START 10024 224 9812 -12398 -1706 11613 END
START 9640 -380 10280 -13121 -2657 10916 END
START 10716 -644 11364 -13853 -4096 10999 END
START 12396 -940 12644 -14677 -4425 10864 END
START 13984 -952 13672 -15605 -3060 9882 END
START 13860 -968 14900 -16222 -917 7832 END
START 13500 -1212 16120 -16206 -60 5835 END
START 13616 -1404 17096 -15837 -825 4720 END
START 14652 -1440 18300 -15529 -1381 4125 END
START 16384 -1172 19292 -15608 -739 3076 END
START 17356 -1440 20388 -15727 374 1116 END
START 17680 -804 21692 -15364 1405 -1440 END
START 17620 -424 22716 -14434 2057 -4589 END
START 17744 -500 23528 -13326 2482 -7913 END
START 17944 -672 24468 -12293 2611 -10855 END
START 17796 -1004 24960 -11020 2432 -13208 END
START 16992 -1000 25748 -9422 3046 -15333 END
START 15348 -1008 25920 -7848 4111 -17426 END
START 13092 -952 25740 -6461 5029 -19080 END
START 10668 -1108 25352 -5137 5569 -20136 END
START 8524 -1408 25060 -3915 5759 -21128 END
START 6172 -1904 25132 -2789 5865 -22314 END
START 3416 -2664 25084 -1177 5236 -23339 END
START 488 -2996 24428 811 4061 -23659 END
START -2448 -3472 23960 2594 2862 -23201 END
START -5388 -3996 22972 4134 1401 -21681 END
START -7540 -4380 22000 5740 -607 -18940 END
START -8668 -4068 20996 7226 -2175 -15263 END