START 7388 -268 8112 10495 -7760 -6228 END
START 6436 928 9824 10242 -8901 -5908 END
START 8892 32 11252 9847 -8251 -6203 END
START 7300 52 11792 9148 -7983 -6380 END
START 6416 144 11748 8693 -8571 -6599 END
START 6496 72 11248 8100 -9674 -7325 END
START 6768 428 10720 7564 -10375 -8750 END
START 6808 876 10496 7176 -9982 -10810 END
START 6228 612 9668 6749 -8660 -12372 END
START 5280 484 8696 5976 -7531 -12695 END
START 4532 660 7612 4886 -6961 -12246 END
START 4420 776 6868 3708 -6779 -11848 END
START 4388 1316 6044 2658 -7085 -11989 END
START 4624 1320 5624 1547 -7351 -12670 END
START 4032 1428 5216 126 -7151 -13474 END
START 3044 1136 5084 -1516 -6819 -13980 END
START 1820 828 5152 -2943 -6187 -13723 END
START 488 1060 5140 -4135 -6215 -12587 END
START -316 892 5096 -5173 -6942 -11270 END
START -800 976 5508 -6258 -8484 -10055 END
START -864 912 5940 -7337 -9397 -8860 END
START -784 936 7252 -8805 -8725 -7803 END
START -660 676 8348 -10024 -6320 -6833 END
START -1032 460 8992 -11252 -3617 -5529 END
START -1760 548 9372 -12371 -2414 -4129 END
START -2424 316 9968 -12885 -2727 -3274 END
START -3184 40 10208 -13002 -4334 -2707 END
START -3612 -48 11312 -13536 -6260 -2369 END
START -3932 164 12640 -13496 -6924 -1588 END
START -3848 -272 13636 -13593 -5657 -815 END
START -4292 -532 13304 -14145 -4496 -86 END
START -5224 -960 13612 -15141 -5509 725 END
START -5364 -1820 14488 -15802 -7648 2047 END
START -4556 -1804 15560 -16575 -9435 4113 END
START -3268 -1904 17400 -17669 -8604 6063 END
START -2328 -1512 18908 -18258 -5316 7346 END
START -2512 -1360 19876 -18529 -2495 7807 END
START -3076 -1860 20504 -18008 -1893 8164 END
START -3128 -2896 20784 -16792 -2335 8967 END
START -3296 -3204 21100 -16277 -2599 10132 END
START -2964 -3080 22316 -16574 -2286 11524 END
START -2444 -3264 24480 -16620 -1321 12792 END
START -1944 -3088 26468 -15290 404 14022 END
START -1548 -2940 27464 -13280 2622 14821 END
START -1512 -3032 27528 -11355 4954 15325 END
START -1656 -3260 27828 -9975 6858 16324 END
START -1252 -3372 29088 -8833 8356 17430 END
START -516 -3332 30280 -7277 9361 18250 END
START 408 -3324 30836 -5243 9550 18462 END
START 1680 -3040 30536 -3576 9217 17957 END
START 3056 -2732 30848 -2251 9218 16721 END
START 4288 -2528 31312 -325 9952 15213 END
START 5312 -2480 31692 2166 10987 13750 END
START 6040 -2364 31396 4510 12875 11984 END
START 6060 -2520 30156 6473 14530 10805 END
START 6260 -2708 28292 7595 14959 10080 END
START 6844 -2852 27260 7342 14081 8855 END
START 7332 -2780 27292 8067 13012 6809 END
START 7600 -2868 26760 10217 12433 4182 END
START 7192 -3220 25568 12164 11818 1652 END
START 6976 -3568 24148 13306 10924 -208 END
START 6820 -3912 21944 13517 9728 -1658 END
START 6292 -3868 20340 12912 7092 -2737 END
START 6240 -3832 19736 12528 3678 -3854 END
START 6932 -3076 18876 12288 1260 -5894 END
START 6776 -2964 18396 11895 -603 -8050 END
START 6720 -2820 18196 12119 -1745 -9587 END
START 6924 -2844 17740 12061 -1769 -10688 END
START 6840 -2732 16956 11136 -1265 -11583 END
START 6440 -2556 16628 9171 -1245 -12001 END
START 5672 -2176 16944 7816 -819 -12213 END
START 4696 -1812 17176 7359 -744 -12457 END
START 4428 -1576 17244 6825 -2274 -13373 END
START 4388 -1144 18320 6801 -3514 -14966 END
START 3956 -1144 18492 7377 -3397 -16813 END
START 2572 -1332 18220 7281 -4263 -18376 END
START 1220 -1204 18580 7507 -5594 -19433 END
START 88 -1148 18628 8092 -7026 -20246 END
START -856 -1360 18868 8773 -8710 -21314 END
START -1532 -1452 19588 9464 -10181 -22304 END
START -2800 -1724 20664 9747 -9492 -22295 END
START -4420 -2576 21132 9533 -6860 -20776 END
START -6252 -3068 21676 9738 -2965 -18126 END
START -7860 -3736 20944 9998 791 -14659 END
START -9340 -3656 20308 9403 1058 -11462 END
START -9664 -3296 20584 10352 -372 -9205 END
START -9576 -2568 20780 11985 -2141 -8473 END
START -9400 -1936 20444 13530 -2885 -8851 END
START -10124 -1940 20132 13934 -3046 -9185 END
START -10912 -1756 20332 14986 -3717 -7805 END
START -10352 -1520 19424 16164 -2845 -5483 END
START -9744 -1268 17808 15775 -1258 -3181 END
START -9672 -700 16756 14113 -1058 -1110 END
START -9188 -12 16660 13895 -1233 571 END
START -8572 460 16460 14514 -1099 1744 END
START -7928 1148 15508 15115 -817 2688 END
START -7632 1676 14680 15444 -500 3284 END
START -7056 2000 13896 15748 -499 4378 END
START -6264 2260 12212 15321 -582 5566 END
START -5496 2516 11180 13374 -820 6241 END
START -4988 3056 10756 11214 -1054 6693 END
START -4976 3672 10776 9857 -1549 7335 END
START -4652 3688 10596 9597 -1759 7790 END
START -4376 3592 10036 9636 -1787 8220 END
START -3984 3792 9540 9414 -1670 9069 END
START -3220 3844 9136 9044 -1356 9829 END
START -2624 3892 8500 8599 -785 10366 END
START -2200 3456 7336 7950 -859 10759 END
START -1764 3420 6016 6574 -1774 11235 END
START -1692 3544 5628 4804 -2267 11826 END
START -1464 3412 5472 3258 -2355 12593 END
START -740 2980 5300 2040 -2744 13431 END
START 260 2700 5164 792 -3587 14125 END
START 1292 2688 4988 -132 -3755 14513 END
START 2148 2828 4908 -1264 -3405 14474 END
START 3016 2760 4564 -2440 -4034 14506 END
START 3928 2612 4664 -3629 -5692 14656 END
START 5156 2560 4852 -4603 -7025 14756 END
START 6232 2564 5080 -5793 -7201 14697 END
START 7028 2500 5220 -6802 -6690 14300 END
START 7616 1932 5184 -7919 -6606 13949 END
START 8256 1772 5644 -9308 -7553 13928 END
START 9216 1340 6888 -10216 -8115 14077 END
START 10140 1148 7756 -10844 -7481 14016 END
START 10704 876 8044 -11729 -6018 13528 END
START 10724 260 7988 -13040 -5052 12658 END
START 11024 -52 8760 -14492 -5170 12186 END
START 11828 -368 10124 -15533 -5228 11743 END
START 12580 -540 11096 -16010 -4686 11006 END
START 13448 -1104 12016 -16657 -3837 10186 END
START 14336 -1300 12744 -17216 -3077 8900 END
START 15168 -1404 13680 -17945 -2159 7361 END
START 15552 -1732 15096 -18803 -1598 5952 END
START 16036 -2128 16188 -18836 -1521 4683 END
START 16396 -2300 17364 -18446 -2067 3322 END
START 16680 -3596 17832 -18111 -3754 1933 END
START 17724 -3780 17676 -18047 -6147 1203 END
START 19476 -1900 19188 -18812 -5257 -689 END
START 20392 -1044 20572 -20456 -85 -3845 END
START 19548 -1088 22056 -21024 4971 -6481 END
START 18264 -1572 22904 -20107 8566 -8944 END
START 16564 -2248 23548 -18425 11552 -12281 END
START 13720 -3316 23824 -16538 13975 -16236 END
START 9860 -4520 24148 -14342 14368 -19579 END
START 6724 -5060 24612 -12166 13535 -22258 END
START 3568 -5912 25396 -9762 12525 -24406 END
START 856 -6612 25900 -7256 11684 -25672 END
START -1968 -7524 26340 -4771 11040 -25684 END
START -5052 -7616 26536 -2648 10860 -24162 END