START 11712 -1056 6564 4532 -4901 -6769 END
START 2648 2560 19656 4468 -6303 -6782 END
START 7552 1092 14104 4255 -7203 -7219 END
START 7920 1088 14256 3700 -6938 -7703 END
START 7988 1676 14184 3458 -6638 -7946 END
START 8052 2052 13812 3595 -5553 -8505 END
START 8112 1860 12872 3562 -4225 -9180 END
START 7704 1644 12144 3063 -3519 -9609 END
START 6900 1596 11296 2316 -3530 -9536 END
START 6352 1736 10928 1817 -4082 -9348 END
START 5640 1924 10216 1331 -5125 -9243 END
START 5340 2152 9788 540 -6024 -9261 END
START 5056 2228 9588 -526 -5768 -9280 END
START 4804 2164 9168 -1639 -4901 -9144 END
START 4120 1912 8692 -2584 -5005 -8952 END
START 3116 2024 8608 -3190 -6524 -8433 END
START 2452 2092 8512 -3627 -7994 -7584 END
START 2340 2076 8456 -4510 -8850 -6511 END
START 2196 1804 8728 -5595 -9353 -5356 END
START 2268 1744 9292 -6443 -9267 -4391 END
START 2620 1720 10184 -7044 -8709 -3742 END
START 2956 1220 10756 -7509 -8043 -3465 END
START 2548 932 11364 -7894 -7283 -3240 END
START 2132 564 11720 -8093 -6574 -2982 END
START 1428 180 11772 -8449 -6238 -2510 END
START 820 -92 12144 -9025 -6162 -1853 END
START 248 -260 13020 -9268 -5772 -972 END
START 0 40 13244 -9268 -4894 139 END
START 124 308 13644 -9465 -3775 927 END
START 220 788 13496 -9888 -2145 1213 END
START -228 1320 13420 -10326 -893 1198 END
START -816 1488 13504 -10642 -616 1007 END
START -1648 1488 13572 -10850 -992 1368 END
START -1524 1192 13904 -10900 -1949 2445 END
START -608 1176 14480 -11046 -2133 3825 END
START -148 1408 15424 -11958 254 4759 END
START -392 1704 16392 -12790 3149 5670 END
START -1100 2120 16732 -12830 4541 6181 END
START -1200 1744 16796 -12504 3889 6500 END
START -564 1168 17232 -12185 2155 7049 END
START 148 724 18272 -11826 1644 8146 END
START 1112 596 18552 -11672 2854 9084 END
START 1340 740 19364 -12221 5893 9883 END
START 888 724 19796 -12828 8519 10532 END
START 72 884 20188 -13399 10773 10820 END
START -1152 304 20816 -13444 11276 11133 END
START -1864 -476 21444 -13123 9556 11680 END
START -1740 -1140 22280 -12338 6873 12376 END
START -1096 -1648 23232 -11524 5575 12583 END
START -604 -1904 24452 -10681 6114 12662 END
START -320 -1996 25804 -9782 7114 12906 END
START 12 -2140 26832 -8795 8399 13257 END
START 244 -2404 27860 -7708 9460 13879 END
START 592 -2800 28512 -6457 9965 14328 END
START 1096 -3096 28872 -4820 9815 14411 END
START 1908 -3300 29516 -3013 9614 13923 END
START 2700 -3152 29744 -896 9829 13003 END
START 3236 -3564 29712 1282 10234 11783 END
START 3240 -3496 29408 3296 10152 10710 END
START 3548 -3476 28696 5014 9695 9825 END
START 3880 -3428 28316 6454 9425 8984 END
START 4324 -3248 27748 7929 9124 8208 END
START 5148 -3208 26652 9014 9016 7241 END
START 5788 -2980 25968 9432 8555 5645 END
START 6080 -2536 25340 10351 8137 3663 END
START 6280 -2680 24460 11864 7732 1121 END
START 5948 -2876 22896 12694 6404 -1146 END
START 5572 -2956 21848 12958 3989 -2532 END
START 6580 -2816 21264 13217 2635 -3709 END
START 7412 -2676 20544 13412 3457 -5508 END
START 7332 -2772 19112 12827 4759 -7566 END
START 6272 -2752 17900 11553 4259 -8886 END
START 5484 -2820 17472 10800 2279 -9332 END
START 5292 -2544 17392 10493 833 -9622 END
START 5200 -2216 17096 10112 237 -10188 END
START 5000 -2052 17252 9559 -397 -10831 END
START 4536 -1620 17532 9207 -957 -11403 END
START 4192 -1136 17716 8737 -883 -11977 END
START 3308 -1044 17556 8028 -952 -12351 END
START 2876 -860 17832 7263 -1871 -12455 END
START 2652 -512 18136 6991 -2627 -13003 END
START 2224 -128 18512 7141 -3523 -13836 END
START 1744 -136 18644 7359 -4024 -14524 END
START 1064 -128 18384 7131 -4131 -14942 END
START 504 256 18372 6641 -4318 -15231 END
START 88 56 18756 6404 -4056 -15536 END
START -168 -200 19096 6309 -3904 -15767 END
START -1008 -224 19632 6573 -3640 -15981 END
START -1660 -120 19828 7437 -3688 -16298 END
START -2868 -76 19660 8301 -4425 -16667 END
START -4092 -200 19464 9129 -5895 -16466 END
START -4648 -4 19704 9609 -6834 -15596 END
START -4896 200 20036 9548 -6308 -14419 END
START -5144 384 20440 9629 -4855 -13091 END
START -5276 608 20364 9726 -3264 -12034 END
START -6072 844 20316 10050 -2281 -11473 END
START -7048 596 19844 10753 -2623 -10884 END
START -7608 548 19252 11603 -4197 -9904 END
START -7672 512 18780 12276 -5640 -8812 END
START -7384 700 18500 12407 -6440 -7487 END
START -7084 1036 18436 12257 -5982 -6177 END
START -6952 1532 18028 12410 -4805 -5238 END
START -7048 1536 17116 13057 -4042 -4663 END
START -7328 1364 15928 13652 -3984 -3905 END
START -7176 1312 15116 13485 -4838 -2659 END
START -6736 1288 15468 12942 -5614 -1325 END
START -6556 1252 15232 13088 -6477 -448 END
START -6348 1600 14996 13598 -8141 16 END
START -5684 1628 15024 14281 -9909 349 END
START -4620 1916 14708 14555 -9998 1066 END
START -3948 1860 13396 14104 -8620 2339 END
START -3588 2568 12628 12987 -7745 4162 END
START -2788 3100 12016 11828 -6968 5757 END
START -1896 3820 11312 10873 -5616 7290 END
START -840 4000 10508 9667 -4099 8432 END
START -268 4488 9768 8400 -2800 9126 END
START 32 4636 9536 7575 -2126 9192 END
START 208 4896 9036 7100 -2108 9417 END
START 780 4860 8484 6675 -2036 9887 END
START 788 4832 7684 6097 -1734 10422 END
START 1320 4944 6904 5155 -1120 10844 END
START 1132 4912 6648 4035 -323 11435 END
START 1504 4720 6364 3081 409 12170 END
START 1956 4508 5900 1960 612 12905 END
START 2576 4292 5788 393 465 13480 END
START 3344 4052 6088 -869 412 14028 END
START 3852 4084 6288 -2114 270 14045 END
START 4064 3828 6660 -2941 -11 14047 END
START 4380 3640 6848 -3609 163 14068 END
START 4432 3336 7192 -4241 -128 14436 END
START 4912 3088 7584 -4699 -991 14709 END
START 5620 3000 7904 -5084 -1696 15106 END
START 6404 2712 7872 -6001 -2512 15282 END
START 7272 2572 8272 -7108 -2775 15184 END
START 7628 2352 8700 -7850 -2785 14807 END
START 7828 2040 9240 -8263 -2741 14555 END
START 8116 1636 9272 -8715 -2833 14396 END
START 8368 1168 9596 -9228 -3502 14357 END
START 9096 780 10008 -9517 -4231 14649 END
START 9988 328 10308 -9984 -4778 14666 END
START 10928 -148 10656 -10360 -4699 14351 END
START 11608 -348 10800 -10984 -4673 14164 END
START 12220 -696 10780 -11937 -5269 13935 END
START 12648 -632 11128 -12899 -5565 13543 END
START 13196 -580 11564 -13842 -5735 13045 END
START 14200 -604 12592 -14956 -5958 12444 END
START 15492 -480 13440 -15910 -5564 11612 END
START 16628 -672 14156 -16853 -4249 10414 END
START 17072 -1104 15004 -17597 -2953 8921 END
START 17336 -1128 16216 -17959 -2772 7578 END
START 17892 -1276 17636 -18014 -3171 6228 END
START 18540 -1452 18772 -18039 -2810 4576 END
START 18792 -1408 19596 -17854 -1964 2390 END
START 18860 -1804 20884 -17422 -1523 -75 END
START 18840 -2056 22336 -16284 -1911 -2170 END
START 18612 -2124 23348 -14465 -2271 -4297 END
START 18124 -2112 23992 -12258 -2340 -6451 END
START 17284 -1804 24128 -10165 -1761 -8611 END
START 15928 -1576 24356 -8634 311 -11254 END
START 14068 -1692 24372 -7446 3272 -13988 END
START 10928 -2036 24056 -6391 6115 -16050 END
START 7208 -2608 23860 -4817 7373 -17001 END