START 9016 3212 12856 6303 -3348 -7587 END
START 8736 3356 12112 5920 -3012 -7789 END
START 10892 2876 8936 5045 -2339 -8040 END
START 9020 3232 9504 3670 -1430 -8294 END
START 8752 3064 8856 2805 -1868 -8309 END
START 8592 2816 8408 2388 -2812 -8410 END
START 8268 2656 8236 2090 -3556 -8983 END
START 7984 2584 8076 1921 -3965 -9947 END
START 7076 2524 7688 1942 -4603 -10731 END
START 6156 2440 7160 1743 -5402 -11012 END
START 5400 2232 6720 1075 -6536 -11014 END
START 4676 2420 6536 7 -7309 -10677 END
START 3856 2476 6240 -1215 -7334 -10237 END
START 3180 2704 6292 -2967 -6622 -9797 END
START 2476 3072 6528 -4545 -5719 -9606 END
START 1804 2900 6456 -6134 -5357 -9347 END
START 1168 2404 6688 -7441 -5700 -8963 END
START 188 2404 7084 -8315 -6827 -8147 END
START -204 2116 7528 -8967 -8141 -6952 END
START -232 2188 8236 -9789 -9144 -5849 END
START -168 2236 8744 -10601 -9565 -5119 END
START -280 2316 9576 -11330 -9675 -4868 END
START -520 2188 10364 -11689 -9324 -4650 END
START -836 1944 11172 -12461 -8478 -3771 END
START -1060 1604 11624 -13319 -7417 -2310 END
START -1768 1892 12048 -14174 -6671 -916 END
START -2244 1752 12208 -14729 -6261 256 END
START -2980 1636 12744 -15222 -6411 1239 END
START -3152 1312 13216 -15414 -6772 2558 END
START -3176 944 13900 -15641 -6373 3856 END
START -2728 720 14504 -16203 -4694 5053 END
START -3184 1296 15880 -17310 -3071 6223 END
START -3620 1344 17448 -17841 -2970 7754 END
START -3304 1484 18872 -17471 -3815 9631 END
START -2684 1268 20148 -16895 -3606 11165 END
START -2036 1164 21388 -16250 -1329 11618 END
START -2176 1308 22580 -15743 1545 11751 END
START -2972 1340 23500 -15086 3298 12830 END
START -2932 1448 24592 -14196 4264 14405 END
START -2588 1236 25656 -13474 4898 16180 END
START -1596 844 26844 -12624 5315 17771 END
START 4 804 28336 -11368 6250 18612 END
START 1548 764 29788 -9929 8067 18527 END
START 2536 1092 30408 -8049 10177 18066 END
START 3160 2192 30828 -6167 12355 17340 END
START 3736 2672 30716 -4257 14474 16219 END
START 4128 2184 30536 -2586 15920 14923 END
START 4616 1320 30624 -1168 16149 13914 END
START 5296 704 30984 646 15777 13427 END
START 6080 692 31172 2880 15593 12656 END
START 6484 1100 30500 5331 16002 11533 END
START 6504 1432 29532 7176 16613 10181 END
START 6548 1348 28456 8316 17494 8606 END
START 6592 1012 27548 9048 18065 6942 END
START 6356 840 26728 9664 17771 5113 END
START 6356 552 25828 10514 16399 3289 END
START 6300 436 24764 11869 14684 1286 END
START 6008 244 23672 13292 12957 -961 END
START 6280 568 22896 15180 11404 -3770 END
START 6188 -408 21640 17190 9422 -7071 END
START 6840 -8 20116 18215 6734 -9892 END
START 6632 364 19124 17729 4716 -12535 END
START 6864 532 18976 15872 2075 -14472 END
START 6920 204 18660 14198 202 -16140 END
START 6628 400 18656 12882 -1605 -17186 END
START 5860 280 19012 12189 -2934 -17443 END
START 5940 508 18932 12175 -2510 -17482 END
START 5868 736 18024 11661 -1241 -17981 END
START 5352 884 17332 10141 -1257 -18862 END
START 4684 900 17876 8880 -1154 -19821 END
START 3624 924 18640 8223 -1106 -20320 END
START 2636 540 19092 8317 -1285 -20266 END
START 1172 584 19400 9455 -2455 -20038 END
START 12 620 19092 10939 -5151 -20127 END
START -1092 1388 19280 11940 -8188 -20464 END
START -1916 1700 20016 12806 -10305 -20677 END
START -3440 2036 20944 13196 -10054 -20299 END
START -5156 2108 21088 13093 -8419 -19145 END
START -6796 2336 21096 12490 -6432 -17391 END
START -8324 2280 21408 12139 -4359 -15323 END
START -9484 2100 21108 12805 -3447 -12670 END
START -9484 1868 20244 13706 -4431 -10617 END
START -9424 1844 19392 13448 -5768 -9571 END
START -9996 2028 19472 13153 -5806 -8898 END
START -10584 1444 18868 13073 -4505 -7769 END
START -11056 940 17888 12560 -2874 -6178 END
START -11800 644 17292 12472 -2189 -4360 END
START -11576 1008 17036 13534 -2470 -2318 END
START -10620 972 15940 14898 -2489 -575 END
START -9704 1056 13984 15783 -3513 606 END
START -8952 1612 12620 15212 -6050 1202 END
START -8044 2200 12196 15033 -6988 1805 END
START -7376 2240 11532 15101 -6342 2808 END
START -6372 2212 10600 14603 -5290 4055 END
START -5864 2532 9660 13713 -4183 5204 END
START -5460 2844 8968 13237 -3144 6562 END
START -5048 2692 8124 12957 -2683 7915 END
START -4236 2424 6644 12538 -3496 9307 END
START -3928 2584 5440 10767 -6325 9988 END
START -3012 3032 5836 9679 -7311 9744 END
START -3264 3212 6056 10186 -7541 9474 END
START -3596 2804 5496 10983 -9024 9242 END
START -4088 3040 4976 12096 -9610 9347 END
START -3804 2700 4404 12397 -8580 10868 END
START -2828 2492 2892 10670 -7886 14293 END
START -536 2612 2136 6085 -9138 18182 END
START 2460 3028 2896 1279 -9312 20526 END
START 5160 3356 4760 -1920 -6946 21216 END
START 6728 3332 5644 -3687 -4358 20361 END
START 6796 3500 6300 -4542 -3585 19363 END
START 6744 3152 6212 -4228 -4247 18849 END
START 6732 3112 5952 -3768 -5785 19174 END
START 8004 3288 5856 -4686 -8081 19829 END
START 9680 3580 6508 -5762 -8838 20134 END
START 10920 3808 7040 -6853 -7765 19850 END
START 11500 3772 7060 -8161 -5862 18690 END
START 11196 3612 7240 -9384 -4511 17346 END
START 11040 3060 7672 -10432 -4505 16912 END
START 11420 2836 8308 -11292 -5148 17267 END
START 12924 2884 8824 -12201 -5390 17394 END
START 14420 3000 9100 -13612 -5287 16645 END
START 15704 2964 10024 -15329 -4649 15247 END
START 16648 3244 11356 -16558 -3925 13986 END
START 17652 3528 12664 -17273 -2923 12580 END
START 18428 3492 13668 -17936 -2415 11228 END
START 19388 3496 14364 -18426 -2551 9778 END
START 20548 3392 15520 -18525 -2324 7733 END
START 21372 3836 16716 -18422 -1966 5120 END
START 21244 4072 17524 -18332 -1622 2230 END
START 21072 3940 17972 -18178 -1839 -428 END
START 20892 3720 18476 -18137 -2713 -2628 END
START 20544 3412 19052 -18431 -3313 -4591 END
START 20232 3372 20012 -18946 -3037 -6036 END
START 19344 3484 21132 -18853 -1050 -7912 END
START 17756 3148 21812 -18225 1932 -9972 END
START 16068 3020 22508 -17503 5410 -12457 END
START 13748 2260 23264 -16095 9574 -15575 END