START 8860 3340 3412 7657 -5637 -10263 END
START 11344 2336 4560 7177 -6054 -10653 END
START 7980 2300 6796 5482 -6131 -11970 END
START 6740 1844 6268 2858 -6839 -12828 END
START 5368 1592 6236 1024 -8192 -12237 END
START 4692 1412 6328 -117 -9302 -10969 END
START 4592 1476 6184 -1236 -9648 -9805 END
START 5056 1848 6124 -3116 -9031 -9548 END
START 4952 1896 6276 -4885 -7181 -10203 END
START 4384 1460 6448 -6096 -5660 -10991 END
START 2476 1292 6616 -7157 -6195 -11420 END
START 1260 1124 6808 -7442 -7941 -10757 END
START 296 1236 7192 -7374 -9761 -9617 END
START 196 1076 7156 -7360 -10237 -8334 END
START 248 1280 7548 -8529 -10038 -7054 END
START 396 1320 7620 -9942 -8913 -6114 END
START 320 1196 7664 -12306 -8774 -5475 END
START -440 1500 8852 -14234 -9084 -5146 END
START -1308 1704 9324 -14359 -9059 -4385 END
START -2292 2084 8808 -15044 -10540 -3866 END
START -3004 1924 9364 -16843 -13335 -3592 END
START -3880 1576 11872 -16320 -14028 -3087 END
START -3984 1268 11804 -14382 -13463 -1123 END
START -2516 952 11664 -15342 -12740 922 END
START -952 768 12696 -16634 -10681 2865 END
START -52 376 14444 -17894 -8399 5219 END
START 444 0 15852 -18907 -5875 7562 END
START 788 -484 17856 -19817 -3294 9476 END
START 240 -564 19652 -19962 -508 11014 END
START 128 -644 21556 -19645 750 11901 END
START 616 -660 22876 -18096 1119 12121 END
START 1212 -932 23976 -16307 1645 11975 END
START 1392 -1220 24880 -15071 2778 11873 END
START 1016 -1400 25000 -14232 5086 12561 END
START -148 -1176 25576 -14462 6076 13760 END
START -376 -904 26716 -13838 5655 15069 END
START 528 -744 28060 -12217 6146 15846 END
START 1404 -736 28936 -10367 7859 15775 END
START 2272 -1380 28916 -8412 9016 15565 END
START 2900 -1372 28652 -7062 9577 15643 END
START 3080 -1236 29732 -5723 10463 15726 END
START 3664 -912 29936 -3738 11305 15689 END
START 3796 -792 29612 -1973 11586 15048 END
START 4016 -904 29396 151 11779 14470 END
START 4840 -808 29244 1788 12047 13985 END
START 5832 -584 29416 3208 13089 13345 END
START 6848 -380 28984 4436 14442 12209 END
START 7056 32 28596 5728 15684 10644 END
START 6680 -32 27788 7613 16379 9247 END
START 6268 -264 26696 9333 16338 8185 END
START 6972 -248 25308 10313 16359 7396 END
START 7660 148 23996 10062 16152 5697 END
START 7908 -32 22712 9572 14111 3565 END
START 7992 -380 22688 9722 10250 1302 END
START 8544 -228 22916 11395 6838 -1056 END
START 9500 -232 22192 12705 5540 -3538 END
START 9604 -496 21444 13029 5357 -5884 END
START 9424 -728 20452 13232 5615 -7658 END
START 9156 -1180 19288 12716 5626 -8930 END
START 8764 -1300 18648 11718 5103 -9811 END
START 8216 -1368 18336 10748 5060 -11053 END
START 7432 -1364 18100 10561 5257 -12299 END
START 6436 -1376 17332 10432 4808 -13663 END
START 5316 -1468 17000 10140 3366 -14447 END
START 4752 -1296 16756 9863 2688 -14959 END
START 4240 -1140 16996 9029 2622 -15558 END
START 3484 -928 17416 9055 3245 -16474 END
START 1780 -1308 17316 10156 2364 -17859 END
START 80 -1040 17232 11631 -1428 -19142 END
START -760 -348 17484 12607 -6166 -20004 END
START -648 400 18380 12488 -7302 -19935 END
START -1172 1136 18416 10696 -3270 -18425 END
START -2580 1136 18368 7151 1407 -16003 END
START -4412 1312 19752 5787 3213 -14331 END
START -5524 1212 20404 7190 2398 -14105 END
START -6768 1240 20416 9388 -687 -15441 END
START -7956 1032 20344 11844 -5282 -16720 END
START -7812 1312 20376 13841 -9473 -17174 END
START -7600 1348 20048 14156 -9068 -16452 END
START -8384 1164 19112 12954 -6479 -14298 END
START -9588 992 19024 11253 -4976 -11314 END
START -9680 824 18856 10837 -3758 -8504 END
START -9264 692 18564 10950 -3408 -6428 END
START -8800 1408 19276 11781 -4405 -4867 END
START -7440 2252 19148 14134 -4622 -3621 END
START -7732 3240 17608 14549 -7281 -3484 END
START -8036 4072 17540 14253 -9954 -3257 END
START -8080 3436 17004 14341 -8919 -2098 END
START -7772 2472 15568 13432 -7059 -608 END
START -7356 2064 15180 12451 -5394 423 END
START -7184 1428 15060 13053 -3892 1083 END
START -6980 1440 14412 14958 -2597 2083 END
START -6676 1572 12336 15337 -3127 3174 END
START -6444 1736 10168 12678 -5606 4176 END
START -5820 1900 9912 9657 -6882 5223 END
START -5916 1800 10528 8497 -6359 6989 END
START -4984 1448 10804 8311 -6070 9417 END
START -3268 2148 11068 8550 -5382 10505 END
START -2220 2616 11124 9209 -3447 10445 END
START -2148 2672 10688 10422 -2058 10073 END
START -2172 2696 9560 11895 -2447 10381 END
START -1868 2396 6932 11343 -5359 11598 END
START -416 3044 6232 8036 -8485 12330 END
START 636 3140 7148 5562 -7599 13185 END
START 1192 3096 7696 4418 -4621 13679 END
START 960 3312 7432 3546 -2558 13775 END
START 1036 3452 6936 2977 -2294 14120 END
START 1128 3784 6700 2609 -3536 14708 END
START 1728 3844 6232 2207 -5294 15881 END
START 3304 4360 5836 1349 -5994 17023 END
START 4268 4924 5704 -315 -6152 17574 END
START 5360 5192 5772 -1901 -6079 17539 END
START 6096 5104 6144 -2650 -5697 16780 END
START 6288 4468 6192 -2964 -5540 15935 END
START 6520 3884 6048 -3573 -5972 15753 END
START 6780 3328 5988 -4800 -7306 16327 END
START 7380 3104 5888 -6008 -8466 17283 END
START 8368 3224 5880 -6989 -9129 18224 END
START 9784 3252 5984 -8482 -8981 18442 END
START 10656 3332 6332 -9944 -7694 17836 END
START 11380 2908 6460 -11319 -7060 17106 END
START 11948 2252 6976 -12320 -7396 16678 END
START 13040 1832 7308 -13169 -7791 16330 END
START 13936 1480 8064 -14537 -7006 15448 END
START 14216 1132 8768 -15665 -5913 14858 END
START 15144 828 9500 -16792 -5529 14684 END
START 16816 736 10384 -18216 -5140 14023 END
START 18816 528 11300 -19281 -4776 12779 END
START 20348 588 12240 -19964 -4249 11263 END
START 21504 924 13400 -20793 -4074 8837 END
START 22068 272 14520 -21177 -4129 6389 END
START 23040 320 16012 -20739 -3773 3976 END
START 23968 144 16764 -20452 -2111 1114 END
START 23952 268 17348 -20703 -420 -1855 END
START 23040 304 18276 -20049 985 -4740 END
START 21972 340 18796 -19363 2286 -7241 END
START 20372 560 19744 -18795 3828 -9843 END
START 18336 416 20828 -17613 4842 -12371 END
START 16676 236 21900 -15465 5642 -15194 END
START 14660 -612 23220 -12878 7064 -18170 END
START 12076 -1424 24064 -10072 8930 -20724 END
START 9012 -2420 24732 -7426 11535 -22446 END
START 5532 -3380 25044 -4625 14050 -23148 END
START 2224 -4732 24600 -1507 14944 -22637 END