START 10672 1264 15780 12684 -13194 -4416 END
START 10024 2120 22124 12530 -14264 -4696 END
START 13144 1336 10376 11405 -13272 -6238 END
START 9980 1812 13836 9592 -12493 -7464 END
START 11456 1332 11572 8049 -11329 -8951 END
START 10964 1640 11376 7395 -9121 -11054 END
START 10068 956 10544 7284 -7257 -13037 END
START 8512 652 9208 6865 -6531 -14140 END
START 7240 608 8636 5887 -7082 -14800 END
START 6600 720 7944 4929 -7858 -15123 END
START 5880 396 7356 3754 -8388 -15215 END
START 5420 -164 6984 2229 -8807 -15173 END
START 4944 204 6524 793 -9051 -14990 END
START 4576 108 6600 -597 -8964 -14846 END
START 4296 -128 6448 -1898 -8697 -14773 END
START 3848 -340 5368 -4442 -8129 -14550 END
START 3140 -556 4748 -8351 -6991 -14164 END
START 760 408 6440 -12051 -6804 -13588 END
START -288 164 8076 -11664 -6511 -12016 END
START -960 364 8576 -10187 -6849 -10147 END
START -356 660 8124 -9807 -6178 -8942 END
START -100 968 8312 -10561 -5376 -8851 END
START -424 1024 9740 -10543 -4290 -8938 END
START -956 1080 10660 -9748 -3070 -8694 END
START -1480 824 10748 -9317 -2192 -8216 END
START -2140 1356 11280 -9351 -2400 -7596 END
START -2544 1440 11744 -8893 -3101 -7016 END
START -2856 1196 11880 -9075 -3533 -6523 END
START -3624 1228 12132 -9575 -3965 -5731 END
START -4220 1788 12952 -9701 -4766 -4600 END
START -4180 2716 13364 -9897 -5685 -3547 END
START -3812 2892 13660 -10363 -5428 -2876 END
START -3648 2168 13856 -10974 -4110 -2086 END
START -3468 928 14260 -12047 -2209 -624 END
START -3760 452 14588 -13113 -386 1401 END
START -4144 1148 15808 -13874 746 3483 END
START -4284 1844 16964 -14200 1328 4893 END
START -4020 1940 17612 -14012 1774 5737 END
START -3576 1552 18080 -13651 2192 6292 END
START -2680 532 18504 -13025 2810 7038 END
START -2328 -100 19000 -13441 3502 7919 END
START -2080 -132 20484 -13875 3985 9361 END
START -1920 136 21852 -13785 4860 10793 END
START -1972 -148 22612 -13210 5903 11855 END
START -2204 -8 22776 -12831 6322 12221 END
START -1216 -112 23544 -12430 6745 11938 END
START -448 -908 24664 -11716 7333 11947 END
START 308 -1288 25832 -10199 8607 12612 END
START 340 -1304 26420 -8959 11136 14251 END
START -68 -1480 26684 -8554 13192 16391 END
START -988 -1144 26880 -8196 13609 17753 END
START -1180 -424 27216 -7286 12576 17199 END
START -900 -332 28588 -5657 11363 15368 END
START -680 -560 29588 -3375 10362 13399 END
START -436 -796 29732 -786 9818 12058 END
START -500 -636 29468 1508 10135 11237 END
START -664 -728 28140 3018 10865 11058 END
START -968 -888 26600 3120 10910 11193 END
START -1004 -732 25932 2733 10535 11297 END
START -168 -712 26224 3192 9676 10750 END
START 720 -512 26368 4565 9410 9686 END
START 1448 -572 26048 6088 9934 8295 END
START 1544 -352 25484 7633 11054 6790 END
START 1040 -1288 24700 9364 12563 5625 END
START 956 -1152 22708 10870 13462 5166 END
START 1376 -1560 20252 10149 13157 4929 END
START 1796 -1268 19168 7899 11469 3746 END
START 2308 -1092 19540 7196 9218 1709 END
START 2640 -1068 20116 8161 7939 -948 END
START 2852 -1352 19812 9523 7413 -3678 END
START 2696 -1828 19084 10493 6838 -5816 END
START 2596 -2312 17580 10557 5463 -6870 END
START 2300 -2336 16740 9664 3113 -7257 END
START 2732 -2292 16368 8809 730 -7765 END
START 3172 -1816 16756 7768 -602 -9237 END
START 3096 -2148 16792 7174 -888 -11177 END
START 2432 -2344 17096 6805 -860 -12733 END
START 1568 -2728 17188 7014 -629 -13247 END
START 1212 -3024 16572 6678 -1162 -13087 END
START 780 -2632 16508 5665 -2066 -13104 END
START 304 -2224 16696 5045 -3121 -13884 END
START -140 -1696 17272 5019 -4325 -14991 END
START -452 -1572 17956 5733 -5437 -16173 END
START -1088 -1264 17880 6190 -5893 -17033 END
START -2476 -1352 17368 6062 -6872 -17061 END
START -3484 -92 17336 5380 -7837 -16251 END
START -3332 644 17640 4208 -6587 -16093 END
START -3892 436 18156 3066 -4427 -16607 END
START -5384 -420 18768 2990 -4512 -17241 END
START -6636 -696 20080 4318 -7505 -17569 END
START -7416 -712 20856 6151 -10605 -17578 END
START -7564 -852 21472 7140 -11258 -16882 END
START -8172 -1172 21716 7484 -9505 -14971 END
START -8436 -1072 21828 7792 -7819 -12494 END
START -7872 -840 21764 7517 -6654 -10470 END
START -7992 -236 21776 7225 -5905 -9653 END
START -8868 276 22276 8137 -6558 -9598 END
START -9636 260 22352 9672 -7698 -9371 END
START -10052 8 22040 11041 -8658 -8367 END
START -9912 176 21924 12202 -8623 -6648 END
START -9764 700 21332 13206 -7595 -4886 END
START -9408 1412 20596 13695 -6723 -3497 END
START -9128 1944 19324 13967 -6329 -2631 END
START -8440 1840 17876 13101 -7317 -1874 END
START -7792 1584 18076 12343 -8419 -1494 END
START -7324 1572 18152 12812 -9381 -980 END
START -6724 1704 17808 13749 -9740 -208 END
START -5716 1880 17076 13986 -8745 477 END
START -5252 2316 16356 14344 -7278 1021 END
START -4884 2408 14840 14841 -6307 1472 END
START -4576 2368 12900 14193 -6868 1757 END
START -4368 2492 11720 12850 -7336 2076 END
START -4224 2260 11268 11791 -7208 2761 END
START -4108 2060 11132 11184 -6787 3885 END
START -3676 2356 10656 10597 -5862 4988 END
START -3420 2068 10160 10355 -4618 5847 END
START -3328 1832 9660 10599 -3765 6583 END
START -2872 1824 8940 11110 -3450 7676 END
START -1988 1636 7148 10241 -4130 8836 END
START -1324 1780 5992 7536 -5310 9291 END
START -860 1688 6312 5169 -5847 9551 END
START -848 1880 6908 4201 -6146 10180 END
START -364 1980 7128 4101 -6698 11032 END
START 412 1960 7068 4045 -6984 11786 END
START 1328 1904 7036 3779 -6984 12526 END
START 2432 2020 6464 3262 -7237 13462 END
START 3708 2484 6032 1974 -7719 14068 END
START 4424 2732 5748 60 -8370 13948 END
START 4828 2920 6232 -997 -9128 13887 END
START 5428 3152 6604 -1276 -9706 13956 END
START 6332 3220 6432 -1842 -9609 14215 END
START 7508 2880 6664 -3043 -9289 14453 END
START 8700 2892 6960 -4472 -8937 14783 END
START 9768 2960 7512 -5518 -8350 14526 END
START 10288 2896 7856 -6086 -7845 13741 END
START 10240 2696 7724 -6492 -7898 12826 END
START 10112 2312 7816 -7165 -8724 12209 END
START 10528 1876 8056 -7649 -10060 12090 END
START 11468 1244 8740 -8092 -10858 12164 END
START 12588 548 9236 -9046 -10382 11997 END
START 13184 36 10024 -10033 -8864 11796 END
START 13320 164 10332 -10816 -7394 11566 END
START 13052 140 10492 -11314 -6890 11193 END
START 13276 -252 10884 -11553 -7796 11009 END
START 14204 -692 11032 -11838 -9389 11036 END
START 15536 -860 11356 -12298 -10221 10899 END
START 16720 -1036 11668 -13032 -10030 10295 END
START 17888 -1356 12184 -14000 -9490 9482 END
START 19232 -1256 13056 -14823 -8942 8445 END
START 19980 -1084 13692 -15594 -8149 6706 END
START 20216 -1696 13964 -15895 -7882 5114 END
START 20448 -2080 14248 -16450 -8695 4019 END
START 21652 -2324 14916 -17193 -8841 2340 END
START 22112 -2400 15528 -18126 -8249 156 END
START 21660 -2612 16044 -18976 -7490 -1995 END
START 20852 -2600 16152 -19959 -6379 -4489 END
START 19700 -2480 15580 -22145 -5063 -6916 END
START 17884 -3060 17264 -23588 -3986 -9282 END
START 15440 -3584 19832 -20799 -3554 -10908 END
START 13232 -3580 21100 -16879 -1593 -12133 END
START 11032 -3816 21580 -14403 3078 -12930 END
START 8116 -5204 22068 -12422 8379 -12946 END
START 5052 -5884 22220 -9839 11932 -11649 END
START 2724 -6172 21908 -7408 14063 -9436 END
START 820 -6144 21996 -5709 15222 -7210 END