START 7748 1112 13056 5199 -6375 -2405 END
START 12984 -916 6956 5361 -7677 -2146 END
START 8468 1540 11972 5078 -7437 -2105 END
START 9752 1980 12560 4118 -5017 -2332 END
START 10620 1676 11684 2540 -900 -4127 END
START 9604 1256 11600 1601 1645 -5969 END
START 8272 604 10980 1952 607 -6818 END
START 6996 840 10088 2569 -2505 -6778 END
START 7116 1204 9416 2893 -5838 -6955 END
START 7876 1804 9100 2832 -7276 -8139 END
START 7904 1792 9084 2782 -7183 -10026 END
START 7400 1588 8396 2244 -6259 -11627 END
START 6544 1440 7860 1284 -5545 -12352 END
START 5508 1192 7496 175 -5072 -11865 END
START 4676 1276 7268 -1133 -5009 -10654 END
START 4400 1752 7160 -2484 -5229 -9543 END
START 4624 1836 7568 -3479 -5214 -9307 END
START 4500 1856 7744 -3839 -4414 -9917 END
START 3176 1448 7528 -4107 -4063 -10422 END
START 1620 1068 7004 -4465 -5258 -10162 END
START 788 1116 6800 -4686 -7004 -9204 END
START 772 1352 6520 -5231 -8218 -8226 END
START 916 992 6648 -6132 -8998 -7506 END
START 676 980 7148 -7558 -8789 -6829 END
START 152 1388 8140 -8720 -8412 -5810 END
START -196 1580 9084 -9345 -8209 -4658 END
START 32 2216 9164 -10146 -8238 -3753 END
START 444 2300 8948 -11664 -7496 -3428 END
START 280 2024 9872 -13536 -6394 -3182 END
START -412 1904 11452 -15073 -5672 -2253 END
START -740 1816 13276 -16107 -4745 -780 END
START -1124 1740 14304 -16197 -4560 586 END
START -1016 1304 14728 -16309 -4420 1583 END
START -1096 592 15324 -16781 -4393 2255 END
START -232 -64 16192 -16953 -4329 3183 END
START -1376 -748 17536 -16404 -4367 3983 END
START -1612 -1084 18764 -16434 -3529 5703 END
START -1548 -692 19740 -16477 -2297 7882 END
START -1132 -1312 21056 -15879 -1380 9508 END
START -12 -1792 21612 -15370 -312 10696 END
START 1012 -2572 21800 -15271 887 10797 END
START 1232 -2960 22904 -14956 947 10929 END
START 1376 -2732 23996 -13991 1011 11305 END
START 1324 -2464 24896 -13165 1421 11997 END
START 980 -2140 24688 -12156 1958 12751 END
START 868 -1948 24276 -11092 2657 13120 END
START 824 -2068 24164 -10283 3150 13213 END
START 2060 -2728 25400 -9313 3173 13756 END
START 4064 -2680 27384 -7990 3633 14850 END
START 5680 -2444 28584 -5839 4661 15273 END
START 6316 -1900 28244 -4375 5833 15071 END
START 6232 -1352 28044 -2584 6869 14230 END
START 5384 -820 26860 -599 7516 13287 END
START 4780 -608 25684 690 7895 12198 END
START 4476 -756 25276 1548 7893 11472 END
START 4436 -900 25256 2641 7403 11270 END
START 5064 -708 25288 3840 7268 11460 END
START 5864 -592 24864 4587 8633 11227 END
START 6156 -176 24356 5136 10260 10624 END
START 6768 -304 23768 5490 11248 9394 END
START 7284 -420 23660 6024 11407 7961 END
START 7612 -308 23192 6572 10755 6449 END
START 7936 -488 23048 7053 9893 4829 END
START 7988 -1268 22756 7714 8668 3263 END
START 8152 -1352 22648 8490 7526 2145 END
START 8608 -1360 22260 9243 7658 928 END
START 8912 -1660 21820 9654 8722 -513 END
START 8360 -2140 20868 9923 9276 -1704 END
START 7836 -2660 19960 9764 8443 -2472 END
START 8296 -2812 19732 9606 7590 -3721 END
START 8472 -3196 19028 9469 7405 -5544 END
START 7708 -3864 18444 9287 6465 -7040 END
START 7232 -4352 17932 9246 4796 -7830 END
START 7640 -4444 17420 9124 3721 -8209 END
START 7884 -4200 17252 8619 3982 -8712 END
START 8092 -4184 16808 8052 4051 -9414 END
START 7784 -4020 16332 7601 3099 -10448 END
START 7436 -3676 16064 7375 1794 -11601 END
START 6868 -3452 15720 7114 1043 -12817 END
START 6292 -3200 15724 6646 348 -14016 END
START 5816 -3092 15784 6152 185 -15172 END
START 5176 -2916 16396 5454 757 -15995 END
START 4064 -2764 17008 4973 1603 -16383 END
START 2788 -2748 17068 4691 820 -16510 END
START 2184 -2296 17836 4791 -1126 -16704 END
START 1456 -1752 18788 5299 -3414 -17405 END
START 1148 -1428 19360 5660 -5740 -18467 END
START 552 -1164 20584 6026 -6884 -19256 END
START -272 -828 21160 6104 -5438 -19150 END
START -1644 -432 21456 5729 -3914 -18455 END
START -2984 -164 22304 6076 -3741 -17663 END
START -3740 -304 22704 7315 -4596 -17065 END
START -4980 -128 22852 8464 -5976 -16588 END
START -5924 64 23076 9421 -7662 -15853 END
START -6196 220 23336 9902 -7930 -14815 END
START -6440 312 23400 10085 -7007 -13429 END
START -6740 -20 23256 10513 -5535 -11964 END
START -7444 -40 22300 11176 -5764 -10389 END
START -7452 204 21728 11861 -7102 -9018 END
START -7180 428 21368 12620 -7521 -7822 END
START -6948 532 20708 13163 -6477 -6620 END
START -6648 728 19660 13568 -5117 -5369 END
START -6472 976 18808 13304 -4427 -4222 END
START -6164 1364 18592 13658 -3711 -2842 END
START -5684 1680 17736 14249 -2574 -1532 END
START -5180 1692 16056 14492 -1743 -551 END
START -5104 1944 14864 13721 -1806 320 END
START -4684 2020 14868 13603 -2089 1436 END
START -3496 2236 14548 13670 -1883 2722 END
START -2592 2380 14168 13678 -821 3561 END
START -2764 2512 13308 14011 49 3832 END
START -3404 2656 12436 14788 -264 4123 END
START -3552 2440 11280 15283 -1525 4829 END
START -3252 2276 10028 15131 -2880 6071 END
START -2204 2192 8568 14031 -3331 7341 END
START -1572 2368 7204 11609 -2876 7872 END
START -1568 2720 6420 8294 -2475 8354 END
START -2120 2860 6456 6105 -3139 9101 END
START -2204 2556 6356 5457 -4372 9944 END
START -1512 2596 6132 5035 -5242 11072 END
START -8 2356 5816 3814 -4982 12475 END
START 1208 2348 5764 2305 -3972 13734 END
START 2216 2400 5788 1038 -3250 14562 END
START 3020 2508 5808 103 -2984 15134 END
START 3588 2512 5604 -818 -3133 15357 END
START 4012 2644 5496 -2175 -3112 15456 END
START 4712 2536 5456 -3413 -2858 15763 END
START 5556 2140 5720 -4617 -3031 16236 END
START 6752 1944 6156 -5781 -3424 16658 END
START 7868 1912 6576 -6848 -3255 16685 END
START 8144 1864 6772 -7739 -2205 16362 END
START 7516 1848 6720 -8527 -1085 15911 END
START 6800 1292 6388 -9301 -621 15492 END
START 7104 448 6548 -10410 -1514 15595 END
START 8612 -60 7808 -11405 -3331 16301 END
START 10640 -336 9188 -12033 -4074 16331 END
START 11980 -320 9844 -12681 -2940 15410 END
START 12000 -124 9932 -13322 -1079 13763 END
START 11656 -512 10252 -14198 312 12249 END
START 11680 -1132 10752 -14778 125 11830 END
START 13052 -1640 11828 -15413 -1023 11993 END
START 14964 -1720 12592 -16261 -1305 11587 END
START 16420 -1308 13612 -17189 -256 9936 END
START 16856 -1464 14160 -17744 1183 7440 END
START 16424 -1780 14656 -17961 1727 4915 END
START 16352 -2380 15088 -18183 1027 3036 END
START 16976 -2916 16700 -18380 1 1909 END
START 18232 -3048 18108 -18460 -394 913 END
START 19656 -3288 19852 -18493 303 -697 END
START 20200 -3656 21184 -18359 1768 -3022 END
START 20156 -3396 22492 -17609 2976 -5670 END
START 19756 -3116 23968 -16192 4441 -8825 END
START 18136 -3172 24360 -14653 6113 -11974 END
START 15924 -3380 24368 -13342 6992 -14610 END
START 13224 -3604 24624 -12106 6879 -16576 END
START 10728 -4036 25076 -10337 6101 -17850 END
START 7816 -4028 25740 -8202 5237 -18662 END
START 5600 -4252 26060 -6358 5353 -19222 END
START 3088 -4548 26428 -4259 6380 -19339 END
START 784 -4616 26108 -2320 7966 -19130 END
START -1316 -4876 25296 -708 9305 -18420 END
START -3456 -5120 24424 764 10081 -17097 END