START 10580 2068 16488 8384 -7063 102 END
START 10960 2176 21856 8465 -7158 -661 END
START 13380 1864 11528 8304 -4955 -3184 END
START 8792 2372 16352 8659 -4351 -6282 END
START 8212 1944 14756 9159 -5532 -7699 END
START 8240 1828 13156 9588 -7451 -7892 END
START 8340 2232 12028 9151 -8061 -8189 END
START 8264 2320 11376 7861 -7011 -8981 END
START 7908 2276 10884 6613 -5032 -9326 END
START 7484 1956 10412 5577 -3064 -9426 END
START 7128 1636 9780 4594 -2022 -9311 END
START 6648 1648 9616 3792 -2066 -9246 END
START 6392 1688 9192 3427 -2334 -9355 END
START 5428 1872 8456 2761 -3272 -9457 END
START 5052 2112 8052 1607 -4396 -9552 END
START 5028 2268 8188 336 -4512 -9855 END
START 4808 2288 8260 -534 -3526 -10202 END
START 4016 2216 8024 -1357 -2516 -10189 END
START 3244 2516 7320 -2159 -2414 -9685 END
START 2460 2808 5880 -3354 -2711 -9299 END
START 1240 2824 5152 -5492 -4359 -9586 END
START 92 2864 5756 -6501 -7325 -9902 END
START 128 2176 6248 -6794 -9509 -9747 END
START 596 2708 7556 -8136 -10903 -9504 END
START 700 3388 9008 -9091 -10017 -9078 END
START 364 3536 9824 -10127 -7238 -7957 END
START -688 3536 9900 -12161 -2903 -5856 END
START -2044 2612 10120 -14230 -390 -3362 END
START -2516 1728 11208 -15089 -909 -1483 END
START -1956 804 12148 -15017 -3154 -505 END
START -1336 356 13212 -14434 -5731 -378 END
START -544 328 13984 -13972 -6946 -141 END
START -196 112 14764 -14095 -6833 455 END
START -180 -136 15512 -14179 -6001 1464 END
START -256 -456 15380 -14160 -4883 2710 END
START -880 -928 14844 -14556 -4068 3783 END
START -1360 -1088 14708 -14996 -4319 4984 END
START -1588 -1180 15508 -15345 -4898 5851 END
START -1116 -1804 16600 -15297 -5602 6894 END
START -32 -2168 17784 -15318 -5424 8223 END
START 804 -2584 18568 -15118 -3666 9269 END
START 1004 -2568 19032 -14804 -1548 10249 END
START 800 -1936 19240 -14593 200 10894 END
START 192 -1600 20084 -14138 967 11145 END
START -52 -1776 20788 -13411 945 11617 END
START 912 -2300 21716 -12851 883 12514 END
START 2112 -2804 23236 -12679 2582 13465 END
START 2820 -3204 24488 -12155 5633 14025 END
START 2568 -3240 24492 -11587 9178 13911 END
START 1072 -3872 24272 -11222 11196 13337 END
START -452 -4648 24660 -10065 9220 13947 END
START -64 -4888 25584 -8686 5943 15110 END
START 1796 -4548 26424 -7473 4502 16159 END
START 3432 -4204 27160 -5901 5444 16347 END
START 3976 -3944 27280 -4419 7403 16191 END
START 4904 -4000 27744 -3170 9195 15889 END
START 6424 -3792 28264 -1709 11101 15394 END
START 7460 -3608 27720 -549 12424 13915 END
START 7404 -3736 27124 474 11597 12239 END
START 6796 -3932 26668 2261 8691 10459 END
START 6908 -4188 26292 4232 5557 8936 END
START 7676 -4180 26200 5993 3918 7530 END
START 8272 -4132 25792 7351 3887 6197 END
START 8488 -4104 25060 8147 4712 5022 END
START 8840 -4148 24136 8577 6016 3919 END
START 8664 -3908 23348 8903 7012 2486 END
START 8020 -4164 22292 9656 6946 1168 END
START 7480 -4064 21068 10501 6158 -186 END
START 7012 -4156 19404 11045 5014 -1676 END
START 6588 -4156 18236 10926 3552 -2968 END
START 6696 -3856 17516 10658 2177 -4313 END
START 6620 -3716 16888 10468 1062 -5542 END
START 6656 -3500 16384 10157 476 -6554 END
START 6744 -3604 15948 9711 716 -7485 END
START 6492 -3784 15312 9001 1287 -7957 END
START 6232 -3908 14724 8097 1106 -8258 END
START 6472 -3636 14792 7350 469 -8664 END
START 7068 -3412 15088 6948 75 -9600 END
START 7184 -3320 14992 6634 63 -10653 END
START 6932 -3584 14976 5807 1 -11555 END
START 6576 -3816 14988 4938 179 -11970 END
START 6392 -3792 15528 3942 654 -12345 END
START 5884 -3588 16048 3408 885 -12874 END
START 5460 -3772 16148 3502 208 -13552 END
START 5128 -3684 16440 3384 -1220 -14301 END
START 4796 -3576 16740 3108 -2136 -15194 END
START 4088 -3364 17596 2979 -2320 -15902 END
START 3684 -3248 18232 3420 -2557 -16530 END
START 3384 -2976 18368 3746 -2948 -17110 END
START 2868 -2900 18980 3688 -3039 -17655 END
START 1744 -2692 19712 3775 -3318 -17792 END
START 688 -2388 20636 4234 -4088 -17527 END
START 460 -2312 20880 4774 -4256 -17243 END
START -112 -2232 21340 5024 -3494 -17295 END
START -1104 -2376 22064 5597 -2314 -17219 END
START -2456 -2464 22428 6880 -1657 -16661 END
START -3304 -2592 22008 8295 -1912 -15644 END
START -4124 -2584 21420 9074 -2193 -14731 END
START -4836 -2304 21720 10491 -1938 -13404 END
START -5388 -1928 21668 12581 -920 -11498 END
START -5296 -1372 20688 13711 798 -9306 END
START -4860 -668 19468 13112 2507 -7488 END
START -5288 -400 18692 11880 3822 -6068 END
START -5560 -196 18032 11107 3609 -4892 END
START -5916 -240 17440 10773 1738 -4014 END
START -5856 84 17364 10715 -587 -3539 END
START -5684 316 17304 10727 -2331 -3225 END
START -5336 764 17236 10759 -2851 -2832 END
START -5532 864 17088 10940 -2592 -2196 END
START -5488 948 16692 11334 -2472 -1006 END
START -5332 1172 16192 11460 -2158 491 END
START -4904 1732 15724 11292 -1713 1823 END
START -4608 1996 14988 11177 -1334 2885 END
START -4024 2080 14140 11083 -1376 3777 END
START -3468 2280 13088 10412 -1316 4202 END
START -3292 2392 12592 9390 -1432 4429 END
START -3124 2252 12128 8458 -1871 5078 END
START -2888 2228 11788 7848 -2223 5940 END
START -2644 2508 11456 7496 -2382 6879 END
START -2100 2724 11096 7094 -2352 7633 END
START -1740 2920 10972 6724 -2172 8204 END
START -1200 2968 10720 6496 -2128 8637 END
START -784 2816 10156 6242 -2348 9159 END
START -444 3004 9912 5799 -2637 9767 END
START 116 2984 9592 4915 -2406 10441 END
START 436 3204 9424 3931 -1899 10914 END
START 712 3316 9368 3249 -1764 11256 END
START 1120 2876 9408 2965 -2488 11554 END
START 1980 3036 8992 2794 -3364 11726 END
START 3000 2800 8720 2107 -3679 11506 END
START 3712 2516 8536 622 -3770 11149 END
START 3924 2348 8464 -1117 -4457 11107 END
START 4220 2252 8760 -2249 -5306 11439 END
START 4780 1956 9092 -2753 -5665 12062 END
START 5612 1792 9340 -3483 -5209 12726 END
START 6172 1596 9340 -4349 -4043 13079 END
START 6864 1524 9740 -5147 -3134 13128 END
START 7480 1380 10192 -5726 -2920 13050 END
START 7960 1264 10232 -6502 -2532 12745 END
START 8120 992 10420 -7403 -1913 12460 END
START 7816 752 10228 -8159 -1564 12325 END
START 7856 352 10344 -8979 -1580 12265 END
START 8012 172 10464 -9998 -2118 12183 END
START 8520 -164 10972 -10675 -2898 11984 END
START 9240 -552 11568 -11326 -3642 11572 END
START 10088 -824 12204 -11914 -3808 11199 END
START 10660 -1128 12508 -12834 -3033 10666 END
START 10692 -1508 13120 -13758 -2213 9919 END
START 10900 -1712 13760 -14513 -2564 9539 END
START 11632 -2068 15060 -14845 -3261 9221 END
START 12732 -2264 15900 -14896 -3495 8733 END
START 13636 -2424 16284 -15016 -3239 7876 END
START 14120 -2740 17032 -15298 -2850 6712 END
START 15032 -2684 18048 -15784 -2593 5306 END
START 15508 -2936 19144 -15814 -2300 3645 END
START 15784 -3236 19756 -15433 -2278 2355 END
START 16152 -3260 20316 -14896 -1905 1146 END
START 16616 -3116 21168 -14538 -1352 -498 END
START 17132 -2964 22204 -13884 -729 -2425 END
START 17376 -2952 22900 -13007 79 -4653 END
START 17176 -3016 23648 -11879 1257 -6922 END
START 16404 -2864 23760 -10551 2503 -9287 END
START 14968 -2640 23640 -9137 3395 -11510 END
START 13244 -2744 22956 -7759 4143 -13302 END
START 10848 -2972 22784 -6280 4377 -14476 END
START 8476 -3264 22492 -4364 3667 -15195 END
START 6492 -3392 22180 -2560 2825 -15683 END
START 4640 -3636 21784 -1306 2366 -15952 END
START 2804 -3672 21460 -357 2601 -15831 END
START 1228 -3524 20920 433 4117 -14962 END