START 10856 684 14392 12025 -12809 -3443 END
START 9008 1888 21524 11998 -13721 -3390 END
START 7556 2560 16116 10934 -12607 -4563 END
START 12140 1764 9608 8132 -11203 -6453 END
START 10640 2376 11096 5732 -8466 -8319 END
START 10276 1912 10460 4866 -6082 -9452 END
START 9412 2112 9972 4937 -4441 -9666 END
START 9032 2152 9392 4881 -3326 -9879 END
START 8712 2192 8544 4390 -2902 -10327 END
START 7936 2472 7916 3617 -3715 -10812 END
START 7552 2464 7376 2622 -5057 -11313 END
START 7404 2456 7456 1893 -6299 -11745 END
START 7512 2800 7588 1344 -6442 -12431 END
START 7096 2880 7788 300 -5147 -13076 END
START 6460 2748 7336 -903 -3449 -13138 END
START 4992 2772 7260 -1854 -2569 -12595 END
START 3848 2788 6324 -2743 -2910 -11656 END
START 2720 2896 6136 -3816 -4219 -11280 END
START 1896 3572 6388 -4533 -5864 -11979 END
START 1332 3204 6652 -4569 -7974 -13444 END
START 644 3044 6952 -4493 -9117 -14464 END
START -224 2640 6912 -5304 -8369 -14169 END
START -1032 2060 6624 -7412 -6712 -12390 END
START -2148 2232 7328 -10268 -5877 -9589 END
START -2648 2452 8500 -11666 -5528 -6731 END
START -2136 2284 9092 -12541 -5806 -5272 END
START -1516 2296 9704 -13199 -6368 -5438 END
START -1944 2424 10968 -13200 -7126 -6140 END
START -2648 2244 11792 -12954 -7659 -6189 END
START -3408 1976 12112 -13173 -8130 -5485 END
START -3872 2216 12372 -14129 -8714 -4037 END
START -4048 1704 13064 -15158 -8897 -2560 END
START -4048 1352 14036 -15996 -8356 -1152 END
START -4172 1176 15660 -16626 -6227 800 END
START -4232 1252 16928 -17556 -3375 3239 END
START -3884 1476 18312 -18348 -1142 5989 END
START -3148 1464 19200 -18533 420 7857 END
START -2668 1076 19512 -18258 1619 8299 END
START -3196 912 20284 -17653 1955 7936 END
START -3664 848 21644 -17029 657 8230 END
START -3612 652 23116 -15744 486 9437 END
START -3476 420 23660 -14885 1681 11177 END
START -3400 -272 24048 -14753 3268 13156 END
START -3480 -988 24596 -14403 4338 15376 END
START -3028 -1072 25840 -13973 4323 17492 END
START -1408 -528 27836 -12927 5024 18829 END
START -384 356 29208 -11303 6146 19201 END
START 152 768 30116 -8910 6654 19082 END
START 584 904 30164 -6452 7094 18327 END
START 864 504 29664 -4563 8147 17375 END
START 724 -592 29560 -3314 8709 17106 END
START 1500 -812 30024 -2500 8345 17871 END
START 3216 -228 30844 -1081 8658 18391 END
START 4616 800 31196 756 10138 18137 END
START 5244 1404 30624 2187 12048 17165 END
START 5456 1372 30220 3574 13513 15487 END
START 6032 480 29544 5461 13760 13867 END
START 6500 60 28428 6719 12860 12436 END
START 7100 -104 27284 7360 11734 11100 END
START 7120 -328 26716 8111 10681 9795 END
START 7556 -368 25632 9103 10134 8458 END
START 7708 -252 24548 9394 10408 6613 END
START 7664 -476 23640 9841 11077 4426 END
START 7608 -1012 22268 10498 11414 2343 END
START 7492 -1328 20416 10671 10542 179 END
START 7160 -1988 18924 10562 7934 -1631 END
START 6828 -1860 18080 10565 4264 -3333 END
START 7464 -1656 17472 10643 1274 -5624 END
START 8124 -1544 16988 10528 -518 -8438 END
START 7932 -1656 16736 10068 -1430 -10771 END
START 7804 -2004 16408 9730 -1439 -12156 END
START 7440 -2104 15936 9103 -506 -12623 END
START 6872 -1988 15536 8131 290 -12795 END
START 6376 -1640 15752 7207 -134 -13275 END
START 6232 -1648 16148 6946 -1980 -14090 END
START 6656 -1224 17056 7018 -3837 -15280 END
START 7568 -824 18280 6754 -3252 -17212 END
START 6848 -972 19156 6488 -1552 -19424 END
START 5028 -1136 19632 6982 -1180 -21440 END
START 2544 -1372 19728 8223 -2868 -22900 END
START 48 -1360 19928 8835 -5210 -23679 END
START -1860 -736 20600 9005 -7366 -23687 END
START -3328 -408 21600 9741 -9088 -23539 END
START -3968 -396 22636 10433 -9632 -23782 END
START -4988 100 23484 10961 -7599 -23325 END
START -7080 248 23916 11358 -5346 -21817 END
START -8956 596 22680 12177 -5356 -19505 END
START -10064 500 21728 12782 -7111 -17397 END
START -9920 456 20788 12961 -7860 -15422 END
START -9784 908 21120 12406 -7620 -13773 END
START -9576 676 21800 13031 -6395 -12314 END
START -10004 960 21508 14146 -4982 -10961 END
START -10748 988 20404 15236 -3925 -9752 END
START -11292 544 18488 15522 -4568 -8335 END
START -11224 416 17336 15220 -6088 -6515 END
START -10540 96 16184 15476 -6879 -4569 END
START -9604 352 15436 14988 -6961 -2452 END
START -8836 1816 15436 13967 -6015 -860 END
START -8256 2652 15416 14275 -4829 288 END
START -7728 2732 14668 15336 -3647 1171 END
START -7380 2808 13344 16162 -2524 2232 END
START -6328 2900 11304 16164 -2223 3559 END
START -5648 3436 9396 13981 -3227 4805 END
START -4676 3192 8992 12035 -3647 5771 END
START -4320 3440 8756 10628 -3261 6631 END
START -4448 3712 8800 9962 -2643 7326 END
START -4608 4004 8448 9785 -2520 8255 END
START -4164 3896 7848 9704 -2182 9507 END
START -3488 3744 7384 9270 -1414 10889 END
START -2552 3412 5564 8146 -632 12377 END
START -1512 3448 4240 5020 -1154 13148 END
START -1144 3800 4380 2042 -1680 13101 END
START -1272 3476 5340 1371 -2185 13150 END
START -1144 2996 5032 1453 -2951 13958 END
START -144 2992 4592 461 -2968 15121 END
START 1400 2924 4640 -1128 -1832 16528 END
START 2540 2932 4848 -2959 -614 17707 END
START 3740 2528 5192 -4227 -553 18480 END
START 4908 2712 5272 -5105 -1623 18719 END
START 5696 2692 5424 -5743 -2586 18196 END
START 6128 2780 5700 -6035 -2952 17441 END
START 6220 2416 5444 -6518 -2970 16742 END
START 6180 2044 5324 -7264 -3473 16763 END
START 7024 1560 5696 -8530 -4484 17328 END
START 8240 1184 6304 -9965 -5044 17961 END
START 9332 1096 7224 -11071 -4531 18184 END
START 9728 1264 7396 -11929 -3607 17818 END
START 10112 912 7204 -12764 -3234 16838 END
START 10628 580 7468 -14218 -3920 15856 END
START 11532 -72 8328 -15049 -5349 15092 END
START 13124 -540 9216 -15544 -6324 14397 END
START 14644 -724 9852 -16386 -5832 13484 END
START 15732 -900 10876 -17662 -4291 12278 END
START 16652 -1288 12296 -19112 -3384 11306 END
START 17824 -1472 13648 -19615 -2949 10333 END
START 19360 -1628 14812 -19934 -2603 8341 END
START 20672 -1996 15652 -20097 -1821 5752 END
START 21572 -2300 17056 -21036 -1393 2668 END
START 21508 -2748 19040 -21181 -955 -478 END
START 20792 -2924 20800 -19767 -775 -2994 END
START 20608 -3064 21924 -18364 61 -5347 END
START 20232 -2960 22896 -17790 1537 -7282 END
START 19728 -2908 24456 -17197 3857 -9039 END
START 18496 -2888 26060 -16420 6925 -11358 END
START 15600 -2568 27928 -14484 10150 -14378 END
START 12032 -2852 29296 -11251 12779 -18108 END
START 8272 -3692 29772 -7597 14597 -21519 END
START 4500 -4904 29936 -3852 15884 -23725 END