START 9892 1864 13592 7559 -6908 660 END
START 13284 856 13336 7307 -7658 655 END
START 7860 2824 17564 6694 -6754 -177 END
START 11728 2052 12464 6312 -5912 -1814 END
START 11332 2156 12940 6469 -5458 -3670 END
START 10880 1920 12916 6541 -5448 -5177 END
START 10944 1668 11704 6265 -5778 -6251 END
START 10664 1856 10868 5468 -5788 -7027 END
START 10284 1676 10196 4586 -5313 -7512 END
START 9652 1832 9476 3597 -4521 -7481 END
START 9236 1724 8872 2644 -3567 -7285 END
START 8968 1836 8608 1603 -2533 -7203 END
START 8808 1700 8180 612 -1757 -7776 END
START 8420 1636 8020 -240 -1400 -8685 END
START 7756 1584 7572 -955 -1027 -9855 END
START 6608 1564 7316 -1791 -942 -10619 END
START 5200 1372 6752 -2671 -1571 -10609 END
START 3820 1428 6600 -3484 -2343 -10011 END
START 3020 1448 5764 -4655 -3140 -9128 END
START 2544 1216 5836 -6094 -3683 -8588 END
START 2068 1352 6316 -7501 -3504 -8480 END
START 1688 1140 6756 -8555 -2901 -8431 END
START 804 1180 7124 -9633 -2421 -8297 END
START 212 1096 7596 -10605 -2554 -7603 END
START -424 1144 8268 -11647 -3651 -6702 END
START -584 1168 9308 -12230 -4566 -5641 END
START -536 1416 9920 -12839 -5022 -4623 END
START -84 1724 10768 -13789 -4910 -3873 END
START 376 1844 11432 -14394 -4362 -3240 END
START 408 1392 11960 -14795 -3796 -2585 END
START 68 1148 12360 -15475 -3590 -2023 END
START -500 612 12800 -16282 -3956 -1457 END
START -704 164 14352 -16636 -5089 -435 END
START -532 -120 15472 -16113 -6124 594 END
START -40 -640 15592 -15826 -5724 1439 END
START -80 -1224 15800 -16396 -4018 2192 END
START -1260 -1292 16276 -17310 -2701 3379 END
START -1784 -1876 17172 -17838 -2359 5019 END
START -1944 -2276 18052 -17692 -2971 6968 END
START -1184 -2880 19440 -17722 -3750 8784 END
START 48 -3308 20704 -17471 -3659 10298 END
START 320 -3272 22276 -16773 -1715 11051 END
START 104 -2984 22932 -15921 787 11823 END
START -576 -2392 23168 -15170 2076 12418 END
START -1372 -2080 23464 -14681 2562 12808 END
START -1276 -2912 24592 -14195 1913 13674 END
START -292 -3648 26312 -13499 1256 14839 END
START 720 -4288 28552 -11862 1694 15557 END
START 1264 -4052 29804 -9627 3773 15989 END
START 1240 -3600 30136 -7304 6782 16358 END
START 1148 -3568 30016 -5220 8825 17094 END
START 1632 -3872 30028 -3273 9144 18153 END
START 3132 -4020 29344 -1679 8648 18867 END
START 4984 -3712 29220 -1032 7841 18146 END
START 6200 -3176 29868 804 6698 16444 END
START 7444 -2456 29396 3303 6096 14070 END
START 8080 -2648 28420 5104 6084 11637 END
START 8448 -3048 27684 6564 6037 10259 END
START 9132 -3144 26832 7954 5764 9323 END
START 9984 -2940 25956 8968 5922 8089 END
START 10524 -2964 25132 9686 6436 6209 END
START 10464 -2840 24332 10474 7121 3946 END
START 9980 -3020 23188 11642 6971 1680 END
START 9356 -3308 21920 12870 6555 -322 END
START 8844 -3708 20352 13488 6623 -2251 END
START 8140 -4204 18852 13571 6770 -3472 END
START 7436 -4296 17664 13028 6433 -4064 END
START 7488 -4392 16852 12527 5816 -4808 END
START 7320 -4500 16236 12059 4938 -5980 END
START 7432 -4580 15748 11048 3853 -7107 END
START 7488 -4744 16048 10231 3319 -8019 END
START 7636 -4964 15948 9532 3046 -8756 END
START 7372 -4840 15340 8498 2389 -9162 END
START 7516 -4796 15316 7456 1430 -9235 END
START 7232 -4532 15172 6414 603 -9255 END
START 6852 -4308 14568 5785 352 -9523 END
START 6488 -3940 14476 5180 561 -10478 END
START 6156 -3696 14700 4921 433 -11833 END
START 5320 -3556 14784 4981 -878 -13008 END
START 4768 -3588 14504 4382 -2918 -13891 END
START 4460 -3360 15064 3511 -3626 -14301 END
START 3960 -2912 15744 2446 -3498 -14380 END
START 3344 -2364 16764 1699 -3245 -14521 END
START 2772 -1908 18072 1892 -3036 -15060 END
START 2460 -1644 19148 2375 -2981 -15947 END
START 1480 -1428 19676 2493 -3557 -16929 END
START 432 -1500 20384 3051 -5267 -17465 END
START -28 -1200 21048 4060 -7521 -17632 END
START 104 -840 21860 4529 -7282 -17664 END
START -516 -828 22584 4395 -4492 -17364 END
START -1812 -1032 22952 4811 -2100 -16479 END
START -2724 -1240 22652 5766 -1562 -15350 END
START -3580 -1016 22508 6695 -2267 -14545 END
START -4516 -832 22148 8135 -3525 -14141 END
START -5296 -688 21608 9815 -5069 -13745 END
START -5436 -576 21368 10865 -5896 -12991 END
START -5220 -560 20856 11048 -5152 -11732 END
START -4892 -412 20872 11164 -3618 -10224 END
START -5012 -268 20148 12006 -2420 -9057 END
START -5244 -4 19044 12624 -2512 -8135 END
START -5304 448 18264 12796 -3076 -7362 END
START -5140 768 17912 12973 -3759 -6458 END
START -4776 752 17952 13343 -3513 -5362 END
START -4456 1100 17724 13964 -2131 -4225 END
START -4896 1604 16968 14731 -232 -2857 END
START -4812 1880 15000 15087 728 -1408 END
START -4552 2072 12084 13229 -535 -776 END
START -3976 2192 11608 10625 -3322 -994 END
START -3780 2352 13212 10730 -5489 -1173 END
START -3092 2436 13704 12234 -6067 -1085 END
START -2988 2808 12960 12217 -4834 -536 END
START -3500 2816 12224 11731 -3061 1316 END
START -3624 2704 11188 11005 -1758 3958 END
START -2668 2860 10096 8874 -1249 6602 END
START -1760 3320 9980 6661 -650 8073 END
START -1148 3560 10428 5946 -735 8437 END
START -944 3640 10316 6362 -1465 8185 END
START -676 3660 9792 6782 -2410 8027 END
START -668 3652 8856 6521 -2739 8499 END
START -644 3248 8268 5570 -2658 9804 END
START 72 3336 7784 4144 -2325 11553 END
START 1248 3064 8124 2590 -1272 12942 END
START 2480 3252 8028 1264 495 13804 END
START 2964 3464 7776 207 1548 14025 END
START 3304 3564 7872 -598 1509 13809 END
START 3512 3392 7828 -1136 1014 13285 END
START 3620 2996 7936 -1490 -762 13276 END
START 4364 2476 7860 -2107 -2994 13863 END
START 5644 2620 8104 -3153 -4064 14738 END
START 6744 2660 8088 -4336 -3894 15176 END
START 7120 2548 8196 -5698 -3044 15005 END
START 7096 2288 8372 -6779 -2135 14543 END
START 7544 1652 8800 -7666 -2392 14464 END
START 8544 1180 9420 -8234 -3401 14520 END
START 9848 644 10224 -8764 -3818 14216 END
START 10316 252 10500 -9236 -3439 13933 END
START 10280 176 10328 -9917 -2387 13137 END
START 9116 224 10164 -10694 -1345 12199 END
START 8440 16 10100 -11498 -1939 11823 END
START 9340 -520 10724 -12325 -3749 11980 END
START 11232 -796 11748 -13381 -5326 12271 END
START 12828 -948 12484 -14130 -5310 12060 END
START 13716 -1088 12848 -14644 -3969 11055 END
START 13924 -1288 12880 -14942 -2009 8763 END
START 13464 -1796 13924 -15071 -1477 7156 END
START 13908 -2408 14748 -15053 -2403 6669 END
START 15400 -2788 15620 -15601 -2670 6518 END
START 16676 -2972 16272 -16002 -1265 5672 END
START 16692 -3156 16404 -16328 436 3764 END
START 16120 -3552 16872 -16270 1086 1692 END
START 16148 -3800 18528 -15727 330 -19 END
START 17000 -3892 19236 -15112 311 -1489 END
START 17548 -4068 19660 -15062 764 -2946 END
START 17820 -4072 20736 -14711 1353 -4282 END
START 17704 -4544 21812 -14106 1693 -5933 END
START 17756 -4192 22688 -12920 1961 -7885 END
START 17324 -3876 23752 -11901 2620 -10026 END
START 16612 -3208 24924 -10647 3072 -12142 END
START 15516 -2764 25740 -8939 4110 -14827 END
START 13632 -2932 25776 -7129 5622 -17518 END
START 10904 -3452 25108 -5529 6579 -19221 END
START 7780 -3856 24588 -4115 7146 -19756 END
START 4916 -4032 23236 -2536 6977 -19393 END
START 2164 -3904 21804 -1063 5835 -18518 END
START 168 -3840 20356 44 4662 -17089 END
START -1252 -3488 19240 301 4287 -15511 END
START -2580 -3672 18436 205 4988 -13762 END
START -3680 -3524 18096 227 6474 -11828 END
START -4716 -3384 17428 564 7932 -9783 END