START 10064 2092 10972 5114 -4182 -7195 END
START 4020 4144 23928 5239 -4564 -7083 END
START 10400 2020 9708 5430 -3601 -7424 END
START 9268 1956 10336 5825 -1701 -8189 END
START 9496 1568 9804 5535 -1642 -8831 END
START 10012 1300 9304 5308 -2524 -9148 END
START 10724 1216 9268 5192 -3629 -9310 END
START 11068 1844 7956 4692 -4465 -9508 END
START 10384 2428 6840 3026 -5733 -10617 END
START 8868 3140 6548 1600 -6224 -12485 END
START 7028 3532 6496 1447 -4862 -13432 END
START 5496 3524 5856 1190 -2884 -12953 END
START 4224 3560 5012 -234 -1507 -11355 END
START 3480 4044 4580 -2736 -245 -9471 END
START 2356 3920 4592 -5161 335 -8013 END
START 1132 3696 5240 -6955 -543 -6881 END
START 112 3496 6368 -7838 -2320 -6337 END
START -296 3492 7348 -7967 -3897 -6677 END
START -1080 3080 7796 -7756 -5175 -7444 END
START -2028 2736 8044 -7604 -7692 -7731 END
START -2436 2344 8232 -7681 -10481 -7230 END
START -2644 2304 8628 -8372 -12875 -6102 END
START -2488 2312 9212 -9289 -14121 -4586 END
START -2444 2344 9888 -10714 -13607 -2977 END
START -2188 2592 10872 -12362 -11964 -1325 END
START -1980 2632 11956 -13291 -9654 -15 END
START -1992 2548 12488 -13845 -7905 501 END
START -1768 2156 12756 -14387 -6850 1057 END
START -2292 1320 13004 -15468 -6967 1659 END
START -3012 1844 14344 -16072 -8067 3028 END
START -3256 2080 15432 -15922 -8595 4811 END
START -2792 2316 16348 -15866 -7769 6333 END
START -2028 1976 17180 -16410 -6282 7696 END
START -1052 1412 18044 -16941 -4860 9051 END
START -124 1096 19332 -16898 -2724 9777 END
START 144 1128 20220 -16627 -1196 10195 END
START 656 1372 21228 -15866 -593 10800 END
START 1068 1736 21984 -14829 234 11064 END
START 1780 1708 22708 -14211 1441 11275 END
START 2228 1652 23588 -13846 3183 11307 END
START 2812 1344 24280 -12941 5401 10997 END
START 2288 1456 24924 -11611 7668 9541 END
START 576 1524 24976 -9829 7991 8110 END
START -1076 844 25256 -7340 5772 7633 END
START -1324 696 25420 -5060 2523 8368 END
START 508 460 25688 -3697 1105 10048 END
START 2616 396 25728 -3250 2903 11317 END
START 3976 668 26136 -3719 7230 11981 END
START 4036 1412 26684 -4051 11509 12228 END
START 3636 1968 27200 -2905 13276 12134 END
START 3812 2232 27080 -1131 13384 11656 END
START 3884 2012 26560 322 12302 10816 END
START 4152 1764 26504 1523 10965 10070 END
START 5088 1356 26384 2504 10143 9188 END
START 5624 1356 26540 3303 10576 8241 END
START 5932 1392 26612 4211 11510 7272 END
START 5820 1768 26084 5304 12648 6310 END
START 5908 1968 25052 6167 13505 5532 END
START 6076 2276 23840 6511 14231 4613 END
START 6156 1932 22540 6230 14515 3547 END
START 6512 1452 21716 5660 13771 2411 END
START 6912 1160 21276 5538 12015 1093 END
START 7148 1448 20904 6199 9577 -388 END
START 8168 1540 20332 6916 8091 -2320 END
START 8464 1624 19816 7277 8090 -5017 END
START 8636 1344 18872 7007 8379 -7708 END
START 7832 708 18012 6328 7842 -10256 END
START 7452 124 17900 5813 5083 -11959 END
START 7812 600 18208 5826 2181 -13634 END
START 7536 892 19184 6718 -659 -16021 END
START 7312 1024 19152 8553 -2358 -17607 END
START 7112 1444 18696 8528 -2041 -19100 END
START 6332 1544 18988 7342 272 -20128 END
START 5284 1344 18972 6838 1978 -19245 END
START 4236 1536 19256 6557 3194 -17585 END
START 3740 1400 19552 6048 4397 -16319 END
START 2092 908 19964 5179 4629 -16215 END
START 92 -68 20508 4770 3185 -16197 END
START -2180 -944 21080 5246 613 -15644 END
START -3264 -1284 21668 5742 -2117 -14654 END
START -3580 -1104 22852 6316 -3368 -13410 END
START -3836 -1024 22988 7029 -3014 -12732 END
START -4524 -956 22872 7218 -2223 -12513 END
START -5504 -1064 22740 7806 -2199 -12063 END
START -5964 -1188 22760 8972 -3873 -11455 END
START -5688 -1384 22580 10448 -5595 -11024 END
START -5636 -1380 21872 11633 -6621 -10861 END
START -5700 -1124 20984 12405 -6785 -10986 END
START -5996 -996 20688 12538 -6210 -10758 END
START -6352 -956 19880 12845 -5051 -9957 END
START -6628 -1204 18684 12942 -3991 -8804 END
START -6972 -1056 17800 12559 -3550 -7743 END
START -7348 -464 17620 12588 -3130 -6610 END
START -7324 -424 17160 13082 -2247 -5456 END
START -7280 -724 16000 13121 -1836 -4471 END
START -7292 -264 15196 12906 -2372 -3630 END
START -7420 520 15036 13086 -3121 -3006 END
START -7164 676 14616 13772 -4046 -2042 END
START -6644 620 13772 13835 -4995 -941 END
START -5836 1012 13220 13772 -5444 92 END
START -5020 1628 13224 13694 -4722 902 END
START -4948 2040 12876 14067 -3543 1300 END
START -5392 2396 12144 15003 -3183 1749 END
START -5120 2856 10240 15458 -4330 2712 END
START -4456 3088 8676 13614 -6441 3349 END
START -3864 3332 8868 11247 -7380 3665 END
START -4076 3564 8972 10465 -6777 4173 END
START -4188 3548 8300 10289 -5875 4892 END
START -4604 3468 7236 9781 -4693 5319 END
START -4760 3156 6432 8958 -3697 6254 END
START -4952 3056 5896 8216 -3135 7993 END
START -4280 2728 5396 7291 -2827 10305 END
START -3140 2716 4744 5470 -3152 12909 END
START -1176 2868 4572 2555 -3783 15109 END
START 896 3196 5708 373 -3529 16164 END
START 2312 3276 6624 -387 -2648 16043 END
START 3140 3004 6636 -571 -2295 15500 END
START 3208 2736 6272 -661 -3260 15296 END
START 3452 2304 5904 -1101 -4815 15686 END
START 4344 2068 5812 -2097 -6613 16483 END
START 5508 1992 6052 -3365 -7529 17580 END
START 6836 2024 6868 -4518 -7231 18028 END
START 7888 2032 6924 -5448 -5914 17890 END
START 8352 2064 6660 -6466 -4818 17266 END
START 8028 1652 6628 -7551 -4662 16651 END
START 8292 1332 6916 -8411 -6424 16991 END
START 9836 1308 7672 -9179 -8463 17799 END
START 11828 1120 8316 -10071 -9327 17860 END
START 13604 1328 8740 -11222 -8880 16679 END
START 14196 1400 9712 -12488 -7367 15070 END
START 14616 1584 10576 -13740 -6455 14387 END
START 15472 1496 11400 -14779 -6269 13942 END
START 16816 1684 12388 -15804 -6223 13204 END
START 18468 1196 13552 -16557 -6051 12268 END
START 19860 1304 14848 -17303 -5275 10868 END
START 20280 1584 16076 -17808 -3897 8598 END
START 20600 1892 17348 -17878 -2876 5969 END
START 20456 1940 18032 -17463 -2359 3239 END
START 20264 1752 18388 -17714 -2436 944 END
START 19856 1384 19308 -17927 -2562 -1006 END
START 18952 1180 20264 -18072 -2242 -2218 END
START 17692 1024 21064 -18040 -1391 -2771 END
START 16464 1060 22508 -17784 -252 -3091 END
START 16312 1380 23956 -16718 1460 -4583 END
START 16828 2104 25476 -15039 4649 -8161 END
START 15528 1732 26472 -12702 8194 -13520 END
START 12996 452 26900 -9760 9702 -18575 END
START 9980 -992 26932 -6569 9205 -21757 END
START 7392 -2184 26580 -3796 8202 -23337 END