START 10768 2068 10952 8206 -12581 -1459 END
START 7544 3368 19656 7931 -13233 -1720 END
START 8132 3696 13656 7006 -11908 -3475 END
START 12840 3020 9044 6336 -8476 -7290 END
START 11724 2568 9412 5590 -5734 -10424 END
START 10012 1920 9116 4655 -5560 -10961 END
START 9924 1252 9056 3697 -6484 -10198 END
START 9924 1592 8912 3035 -6980 -9337 END
START 9988 1756 9144 2323 -6234 -8940 END
START 9524 1940 8772 1599 -4990 -8812 END
START 9600 2044 8636 735 -3631 -8990 END
START 9068 2040 8308 -192 -2863 -9633 END
START 8284 1712 8344 -788 -3187 -10067 END
START 7444 1612 8204 -1289 -4018 -9917 END
START 6720 1492 7868 -2182 -4703 -9476 END
START 6056 1532 7964 -3467 -4703 -8879 END
START 5576 1432 8196 -4547 -4089 -8328 END
START 5120 1320 7944 -5361 -2916 -8163 END
START 4536 828 7852 -6199 -2582 -8100 END
START 3820 96 7208 -7034 -3092 -8093 END
START 2940 -300 7356 -7695 -4089 -7754 END
START 2512 -488 7096 -8312 -5417 -7126 END
START 1884 -672 7496 -9228 -6866 -6525 END
START 1816 -820 7848 -9813 -8107 -5815 END
START 1804 -476 8144 -10946 -8667 -4708 END
START 2032 -564 8816 -12567 -9083 -3783 END
START 2000 -568 9792 -13545 -9132 -3297 END
START 1536 -656 10432 -14168 -9337 -2806 END
START 1272 -976 11064 -14751 -9280 -2160 END
START 552 -924 12168 -15644 -8562 -977 END
START 228 -904 13484 -16650 -7534 622 END
START 472 -728 14856 -17511 -6511 2447 END
START 652 -420 16040 -17932 -5171 3773 END
START 908 -312 17080 -18187 -3747 4601 END
START 480 80 17244 -18667 -2459 5037 END
START -764 72 18060 -18993 -1907 5237 END
START -1156 208 18616 -18929 -2407 5345 END
START -1208 56 19848 -18409 -3805 5905 END
START -216 -256 21304 -17703 -3871 7011 END
START 480 -468 21692 -17280 -2206 7965 END
START 200 -296 21736 -17452 -284 8731 END
START -580 -352 21856 -17029 415 9747 END
START -664 -804 21868 -16359 415 10906 END
START 112 -1604 22868 -16120 130 12280 END
START 1524 -2272 24484 -15058 -83 13690 END
START 2880 -2456 25828 -12940 963 14629 END
START 3700 -2472 25852 -10860 3107 15175 END
START 3320 -2152 25116 -9847 5220 15585 END
START 2368 -1724 24764 -9355 6783 15779 END
START 1740 -1756 25204 -8451 7314 16154 END
START 1732 -2064 25352 -7195 7322 16682 END
START 2280 -2720 25508 -6076 7099 17248 END
START 2792 -3160 25780 -4950 6489 17608 END
START 3876 -3584 26456 -3640 5763 17749 END
START 5344 -3844 27384 -2040 6060 17637 END
START 6488 -3704 27656 -192 7074 17260 END
START 7132 -3420 27068 1378 7993 16542 END
START 7612 -3136 26444 2346 8715 15384 END
START 8124 -2980 26168 3451 8780 13747 END
START 8372 -3508 26076 4924 7734 11963 END
START 8680 -3756 25904 6709 6634 10263 END
START 9240 -3596 25544 8403 6503 8430 END
START 9492 -3532 24892 9739 7311 6362 END
START 9104 -3692 23780 10765 8343 4496 END
START 8644 -3856 22508 11396 9020 3497 END
START 8532 -3516 21580 11538 9673 2733 END
START 8936 -3108 21036 11469 11014 1563 END
START 8776 -3548 19984 11392 11922 -123 END
START 8400 -3584 19268 11621 11618 -1383 END
START 8376 -4072 18496 11914 11207 -2832 END
START 7948 -4372 17672 11471 10464 -4447 END
START 7504 -4640 17280 11013 8443 -5648 END
START 7396 -4860 17164 10921 6139 -6847 END
START 7928 -4896 16944 10935 5123 -8149 END
START 7964 -5116 16236 10113 5029 -9522 END
START 7480 -5112 15976 8942 4169 -10013 END
START 7680 -5292 15960 8051 2985 -10078 END
START 8164 -4956 16252 7402 2516 -10242 END
START 8540 -4628 16388 6561 3005 -11337 END
START 8480 -4512 16632 6151 3410 -13142 END
START 7624 -4360 16712 6596 3075 -14906 END
START 6564 -4204 16288 6802 1744 -16171 END
START 5996 -3744 16488 6419 55 -17036 END
START 5660 -3480 16840 6231 -465 -17922 END
START 4560 -3432 17344 5974 -250 -18679 END
START 3300 -3264 17580 5473 183 -19202 END
START 1616 -3184 17780 5149 -150 -19702 END
START 92 -3016 18676 5152 -1985 -20084 END
START -824 -2788 19796 5833 -4185 -20406 END
START -1360 -2792 20520 6725 -6087 -20564 END
START -2076 -2900 21480 7404 -7286 -20701 END
START -2868 -2700 22484 7566 -6610 -19788 END
START -3728 -2700 23032 7783 -5286 -18559 END
START -4656 -2712 23532 8289 -4478 -17073 END
START -5424 -2548 23904 9411 -4432 -15791 END
START -5892 -2624 23720 10985 -5553 -14937 END
START -5944 -2260 23124 11864 -7759 -14326 END
START -6516 -1900 23236 13026 -8669 -13895 END
START -6980 -1920 22488 13717 -8643 -12739 END
START -7112 -1596 21812 13895 -7265 -10748 END
START -7200 -1312 20820 14063 -5609 -8442 END
START -7372 -968 19916 14045 -4723 -6508 END
START -6848 -392 18688 13975 -5703 -4744 END
START -5256 672 18616 13751 -7383 -3972 END
START -4288 1336 18576 15047 -7701 -4344 END
START -4932 1808 17872 16515 -7743 -4931 END
START -6020 1976 17108 18140 -7929 -4133 END
START -5616 1780 16360 19859 -7206 -1755 END
START -3452 1880 14724 19292 -5174 546 END
START -2152 2300 13612 16885 -2185 1032 END
START -2692 2660 12920 15186 -1406 435 END
START -4356 2784 12300 14868 -3568 -48 END
START -5436 2520 11576 15471 -6635 634 END
START -4832 2196 10724 15479 -7925 2647 END
START -3544 2196 9952 13938 -6567 4988 END
START -2228 2324 9956 12251 -3835 7285 END
START -1432 2360 9264 10855 -1393 9339 END
START -1136 2508 8564 9679 -1106 10688 END
START -884 2524 7784 8704 -1902 11652 END
START -516 2524 7180 8000 -3012 12555 END
START 464 2364 6752 7077 -3774 13487 END
START 1668 2792 6332 6030 -3869 14062 END
START 3048 2668 5708 4685 -3951 14412 END
START 3844 3116 5368 2739 -3626 14898 END
START 4244 3252 5168 1404 -3166 15558 END
START 4584 3136 4776 -118 -3316 16068 END
START 5284 2844 4796 -1242 -3746 16315 END
START 5988 2732 4580 -2822 -4213 16484 END
START 7160 2424 5220 -4062 -4543 16718 END
START 8436 2616 5592 -5060 -4596 17075 END
START 9332 2564 6032 -5986 -4326 17098 END
START 9604 2308 6156 -6792 -3673 16839 END
START 9508 2112 5936 -7529 -2582 16409 END
START 9336 1400 5760 -8508 -1868 15726 END
START 9664 868 6424 -9792 -2765 15490 END
START 10652 576 7680 -10401 -3831 15457 END
START 11880 404 8372 -10493 -3919 14725 END
START 12140 432 8480 -10750 -3454 13377 END
START 11880 340 8404 -11190 -2809 11273 END
START 11420 -88 8176 -11387 -2916 8905 END
START 11872 -472 8728 -12069 -2534 7033 END
START 12724 -676 10184 -13519 -2114 6997 END
START 14484 256 11536 -14634 -884 6889 END
START 15404 768 11868 -15257 766 5909 END
START 15584 1220 11444 -16229 1514 4483 END
START 15432 764 12076 -17322 1841 2982 END
START 16208 -224 13772 -17770 1381 2278 END
START 17080 -672 15872 -17398 1129 1650 END
START 17936 -612 16940 -17128 2092 779 END
START 17932 -612 17268 -17218 4097 -550 END
START 17264 -948 17648 -17440 4887 -1933 END
START 17284 -1368 18232 -17782 4350 -3172 END
START 17804 -1688 19924 -17834 3368 -4089 END
START 18772 -1328 21168 -16995 2974 -5426 END
START 19604 -744 21832 -16217 3473 -7963 END
START 19216 -728 22480 -15318 4175 -11196 END
START 18060 -1252 23132 -14203 4030 -13713 END
START 16804 -1224 23748 -12827 3561 -15315 END
START 15636 -1428 23932 -11445 3403 -16242 END
START 14000 -1436 23544 -10083 3210 -16920 END
START 11940 -2020 23364 -9001 3851 -17542 END
START 9152 -2772 23084 -8266 5032 -17493 END
START 6064 -3712 22892 -7473 6276 -16505 END
START 3168 -4732 22744 -6607 7761 -14842 END
START 568 -5680 22716 -5487 9280 -12799 END
START -1832 -6528 22692 -4304 10309 -10568 END
START -4016 -7384 22312 -2935 10822 -8300 END