START 12788 1620 19376 5992 -3657 -4314 END
START 6996 4296 24144 6158 -2787 -5098 END
START 13572 2092 14756 6534 -3778 -6102 END
START 12444 2204 15244 7382 -4726 -8210 END
START 11184 2108 16128 7992 -4686 -10042 END
START 10988 1328 14732 8092 -4399 -11114 END
START 10032 1252 14004 7880 -4050 -11489 END
START 9220 1160 12720 7378 -4059 -11481 END
START 8948 1116 11772 6811 -3940 -11416 END
START 8544 1140 10920 5843 -3202 -11403 END
START 7816 1208 10104 4760 -2738 -11489 END
START 7244 1616 9904 3747 -2531 -11565 END
START 6664 1356 9448 3068 -2487 -11851 END
START 6248 1536 9116 2563 -2589 -12362 END
START 5484 1416 8500 2065 -2876 -12813 END
START 4704 1408 8160 1272 -3172 -13018 END
START 3768 1340 7608 213 -3552 -12807 END
START 2912 1744 7388 -924 -3991 -12166 END
START 2052 1900 7712 -1961 -4506 -11733 END
START 1636 2240 7512 -2798 -4672 -11546 END
START 828 2468 7524 -3722 -4713 -11545 END
START 248 2324 7312 -4437 -4735 -11393 END
START -340 2144 6908 -5370 -4573 -11283 END
START -1140 1888 6392 -6702 -4653 -10941 END
START -2028 1668 6348 -8435 -5436 -10279 END
START -2608 2308 7008 -10068 -6095 -9263 END
START -2800 2788 7860 -11284 -6239 -7995 END
START -2400 3128 8104 -12606 -6206 -6529 END
START -1572 2916 8796 -14333 -6296 -5340 END
START -1184 2620 9816 -15737 -6831 -4471 END
START -740 2172 10868 -16445 -7481 -4052 END
START -832 2136 12316 -16418 -8035 -3875 END
START -1276 2444 13036 -15816 -7781 -3687 END
START -2440 1660 12656 -15777 -7454 -3188 END
START -3136 552 12912 -16758 -7642 -2098 END
START -3028 -608 14232 -17782 -7501 188 END
START -2476 -1684 15712 -18537 -7242 3437 END
START -1504 -1984 17500 -19184 -6067 6571 END
START -752 -1560 19320 -19301 -3909 8549 END
START -664 -1012 20308 -19038 -1587 8774 END
START -1840 -1272 20820 -18079 -455 8073 END
START -3196 -2036 21132 -16339 -1016 7678 END
START -3412 -3272 21300 -15100 -2059 9035 END
START -2984 -3972 21932 -14963 -2493 11457 END
START -2052 -3736 22896 -15138 -1626 14025 END
START -1332 -3036 23692 -15185 438 15850 END
START -1136 -2684 25068 -15033 1977 16836 END
START -716 -2616 26204 -13761 2948 17397 END
START 708 -3088 27116 -12303 3562 17514 END
START 1712 -3256 27840 -10786 4133 17424 END
START 2432 -2940 28576 -9152 5376 17360 END
START 2476 -2436 28880 -7551 7027 17599 END
START 2880 -2384 29348 -6068 8417 17870 END
START 3756 -2536 30364 -4601 9215 18174 END
START 4972 -2600 31312 -2498 9750 17975 END
START 6508 -2692 31804 368 10674 17008 END
START 7668 -2580 31500 2707 12615 15403 END
START 8104 -2672 30656 4493 14175 13889 END
START 8068 -3044 29392 5790 13999 12555 END
START 8500 -3020 28332 6955 12856 11043 END
START 8784 -2728 27812 8500 11690 9197 END
START 9008 -2884 27220 10644 11290 6907 END
START 9616 -2648 25780 12617 11541 4447 END
START 9824 -2644 23884 13673 11949 1993 END
START 9400 -3220 21920 13663 11380 -335 END
START 8908 -3320 20648 13774 8854 -2446 END
START 8948 -3300 19448 14311 6663 -4616 END
START 8848 -3272 18704 14119 5432 -6633 END
START 8572 -3408 17912 13771 4955 -7891 END
START 8540 -3436 17384 13603 4766 -8848 END
START 8356 -3676 16472 12944 4696 -9946 END
START 8012 -3880 15620 11300 3502 -11034 END
START 7808 -4044 15636 9186 1383 -11637 END
START 7908 -4124 16456 7901 286 -11386 END
START 7924 -3584 17140 7200 527 -11156 END
START 8112 -2892 17892 6996 2845 -11956 END
START 7512 -2300 17520 7354 5107 -14597 END
START 6492 -2164 17824 7715 4894 -17601 END
START 4968 -2784 18196 8876 3247 -19995 END
START 3060 -2912 18360 10299 152 -21587 END
START 1600 -2876 18652 11723 -2379 -23061 END
START -20 -2768 18960 13004 -4215 -24359 END
START -1760 -2524 18500 12911 -4143 -24235 END
START -3516 -2364 18484 11046 -1779 -22289 END
START -4620 -2132 19396 9454 -210 -19320 END
START -4608 -1576 20892 9250 22 -17300 END
START -4964 -988 21468 10460 -719 -17285 END
START -6264 -736 21468 12308 -2668 -18248 END
START -7936 -304 21748 13893 -3895 -18402 END
START -8692 -304 21900 14818 -2845 -16555 END
START -9304 -432 20792 13972 -377 -13539 END
START -10276 80 20220 12253 989 -10516 END
START -11016 752 20172 11978 554 -8350 END
START -11200 1172 20032 12762 -1587 -7335 END
START -10756 1252 19684 14097 -4387 -7286 END
START -10324 1204 19248 15493 -5829 -7507 END
START -10400 1236 19280 16522 -5692 -6381 END
START -10048 1516 18696 17305 -4387 -3979 END
START -9752 1460 16860 17091 -2565 -1383 END
START -9240 1596 14744 14625 -2664 635 END
START -8756 1944 14852 12325 -3670 1918 END
START -8060 2224 15508 12467 -4440 2848 END
START -7124 2168 15080 13575 -4668 3271 END
START -6864 2424 14192 14100 -4614 3392 END
START -6988 2752 13772 14678 -4475 4005 END
START -6572 2564 13172 15792 -3984 5310 END
START -5452 2136 10688 16012 -3806 6954 END
START -4624 1992 8616 13147 -5335 8143 END
START -4456 2232 8412 10054 -6768 8985 END
START -4076 2356 8884 8980 -7310 9674 END
START -3684 2356 8372 9434 -7164 10363 END
START -3268 2304 7076 9076 -7311 10955 END
START -2236 2336 6300 7996 -7880 12026 END
START -1092 2520 6024 6567 -8094 13493 END
START 44 2784 5492 5199 -7723 14680 END
START 908 2552 5420 3759 -7379 15431 END
START 1420 2980 5196 2426 -6824 15941 END
START 2032 3156 5112 1185 -6589 16279 END
START 2648 3068 5000 220 -7043 16734 END
START 3696 3028 5208 -706 -8119 17373 END
START 4928 3372 5304 -1543 -9044 17971 END
START 5980 3800 5400 -2445 -8575 18141 END
START 6144 3932 5212 -3600 -7364 17863 END
START 5752 4012 4676 -4485 -7004 17439 END
START 5800 3564 4384 -5360 -7617 17109 END
START 6452 2988 4748 -6431 -8945 17493 END
START 8056 2900 5416 -7562 -9702 18390 END
START 9532 2856 5960 -8898 -8961 18740 END
START 10044 2656 6284 -10223 -7540 18489 END
START 10196 2308 6560 -11085 -6350 17712 END
START 10240 1688 7056 -11804 -6284 17009 END
START 10912 768 7860 -12401 -7452 16968 END
START 12084 344 8368 -12994 -8964 17297 END
START 14124 232 8904 -13932 -9546 16879 END
START 15364 192 9296 -14589 -9279 15587 END
START 15904 -152 9444 -15028 -9286 14226 END
START 16484 -624 9964 -15636 -9494 13250 END
START 17728 -1056 11028 -16305 -9278 12884 END
START 19244 -1320 11292 -17122 -8265 12243 END
START 20464 -1396 11780 -18098 -6896 11008 END
START 21328 -1728 12316 -19044 -5339 8971 END
START 21984 -1816 13692 -19572 -4816 6777 END
START 22360 -2116 15068 -19397 -4778 4708 END
START 23140 -2372 15584 -19110 -5126 2594 END
START 23956 -2628 16372 -19056 -4938 -134 END
START 24140 -2696 17160 -18688 -4057 -3183 END
START 23532 -2764 18028 -18440 -2728 -5935 END
START 22460 -2428 18872 -17866 -703 -8479 END
START 21000 -2536 19272 -17512 1147 -10775 END
START 18948 -2692 19932 -16757 2492 -12854 END
START 17188 -3140 20504 -15203 3267 -14826 END
START 14772 -3416 20988 -13374 3834 -16796 END
START 12340 -3984 21720 -11587 4736 -18725 END
START 9796 -4532 22448 -9669 6564 -20155 END
START 6944 -5632 22856 -7478 8771 -20870 END