START 12760 4484 10120 5470 -3208 -6735 END
START 16192 3240 9132 5480 -3232 -7127 END
START 14236 3704 5592 4864 -2137 -8536 END
START 10712 3924 8620 3621 -1916 -9932 END
START 10308 3572 7108 2716 -1740 -10532 END
START 9264 3296 6604 2410 -1742 -10710 END
START 8004 3308 5920 2042 -1819 -10881 END
START 6956 3076 4876 1054 -2247 -10871 END
START 5992 3068 4656 -252 -2474 -10782 END
START 5012 3224 4372 -1337 -2556 -10547 END
START 4040 2968 4012 -2622 -2738 -10367 END
START 3320 3260 3996 -4080 -3311 -10352 END
START 2528 3208 3952 -5653 -3914 -10296 END
START 1528 3212 4220 -7063 -4777 -9726 END
START 720 3504 4928 -8080 -5415 -8517 END
START 460 3784 5540 -9016 -5180 -7135 END
START 12 4280 6000 -10193 -4328 -6462 END
START -864 4532 6516 -11190 -3849 -6185 END
START -1556 4200 6712 -12231 -4429 -5808 END
START -2140 3392 7172 -13275 -5937 -5070 END
START -2272 2484 8420 -14364 -7347 -3499 END
START -1856 1888 10032 -15742 -7896 -1723 END
START -1172 1572 11616 -16743 -7245 109 END
START -896 1288 12972 -17684 -6358 1565 END
START -896 1192 14052 -18102 -5242 2583 END
START -624 808 14676 -18227 -4720 3244 END
START -552 608 14928 -18054 -4920 3566 END
START -104 48 15308 -18016 -5026 3457 END
START -120 -692 16092 -18324 -4998 3607 END
START 36 -848 17840 -18321 -4767 4431 END
START 180 -1048 19012 -18153 -3931 5423 END
START 196 -1052 19996 -17773 -2656 6210 END
START 212 -1060 20292 -17333 -1162 6526 END
START -368 -1196 20684 -16693 -32 6320 END
START -1172 -1496 21188 -15887 153 6485 END
START -1516 -1672 22036 -14856 -443 7536 END
START -1268 -1908 22736 -13810 -49 9053 END
START -1020 -1448 23400 -13050 1800 10689 END
START -948 -1108 23940 -12770 5361 12261 END
START -1276 -932 24760 -12582 8398 13431 END
START -1228 -552 25452 -11792 10390 14545 END
START -1096 -180 25940 -10388 12089 15272 END
START -800 168 26556 -8893 13732 15756 END
START -84 248 27060 -8130 14822 16229 END
START 1160 232 27808 -8147 15806 16141 END
START 1716 424 29048 -7873 16256 15137 END
START 1688 396 29956 -6215 15594 13830 END
START 2036 380 30348 -3665 14183 12446 END
START 2392 68 30196 -1264 12664 11178 END
START 3040 -360 30200 418 11372 10413 END
START 3972 -488 30260 2003 10965 9653 END
START 4828 -596 30068 3605 11294 8671 END
START 5224 -852 29372 5390 11972 7302 END
START 5320 -876 28248 7070 12462 5741 END
START 5336 -1156 27192 8419 12794 4416 END
START 5344 -1392 26056 9550 12904 3228 END
START 5352 -1420 24824 10486 12472 2098 END
START 5432 -1904 23580 11128 11585 794 END
START 5756 -1560 22460 11448 10225 -355 END
START 5860 -1704 21912 11394 8666 -1899 END
START 6144 -1552 21288 11556 7159 -3873 END
START 6496 -1656 20812 11727 4921 -6066 END
START 6812 -1896 20476 11719 2686 -8195 END
START 6828 -1820 20292 11377 443 -10161 END
START 6800 -2184 20140 11484 -1499 -11858 END
START 6020 -2180 19984 11827 -2355 -13400 END
START 5400 -2292 18996 11731 -2782 -14019 END
START 4652 -1896 18728 10548 -3177 -14264 END
START 4204 -1636 18472 9597 -2946 -14390 END
START 4316 -1300 18600 8970 -2971 -14709 END
START 3580 -1072 18880 8820 -2640 -15709 END
START 2688 -1296 18796 8830 -2764 -16917 END
START 1176 -1168 18452 9107 -3676 -17827 END
START -680 -920 18496 9729 -6066 -18522 END
START -1644 -544 18628 10418 -8750 -19074 END
START -2868 -212 18064 10799 -11520 -19902 END
START -4548 4 18052 10774 -14829 -20906 END
START -6228 -132 18728 11818 -16926 -21067 END
START -6972 -324 19588 12293 -17653 -19652 END
START -6160 -84 20544 10892 -15083 -16542 END
START -5392 -92 21804 8889 -11107 -13335 END
START -5740 248 22556 8797 -8792 -11442 END
START -6396 232 22284 10463 -8318 -10504 END
START -6332 512 21408 12273 -8175 -9791 END
START -5676 952 20228 12975 -7030 -8661 END
START -4964 836 18576 11583 -5814 -7560 END
START -5124 992 18560 10401 -4941 -6219 END
START -5300 1092 18500 10903 -4187 -4735 END
START -4868 1124 17916 11546 -3860 -4058 END
START -4492 1172 17568 12579 -2968 -4317 END
START -4548 732 16996 13792 -1823 -4230 END
START -4760 704 15732 14015 -1060 -3319 END
START -4444 696 14504 12988 -942 -2074 END
START -4656 872 14212 11911 -476 -904 END
START -5192 808 13664 11669 -129 410 END
START -5384 1044 13172 11707 -608 1858 END
START -4800 1756 12784 11705 -653 3101 END
START -4072 2320 13172 11870 795 4010 END
START -3780 2796 13192 12490 3335 5067 END
START -3292 2872 10520 12815 4862 6454 END
START -3500 3184 8640 9595 903 7091 END
START -3572 4168 8932 7696 -3019 7297 END
START -3420 4028 9556 8885 -4306 7852 END
START -3136 3688 8412 9724 -5189 8435 END
START -2840 3412 7252 9511 -6098 8753 END
START -2660 3164 7184 9275 -6728 9490 END
START -1748 3292 7296 9267 -6384 11406 END
START -88 2860 5412 7863 -6382 13469 END
START 1068 2964 4728 4199 -7705 14173 END
START 2068 3552 5364 2118 -7799 14924 END
START 2664 3680 5492 1237 -7823 15766 END
START 4004 3716 5112 111 -8218 16393 END
START 5300 3680 5180 -1188 -8119 16607 END
START 6696 3912 5372 -2265 -7006 16695 END
START 7268 3952 5412 -3208 -6057 16781 END
START 7896 3616 5132 -4250 -6091 16721 END
START 8256 3576 5000 -5200 -6686 16122 END
START 8344 3160 5104 -5763 -7194 15696 END
START 8740 2840 5204 -6495 -7887 15820 END
START 9376 2604 5584 -7489 -7741 16023 END
START 10180 2408 5976 -8546 -6957 15931 END
START 10608 1920 6216 -9765 -6209 15771 END
START 10960 1628 6812 -10840 -5584 15525 END
START 11240 1232 7140 -11798 -4902 15535 END
START 11736 644 7212 -13019 -4779 15762 END
START 12692 704 8060 -14455 -5305 15966 END
START 14244 568 9204 -15505 -5423 15634 END
START 15672 512 10196 -16462 -4738 14718 END
START 17072 -80 11524 -17465 -3741 13608 END
START 18440 -20 12672 -18066 -2235 12232 END
START 19364 -196 14044 -18780 -839 10485 END
START 20452 -380 15636 -19016 -269 8768 END
START 22088 -860 17624 -18302 -732 6954 END
START 25512 -608 20572 -16211 -1988 3510 END
START 27308 16 22420 -12915 -2258 -2960 END
START 27000 324 22836 -9535 -2557 -10735 END
START 24700 544 22888 -6750 -3095 -18226 END
START 21468 496 22268 -4883 -3028 -23793 END
START 17808 560 21576 -4192 -2053 -27351 END