START 2404 2548 19816 5485 -5487 -525 END
START 6356 976 12636 5529 -6481 -612 END
START 4100 1516 15892 5476 -6434 -1484 END
START 8084 448 12020 5379 -6853 -2820 END
START 8088 428 12712 5230 -7434 -4196 END
START 8028 588 13324 5188 -7556 -5283 END
START 7964 388 13032 5334 -7000 -6250 END
START 7672 544 12236 5186 -6362 -6694 END
START 7420 516 11424 4397 -6304 -6853 END
START 7352 692 11036 3493 -6561 -6932 END
START 7548 984 10688 2922 -6319 -7227 END
START 7560 960 10436 2493 -6177 -8052 END
START 7432 1060 10204 1945 -6244 -9297 END
START 6824 1208 9824 1554 -5871 -10268 END
START 6096 1176 9340 1115 -5829 -10767 END
START 5296 1540 8932 651 -6325 -10645 END
START 4836 1652 8280 -250 -6701 -10100 END
START 4484 1700 8160 -1642 -7150 -9591 END
START 4100 2096 8372 -2577 -7276 -9487 END
START 3468 2268 8400 -3057 -7111 -9494 END
START 2816 2332 8064 -3701 -7436 -9466 END
START 2260 2312 7976 -4536 -7995 -9159 END
START 1896 2200 8008 -5720 -8230 -8764 END
START 1372 2088 8236 -6981 -8176 -7896 END
START 1112 2056 8720 -8317 -7951 -6672 END
START 1304 2096 9220 -9512 -7458 -5901 END
START 1096 2084 10356 -10228 -7412 -5764 END
START 916 1872 10664 -10431 -7197 -5736 END
START 660 1852 10824 -10878 -6287 -5494 END
START -108 1536 10648 -11720 -5756 -4875 END
START -580 1464 10908 -12989 -6147 -3836 END
START -724 984 11800 -13829 -6520 -2644 END
START -484 760 12240 -14228 -6042 -1366 END
START -368 644 12528 -14838 -4771 -447 END
START -916 800 13428 -15611 -3636 89 END
START -1820 560 13808 -15703 -3314 564 END
START -2396 -48 14256 -15657 -3671 1187 END
START -2572 -1036 14752 -15894 -3984 2239 END
START -2516 -1692 16136 -16150 -3878 3728 END
START -2400 -2060 17696 -16381 -2681 5854 END
START -2576 -1820 19040 -16482 -201 8010 END
START -3072 -1728 19868 -16310 2348 9424 END
START -3804 -2092 20112 -16008 3651 10491 END
START -3652 -2928 20448 -15706 3218 11610 END
START -2520 -3528 21528 -15553 1415 12479 END
START -1052 -3808 23128 -14744 804 12832 END
START -632 -3356 24408 -13762 1994 13078 END
START -900 -2892 24972 -12762 3623 13186 END
START -1212 -3060 25240 -11620 4820 13532 END
START -436 -3780 25752 -10563 5098 14346 END
START 1076 -4312 26940 -9475 4771 15280 END
START 2584 -4368 27632 -7798 5053 15626 END
START 3288 -3836 27672 -6232 6094 15268 END
START 3508 -3488 27656 -4887 7257 14308 END
START 3800 -3348 28028 -3432 7974 13289 END
START 4304 -3740 28568 -1852 8547 12544 END
START 4864 -3992 28704 -4 8793 12318 END
START 6032 -4076 28240 1568 8933 12170 END
START 7072 -4112 27928 2773 9306 11295 END
START 7760 -3872 27256 4214 10205 9728 END
START 7724 -3796 26652 5627 10913 7662 END
START 7532 -4024 25652 6959 10845 5756 END
START 7336 -4224 24620 8136 9995 4132 END
START 7628 -4240 23588 9013 8984 2763 END
START 7996 -4256 22596 10025 8086 1104 END
START 8564 -4004 21548 10937 7820 -1249 END
START 8572 -4176 20512 11625 8419 -4217 END
START 8172 -4176 18824 11507 8738 -6909 END
START 7228 -4964 18236 10892 8543 -8371 END
START 6440 -5080 18016 10655 7158 -8321 END
START 6716 -4580 17916 10657 6460 -7988 END
START 6876 -4116 17496 10165 6967 -8566 END
START 6468 -4164 17084 9230 6526 -9490 END
START 6044 -4024 17384 8675 5575 -10523 END
START 5200 -4192 17624 8536 3857 -11245 END
START 4716 -4068 18032 8460 2009 -11699 END
START 4500 -3644 18288 8364 794 -12085 END
START 3792 -3212 18552 7903 492 -12329 END
START 3336 -2880 18684 7238 505 -12219 END
START 2732 -2416 18876 6640 264 -12084 END
START 2428 -1960 19044 6536 -239 -12493 END
START 1732 -1540 19132 6821 -1339 -13213 END
START 1028 -1512 19452 7082 -2550 -13756 END
START 800 -1136 20072 7323 -3198 -14034 END
START 384 -836 20684 7665 -3041 -14393 END
START -180 -780 20912 8150 -2635 -14777 END
START -1200 -856 20804 8622 -2674 -14890 END
START -2636 -856 20748 8968 -2852 -14710 END
START -3884 -924 20824 9413 -3520 -14039 END
START -4628 -1052 20856 10050 -4417 -13112 END
START -4708 -964 20920 10404 -4539 -11874 END
START -5152 -640 20816 10112 -3836 -10523 END
START -6124 292 21164 9716 -3137 -9122 END
START -6864 748 21464 10331 -3179 -7828 END
START -6940 1152 21016 11642 -3838 -6662 END
START -6116 1160 20356 12580 -4230 -5704 END
START -4940 1628 19696 12123 -3634 -4578 END
START -3972 1484 19240 10629 -1780 -3852 END
START -3848 1260 18408 8524 946 -2844 END
START -4744 748 18392 6949 2160 -2143 END
START -5676 232 18556 7055 1120 -1694 END
START -6152 12 18396 8720 -1218 -1688 END
START -6152 -20 18032 10904 -4038 -2148 END
START -6020 -128 17520 12715 -6454 -2579 END
START -5848 -144 16964 13643 -6912 -2270 END
START -5292 -476 16308 14108 -5439 -1673 END
START -5912 -64 15596 14384 -3431 -753 END
START -6316 160 14344 14104 -2670 602 END
START -6056 284 12772 13400 -2839 1961 END
START -5788 344 11532 12262 -3331 3001 END
START -5396 288 10852 11246 -3882 3809 END
START -5380 716 10140 10459 -4429 4625 END
START -4808 1072 9988 10059 -5143 5455 END
START -4436 1304 9456 9950 -5339 6283 END
START -3916 1236 9148 9740 -5663 7182 END
START -3408 1448 8140 9360 -5977 8211 END
START -2468 1336 7296 8585 -6068 9335 END
START -2016 1736 6300 7272 -5705 10345 END
START -740 1468 5964 5498 -5651 11033 END
START 64 1116 6508 3721 -5611 12100 END
START 1520 1416 6776 2624 -5518 12607 END
START 2448 1484 7192 2106 -5547 12806 END
START 3144 1780 6980 1696 -5820 12993 END
START 4172 2280 6556 1119 -5991 13249 END
START 4820 2436 6424 264 -5948 13304 END
START 5576 2648 6248 -667 -5921 13341 END
START 6180 2620 6316 -1674 -6000 13375 END
START 6860 2704 6236 -3047 -6170 13491 END
START 7456 2636 6436 -4271 -5800 13450 END
START 7884 2652 6784 -5370 -5113 13344 END
START 7860 2148 6824 -6208 -4729 13177 END
START 8100 1864 7164 -6931 -4756 13348 END
START 8540 1700 7388 -7775 -4735 13456 END
START 9008 1340 7704 -8796 -4380 13434 END
START 9440 1068 7944 -9655 -4019 13320 END
START 9924 728 8364 -10714 -3999 12817 END
START 10376 608 8952 -11940 -3941 12209 END
START 10788 292 9724 -13143 -3670 11853 END
START 11364 -368 10644 -14312 -3404 11827 END
START 12148 -720 11784 -15416 -3093 11884 END
START 13532 -784 12968 -16136 -2499 11432 END
START 14388 -784 13960 -16368 -1806 10090 END
START 15124 -1004 14660 -16410 -1553 8271 END
START 15896 -1352 15584 -16624 -1821 6516 END
START 16704 -1552 16372 -16935 -2316 5273 END
START 17608 -1580 17520 -16937 -2478 3782 END
START 18212 -1548 18652 -16777 -2273 1919 END
START 18816 -1804 19712 -16522 -1329 -167 END
START 19088 -1748 20836 -16124 263 -2306 END
START 18960 -2144 21624 -15485 1641 -4291 END
START 18976 -2380 22604 -14753 2664 -6398 END
START 18632 -2596 23368 -13831 3549 -8761 END
START 17392 -2660 23992 -12609 4234 -11338 END
START 15840 -2736 24188 -11072 4723 -13745 END
START 13748 -3236 24040 -9625 4857 -15689 END
START 12028 -3624 24020 -8574 4772 -17109 END
START 9780 -4040 24292 -7688 4872 -17963 END
START 7828 -4344 24240 -6684 5416 -18414 END
START 5576 -4532 24376 -5768 6399 -18642 END
START 2872 -4676 24404 -4549 7379 -18686 END
START -240 -5192 24196 -2705 7701 -18276 END