START 12092 2060 16428 7886 -8611 -7892 END
START 7292 4232 22008 8073 -8697 -8217 END
START 9772 2916 14060 8015 -7718 -9133 END
START 9656 2160 12052 7564 -6131 -9959 END
START 8368 2084 10900 6827 -5230 -9708 END
START 7808 2196 9848 5668 -5225 -9218 END
START 7412 2320 9116 4431 -5355 -9137 END
START 6936 2316 9020 3232 -5488 -9360 END
START 6460 2512 8528 2522 -5682 -9616 END
START 6092 2784 8376 2090 -6046 -9926 END
START 5760 2848 7972 1504 -6431 -10401 END
START 5100 2700 7556 571 -7156 -10811 END
START 4832 2704 7532 -472 -7720 -10711 END
START 4632 2576 7312 -1553 -7517 -10228 END
START 4244 2912 7048 -3078 -6730 -9719 END
START 3300 3268 6884 -4953 -5851 -9501 END
START 2724 3140 7016 -6676 -5605 -9357 END
START 1924 3220 7176 -7902 -6536 -9095 END
START 1508 2968 7752 -7964 -7680 -8731 END
START 1716 2656 8132 -7706 -8323 -8265 END
START 1736 2852 8196 -8220 -8289 -7441 END
START 1508 3756 8212 -9749 -8160 -6456 END
START 1332 3736 9244 -11126 -8085 -5577 END
START 1260 3808 10140 -11238 -7845 -4685 END
START 1408 4024 10432 -10798 -7174 -4040 END
START 1484 3780 10052 -11264 -5860 -3767 END
START 860 3360 9664 -13046 -4844 -3183 END
START -48 2900 10752 -14781 -3975 -1711 END
START -704 2052 12012 -15916 -2238 356 END
START -1040 1460 13156 -17166 -735 2719 END
START -1356 788 14140 -18067 126 4890 END
START -1716 884 15088 -18291 576 5635 END
START -2328 404 16020 -18209 166 5695 END
START -2848 192 16260 -17705 -1130 5553 END
START -3636 -324 16332 -17437 -3426 5509 END
START -3816 -1352 16788 -17417 -6302 5733 END
START -3300 -2520 18356 -17179 -8488 7329 END
START -1832 -3228 20460 -16791 -8146 9689 END
START -1016 -2796 21464 -16619 -5560 11511 END
START -984 -2148 21852 -16344 -2142 12698 END
START -1572 -1964 21620 -15721 -489 13742 END
START -1536 -2312 21628 -14839 -246 14561 END
START -472 -3088 22480 -13947 -563 15544 END
START 684 -3960 23116 -13093 -649 16487 END
START 1624 -3876 23972 -12351 -153 17165 END
START 1856 -3012 24412 -11208 1349 17692 END
START 1948 -2588 24604 -10051 3190 18085 END
START 2176 -2456 24844 -9067 4358 18723 END
START 3244 -3132 25552 -8156 4777 19672 END
START 4912 -3412 26432 -7037 5370 20202 END
START 6560 -3716 27556 -5671 6889 19807 END
START 7588 -3516 28328 -3976 9174 18941 END
START 7760 -3344 28436 -2025 11483 17745 END
START 7492 -3256 28064 -129 13092 16549 END
START 7360 -3256 27100 1072 13571 15480 END
START 7296 -3380 26428 1853 13068 14441 END
START 7644 -3996 26328 2649 11489 13483 END
START 8848 -3832 26764 4023 9900 11914 END
START 9908 -3420 26780 5901 9920 8997 END
START 10600 -3292 26256 7897 10622 5581 END
START 10396 -4256 24848 9560 10841 2253 END
START 9216 -4728 23024 10817 9709 527 END
START 9312 -4736 21092 11052 7770 -509 END
START 9536 -4572 19936 11298 6894 -1807 END
START 9704 -4084 19124 12047 7053 -4126 END
START 10580 -3380 18200 13727 8112 -8042 END
START 10292 -3376 16692 14648 8894 -12628 END
START 9820 -3916 15220 14002 8231 -15665 END
START 8244 -4596 14284 12376 5439 -16609 END
START 7956 -4336 14808 11027 1908 -15136 END
START 9196 -3488 15500 9937 508 -14180 END
START 10696 -2672 16320 8688 2032 -15215 END
START 10796 -2476 16732 7528 4112 -17511 END
START 9760 -2752 16868 6868 3825 -19481 END
START 8620 -2968 17328 6450 2292 -20385 END
START 7152 -3256 17904 6322 1076 -20367 END
START 6464 -2976 18172 6050 351 -19666 END
START 5960 -2696 18388 5357 461 -19300 END
START 5528 -2456 19392 4687 1322 -19736 END
START 4292 -2264 20240 4316 1585 -20784 END
START 2904 -2272 21292 4680 876 -21393 END
START 1656 -2496 22012 5459 -85 -21236 END
START 316 -2840 22612 5944 -952 -20624 END
START -824 -3112 22768 6099 -1402 -19973 END
START -2448 -3332 23320 6677 -1666 -19223 END
START -3500 -3508 24068 7897 -1637 -18684 END
START -4928 -3664 24500 9323 -1034 -18337 END
START -6924 -3840 24452 10231 -530 -17406 END
START -8432 -4216 24056 11225 -316 -15528 END
START -9484 -4468 23320 11957 -744 -12931 END
START -10136 -4080 22472 12536 -1162 -10222 END
START -10532 -3348 21828 12326 -1523 -7386 END
START -10404 -2792 21200 12396 -1575 -5035 END
START -9804 -2324 20388 13374 -372 -4836 END
START -10388 -2132 19220 14473 -385 -4526 END
START -10668 -2224 17608 15417 -2487 -3241 END
START -10292 -1696 16288 15452 -5209 -1443 END
START -9428 -1576 15164 14859 -6207 176 END
START -8692 -1112 14456 13928 -5379 1540 END
START -7608 -392 13760 12221 -2704 2992 END
START -6604 28 13648 10684 784 4307 END
START -5908 208 13236 10151 3155 4923 END
START -6252 620 11684 10592 3698 5202 END
START -6708 876 9724 11055 158 5479 END
START -6292 1760 9156 10482 -4926 6092 END
START -4472 2304 9864 9747 -6708 7112 END
START -3068 2300 10232 8922 -5302 8112 END
START -1900 2044 9784 7395 -3535 9221 END
START -1356 1852 9484 5955 -2112 9988 END
START -1516 1688 9072 5423 -1505 10254 END
START -1976 1564 8924 5665 -2069 10727 END
START -2236 1220 8304 6008 -2853 12058 END
START -1492 1148 7072 5067 -3611 13807 END
START -512 1192 6440 2598 -4596 15227 END
START 676 1256 6808 591 -4925 16040 END
START 1516 1116 6896 -263 -4873 15963 END
START 2004 1308 6812 -725 -5577 15390 END
START 2352 1148 6716 -1054 -7171 15199 END
START 2920 1016 6972 -1349 -8906 15529 END
START 3968 864 7472 -1780 -10080 16116 END
START 5372 976 7988 -2311 -9956 16504 END
START 6560 1024 8124 -3024 -9107 16483 END
START 7224 904 8076 -4254 -9056 16258 END
START 7964 904 8168 -5552 -9595 15924 END
START 8780 760 8644 -6413 -10128 15825 END
START 9664 624 9260 -7068 -9909 15794 END
START 10472 540 9492 -7785 -9292 15749 END
START 11444 204 9696 -8685 -8810 15628 END
START 12384 16 9892 -9625 -8352 15341 END
START 13112 -168 10116 -10381 -7813 14844 END
START 13856 -368 10560 -11095 -7033 13768 END
START 14044 -676 10772 -11582 -6451 12466 END
START 14144 -808 10868 -12233 -6084 11601 END
START 14640 -1012 11116 -12952 -5663 10961 END
START 15220 -1216 11332 -13945 -4923 10177 END
START 15488 -1328 11324 -14672 -3492 8776 END
START 15388 -1632 11300 -15553 -2553 7139 END
START 15496 -2152 11416 -16707 -2687 5699 END
START 15948 -2388 12572 -17501 -2967 4213 END
START 16320 -2828 13536 -18031 -3363 2919 END
START 17024 -3416 14624 -18832 -4050 1753 END
START 17948 -3280 15956 -19380 -4284 329 END
START 18452 -3488 17032 -19654 -4320 -1516 END
START 18528 -3676 18296 -19538 -3727 -3492 END
START 18084 -3840 18592 -19427 -2908 -5343 END
START 17440 -4112 18952 -19754 -2732 -6901 END
START 16216 -4588 18812 -20103 -3311 -7871 END
START 14716 -4776 19412 -20439 -4988 -8359 END
START 13100 -4880 20120 -19223 -5919 -8222 END
START 11880 -4700 20272 -17102 -6639 -7987 END