START 8880 644 14136 5348 -7825 -7675 END
START 5964 2636 12804 5176 -8748 -8096 END
START 10608 860 7392 4783 -10513 -8714 END
START 6452 1528 13008 4784 -11091 -9429 END
START 7808 1336 11008 4934 -10696 -9154 END
START 7756 1512 10720 4628 -9985 -8701 END
START 8148 1632 10320 3787 -8811 -8675 END
START 8112 1908 9672 2610 -7417 -8968 END
START 7880 1888 9528 1683 -6281 -9620 END
START 7136 2076 9028 1353 -5898 -10576 END
START 6296 2024 8404 1144 -6733 -11547 END
START 5128 2336 7680 797 -8317 -12039 END
START 4456 2296 7320 138 -9916 -12184 END
START 3872 2624 7048 -1000 -10715 -12013 END
START 3824 2196 7156 -2955 -10029 -11648 END
START 3132 2420 7268 -4453 -8111 -11043 END
START 2248 2732 7308 -5470 -7108 -10491 END
START 1756 2864 6860 -6144 -7603 -9999 END
START 1140 2760 6916 -7250 -9218 -9711 END
START 720 3056 7320 -8282 -9931 -9095 END
START 412 2956 7968 -9492 -9368 -8170 END
START 812 2720 8236 -10827 -8100 -7217 END
START 768 3100 9048 -12164 -6560 -6585 END
START 140 2724 9708 -12807 -5322 -6027 END
START -644 2928 9860 -12932 -5260 -5226 END
START -1000 2504 9724 -13254 -6385 -4508 END
START -1280 1688 10136 -13642 -8883 -4051 END
START -1248 1400 11216 -13776 -11771 -3645 END
START -1092 1420 12480 -13268 -13005 -3072 END
START -1568 1416 12976 -13088 -11277 -2142 END
START -2188 1156 12672 -14186 -8229 -198 END
START -3116 748 12788 -15994 -5416 2407 END
START -3752 -204 13408 -17249 -3752 5271 END
START -3316 -1320 14440 -17554 -3798 8203 END
START -2108 -1428 15884 -17740 -3563 10358 END
START -1100 -1732 17620 -18777 -2970 11822 END
START -484 -2020 19708 -19495 -2530 13131 END
START 0 -2336 21420 -19303 -1240 13779 END
START -108 -2796 22568 -18742 356 13885 END
START -308 -3172 23252 -17762 1446 14100 END
START -736 -3536 24160 -16985 1725 14637 END
START -296 -3448 25608 -16210 933 15779 END
START 832 -3708 27076 -15002 600 16804 END
START 1608 -3080 27968 -13461 1629 17275 END
START 2148 -2892 28148 -11751 4057 16816 END
START 1876 -3196 28452 -10284 6446 15882 END
START 1108 -3596 28700 -8782 7354 15463 END
START 1248 -4320 29176 -6707 6370 15870 END
START 2068 -4452 29256 -4634 4602 16872 END
START 3524 -4024 29224 -2767 3746 17361 END
START 4640 -3536 29544 -652 5016 16920 END
START 5516 -3240 30220 1562 8244 15885 END
START 5996 -3352 30380 3503 11148 14857 END
START 7336 -3416 29772 5302 12960 13578 END
START 8156 -3592 29016 6731 13844 11867 END
START 8388 -3176 27976 8101 13623 10098 END
START 8840 -3204 26768 9295 12658 8259 END
START 9116 -2704 26220 10554 11214 5930 END
START 9460 -2732 25320 11792 10165 3536 END
START 10204 -2364 23692 12101 9100 970 END
START 10400 -2564 22704 11912 8865 -1169 END
START 10604 -3008 22240 11814 9413 -3148 END
START 10288 -3424 20960 12119 9345 -4519 END
START 9652 -3472 19792 12341 8021 -5569 END
START 10012 -3372 18960 12303 6904 -6778 END
START 10184 -3076 18220 12156 5659 -8334 END
START 10388 -2896 17500 11942 4644 -10236 END
START 10328 -2964 17532 11599 4106 -12254 END
START 9388 -3156 16868 11137 3773 -13577 END
START 9008 -3052 16384 10616 3922 -14003 END
START 8708 -2916 16248 9425 4444 -14341 END
START 8152 -2696 16428 8163 4567 -14908 END
START 7348 -2324 16668 7406 3763 -15538 END
START 6604 -2124 16720 7048 2287 -16246 END
START 5712 -2072 17080 6654 262 -17044 END
START 4684 -1472 17816 6484 -639 -17611 END
START 4072 -1272 18340 6578 -416 -18337 END
START 2980 -1048 18188 6747 -663 -19261 END
START 2112 -1200 18476 6799 -2470 -20541 END
START 624 -1336 19536 7808 -5310 -21528 END
START -512 -1296 20156 9156 -7988 -21935 END
START -1152 -872 20488 9714 -8888 -21931 END
START -2220 -772 20884 9356 -7850 -21708 END
START -3612 -828 21336 9047 -6031 -21012 END
START -4836 -1296 21348 9048 -5026 -19982 END
START -6052 -1148 21872 9486 -5084 -18626 END
START -6800 -1292 22004 10198 -5573 -17206 END
START -7672 -1228 22252 10749 -4692 -15200 END
START -8532 -1280 22412 11124 -2632 -12571 END
START -8708 -1016 21804 11495 -1211 -9794 END
START -8308 -520 21372 11900 -1108 -8135 END
START -8024 -184 20824 13180 -1582 -7673 END
START -8508 -136 19756 14235 -2411 -7630 END
START -9416 -484 18676 14637 -4015 -6659 END
START -9172 -100 18284 14598 -4683 -4592 END
START -8132 264 18364 14475 -3185 -2319 END
START -7492 856 17868 14445 -579 -417 END
START -7204 1172 17020 14753 1257 783 END
START -7144 1352 15396 15161 1438 1576 END
START -6776 1612 13532 14628 -494 2422 END
START -6092 1852 12824 12789 -2840 2874 END
START -5576 1680 13356 11937 -3404 3610 END
START -5152 1608 12988 12241 -3068 4639 END
START -4712 1792 12332 12496 -2607 5519 END
START -3860 1876 11972 12622 -2398 6327 END
START -3384 2068 11192 13089 -1625 7092 END
START -3276 2160 10228 13843 -355 8158 END
START -2716 2104 8164 13375 247 9360 END
START -1956 2584 6644 10111 -566 10482 END
START -1176 2988 6776 6988 111 11363 END
START -1128 3204 6928 5704 1041 11654 END
START -1704 2960 6300 5105 1051 12230 END
START -1856 3060 5360 4533 -606 13186 END
START -956 3140 4948 3662 -2678 14472 END
START 432 3228 5136 2615 -3652 15779 END
START 1896 3324 4968 1221 -4065 16861 END
START 3464 3408 5488 -268 -4299 17651 END
START 4664 3740 5504 -1479 -3978 17757 END
START 5436 3912 5584 -2863 -3581 17282 END
START 5628 3704 5736 -3835 -3619 16812 END
START 6076 3284 5956 -4665 -4570 16989 END
START 6904 2976 6324 -5587 -5581 17406 END
START 7768 2808 6648 -6607 -6259 17786 END
START 8788 2696 7108 -7444 -6603 17749 END
START 9676 2832 7468 -8373 -6175 17015 END
START 9856 2500 7604 -9420 -5060 16131 END
START 9792 2088 7916 -10397 -4723 15632 END
START 10344 1508 8364 -11411 -4984 15643 END
START 11112 1180 9160 -12425 -5342 15786 END
START 11968 1048 9764 -13378 -4911 15493 END
START 12492 796 10528 -14023 -4352 14871 END
START 13256 792 11172 -14591 -4199 14023 END
START 13724 544 11524 -14961 -4262 12800 END
START 14460 432 12396 -15327 -4593 11834 END
START 15512 88 13068 -16042 -4466 10601 END
START 16272 -8 13848 -16584 -3854 9194 END
START 17068 -392 14844 -17070 -3593 7927 END
START 17864 -568 15808 -17294 -3133 6743 END
START 18312 -580 16724 -17212 -2093 5238 END
START 18544 -1104 17280 -17199 -967 3542 END
START 18836 -1164 17808 -17063 -383 1716 END
START 19176 -1616 18920 -16828 465 -538 END
START 19072 -1636 19636 -16591 1048 -2931 END
START 18708 -2008 20288 -16055 1710 -5221 END
START 17688 -2044 20704 -15475 2604 -7411 END
START 16560 -2248 20748 -14653 3230 -9458 END
START 15244 -2496 20552 -14110 3585 -11173 END
START 14088 -2492 20684 -13719 3917 -12597 END
START 12236 -2744 20700 -13392 4605 -13700 END
START 9936 -2628 20188 -13180 5053 -14197 END
START 8040 -2472 20228 -12962 5655 -14229 END
START 6132 -2176 19196 -13649 6024 -14140 END
START 3944 -2156 19392 -14749 5925 -14090 END
START 2008 -2644 20704 -13995 6320 -13692 END
START 292 -3576 21580 -11872 6981 -13125 END