START 13672 2704 14236 8242 -4007 -4308 END
START 8948 4664 23188 7840 -4517 -5251 END
START 11232 3696 11928 6836 -5822 -7437 END
START 10272 2916 12728 6708 -8475 -9062 END
START 9968 3232 12788 7774 -10178 -8721 END
START 10412 3152 12124 8177 -9081 -8514 END
START 10232 3296 11056 7090 -6376 -8824 END
START 9436 3096 10040 5338 -4408 -9142 END
START 8484 3272 9204 3749 -3586 -9252 END
START 7924 2980 8856 2547 -3838 -9306 END
START 7460 3036 8408 1477 -4783 -9219 END
START 6836 3040 8408 303 -5594 -9158 END
START 6284 3292 8296 -562 -5546 -9177 END
START 5704 3304 8268 -1365 -5164 -9488 END
START 4720 3272 7496 -2201 -4401 -9809 END
START 3608 3156 7116 -3403 -4478 -9741 END
START 2456 3408 7108 -4214 -5000 -9505 END
START 1616 3468 6644 -4862 -5990 -9051 END
START 988 3608 6868 -6031 -7248 -8713 END
START 540 3680 7228 -6662 -8075 -8747 END
START 372 3336 7696 -6962 -9073 -9024 END
START 92 3264 7584 -7489 -9402 -9277 END
START -336 3040 8100 -8428 -8735 -8837 END
START -956 2744 8756 -9671 -7657 -7653 END
START -1372 2468 9308 -10930 -6799 -5787 END
START -1784 1948 9764 -12245 -6212 -3657 END
START -1796 1724 10696 -13491 -5633 -2002 END
START -2156 1552 11524 -14063 -4825 -1088 END
START -2252 1368 12300 -14116 -4345 -558 END
START -2784 1748 13072 -14468 -4449 -287 END
START -3080 1416 13768 -14787 -4874 252 END
START -3484 1152 14540 -14720 -6732 1146 END
START -3252 568 15492 -14050 -9079 2086 END
START -2984 104 16520 -13126 -11052 2733 END
START -2552 128 17648 -12897 -10336 3763 END
START -2664 124 18732 -13243 -7023 5304 END
START -2680 268 19392 -13636 -2913 7192 END
START -2948 -144 20056 -14281 309 8981 END
START -3388 -336 21172 -14048 1059 10495 END
START -3320 -492 22376 -13056 254 11961 END
START -2508 72 23240 -12655 -248 13270 END
START -1616 528 24760 -12787 577 14148 END
START 0 792 26008 -12675 2380 15030 END
START 544 908 27596 -12065 4892 14953 END
START 1092 1128 28360 -10974 7537 14818 END
START 1056 1868 28884 -9600 9647 14587 END
START 964 2272 29272 -8059 11009 14604 END
START 856 2796 29092 -6629 11882 14740 END
START 1380 2348 29088 -5502 12433 15044 END
START 2196 2120 29504 -4677 13073 15309 END
START 3080 2036 29824 -3644 13959 15150 END
START 3748 2136 30000 -2219 15083 14351 END
START 3696 2780 29844 -473 16441 12930 END
START 2932 2924 28940 1385 16801 11698 END
START 2552 2632 27876 2990 15878 11096 END
START 3288 2160 26672 3717 14719 10776 END
START 4060 2012 26352 4037 14620 10127 END
START 4796 1528 25804 4727 15379 8961 END
START 4748 1100 25288 5761 16033 7782 END
START 4956 1060 24364 6853 15941 6643 END
START 5380 836 23180 7647 15133 4985 END
START 5552 524 22160 8188 14175 2820 END
START 5660 -148 20840 8495 12191 479 END
START 5644 -720 19908 8472 8790 -1725 END
START 5384 -732 19288 8641 4626 -3842 END
START 5960 -892 19000 9360 1100 -6153 END
START 6068 -1008 18872 10316 -1516 -8589 END
START 6036 -1248 18428 10988 -2768 -10926 END
START 6052 -1616 17664 10835 -2505 -12341 END
START 6140 -1684 17252 9287 -1030 -12805 END
START 5924 -1692 17048 7550 1132 -12905 END
START 5024 -1580 17116 6569 2114 -12897 END
START 3904 -1300 17108 6665 1170 -13267 END
START 3900 -800 17024 6868 -1361 -14218 END
START 3744 -368 17456 7202 -3844 -16111 END
START 3620 -164 18700 8178 -5206 -18438 END
START 2832 -248 19072 8965 -4916 -20583 END
START 868 -476 18792 9304 -4289 -21865 END
START -1312 -1000 18964 9265 -4961 -21986 END
START -2368 -1692 19672 9345 -6047 -21065 END
START -2916 -2172 20808 9514 -7358 -19703 END
START -2708 -2080 21948 9654 -7417 -18132 END
START -3120 -1972 22496 9652 -4848 -17127 END
START -5148 -1096 22636 9691 -3092 -16291 END
START -6400 -600 23144 10680 -4426 -15079 END
START -6520 -96 23524 12387 -6101 -13836 END
START -6320 420 23240 13480 -6773 -13106 END
START -6768 1052 22624 13627 -6272 -12650 END
START -7860 1336 22264 13168 -4625 -11703 END
START -8796 1092 21432 13228 -2628 -10412 END
START -9916 360 19968 13292 -1679 -8975 END
START -10928 412 18900 13761 -2188 -7457 END
START -11464 792 18212 14291 -3344 -6207 END
START -11480 640 17104 14958 -4303 -4872 END
START -11044 484 15664 15060 -5000 -3412 END
START -10648 244 14620 14616 -5038 -1742 END
START -10204 596 14020 13742 -4157 164 END
START -10060 1216 13904 13251 -3163 2007 END
START -9644 1412 13612 13743 -2574 3778 END
START -8704 1356 12268 14205 -2246 4865 END
START -8344 1560 10996 13487 -2804 5484 END
START -7632 2032 10040 12219 -3455 6631 END
START -6992 2380 10056 10861 -4253 7845 END
START -6052 2768 9736 10282 -4398 9062 END
START -4952 3252 9124 9792 -3554 10147 END
START -4044 3508 8256 8992 -2649 10998 END
START -3212 3836 7832 8548 -1856 11409 END
START -2416 3808 7072 8372 -1750 11848 END
START -1296 3624 5392 6874 -2506 12254 END
START -720 3708 4640 4611 -3289 12312 END
START -304 3820 4816 3468 -3538 12674 END
START 396 3792 4388 2858 -3488 13268 END
START 1532 3720 3760 1774 -2991 13692 END
START 2348 3868 2900 286 -1721 13652 END
START 2480 3928 1660 -1565 -1513 13231 END
START 2772 3604 1236 -3671 -3684 12613 END
START 3600 3256 1712 -4558 -6287 12984 END
START 4900 3264 2192 -5305 -7977 13436 END
START 6280 3216 2204 -6712 -7604 13346 END
START 6800 2828 2308 -8335 -6268 13050 END
START 6968 2456 2488 -10173 -5445 13239 END
START 7580 1704 3436 -11842 -5301 13741 END
START 8244 1368 4920 -12979 -5390 14476 END
START 9176 536 5696 -13746 -5173 14594 END
START 10164 40 6968 -14541 -4577 14141 END
START 10680 -416 7856 -15229 -3866 13394 END
START 10800 -672 8788 -15979 -3750 12347 END
START 11460 -960 9692 -16716 -4367 11614 END
START 12188 -824 10756 -17280 -5082 11104 END
START 13436 -1184 12052 -17893 -5003 10362 END
START 15044 -1192 13636 -18787 -4114 9356 END
START 16112 -1084 15528 -19451 -2256 7589 END
START 17216 -1068 17460 -19815 -64 5600 END
START 18312 -1204 18852 -20158 1224 3628 END
START 19416 -740 20608 -20022 2282 1178 END
START 20088 -488 21688 -19694 3215 -2000 END
START 19624 -676 23032 -19241 3885 -5769 END
START 18928 -840 24816 -18185 4612 -9295 END
START 17960 -520 26404 -16405 6750 -12857 END
START 16408 -504 26904 -14526 10215 -16281 END
START 13800 -1128 27152 -13074 13556 -19315 END
START 10248 -2184 27292 -11521 15111 -22125 END
START 6236 -3016 27352 -9135 14721 -24483 END
START 2656 -3756 27828 -6432 13597 -26837 END
START -972 -4852 27920 -3188 11847 -28799 END