START 7228 6048 16896 143 -9074 -1612 END
START 8284 5716 16320 50 -8281 -1782 END
START 7740 5900 19004 -32 -6948 -2134 END
START 8880 5964 19236 25 -4154 -3312 END
START 9628 5456 19076 542 -2563 -4581 END
START 9548 4292 18472 1350 -2069 -5793 END
START 8628 3632 17612 1884 -3398 -6218 END
START 8576 3556 17024 2385 -4665 -5882 END
START 8896 3760 16832 2467 -4660 -5865 END
START 9656 3496 16512 2206 -3423 -6161 END
START 9240 3808 16244 2054 -1634 -6702 END
START 9072 3396 15084 1658 -1188 -7400 END
START 8472 3324 14572 1342 -2155 -8235 END
START 8012 3620 13960 1389 -3107 -8613 END
START 7188 2716 13044 1590 -3938 -8344 END
START 6632 1896 12156 1092 -3871 -7419 END
START 6316 2156 11312 230 -3120 -6607 END
START 5792 2332 10716 -696 -2624 -6101 END
START 5456 2652 10312 -1425 -2429 -6157 END
START 4860 2228 9924 -2120 -2853 -6655 END
START 4716 2304 9396 -2973 -4043 -7015 END
START 4044 2024 9560 -3440 -5279 -7345 END
START 3596 1924 9720 -3498 -5828 -7170 END
START 3608 1952 9316 -3940 -5719 -6718 END
START 3268 1992 9208 -5054 -4892 -6377 END
START 2976 1696 9544 -6339 -4033 -6105 END
START 2432 1276 10388 -6867 -3170 -5719 END
START 1908 712 10572 -6815 -2682 -4935 END
START 1160 396 10520 -7253 -2521 -4118 END
START 132 472 10748 -7760 -2801 -3314 END
START -380 488 10628 -8213 -3750 -2654 END
START -688 324 10932 -8444 -4932 -2081 END
START -596 180 11076 -8674 -5902 -1315 END
START -364 456 11164 -9138 -6371 -537 END
START -324 604 11884 -9940 -5863 322 END
START -508 516 12352 -10598 -5254 1343 END
START -704 700 12244 -11065 -5024 2328 END
START -1020 580 11972 -11409 -4899 2835 END
START -1580 188 11508 -11922 -5721 3036 END
START -1252 28 12524 -12769 -7484 3961 END
START -232 -216 13944 -13742 -7503 5444 END
START 372 -84 15480 -14571 -4854 6592 END
START -12 -880 16344 -14897 -2056 7209 END
START -1240 -1648 16716 -14845 -423 7965 END
START -2560 -2260 17196 -14479 -561 9322 END
START -3012 -2672 17992 -14075 -1316 11217 END
START -2732 -2924 19020 -14715 -1130 13559 END
START -2000 -3496 21240 -15865 328 15923 END
START -1264 -3300 23428 -16027 3003 17793 END
START -772 -3144 25016 -15280 4869 18517 END
START -108 -3232 26116 -13538 4524 18742 END
START 1432 -3092 26932 -11331 3403 18496 END
START 2676 -2876 27756 -9163 3297 18021 END
START 3832 -2660 28468 -7405 4762 17640 END
START 4588 -2760 29184 -6273 7102 17262 END
START 5044 -3028 30220 -4835 9112 16900 END
START 5552 -3104 31004 -2686 10219 16569 END
START 6464 -3240 31192 -237 10723 15889 END
START 7192 -3404 30632 2072 11034 15104 END
START 8076 -3260 30204 3998 11150 13996 END
START 9348 -2968 29676 5485 11579 12284 END
START 10480 -2696 29172 6788 11745 9897 END
START 11008 -2788 28608 7860 11092 7338 END
START 11324 -2820 27960 9366 10199 5092 END
START 11456 -2876 27224 11100 9051 3148 END
START 11804 -2764 26124 12495 7797 1375 END
START 12320 -2712 24784 12872 7512 -610 END
START 12536 -2572 23892 12777 7910 -2886 END
START 12020 -2704 22916 12962 7899 -5288 END
START 11044 -3296 21792 13326 6124 -7098 END
START 10480 -3132 20464 13725 2489 -8187 END
START 11516 -2740 20280 13594 155 -9674 END
START 13028 -2052 21196 13098 666 -11709 END
START 13412 -2008 21620 12803 2258 -14072 END
START 12688 -1880 21136 12357 3346 -16192 END
START 10908 -2068 20272 12211 3197 -17563 END
START 9296 -2040 19460 12125 1595 -18177 END
START 7728 -1676 18524 11686 -381 -18076 END
START 5992 -1772 17532 10305 -2536 -17144 END
START 5528 -1624 17056 8202 -2972 -16134 END
START 5396 -1328 17576 6555 -585 -16873 END
START 3972 -1716 18108 6457 186 -18843 END
START 2140 -2368 18224 7308 -1960 -20295 END
START 396 -2012 18260 8501 -4259 -21133 END
START -948 -1984 18296 8970 -6894 -21569 END
START -1948 -1744 19336 9833 -9582 -22105 END
START -2540 -1668 19712 10787 -9790 -22218 END
START -3120 -1620 19712 10094 -6798 -21457 END
START -5444 -2080 19624 9137 -3581 -19452 END
START -7380 -1972 20152 9082 -2502 -16942 END
START -7996 -1924 20552 10048 -2575 -15056 END
START -8412 -2332 20704 11600 -3029 -14042 END
START -8704 -2492 20468 13094 -3216 -12665 END
START -9028 -2148 20156 13775 -1983 -10971 END
START -9784 -2200 19632 14547 -211 -8765 END
START -10092 -2172 18128 14788 263 -6338 END
START -9932 -1876 16676 14829 13 -4079 END
START -9744 -1356 15744 15095 -537 -2098 END
START -9300 -636 14420 14869 -1020 -253 END
START -8528 740 13940 14571 -1221 1666 END
START -7456 1132 12944 14568 -583 3098 END
START -6648 1504 11932 14356 109 4498 END
START -5872 2332 10704 13978 220 5971 END
START -4948 2520 9292 12968 -106 7330 END
START -3800 2844 7820 11112 -879 8296 END
START -3364 3132 7064 9232 -1744 8744 END
START -2948 3376 7064 7935 -2414 9163 END
START -2172 3480 6776 7153 -2380 9964 END
START -1768 3404 5996 6307 -1936 10798 END
START -1124 3204 5032 5312 -1502 11628 END
START -560 3344 4648 4166 -1321 13032 END
START 4 2956 3924 2548 -1697 14386 END
START 844 2744 3400 925 -2899 15381 END
START 2104 2820 3416 -344 -4210 15720 END
START 2884 3016 3672 -1409 -4604 15497 END
START 3264 3108 3548 -2413 -4309 15146 END
START 3324 2844 3332 -3364 -4464 15047 END
START 3596 2392 2924 -4441 -5576 15455 END
START 4868 2200 3372 -5865 -7549 16324 END
START 6520 2236 4248 -7110 -8557 17018 END
START 8248 2060 5216 -8302 -7813 17092 END
START 9116 1720 5548 -9625 -6202 16629 END
START 9600 1064 6344 -10968 -5357 16183 END
START 10120 472 7516 -12007 -5130 16052 END
START 10912 -172 8588 -12728 -5348 15919 END
START 11428 -740 9532 -13044 -5674 15785 END
START 12152 -1204 9532 -13581 -5938 15524 END
START 12680 -1432 10124 -14189 -6400 15157 END
START 13876 -1740 11228 -14557 -6881 14763 END
START 15032 -1880 12060 -15041 -6610 14001 END
START 15776 -2016 12432 -15465 -5997 13314 END
START 16300 -2388 12616 -16020 -5768 12311 END
START 16960 -2604 13440 -16623 -5724 11043 END
START 17512 -3144 14448 -16986 -5721 9564 END
START 18656 -3356 15828 -16902 -6161 8282 END
START 19444 -3308 17224 -16076 -5722 6739 END
START 20068 -3296 17988 -15006 -4595 4764 END
START 21032 -3224 18956 -14069 -3816 2969 END
START 22236 -3064 19716 -14182 -2549 631 END
START 22916 -2944 20296 -15625 -456 -2663 END
START 22136 -2892 21540 -16685 1621 -6015 END
START 20164 -2972 22804 -15810 3183 -8928 END
START 18256 -2764 23212 -14614 3844 -11184 END
START 16196 -3008 23688 -13413 3951 -13328 END
START 14224 -3224 24040 -12312 4383 -14803 END
START 11700 -3960 24704 -11156 5670 -15713 END
START 8588 -3944 24680 -9810 7382 -16093 END
START 5504 -4484 24672 -8634 8970 -15723 END
START 2276 -4776 24596 -7553 10260 -14924 END
START -420 -4972 24416 -6194 10885 -13876 END