START 8380 944 12084 8834 -7201 -3252 END
START 13936 1132 -604 8663 -7103 -3772 END
START 10104 1640 11460 8144 -7538 -5097 END
START 10236 1788 10716 6878 -6989 -7518 END
START 10140 1824 10056 5682 -5913 -9111 END
START 9804 1760 9904 4197 -4303 -9770 END
START 9528 1696 9036 3003 -2604 -9587 END
START 8964 1040 8408 1952 -2365 -9343 END
START 8476 1020 7664 1041 -2977 -9114 END
START 8244 856 7280 91 -4109 -9443 END
START 7740 1056 7408 -849 -4894 -10365 END
START 6940 1556 7564 -1624 -5683 -11448 END
START 6248 1544 7820 -1691 -6928 -12353 END
START 5864 1600 7560 -1424 -8169 -12950 END
START 5100 1456 7176 -1857 -8887 -13263 END
START 4472 1360 7036 -2804 -8859 -12797 END
START 3624 1364 6940 -4433 -7790 -11858 END
START 2640 1592 7128 -6204 -6216 -10448 END
START 1840 1940 7104 -7812 -4728 -8957 END
START 1128 2264 7304 -8917 -4125 -7961 END
START 856 2228 7408 -9206 -4732 -7640 END
START 232 2072 7320 -9506 -6490 -7700 END
START -476 1632 7944 -9842 -8152 -7723 END
START -1340 1332 8100 -10225 -9332 -7305 END
START -2536 1120 8436 -10663 -9902 -6061 END
START -3136 860 8640 -11773 -9984 -4076 END
START -3260 1364 9300 -13341 -9448 -1568 END
START -2868 1432 10264 -15238 -8181 883 END
START -2352 1372 11252 -16814 -6819 2796 END
START -1948 1172 12060 -17433 -6172 3838 END
START -1788 1356 11972 -17520 -6602 4049 END
START -2228 1600 12480 -18009 -7668 3872 END
START -2892 1212 13612 -18577 -8972 4156 END
START -2792 -28 15076 -18850 -9811 5449 END
START -1688 -1400 16508 -19534 -8592 7518 END
START -896 -2620 17988 -20226 -4380 9690 END
START -796 -2948 18592 -20953 249 11878 END
START -1460 -2180 19696 -21825 3305 13577 END
START -2168 -1836 21612 -21557 4211 14837 END
START -1640 -1836 23420 -19423 2534 15699 END
START -68 -2252 24680 -17575 770 16021 END
START 1156 -2588 25472 -15932 1852 15674 END
START 1352 -3224 26096 -14390 5628 15059 END
START 1072 -3628 27300 -13180 9644 15308 END
START 680 -3740 29660 -11611 12873 16677 END
START 1256 -3600 31048 -9390 15960 18562 END
START 1952 -3068 30872 -7374 18614 19630 END
START 2120 -2752 30256 -5765 19665 19124 END
START 1948 -2392 30152 -3798 18896 17561 END
START 1984 -2780 30076 -1638 16579 15670 END
START 2772 -2712 30508 467 13838 14409 END
START 3840 -2360 31084 2359 12862 13503 END
START 4652 -2180 31284 4373 13576 12851 END
START 5444 -2000 31132 6389 15306 12473 END
START 6660 -2168 29848 7568 17147 11649 END
START 7240 -2180 28796 7504 17397 10255 END
START 7788 -1940 28836 8617 15472 8084 END
START 8124 -1664 28180 10880 13314 5291 END
START 8232 -1596 26768 12371 11335 2163 END
START 7620 -1992 25356 13129 8840 -322 END
START 7580 -2224 24308 13707 6779 -1744 END
START 8060 -2304 23728 13664 5791 -2839 END
START 8232 -2376 22540 13056 5685 -4066 END
START 7940 -2296 21468 12223 4859 -5640 END
START 7304 -1948 20760 12412 2305 -7230 END
START 7360 -2188 19608 12947 -981 -9070 END
START 7604 -2188 19168 12896 -3692 -10878 END
START 7620 -2112 18368 12242 -4664 -12317 END
START 7248 -2412 18236 10794 -3822 -12816 END
START 6536 -2188 17864 9601 -2062 -12651 END
START 5980 -1836 17580 8535 -1360 -12611 END
START 5184 -1472 17424 8225 -2084 -13300 END
START 4876 -1068 17632 8489 -3764 -15002 END
START 4148 -1316 18232 9203 -6205 -17518 END
START 3384 -1180 19156 10070 -9211 -19799 END
START 2684 -1120 19924 10586 -10489 -21578 END
START 1148 -1128 20620 10510 -9455 -21914 END
START -1004 -1128 20932 10115 -7891 -20902 END
START -2516 -832 21448 9705 -6306 -19138 END
START -3036 -656 21664 9559 -5504 -17397 END
START -3604 -312 22160 9283 -4732 -17032 END
START -5144 -616 22616 10069 -4463 -17419 END
START -6948 -968 22932 11679 -5778 -17864 END
START -8464 -1056 22496 13386 -8000 -17307 END
START -9212 -796 21276 14217 -10258 -15977 END
START -8732 -92 21068 14124 -10420 -13963 END
START -7920 240 20832 13890 -8211 -11758 END
START -7852 228 20168 13428 -5153 -9779 END
START -8980 0 19376 12941 -2885 -8360 END
START -10036 152 19120 13630 -2768 -6613 END
START -10116 328 18816 15225 -3578 -4771 END
START -8876 436 17224 16080 -4105 -2887 END
START -7104 528 15592 14827 -4071 -1161 END
START -6428 1040 15188 13128 -4257 -105 END
START -6408 2004 15560 13081 -4952 529 END
START -6172 2328 15148 14409 -5572 676 END
START -6052 2324 13896 15569 -6126 720 END
START -6000 2672 13048 16326 -6341 1231 END
START -4924 3000 11716 16588 -5521 2884 END
START -3448 2984 9964 14271 -4164 4742 END
START -2292 3440 9156 10988 -2424 5844 END
START -2708 3632 9504 8915 -1286 6541 END
START -2880 3508 9708 8878 -1233 7139 END
START -2760 3632 9084 9188 -1672 7825 END
START -1668 3264 8668 9317 -2045 8718 END
START -592 3416 8384 9528 -1727 9508 END
START -296 3584 7788 9805 -1256 10025 END
START -16 3444 6416 9297 -1893 10415 END
START -768 3488 4792 7992 -3705 10127 END
START -1748 3364 4300 7138 -6425 9935 END
START -1156 2952 4180 6937 -9746 10736 END
START 488 2896 4072 6209 -12172 12100 END
START 2936 3064 4088 4427 -11861 13211 END
START 4476 3184 4248 2166 -9140 14113 END
START 5136 3308 4448 213 -6091 15101 END
START 5792 3132 4484 -1314 -4588 15863 END
START 6160 2864 4068 -2642 -4671 16520 END
START 6764 2856 4092 -3447 -6060 17009 END
START 7868 2992 4336 -3994 -7475 17327 END
START 9416 3104 4528 -4776 -8322 17170 END
START 10064 3136 5076 -5734 -8405 16645 END
START 10052 2844 5484 -6142 -8088 16032 END
START 9988 2624 5448 -6540 -7927 15822 END
START 10352 2040 5604 -7556 -7546 15936 END
START 10916 1508 6276 -8811 -7546 16610 END
START 11904 1312 6940 -9658 -7596 17144 END
START 12684 1224 7028 -10692 -7492 16966 END
START 13496 1048 7744 -11661 -7273 16364 END
START 14260 520 8804 -12516 -7400 16119 END
START 15500 128 9772 -13053 -7083 15897 END
START 16428 156 9852 -13702 -6100 15228 END
START 17048 -220 10584 -14422 -5305 14025 END
START 17716 -204 11376 -15056 -5591 13425 END
START 19056 -16 12300 -15721 -6596 12796 END
START 20552 -16 13420 -15985 -6752 11349 END
START 21900 -136 14340 -15879 -5989 9342 END
START 22688 -560 14804 -15728 -4920 7450 END
START 23104 -872 15196 -15884 -3862 5841 END
START 23124 -800 15892 -16093 -3057 4386 END
START 23192 -824 16592 -15959 -2327 2761 END
START 23096 -808 16868 -15674 -1750 1099 END
START 22876 -976 16996 -15685 -1294 -661 END
START 22788 -884 17272 -15963 -867 -2908 END
START 22072 -744 17844 -15862 -514 -5730 END
START 20404 -580 18116 -15180 -573 -8663 END
START 18580 -464 18248 -14419 -934 -11291 END
START 16796 -760 18096 -13821 -813 -13509 END
START 14584 -1196 18900 -13756 361 -15339 END
START 11792 -1696 20200 -13379 2852 -16907 END
START 8264 -1896 21604 -12420 6213 -17899 END
START 4972 -2192 22800 -10931 9746 -17854 END