START 9464 1028 15076 9061 -9636 -1805 END
START 14496 -420 8424 9352 -10171 -1715 END
START 8984 1768 15212 9551 -10000 -2037 END
START 10576 1916 13808 9617 -8987 -2593 END
START 11952 2664 12304 9133 -8003 -3581 END
START 12144 3256 11424 8019 -7101 -5381 END
START 11876 3316 10604 6814 -6558 -7443 END
START 11332 3220 10100 6019 -6096 -9146 END
START 10720 3116 9716 5405 -5631 -10272 END
START 10020 2780 9048 4856 -5015 -10907 END
START 9012 3016 8044 4304 -5087 -11029 END
START 8200 2932 7292 3635 -5382 -10987 END
START 7492 3164 6872 2764 -5493 -10879 END
START 7196 2876 6484 1436 -5104 -10507 END
START 6492 3152 6172 -501 -4969 -10254 END
START 6004 2972 6292 -2105 -5211 -10266 END
START 5632 3180 6640 -3176 -5292 -10078 END
START 4984 3208 6884 -4130 -4922 -10011 END
START 4600 3360 6968 -4949 -3796 -9778 END
START 4068 3204 6684 -6170 -2676 -9443 END
START 3500 3220 6364 -7837 -2723 -9268 END
START 2832 3264 6408 -8853 -3704 -9181 END
START 2296 3440 6932 -9395 -5585 -9403 END
START 2204 3160 8012 -9223 -6894 -9918 END
START 2236 3028 8320 -9003 -6383 -10013 END
START 1904 2380 8228 -10098 -4494 -9182 END
START 1136 2256 8644 -12083 -2774 -7746 END
START 392 2028 8840 -13902 -1685 -6094 END
START -484 1868 9652 -15090 -1801 -4853 END
START -1156 1620 10756 -15010 -2239 -3910 END
START -1160 824 11380 -14542 -3748 -3248 END
START -1076 504 12136 -14488 -5407 -3269 END
START -1228 708 13268 -14111 -5613 -3062 END
START -2208 768 14020 -14220 -4781 -2242 END
START -3096 796 14280 -14830 -4175 -476 END
START -3688 456 14360 -15356 -4580 1449 END
START -3196 -80 14580 -15743 -5950 3359 END
START -1844 -448 15468 -16180 -7204 4875 END
START -452 -476 16864 -16527 -6767 5620 END
START 4 -272 18284 -16926 -5544 6258 END
START -368 -336 19260 -16811 -4244 6828 END
START -768 -384 20092 -16637 -3040 8005 END
START -868 -532 20440 -16536 -1738 9285 END
START -644 -1188 20904 -16505 -703 10411 END
START 60 -2224 22268 -16161 134 11676 END
START 128 -2152 23920 -15487 715 13011 END
START 736 -2000 25716 -14326 2129 14354 END
START 672 -1604 26780 -12649 4898 15587 END
START 220 -1436 26500 -11097 7760 16309 END
START 380 -1924 26120 -10330 9670 16823 END
START 1104 -2748 26992 -9525 10354 17569 END
START 2304 -3252 28168 -8175 11569 18050 END
START 3080 -2784 28744 -7082 13289 18104 END
START 2676 -1836 28996 -5557 13734 17792 END
START 2260 -1428 28664 -3240 12563 17134 END
START 2548 -1348 28176 -891 10651 16282 END
START 3684 -1828 28500 1329 9139 15854 END
START 5700 -1988 28528 3150 8676 15757 END
START 7528 -1752 28268 4669 9723 15187 END
START 8208 -1540 27740 5339 11829 13718 END
START 7748 -1356 27100 5605 13573 11869 END
START 6816 -1628 26156 6562 13434 10217 END
START 6140 -1844 25516 7774 11818 8745 END
START 6140 -2104 24960 9175 9971 7191 END
START 6644 -2236 24708 10397 9148 5703 END
START 6432 -2404 23948 11419 9522 4104 END
START 6408 -2348 23360 12313 10658 2595 END
START 6148 -2456 22100 12518 12473 966 END
START 5332 -3080 20764 12189 13097 -11 END
START 5140 -3332 19684 11368 12243 -485 END
START 5284 -3304 19036 10554 10700 -1477 END
START 5520 -3440 18972 10117 8447 -2949 END
START 5932 -3052 18980 10598 6302 -4933 END
START 6112 -2744 18560 10915 4263 -7197 END
START 6532 -2496 17996 10913 2686 -9744 END
START 6368 -2664 17288 10842 1120 -11764 END
START 6220 -2904 16836 10569 -1377 -12752 END
START 6504 -2508 16304 9428 -2855 -13093 END
START 6616 -2100 16380 7767 -2369 -13491 END
START 6232 -1892 16380 6836 -1079 -13986 END
START 5748 -1764 16408 6269 -345 -14831 END
START 5272 -1932 16392 5962 -664 -15859 END
START 4552 -2036 16472 5793 -1651 -16875 END
START 3716 -2264 16668 5755 -2699 -17630 END
START 2660 -1988 17164 5504 -3309 -18057 END
START 1440 -1804 17852 5321 -3585 -18497 END
START 432 -1264 18632 5610 -4134 -19502 END
START -304 -1616 19528 6330 -4559 -20894 END
START -1484 -2176 20732 7198 -5197 -21805 END
START -2684 -2156 21804 7816 -5480 -21612 END
START -3952 -1948 22568 8454 -5032 -20688 END
START -5600 -1612 22688 9391 -5980 -19595 END
START -6440 -848 22840 10821 -7214 -18698 END
START -6780 192 23316 11861 -7241 -17843 END
START -6500 684 23604 12699 -5174 -16530 END
START -6476 400 22772 12497 -1877 -14891 END
START -7808 60 21640 11570 993 -13113 END
START -9748 228 21144 11339 1290 -11433 END
START -11020 480 20424 12029 -1133 -10012 END
START -10828 488 19820 13129 -5259 -8786 END
START -9620 876 19468 14169 -7919 -7662 END
START -8564 1576 19152 14368 -8008 -6763 END
START -8532 1856 19368 14127 -5429 -5850 END
START -9356 1512 18744 14306 -2245 -4511 END
START -9796 904 16764 14877 -266 -2586 END
START -9776 576 14860 13859 -704 -440 END
START -9196 1120 14384 12128 -2636 1780 END
START -7764 1636 14972 11103 -3977 3443 END
START -6836 2256 15116 11588 -3767 3698 END
START -6772 2216 14608 12741 -4007 3274 END
START -6572 2500 14556 14561 -5159 3527 END
START -6212 2528 14708 17513 -5588 4250 END
START -5392 2824 13908 20080 -5445 5363 END
START -4116 2956 12028 21380 -5481 6373 END
START -2976 3460 9488 20401 -5822 6935 END
START -2152 3576 8408 16911 -5909 7016 END
START -1656 3820 8376 13060 -5344 7612 END
START -1556 3912 8672 10534 -4026 8686 END
START -2132 4156 8964 9327 -2334 9932 END
START -1828 4208 8576 8998 -1235 11212 END
START -1476 4088 7788 8837 -499 12232 END
START -940 3940 7040 8146 -337 13240 END
START 52 3860 6136 6621 -1128 14461 END
START 1400 3956 5552 4138 -2301 15392 END
START 2520 3896 5860 1627 -3149 15495 END
START 3368 4212 6448 527 -3577 15339 END
START 3956 4192 6764 286 -3796 14648 END
START 4428 3892 6584 -9 -3602 14523 END
START 4608 3696 6156 -694 -3477 14764 END
START 5160 3412 5888 -1763 -3668 15791 END
START 6184 3292 5940 -3129 -3975 16842 END
START 6860 3468 6360 -4460 -3751 17155 END
START 7140 3656 6468 -5323 -3181 16753 END
START 6764 3596 6236 -5857 -2920 16079 END
START 6444 3272 5852 -6583 -3431 15616 END
START 6736 2924 6284 -7372 -4928 15933 END
START 7648 2756 6692 -8182 -6755 16744 END
START 9272 2760 7104 -9187 -7789 17270 END
START 10584 2888 7472 -10146 -7189 16993 END
START 10720 3000 7584 -11004 -5530 15971 END
START 10204 2664 7544 -11834 -4750 15072 END
START 10236 2212 7992 -12527 -5616 14939 END
START 11240 1664 8912 -13146 -7254 14943 END
START 12924 940 10000 -13734 -8260 14715 END
START 14104 460 10780 -14278 -7492 14165 END
START 14484 476 11468 -15040 -6414 13366 END
START 14660 388 11820 -15648 -5561 12464 END
START 15008 420 12556 -15946 -5549 11757 END
START 16044 172 13388 -16038 -5933 10872 END
START 17456 -212 13964 -16227 -6104 9876 END
START 18856 -452 14420 -16883 -5586 8419 END
START 19320 -608 15024 -17582 -4686 6613 END
START 19368 -1012 15640 -17667 -4412 5048 END
START 19604 -1340 16136 -17624 -4978 3992 END
START 20064 -1504 17116 -17636 -4848 2979 END
START 21084 -1456 17988 -17405 -3698 1489 END
START 21152 -1684 18108 -17257 -2668 -243 END
START 21136 -1892 18404 -17456 -2363 -2172 END
START 20828 -1564 18708 -17797 -2614 -4680 END
START 19492 -1828 19164 -17447 -3581 -7275 END
START 18572 -1996 19292 -15992 -5199 -9737 END
START 16948 -2268 19708 -14692 -6319 -11814 END
START 15420 -2512 19804 -13878 -5855 -13539 END
START 13388 -2416 20556 -13184 -4426 -14856 END
START 11092 -3004 21168 -12686 -2318 -16231 END
START 8208 -3924 22156 -11708 -1100 -17348 END