START 12348 1128 15500 8195 -744 4276 END
START 15164 724 15556 8025 -872 3580 END
START 10944 3116 18728 6939 743 783 END
START 13232 2992 14308 5574 511 -4887 END
START 11716 2612 13932 5634 -1853 -10058 END
START 9888 872 13732 7185 -6388 -13017 END
START 8940 268 13304 8719 -10201 -13414 END
START 9584 220 12492 9517 -11778 -12715 END
START 10060 540 11792 8701 -8836 -11886 END
START 10220 620 11264 7248 -4113 -11358 END
START 9248 960 10616 5883 -495 -11276 END
START 8724 784 9796 4861 174 -11707 END
START 7860 636 9224 4224 -1085 -12380 END
START 7156 616 8964 3765 -2955 -13076 END
START 6280 736 8860 3724 -4308 -13659 END
START 5736 964 8160 3321 -5069 -13810 END
START 5280 1084 7716 2421 -4976 -13873 END
START 4740 996 6972 1092 -4595 -13887 END
START 3584 708 6744 -542 -4501 -13642 END
START 2888 180 6756 -1233 -4758 -12957 END
START 1980 260 6608 -1442 -5801 -11992 END
START 1492 532 6356 -1971 -7409 -11213 END
START 1048 840 5888 -2805 -8876 -10849 END
START 624 924 6092 -3691 -9698 -10415 END
START 56 880 6524 -4495 -9800 -9815 END
START -408 788 6884 -5439 -9422 -9008 END
START -820 732 7176 -6223 -9072 -7720 END
START -1448 1136 7676 -7014 -8793 -6359 END
START -1928 1720 8380 -8159 -8738 -5031 END
START -1948 2064 8872 -9309 -8469 -3569 END
START -1608 2692 9456 -11378 -7904 -2329 END
START -1072 2956 10720 -13769 -6926 -1219 END
START -940 3984 12368 -15406 -4833 -86 END
START -1608 4020 13940 -16399 -2559 696 END
START -1852 4316 14604 -17060 -735 1752 END
START -2164 4064 15624 -17513 259 2835 END
START -2088 3304 16792 -17532 710 3628 END
START -1960 3228 17528 -17428 752 4345 END
START -2152 3216 18504 -17564 634 5124 END
START -2348 3556 19392 -17504 762 5962 END
START -2568 3820 20440 -17025 960 6858 END
START -2080 3400 20884 -16206 1445 7835 END
START -1600 2524 21048 -15824 2461 8872 END
START -804 1672 21160 -15750 3560 10086 END
START -756 1844 22044 -16030 4316 11348 END
START -560 2132 23424 -15632 4254 12745 END
START -136 2496 24472 -14202 4813 13985 END
START 108 2420 24140 -12946 6249 14547 END
START 464 1616 23788 -12202 7448 15014 END
START 708 156 23564 -12137 7882 15620 END
START 1228 -576 24684 -12352 6926 16654 END
START 2824 188 27044 -11272 6635 16921 END
START 3836 556 28732 -8899 7422 16031 END
START 3824 680 29284 -6160 8545 15390 END
START 3680 204 28724 -3683 9987 15054 END
START 3364 -296 27428 -1898 11091 15476 END
START 4132 -1296 26904 -536 11384 16270 END
START 5368 -1304 27080 798 11892 16273 END
START 6564 -1016 27156 2098 13097 15122 END
START 6908 -676 27036 3450 14787 13151 END
START 6340 -440 26256 4736 16091 11012 END
START 5660 -644 24896 5894 16865 9076 END
START 4704 -1164 23832 6608 16442 7779 END
START 4208 -1296 23256 7079 15300 6852 END
START 4000 -1484 23272 7629 14640 5868 END
START 4608 -1044 22756 8229 14918 4539 END
START 4948 -792 22224 8721 16032 2773 END
START 4868 -916 21608 8930 16537 923 END
START 4984 -1276 20852 8889 15951 -842 END
START 4784 -2208 20192 8467 14292 -2723 END
START 4020 -2676 20104 8210 11433 -4318 END
START 3484 -2984 20200 8732 8167 -5732 END
START 3700 -2772 20424 9708 5845 -7053 END
START 4096 -2812 20308 10429 5049 -8468 END
START 4068 -2868 19368 10230 4916 -9836 END
START 3936 -3036 19356 9405 4376 -10801 END
START 4036 -2984 19456 9010 3828 -11614 END
START 3936 -3144 19288 8689 2912 -12425 END
START 3252 -3032 19332 8945 1156 -13053 END
START 2776 -2816 19176 9494 -762 -13504 END
START 2368 -2656 19208 9627 -2058 -14027 END
START 2504 -1828 19536 9541 -2038 -14726 END
START 2324 -1616 19268 8866 -1940 -15588 END
START 1896 -1300 19236 8587 -2818 -16484 END
START 736 -1164 19356 9065 -5125 -17215 END
START -76 -692 19260 9651 -8275 -17789 END
START -424 -112 19492 10318 -10186 -18413 END
START -948 160 19508 10627 -10307 -18956 END
START -1804 584 19332 10152 -8844 -18841 END
START -3264 992 19288 9607 -7343 -18500 END
START -4832 712 19052 9774 -7440 -18246 END
START -7348 96 19100 10971 -10547 -18201 END
START -9524 -152 19748 13273 -17217 -17750 END
START -9324 904 20692 15994 -24480 -16751 END
START -7648 2032 21564 17094 -25330 -15388 END
START -5984 2372 21764 16340 -19202 -12800 END
START -5956 2216 20852 13288 -12402 -9938 END
START -6724 2244 21116 11192 -8088 -7161 END
START -7132 2528 20736 11382 -6426 -5185 END
START -7484 2596 19180 12308 -7257 -4202 END
START -7368 3208 18284 12743 -9034 -3720 END
START -6308 3352 18400 12959 -9635 -2984 END
START -5160 3376 18144 13435 -8107 -2060 END
START -5016 3468 17340 13291 -5976 -1506 END
START -5888 3500 16072 12927 -5038 -754 END
START -6252 3324 14772 12546 -5693 645 END
START -5880 3192 13724 12099 -6565 2237 END
START -4948 3164 13436 11284 -6500 4032 END
START -4212 3532 13172 10402 -5429 5633 END
START -3164 3908 13308 10135 -3908 6628 END
START -2876 3948 12776 10293 -2328 7084 END
START -2848 3652 11508 10476 -1389 7448 END
START -2872 3220 9776 9839 -1603 8321 END
START -2464 2964 8564 7753 -2636 9408 END
START -1568 2756 8800 5600 -3310 10393 END
START -776 2576 9304 4645 -2509 11041 END
START -588 2596 9344 4524 -1599 11302 END
START -1016 2724 8688 4331 -1833 11333 END
START -1260 2812 8136 4537 -3280 11483 END
START -600 2412 7152 4868 -4833 11890 END
START -20 1860 5316 3504 -6598 12718 END
START 1076 1556 5440 1209 -8706 13688 END
START 2412 1436 6256 363 -8998 14983 END
START 3640 1248 6468 -467 -7165 16058 END
START 4268 1024 6208 -1610 -4688 17011 END
START 4372 664 5780 -2756 -3506 18317 END
START 5084 672 5480 -3733 -3397 19617 END
START 6100 520 5504 -4709 -3798 20457 END
START 7704 292 5604 -5826 -4351 20682 END
START 8624 100 5704 -7245 -5107 20396 END
START 9512 -28 6288 -8327 -6145 19996 END
START 10832 -96 6752 -9220 -6915 19422 END
START 11876 -308 7248 -10082 -6708 18704 END
START 12780 -464 7920 -10904 -6166 17984 END
START 13696 -816 8224 -12032 -5579 17405 END
START 14468 -928 8716 -13317 -5207 16763 END
START 15496 -1272 9576 -14273 -4706 15873 END
START 16332 -1172 10340 -14982 -3811 14601 END
START 17144 -1476 11640 -15671 -2942 13156 END
START 17936 -1588 11904 -16270 -2831 11537 END
START 19060 -1536 12968 -16610 -2631 9468 END
START 20072 -1904 13768 -17078 -2092 7535 END
START 20924 -2136 14888 -17525 -705 5547 END
START 21132 -2396 15844 -17660 646 3808 END
START 20960 -2536 16848 -17638 1928 2006 END
START 20924 -2624 17332 -17611 3242 -105 END
START 20880 -2556 18460 -17452 4066 -2387 END
START 20804 -2612 19652 -16921 4437 -4613 END
START 20740 -2516 20460 -16398 4581 -6764 END
START 20000 -2232 21380 -15870 4818 -8899 END
START 18448 -2136 22220 -14719 4860 -10815 END
START 17148 -1740 22152 -13687 5086 -12950 END
START 15144 -2124 23080 -12465 5759 -15036 END
START 12420 -2692 24044 -10698 6644 -16917 END
START 9372 -3600 24512 -8679 7254 -18561 END
START 6724 -4496 24408 -6609 7495 -19649 END