START 6560 -272 12832 6997 -9076 -4171 END
START 5428 144 14128 6810 -9629 -4256 END
START 6556 28 12912 6358 -10124 -4570 END
START 6616 32 13116 6010 -10601 -5153 END
START 7008 636 13192 6216 -10488 -6149 END
START 7136 864 12544 6526 -9797 -7660 END
START 7004 1468 11884 6469 -8743 -9199 END
START 6360 1112 10768 6000 -8449 -10461 END
START 5496 1420 9928 5132 -8876 -11018 END
START 5232 1268 9300 4074 -9823 -11417 END
START 5072 1540 8856 2990 -10814 -12044 END
START 4600 1992 8632 1645 -11649 -12854 END
START 4084 2016 9080 1138 -12012 -13470 END
START 3556 2072 9096 1127 -11238 -13751 END
START 3048 1864 8588 637 -10018 -13589 END
START 2728 1476 8060 -772 -10040 -13370 END
START 2192 968 8268 -2294 -11096 -13470 END
START 928 1092 8928 -2730 -12322 -13389 END
START 264 1448 9104 -3055 -12330 -13036 END
START -216 2064 9548 -4484 -9060 -12356 END
START -532 1880 9380 -6360 -4097 -11011 END
START -1168 1656 9232 -8576 -1042 -9109 END
START -1860 2424 9724 -10096 -813 -7348 END
START -1636 2732 10780 -10261 -1973 -6492 END
START -1796 3264 12032 -9536 -3556 -6922 END
START -1944 3452 12004 -8755 -5283 -8190 END
START -1932 3452 11868 -9109 -6992 -9360 END
START -2228 3116 12024 -9779 -7123 -9820 END
START -2868 2776 12648 -10789 -5944 -8848 END
START -3496 2620 13092 -12003 -4706 -6925 END
START -3796 2768 13988 -13656 -3343 -4777 END
START -4120 2764 15072 -14854 -2463 -2860 END
START -3976 2272 16396 -14892 -1833 -1638 END
START -3704 2060 16736 -14486 -1325 -1344 END
START -4080 1940 16680 -14501 -1536 -1339 END
START -5064 2080 17696 -15172 -2772 -869 END
START -6160 2048 19080 -15209 -3079 524 END
START -6824 1664 19924 -14918 -2555 2668 END
START -6960 764 20752 -14870 -1384 5345 END
START -5980 -828 22100 -14861 1138 8155 END
START -5316 -428 24244 -14400 4677 11306 END
START -4348 488 25944 -13481 8697 13793 END
START -4308 1652 26048 -13206 11425 14905 END
START -4844 2228 25708 -13083 11623 14914 END
START -4908 1808 25644 -11806 8917 14286 END
START -3816 1052 26060 -9828 6006 13710 END
START -2216 708 27008 -8280 4669 13425 END
START -776 356 28344 -6650 5009 13575 END
START 152 660 29284 -4568 6710 14003 END
START 848 916 29316 -2465 9368 14177 END
START 1368 1384 27912 -1242 11488 14181 END
START 1168 1864 26848 -953 12972 13529 END
START 916 988 26716 -359 12322 13124 END
START 1628 296 27160 1019 10360 12633 END
START 2636 404 27264 2510 9049 11764 END
START 3468 460 27328 3728 8938 10402 END
START 3536 732 27164 5315 9801 8926 END
START 3592 468 26716 6666 11049 7665 END
START 3628 -160 25876 7728 12044 6818 END
START 3812 -656 24440 8148 12320 6299 END
START 3984 -792 23544 7516 11922 5555 END
START 4268 -788 23140 7750 11594 4201 END
START 4448 -644 22496 8383 10760 2146 END
START 4612 -864 21420 9035 9201 -438 END
START 4472 -1008 20592 9476 7122 -3034 END
START 4132 -1780 19660 9891 4632 -5330 END
START 3952 -1952 18972 9982 2128 -6666 END
START 4268 -1732 18736 9591 922 -7780 END
START 4348 -1608 18288 9331 707 -8899 END
START 4008 -1348 17816 9146 120 -9642 END
START 3812 -1332 17252 8430 -810 -10411 END
START 3724 -1172 17356 7857 -1888 -11032 END
START 3748 -1204 17844 7731 -2378 -11697 END
START 3372 -888 17784 7406 -2776 -12429 END
START 2916 -676 17792 7218 -3257 -13311 END
START 2080 -536 17880 7085 -3643 -14331 END
START 1372 -280 18392 7259 -4719 -15247 END
START 1052 -112 18064 7690 -5477 -16547 END
START -264 -364 18292 7845 -7008 -17525 END
START -1228 -424 18852 8008 -8726 -17592 END
START -2280 -20 19156 8119 -9649 -17441 END
START -3332 400 19388 8117 -9588 -17630 END
START -4516 536 19876 7956 -8660 -17511 END
START -5712 556 20772 8141 -7984 -16824 END
START -6488 644 21444 8996 -7713 -15726 END
START -7108 992 21096 9569 -8079 -14731 END
START -7960 948 21084 9728 -8876 -13941 END
START -8908 720 21116 10135 -9847 -12809 END
START -9088 608 21284 10484 -10501 -11100 END
START -8156 1040 21724 10905 -9666 -9370 END
START -7124 1692 21696 11027 -7937 -8046 END
START -6980 2424 21360 10906 -6092 -7278 END
START -7692 2356 20660 11403 -4875 -6943 END
START -8600 1796 19080 11927 -4845 -6568 END
START -9380 1468 18104 12113 -6111 -5661 END
START -9112 1192 17852 12655 -6657 -4179 END
START -8588 1124 17356 12946 -5662 -2661 END
START -8460 1296 16776 13294 -3552 -1273 END
START -8372 1512 15396 13409 -1928 56 END
START -8292 1388 13764 12255 -1800 1337 END
START -7860 1476 13392 11328 -2577 2946 END
START -7200 1312 12868 11059 -3664 4375 END
START -6404 2164 12792 10828 -4380 5647 END
START -5340 2952 13116 10796 -4140 6594 END
START -4252 3576 13236 11867 -2729 7233 END
START -3580 3896 12440 13101 -1209 7516 END
START -2908 3728 10640 13487 -633 7715 END
START -2808 3780 9088 12213 -1966 8064 END
START -2188 3772 8856 10396 -4187 8870 END
START -788 3632 9476 9223 -5017 9890 END
START 316 3748 10092 8710 -3553 10576 END
START 996 4008 10032 8288 -273 10515 END
START 300 4040 9196 7641 2672 10029 END
START -556 3700 8140 6932 3586 10299 END
START -768 3028 6700 6087 2047 11415 END
START -148 2700 5792 4092 -460 12792 END
START 1044 2800 6240 1446 -1825 13985 END
START 1688 3088 7272 -307 -1648 15135 END
START 2304 3732 7884 -912 -140 15693 END
START 2264 3920 7656 -1346 1348 15319 END
START 1904 3664 7220 -1789 1088 15186 END
START 2644 3124 6988 -2347 -797 15830 END
START 4084 2936 6980 -3273 -3496 16738 END
START 6264 2924 7672 -4244 -5386 17117 END
START 7960 3376 8232 -4980 -5563 16674 END
START 8616 3660 8628 -5596 -4419 15518 END
START 8076 3524 8536 -6114 -2951 14311 END
START 7908 2984 8952 -6646 -2518 14022 END
START 8716 2604 9196 -7300 -3172 14683 END
START 9764 2288 9772 -8107 -3828 15029 END
START 10620 2468 10180 -8755 -3709 14486 END
START 10264 2368 10276 -9116 -3432 13134 END
START 9600 2328 10120 -9543 -3535 11813 END
START 9124 1904 10452 -10020 -4435 10876 END
START 9840 1328 11092 -10480 -5558 10989 END
START 10928 844 11600 -10921 -5801 11484 END
START 12048 472 11804 -12051 -5033 11622 END
START 12916 448 12508 -13186 -3781 11202 END
START 13348 800 13304 -14030 -2729 10098 END
START 13372 788 14064 -14375 -2716 8610 END
START 13660 380 14476 -14135 -3451 7302 END
START 14200 20 14668 -14019 -4408 6226 END
START 15280 -176 15040 -14291 -4993 5407 END
START 15932 92 15660 -14988 -4839 4454 END
START 16064 328 16416 -15563 -4148 3176 END
START 16080 212 17224 -15478 -3331 1647 END
START 16120 -296 17920 -15087 -2501 -110 END
START 16848 -1252 18856 -14705 -1754 -1810 END
START 17488 -2200 19620 -14904 -490 -3527 END
START 17248 -2196 21036 -15151 1248 -4761 END
START 16488 -1888 22352 -14398 3149 -6371 END
START 15400 -2052 23116 -12868 4317 -8060 END
START 14708 -1340 23396 -11101 5161 -10251 END
START 14068 -1084 23544 -9524 6147 -13211 END
START 12644 -1084 23100 -8242 6993 -15876 END
START 10552 -1120 22536 -7655 7474 -18117 END
START 8032 -1120 22752 -7414 7815 -19624 END
START 4968 -1012 23196 -6274 7508 -20319 END
START 2324 -952 23428 -4681 7311 -20240 END
START -588 -1792 23412 -2932 7265 -19355 END
START -2808 -1928 23244 -1270 7322 -17373 END
START -4076 -1892 23056 -392 8594 -15145 END
START -5152 -1324 22800 270 10751 -13023 END