START 10080 2572 12324 8910 -8911 -705 END
START 5132 4456 20204 8671 -9318 -724 END
START 11820 2088 9364 7802 -7518 -1912 END
START 10084 2628 11056 6334 -6320 -3702 END
START 10212 1916 9772 5151 -6736 -5112 END
START 9448 1856 9524 4777 -8818 -5916 END
START 9064 2072 9140 4714 -10333 -6613 END
START 9444 2136 8636 3938 -10295 -7481 END
START 9592 2136 8556 2498 -8462 -8463 END
START 9028 1904 8224 1230 -6120 -9074 END
START 8204 1476 8020 113 -4513 -9208 END
START 7692 1144 7588 -743 -4092 -9190 END
START 6748 988 7208 -1832 -4617 -9086 END
START 6500 828 7416 -2933 -5559 -9091 END
START 6332 708 7548 -3848 -5965 -9225 END
START 6028 576 7868 -4391 -5614 -9469 END
START 5200 392 7548 -5128 -4797 -9719 END
START 4232 148 7304 -5903 -4710 -9488 END
START 3176 -24 7216 -6720 -5149 -8877 END
START 2484 24 7268 -7844 -4729 -7931 END
START 1748 268 7500 -9381 -4024 -6930 END
START 788 600 7796 -10796 -3342 -6022 END
START -148 636 8836 -11556 -3293 -5324 END
START -692 436 9116 -11658 -4260 -4424 END
START -864 240 9568 -11985 -5461 -3254 END
START -424 444 10548 -12796 -6260 -1683 END
START 128 736 12032 -13734 -5420 -111 END
START 336 1008 13320 -14466 -3739 1020 END
START 764 896 14468 -14809 -2459 1911 END
START 944 736 14852 -15061 -2197 2440 END
START 1216 324 15288 -15298 -1988 2799 END
START 1024 0 15656 -15107 -2034 3012 END
START 480 72 15716 -15221 -2149 3432 END
START -408 204 15780 -15451 -2182 4003 END
START -892 124 16336 -15740 -2909 5190 END
START -348 32 17012 -15905 -3795 6711 END
START 600 -448 18156 -16033 -3841 8093 END
START 844 -768 18684 -15910 -2842 8868 END
START 784 -764 19196 -15718 -1107 9098 END
START -68 -368 19616 -15626 984 9089 END
START -1104 -308 20340 -15276 2515 9352 END
START -1580 -404 21168 -14862 3077 10649 END
START -920 -880 22256 -14164 3494 12057 END
START -604 -1228 23140 -13471 4312 13123 END
START -80 -1744 23988 -12505 5401 13750 END
START 408 -2096 25288 -11676 6503 14152 END
START 884 -1928 26476 -10342 7378 14817 END
START 1808 -1588 27636 -8506 8157 15572 END
START 2552 -1232 27356 -6619 9053 16124 END
START 2972 -1092 26836 -5105 10446 16040 END
START 3136 -1604 26292 -3990 12009 15474 END
START 3456 -2352 26408 -2942 12488 14886 END
START 3904 -2528 26784 -1543 12193 14505 END
START 4220 -2464 27080 187 11424 14202 END
START 4680 -2108 26832 1697 11266 14025 END
START 5028 -1820 26568 2889 11478 13647 END
START 5660 -1872 26344 3837 11691 12956 END
START 6484 -1736 26464 4808 11965 11643 END
START 7580 -2108 26672 6266 12401 9636 END
START 7928 -2124 26152 7917 12674 7278 END
START 8020 -2344 25168 9182 12317 4943 END
START 8040 -2212 23660 10016 11493 3383 END
START 7432 -3032 23236 10842 9235 1774 END
START 7856 -2800 22840 11642 7129 639 END
START 9160 -2108 22548 12368 6136 -1326 END
START 10288 -2108 21784 13028 7138 -4580 END
START 9968 -2112 20712 13352 8596 -8114 END
START 8524 -3160 19248 13449 9663 -10702 END
START 6744 -3724 17728 13428 9551 -11599 END
START 5872 -4308 16772 12905 9365 -11579 END
START 5148 -4568 15980 11961 9208 -11349 END
START 5164 -4304 15708 10871 9148 -11973 END
START 4804 -4192 15648 10113 8997 -13259 END
START 4204 -4416 15548 9445 7474 -14270 END
START 3764 -4396 15440 9007 5543 -14635 END
START 3152 -4572 14960 8495 3541 -14834 END
START 2956 -4508 15080 7446 1623 -14881 END
START 3100 -4272 15508 6498 370 -15281 END
START 3220 -4224 16272 5979 -157 -16252 END
START 2124 -4136 16904 6160 -561 -17268 END
START 1236 -3932 17280 6152 -1611 -17749 END
START 552 -3576 18064 5759 -2770 -18280 END
START -544 -3208 19148 6057 -3883 -18571 END
START -1164 -2732 19876 7461 -5306 -18717 END
START -1832 -2208 19800 8238 -6642 -19295 END
START -2588 -1508 20628 8108 -8154 -19805 END
START -3844 -1104 21748 8619 -8905 -19804 END
START -4852 -1124 22180 9840 -9018 -19159 END
START -6060 -916 22288 10490 -9513 -18317 END
START -6468 -760 22536 10854 -9981 -17544 END
START -7056 -716 22864 11427 -9171 -16660 END
START -8228 -808 22564 11746 -7669 -15170 END
START -9432 -560 22264 12147 -6532 -13253 END
START -9944 -436 22036 12868 -6157 -10958 END
START -9748 -116 21288 13617 -6393 -8715 END
START -9176 376 20808 13704 -6232 -7284 END
START -8952 952 20540 13838 -5338 -6421 END
START -9180 1124 20120 14308 -3955 -5379 END
START -9360 796 19056 14868 -3176 -3786 END
START -9620 1016 17656 14980 -2751 -1758 END
START -9716 1720 16940 14406 -1533 746 END
START -10084 3104 16252 13699 657 3477 END
START -9732 4084 15976 13133 3055 6092 END
START -8520 4364 15076 13342 4882 7875 END
START -6676 4184 13716 13728 5740 8203 END
START -6132 4320 12224 13444 5330 7486 END
START -5620 3596 11220 12099 2588 7579 END
START -4896 3128 11000 10842 -1025 7973 END
START -4300 2676 10784 9316 -4007 8287 END
START -4360 2340 11240 7942 -4404 9373 END
START -4736 1360 11420 7485 -4279 11462 END
START -3704 1128 10812 7686 -3824 13901 END
START -2160 936 10120 7431 -2793 14959 END
START -892 456 9196 7116 -1981 14937 END
START -300 224 7700 6328 -2912 14807 END
START 404 116 6168 4361 -4669 14395 END
START 464 52 5492 2454 -5629 13969 END
START -52 -60 5568 1416 -6047 14108 END
START -332 -408 5540 883 -6307 15036 END
START 148 -104 5344 221 -6228 16477 END
START 1684 -40 4968 -856 -5806 17333 END
START 3068 300 4804 -2377 -5436 17491 END
START 4076 636 4908 -4202 -5107 17263 END
START 5020 840 5028 -5815 -4902 17042 END
START 5612 672 5540 -7002 -4902 16885 END
START 6180 560 5964 -8056 -4889 16728 END
START 6912 460 6348 -9017 -5168 16589 END
START 7916 428 7248 -9952 -5119 16309 END
START 8716 308 7744 -10971 -4680 15898 END
START 9368 36 8288 -12202 -3829 15402 END
START 9580 -180 8736 -13204 -3086 14912 END
START 10004 -540 9516 -14001 -2776 14212 END
START 10304 -828 10512 -14596 -2775 13618 END
START 11096 -900 11220 -15048 -2945 13212 END
START 12184 -1004 12332 -15740 -2759 12594 END
START 13180 -1116 13088 -16444 -1923 11670 END
START 14228 -1412 14332 -17088 -1417 10384 END
START 14928 -1712 14988 -17597 -852 8681 END
START 15136 -1796 16196 -17693 -207 6840 END
START 15236 -2260 17472 -17614 205 5257 END
START 15596 -2356 18280 -17436 180 3823 END
START 16168 -2984 19176 -17431 429 2648 END
START 16496 -3220 20464 -17283 1090 1417 END
START 16896 -3220 21548 -16679 2235 -462 END
START 16484 -3384 22048 -15544 3511 -2751 END
START 15416 -3820 22024 -14381 4109 -4902 END
START 14708 -4084 21984 -13464 3868 -7176 END
START 13312 -4192 22320 -12424 2419 -9036 END
START 12164 -4252 22836 -10878 -484 -10259 END
START 11704 -4016 23268 -9423 -2702 -11257 END
START 11660 -3764 23612 -8439 -2617 -12441 END
START 11340 -3764 23968 -7847 211 -14080 END
START 10028 -4060 23916 -7482 4509 -15567 END
START 7984 -4156 24192 -6848 8526 -16668 END
START 5244 -4048 24332 -5622 10879 -17216 END