START 10684 3152 11316 1365 -4813 -4866 END
START 4624 5420 21996 1299 -5793 -5066 END
START 11128 3456 7252 867 -5490 -6231 END
START 10036 3476 7496 -50 -5067 -7646 END
START 8248 3180 8244 -1411 -4689 -8364 END
START 7468 3068 7944 -2586 -4738 -8246 END
START 7204 2792 7768 -3305 -4576 -7715 END
START 6876 2956 7728 -4134 -3693 -7459 END
START 6592 2796 7584 -5078 -2802 -7657 END
START 6028 2664 7460 -6020 -2037 -7935 END
START 5372 2256 7864 -6667 -1851 -8099 END
START 4556 2028 7988 -7002 -1896 -7805 END
START 3908 1756 7828 -7829 -2165 -7073 END
START 3672 1672 8236 -8997 -2454 -6088 END
START 3708 1464 9032 -10066 -2539 -5356 END
START 3724 1320 10192 -10368 -2118 -5045 END
START 3548 956 10788 -10202 -1579 -4950 END
START 3228 612 11024 -10335 -1756 -4896 END
START 2572 -120 11516 -10223 -2509 -4783 END
START 2292 -624 12396 -10360 -3799 -4259 END
START 2320 -780 13848 -10347 -4888 -3599 END
START 2312 -1004 15156 -9923 -5144 -3081 END
START 2636 -892 16372 -9735 -3885 -2717 END
START 2396 -588 16456 -9668 -1752 -2066 END
START 1372 180 16060 -9855 -310 -1173 END
START 628 1308 15176 -9836 170 -223 END
START -216 1332 14428 -10089 -113 718 END
START -532 1904 13460 -10961 -1136 1590 END
START -608 1884 13072 -11775 -2193 2100 END
START -576 1780 13108 -12613 -3141 2514 END
START -932 2076 13272 -13939 -4011 3190 END
START -712 1980 14304 -15017 -4551 4247 END
START -136 1768 15512 -15425 -4769 5585 END
START 1120 1292 16260 -15582 -3980 6583 END
START 1884 924 16540 -15794 -2558 7114 END
START 2104 204 16884 -15840 -865 7145 END
START 1400 -48 17584 -15747 458 7179 END
START 704 -184 18940 -15403 431 7940 END
START 608 -248 20312 -14574 -70 9336 END
START 1588 -28 21372 -13528 574 10733 END
START 2336 20 22128 -13024 2790 11577 END
START 2280 -180 22528 -12690 5423 11716 END
START 1512 -1004 23084 -12357 7266 11513 END
START 588 -1396 24020 -11274 7781 11784 END
START 560 -1608 24932 -9819 7575 12596 END
START 1000 -1304 25732 -8500 7451 13730 END
START 1876 -1024 26268 -7140 8090 14550 END
START 2504 -900 26772 -5818 9726 14821 END
START 2492 -1336 27280 -4345 11409 14839 END
START 2508 -2036 27340 -2700 12213 15082 END
START 3180 -2396 27136 -1341 12162 15318 END
START 3992 -2328 27296 -373 12041 15128 END
START 4800 -2124 27420 986 12162 14457 END
START 5296 -1784 27444 2724 12676 13100 END
START 5844 -2200 26672 4376 13332 11214 END
START 6248 -2848 26264 5936 13313 9334 END
START 6892 -3360 25880 7469 12922 7644 END
START 7756 -3768 25412 8801 12837 5687 END
START 8556 -3888 24528 9842 12924 3391 END
START 8844 -3940 23448 10657 13507 435 END
START 8340 -4176 22200 11774 14828 -2203 END
START 7316 -4400 21548 13163 15611 -4900 END
START 6616 -5168 19936 14134 15875 -6095 END
START 5648 -5116 18532 14219 15290 -6439 END
START 5644 -5048 17500 13619 14712 -6824 END
START 5560 -5024 17560 12608 13793 -7623 END
START 5424 -4684 17956 12268 13140 -9023 END
START 5152 -4868 17856 12157 12122 -10441 END
START 4316 -4968 17688 11920 10472 -11736 END
START 3656 -5056 17380 11786 8074 -12205 END
START 3272 -4408 17840 11176 5808 -11904 END
START 3548 -3708 18144 10252 4609 -11887 END
START 3328 -3052 18484 9230 3309 -12361 END
START 3112 -2304 18988 8852 2175 -12778 END
START 2780 -1760 19360 8750 1632 -13410 END
START 1944 -1588 19264 8558 569 -13893 END
START 692 -1032 19764 8113 -1872 -14346 END
START -352 -588 20448 8845 -4271 -14691 END
START -1132 -364 20840 9835 -6233 -15235 END
START -1752 -260 21060 10559 -7177 -16156 END
START -2792 -128 21492 10622 -6966 -16660 END
START -3784 -132 21792 10838 -7250 -16625 END
START -4724 -80 22128 11326 -7570 -16173 END
START -5776 -96 22200 12085 -8146 -15807 END
START -7004 -400 21824 12509 -9763 -15358 END
START -7568 -132 22188 13557 -11507 -14368 END
START -7528 -352 21972 14450 -10880 -13350 END
START -8044 -220 21768 14523 -8955 -12050 END
START -8704 -32 21200 14945 -7303 -10317 END
START -9288 -40 20100 15727 -6330 -8626 END
START -9676 4 18720 16027 -6487 -6927 END
START -9728 480 18152 15410 -7657 -5286 END
START -9104 996 18240 15363 -8740 -3660 END
START -7900 1640 17872 15734 -8517 -2450 END
START -7144 1876 17004 15546 -7278 -2162 END
START -7548 2180 16612 15315 -6180 -1704 END
START -7500 2320 15992 15321 -6214 -333 END
START -6492 2336 15300 15445 -6485 1236 END
START -5064 2716 13980 14837 -6600 2434 END
START -4432 3300 13312 14011 -6518 3048 END
START -3904 3480 12536 13477 -6219 3617 END
START -2980 3508 12408 12689 -5383 4091 END
START -2024 3516 12092 11740 -3175 4511 END
START -2052 3932 11436 10984 -545 4524 END
START -3664 4236 9960 11226 733 3817 END
START -5732 4512 7576 11417 -782 3367 END
START -6128 4292 6036 10376 -3964 3863 END
START -5216 3912 6068 8781 -5248 5386 END
START -3420 3544 6616 7140 -3299 7107 END
START -2472 3084 6612 5603 -526 8263 END
START -2100 2440 6356 3864 937 9214 END
START -2104 2136 6296 2264 1362 10317 END
START -1888 1740 6384 1054 515 11770 END
START -1264 1508 6724 -30 -1142 13318 END
START 220 1476 7240 -881 -2456 15129 END
START 2028 1636 7468 -2097 -2808 16341 END
START 3784 1944 7936 -3410 -1842 16778 END
START 4580 2516 8152 -4435 -301 16274 END
START 4636 2636 7592 -5331 37 15604 END
START 4344 2776 6780 -6106 -930 14949 END
START 4352 2604 6860 -6925 -2351 14423 END
START 4868 2448 7032 -7817 -3414 14399 END
START 5536 2008 7760 -8763 -4130 14880 END
START 6568 1656 8256 -9519 -4250 15077 END
START 7364 1644 8628 -10357 -3530 14709 END
START 7336 1652 8304 -11370 -2602 13739 END
START 7024 1280 8476 -12201 -2395 12529 END
START 6996 920 8616 -12654 -3307 11872 END
START 8028 716 9240 -12766 -4306 11331 END
START 8940 468 9600 -12875 -4669 10519 END
START 9736 692 10136 -12855 -4951 9647 END
START 10372 440 10364 -13164 -5343 8217 END
START 10980 284 10796 -13757 -6964 6774 END
START 12328 60 11752 -14536 -8308 6369 END
START 14444 -624 14196 -15610 -7736 6074 END
START 16128 -828 15848 -16698 -4188 5402 END
START 16340 -1320 16984 -17989 318 4353 END
START 15864 -1576 18956 -18799 2978 3137 END
START 15328 -2024 20776 -18542 3710 1997 END
START 15636 -2044 22120 -17645 3104 801 END
START 16024 -2132 22936 -17360 2706 -809 END
START 16004 -2352 24616 -16768 3008 -2817 END
START 15660 -2156 25944 -15121 2806 -5051 END
START 15380 -2012 26520 -13187 1969 -7433 END
START 15452 -1680 26844 -11456 1419 -9642 END
START 14880 -1116 26896 -9983 1823 -11686 END
START 13900 -780 26660 -8604 2223 -13625 END
START 12480 -848 25912 -7237 2050 -15316 END
START 10684 -676 25256 -5777 1381 -16537 END
START 8732 -576 24008 -4544 757 -17363 END
START 6540 -424 22756 -3734 318 -17783 END
START 4424 -408 21720 -3345 426 -17762 END
START 2408 -668 20876 -3358 1648 -17373 END
START 228 -1044 20448 -3413 3654 -16560 END