START 9400 2252 15644 8306 -6787 -10724 END
START 908 5132 28936 8488 -7310 -11233 END
START 8260 2368 11568 8701 -8444 -11666 END
START 6072 2788 12660 8083 -7461 -11262 END
START 6392 2676 11316 6582 -5690 -10338 END
START 6468 2596 10444 4898 -3387 -9914 END
START 6072 1996 9896 3725 -2838 -10101 END
START 5684 1824 9636 3415 -4640 -10592 END
START 5192 1996 9256 3439 -6480 -11245 END
START 4868 2084 8904 3128 -7096 -11818 END
START 4280 2020 8868 2128 -6915 -11732 END
START 3752 2020 8904 1166 -5892 -10965 END
START 3756 1988 8452 -51 -4376 -9405 END
START 3288 2284 8152 -1583 -3493 -8364 END
START 3000 2224 8136 -2324 -3680 -7551 END
START 2792 2428 7656 -2598 -4869 -7004 END
START 2832 2984 7960 -2977 -5644 -7005 END
START 2616 3468 7956 -3349 -5482 -7208 END
START 2156 3820 8132 -4175 -5404 -7160 END
START 2056 3636 8276 -5138 -5364 -6731 END
START 1884 3400 8824 -5880 -5573 -6123 END
START 1720 3640 9200 -6489 -5691 -5543 END
START 1368 3532 9588 -7439 -5162 -5231 END
START 748 3500 9976 -8213 -4459 -5153 END
START -32 3460 9640 -9037 -4703 -5344 END
START -760 3420 9976 -9636 -5826 -5613 END
START -988 2904 10232 -9980 -6216 -5428 END
START -1040 2176 10272 -11187 -5436 -4487 END
START -1280 1364 10948 -12967 -3749 -3028 END
START -1936 1344 12336 -14310 -2217 -1246 END
START -2260 1248 13988 -14741 -1034 48 END
START -2532 1196 14864 -14515 -489 464 END
START -2236 604 15080 -14129 -827 204 END
START -2104 16 15804 -14035 -1360 67 END
START -2048 -708 16692 -14156 -998 360 END
START -2904 -900 18260 -14549 -300 1343 END
START -3476 -1216 19236 -14407 671 3051 END
START -3820 -1120 19684 -14301 1890 4543 END
START -3908 -1368 19460 -14118 2736 5383 END
START -4152 -1836 19608 -13638 2452 5702 END
START -4200 -2540 19724 -13087 2280 6178 END
START -4468 -2340 20592 -12865 2605 7040 END
START -4584 -2328 21764 -12737 3392 8539 END
START -4816 -2140 22240 -12555 4243 10488 END
START -4584 -2068 22444 -12255 4947 12442 END
START -3776 -2220 22704 -11991 5369 13664 END
START -2468 -2408 23552 -11347 5620 14130 END
START -1336 -1776 24996 -10345 6729 14205 END
START -720 -1332 26192 -9274 8618 13565 END
START -752 -1204 26804 -7690 10331 12944 END
START -1152 -1476 26376 -6115 11242 12677 END
START -1452 -2240 25932 -5091 11306 12937 END
START -1572 -2588 26304 -4231 10329 13664 END
START -620 -3432 27396 -3413 9517 14873 END
START 848 -3492 28580 -2442 10444 15643 END
START 1732 -2668 28848 -1242 13113 15673 END
START 1844 -2816 28892 -315 15246 14759 END
START 1468 -3000 28820 1108 15375 13383 END
START 1148 -3528 28552 3338 13118 12377 END
START 1872 -3436 27636 5341 10653 11486 END
START 2808 -3304 26784 6581 9716 10337 END
START 3720 -2944 26536 7308 9739 8761 END
START 4220 -3072 26176 8225 10251 6523 END
START 4100 -3076 25216 9423 10216 4250 END
START 3740 -3716 24176 10451 8978 2760 END
START 4156 -3528 23280 10942 7290 1414 END
START 4868 -3104 22284 11362 6802 -227 END
START 4888 -2968 21588 11554 6447 -2091 END
START 4796 -2896 20660 12075 5173 -4018 END
START 4680 -2724 19832 12542 3823 -6075 END
START 4684 -2624 19028 12877 3304 -7644 END
START 4288 -2612 18524 12579 3256 -9086 END
START 3676 -2896 18152 12375 2835 -10146 END
START 3176 -2860 17676 12111 2246 -10978 END
START 2600 -2640 17384 11470 1510 -11669 END
START 1744 -2428 17544 10777 719 -12383 END
START 940 -2012 17340 10562 -180 -12781 END
START 512 -1848 16896 10132 -1344 -13506 END
START -68 -1368 17148 9633 -2833 -14175 END
START -688 -888 17304 9353 -3939 -14642 END
START -1848 -732 17512 9118 -5068 -15065 END
START -2904 -704 17520 9190 -6655 -15092 END
START -3428 -508 17912 8900 -8555 -15003 END
START -3580 -232 19476 8692 -8730 -15246 END
START -4068 20 20184 8526 -6955 -14975 END
START -5464 -64 20232 8326 -5673 -14440 END
START -6824 96 20244 8246 -6604 -13716 END
START -7536 512 20632 8865 -8949 -13070 END
START -7008 436 21328 9791 -10992 -12648 END
START -5912 208 21784 10104 -10774 -12554 END
START -6280 128 22200 10067 -8799 -12458 END
START -7380 -112 21992 10570 -7312 -11710 END
START -8516 -116 21292 11274 -6888 -10467 END
START -8976 -296 20152 11707 -7195 -9318 END
START -9084 -676 19412 11815 -7545 -8363 END
START -8928 -656 19524 11753 -7817 -7095 END
START -8632 -488 19288 12255 -6792 -6058 END
START -8548 -664 18312 12572 -5436 -5365 END
START -9132 -536 17364 13018 -5129 -4713 END
START -9280 -480 16536 13940 -5956 -3635 END
START -8508 -28 16396 14163 -6516 -2033 END
START -6696 4 16104 13763 -5694 -593 END
START -5216 12 16048 13120 -4660 673 END
START -3900 84 15472 12718 -3543 1295 END
START -3676 1424 14900 12849 -1968 804 END
START -4800 1924 13628 13694 -1146 205 END
START -5760 2520 12512 14250 -1549 624 END
START -5904 2884 11508 14249 -1724 1760 END
START -5224 3140 10668 13571 -1070 3129 END
START -4880 3444 9944 11969 498 4172 END
START -4984 3240 9508 10622 972 5007 END
START -4844 3576 9300 9500 -123 5874 END
START -4364 3932 9300 8655 -1826 6593 END
START -3756 4156 9336 8201 -2856 7304 END
START -2952 4040 9236 7729 -3163 8291 END
START -2492 4108 8464 7008 -2988 9058 END
START -2460 4344 7588 6059 -2632 9239 END
START -2504 4316 7288 5074 -3002 9724 END
START -2100 4104 7084 4268 -3370 10673 END
START -1432 3852 6788 3285 -3566 11677 END
START -604 3732 6280 2091 -4161 12976 END
START 664 3880 6264 471 -4126 13909 END
START 1992 4188 6448 -884 -3709 14541 END
START 2460 3860 6732 -1720 -3506 14892 END
START 3312 3908 6544 -2240 -3824 14968 END
START 4148 3760 5724 -3025 -4595 14462 END
START 4692 3560 5452 -3997 -5310 13984 END
START 5148 3344 5624 -4972 -6107 13729 END
START 5920 2752 5320 -5974 -6946 13913 END
START 6584 2748 5564 -7413 -7826 13958 END
START 7308 2704 6064 -8627 -7739 14072 END
START 7792 2716 6720 -9581 -6716 14024 END
START 8376 2468 7116 -10342 -5566 13969 END
START 8400 2176 7108 -11267 -4743 13469 END
START 8572 1724 7144 -12514 -4756 12742 END
START 9204 1224 8272 -13564 -5484 11942 END
START 9868 348 9216 -13840 -5604 11272 END
START 10276 -428 9952 -14336 -5359 10613 END
START 10928 -680 11044 -14950 -5290 10140 END
START 11924 -508 11948 -15532 -5412 10011 END
START 13556 -288 12812 -16388 -5284 9700 END
START 14700 -444 13672 -17236 -4418 8891 END
START 15676 -824 14632 -17867 -3758 7985 END
START 16772 -1100 15664 -18371 -3068 6520 END
START 17784 -1260 17092 -18819 -2061 4447 END
START 17892 -1212 18624 -18744 -992 2364 END
START 18012 -1348 19496 -18172 -70 424 END
START 17848 -1288 19528 -17959 830 -1532 END
START 17732 -1640 20336 -17809 1357 -3527 END
START 17536 -1588 21116 -17336 1695 -5649 END
START 17300 -1788 21968 -16794 2468 -8246 END
START 16140 -1980 22272 -16045 3162 -10760 END
START 14640 -2080 22556 -14913 3426 -13028 END
START 12784 -2284 22920 -13801 4136 -15037 END
START 10644 -2556 23268 -12782 5548 -16923 END
START 8020 -3060 23384 -11814 7170 -18647 END
START 5076 -3868 23844 -10547 8472 -19886 END
START 2244 -4352 23780 -8924 9243 -20708 END