START 7104 588 17312 5174 -4213 1733 END
START 12612 -500 10900 4495 -4352 1106 END
START 12200 -396 11464 3396 -3370 -621 END
START 10848 -76 13016 2646 -3937 -3439 END
START 9984 80 13640 2964 -5352 -5888 END
START 9560 -200 13424 4005 -7383 -7333 END
START 9156 16 12944 5186 -8858 -7810 END
START 9104 472 11976 5544 -8615 -7916 END
START 8808 848 10788 4942 -7267 -8260 END
START 8340 892 10016 3801 -6237 -8737 END
START 7868 1172 9592 3294 -5772 -9174 END
START 7572 1384 9052 2884 -5283 -9892 END
START 6800 2008 8600 2099 -4862 -10908 END
START 5664 1928 7624 1124 -4705 -11713 END
START 4740 1560 7008 57 -5207 -11589 END
START 3868 1744 6684 -809 -5865 -10960 END
START 3480 2092 6544 -2150 -6387 -9969 END
START 3028 2984 6852 -3647 -5965 -8901 END
START 2728 3644 7308 -4633 -4875 -8074 END
START 2520 4032 6636 -5472 -3365 -7710 END
START 2264 3940 6052 -7174 -2226 -7710 END
START 2044 3756 6004 -9286 -2356 -7772 END
START 2000 3712 7380 -11026 -4009 -7768 END
START 2012 4052 9540 -11293 -6366 -7554 END
START 2192 4352 11200 -10394 -7326 -7496 END
START 1948 3972 11668 -10460 -6357 -7476 END
START 1244 3816 12116 -11336 -4608 -6744 END
START 532 3576 12396 -12226 -3693 -5527 END
START 196 3352 12948 -12291 -4068 -4293 END
START 0 3712 12960 -11964 -5540 -3157 END
START 620 3764 12728 -11885 -7270 -2486 END
START 1172 4004 13200 -11998 -8489 -2150 END
START 1976 3936 13860 -11723 -8658 -1875 END
START 2716 3368 14072 -11658 -7664 -1820 END
START 2956 2568 14108 -11830 -6032 -1886 END
START 2236 1912 13684 -11869 -5254 -1405 END
START 1364 1452 13528 -11906 -5670 -365 END
START 916 1488 13836 -12098 -6366 812 END
START 732 1688 14236 -12414 -5926 2052 END
START 736 1240 14060 -12924 -4699 3237 END
START 816 612 14412 -13368 -3748 4521 END
START 1272 -220 14692 -13750 -2908 5716 END
START 1200 -268 15364 -14207 -1653 6418 END
START 408 -224 16088 -14010 -418 6914 END
START -564 180 16468 -13738 347 7907 END
START -1180 388 16500 -13720 772 9173 END
START -1296 -92 16576 -14233 943 10273 END
START -1036 -900 17164 -14775 427 11164 END
START -656 -1868 18240 -14651 -89 11816 END
START -284 -2456 19812 -14255 -318 12602 END
START 212 -2648 21620 -13272 75 13940 END
START 836 -2228 22684 -12181 1547 15207 END
START 1388 -1656 22828 -11481 4471 16186 END
START 1428 -2028 22760 -11221 6909 16790 END
START 1648 -2832 23388 -11128 7576 17564 END
START 2604 -3672 24692 -10129 6990 18228 END
START 4116 -4044 26696 -8470 6968 18601 END
START 5512 -3428 27956 -6705 8506 18560 END
START 5784 -2864 28736 -4746 11000 18121 END
START 5436 -2520 29152 -2422 13561 17553 END
START 5564 -3192 28884 -55 15009 17136 END
START 6304 -4248 27868 1001 14786 16976 END
START 7396 -4568 27896 1024 13231 16300 END
START 8452 -4296 28336 2204 11982 14655 END
START 8864 -3944 28396 4052 11458 12179 END
START 8696 -3576 27880 6107 11654 9431 END
START 8156 -3888 26920 7905 11728 7359 END
START 8224 -4044 26408 9362 11532 6158 END
START 8976 -3944 24832 10437 11777 5128 END
START 9532 -3900 23152 9689 11833 3434 END
START 9388 -4140 22348 8727 10782 885 END
START 9060 -4236 21716 9023 9444 -1915 END
START 8644 -5408 20432 9448 8163 -4185 END
START 7748 -4936 20036 9740 6756 -6034 END
START 7768 -4992 19432 10206 6098 -7406 END
START 7908 -4812 18068 9599 6067 -8832 END
START 7664 -5012 17624 8165 5620 -10387 END
START 7388 -5232 17556 7696 4544 -11629 END
START 6940 -5608 17880 7946 2786 -12545 END
START 6624 -5660 17812 8787 1277 -13005 END
START 6512 -5496 17364 8982 853 -13320 END
START 6468 -4972 16872 8563 1388 -13666 END
START 5872 -4912 16880 7900 1884 -13959 END
START 5308 -4692 17336 7545 1094 -13907 END
START 5016 -4520 17600 7644 189 -13869 END
START 4612 -4064 17984 7295 -96 -13974 END
START 4096 -3424 18396 6877 -120 -14179 END
START 3028 -2684 18952 7192 -187 -14670 END
START 2260 -2372 19608 7916 -778 -15348 END
START 1604 -1944 19992 8388 -1253 -15910 END
START 612 -1736 20564 8693 -1881 -16456 END
START -716 -1300 20864 8871 -3368 -16745 END
START -2048 -1292 21304 9507 -4710 -17266 END
START -3584 -1100 21788 10292 -5471 -17340 END
START -4844 -1432 22328 10783 -5189 -16406 END
START -5784 -1596 22688 11350 -4135 -14366 END
START -6092 -1420 22108 11275 -2523 -12314 END
START -6812 -1020 21808 11085 -1616 -10857 END
START -7904 -924 21408 11705 -3107 -9839 END
START -8196 -800 21388 12690 -5463 -8752 END
START -7836 -556 21088 13785 -6433 -7665 END
START -7524 -144 21148 14495 -5807 -6492 END
START -7284 444 20844 15417 -4264 -5192 END
START -7112 792 19644 16302 -2920 -3945 END
START -7404 1184 17728 16405 -2697 -2910 END
START -7772 1728 16060 16109 -3863 -2405 END
START -7704 1916 15344 15206 -6008 -1433 END
START -6144 2116 15736 14515 -6261 -145 END
START -4520 2224 16180 14153 -4112 785 END
START -4136 2448 15972 14202 -2270 1349 END
START -4128 2408 14920 14817 -2029 1767 END
START -4124 2448 13148 15572 -2672 1993 END
START -4356 2248 10688 14727 -3730 2259 END
START -4340 2040 9052 12373 -4974 3132 END
START -4048 2184 8604 9899 -4921 4483 END
START -3872 1972 8696 8213 -3473 6437 END
START -3464 1952 8488 7242 -2362 8359 END
START -2912 2140 7920 6542 -2009 9638 END
START -2396 2296 7156 6278 -2463 10160 END
START -1912 2192 6016 6052 -4165 10491 END
START -1376 1880 5504 5428 -6206 10942 END
START -200 1820 5388 4275 -7356 11783 END
START 612 1996 5328 2807 -6654 12865 END
START 1024 1804 5252 1499 -5321 13569 END
START 532 1916 4776 364 -4625 14069 END
START -172 1444 4200 -521 -4954 14614 END
START 480 988 3732 -1569 -6289 16042 END
START 2684 416 4116 -3587 -7447 18028 END
START 5440 568 4864 -5992 -6885 19809 END
START 7768 656 5736 -8094 -5786 20483 END
START 8764 1056 6580 -9330 -5169 19976 END
START 8984 952 7016 -9410 -5682 18676 END
START 9372 860 7008 -8796 -7148 17340 END
START 10236 444 7132 -8695 -9097 16712 END
START 11796 176 7240 -9760 -10160 16908 END
START 13004 132 7944 -11598 -9823 17190 END
START 14000 260 8880 -13053 -8412 16661 END
START 14488 268 9612 -13666 -6491 15170 END
START 14104 -40 10148 -13642 -5209 13226 END
START 13576 -996 10104 -13927 -5276 12131 END
START 14064 -1712 10440 -14690 -6590 12099 END
START 15312 -2016 11080 -15737 -7209 11885 END
START 16740 -2556 12140 -16819 -6423 10848 END
START 17480 -2852 13340 -17354 -5315 9050 END
START 17612 -3092 14004 -17235 -4491 7208 END
START 17500 -3396 14552 -17336 -4384 5792 END
START 17724 -3776 15260 -17501 -4404 5151 END
START 18532 -3824 15648 -17875 -3722 4860 END
START 19644 -3696 16624 -18516 -2627 3568 END
START 20788 -3672 18360 -18412 -1119 1270 END
START 21104 -3660 19620 -17298 150 -1518 END
START 21048 -3652 19836 -16095 746 -4455 END
START 20272 -4044 19848 -15480 1388 -7283 END
START 18904 -4028 20288 -14765 1719 -9714 END
START 17452 -4304 20452 -13703 1579 -11491 END
START 15928 -4336 20288 -12746 1711 -12715 END
START 14404 -4636 20136 -12321 2362 -13652 END
START 12548 -4760 20208 -11500 2775 -14526 END
START 10464 -5040 20268 -10127 2358 -15435 END
START 8828 -5320 20416 -8430 1570 -16227 END
START 7148 -5420 20408 -6812 1349 -16899 END