START 6720 1208 12324 2434 -11475 -4624 END
START 8532 752 10344 2522 -11539 -4530 END
START 8552 1060 11160 2639 -11160 -4522 END
START 9260 1536 11388 2524 -9057 -5186 END
START 9156 1784 10952 2126 -6617 -5947 END
START 8964 1836 10444 1769 -5760 -6722 END
START 8636 1660 9700 1226 -6731 -7084 END
START 8416 1872 8872 584 -8245 -7244 END
START 8340 2076 8076 -341 -9303 -7459 END
START 7808 2480 7944 -1713 -9587 -7718 END
START 7220 2984 8224 -2692 -8874 -7544 END
START 7104 3368 8120 -3187 -7263 -7607 END
START 6664 3516 8040 -3794 -5695 -7930 END
START 5924 3252 7572 -4508 -4985 -7849 END
START 5180 3052 7284 -5205 -5427 -7122 END
START 4760 2848 7024 -6373 -6013 -6162 END
START 4228 2828 7204 -7857 -5792 -5086 END
START 3816 2952 7920 -9013 -5316 -4105 END
START 3212 2768 8832 -9396 -5068 -3427 END
START 3352 2364 9104 -9441 -5091 -3068 END
START 3664 1840 9408 -9792 -5129 -2989 END
START 3608 1496 9556 -10681 -5054 -2851 END
START 2968 1572 10500 -11505 -4790 -2657 END
START 2108 1848 10960 -11401 -4486 -2333 END
START 1448 2048 10648 -11600 -4794 -2173 END
START 1048 2076 10812 -12163 -5367 -1998 END
START 960 1536 11328 -12519 -6320 -1212 END
START 1624 1080 11716 -12887 -6339 -7 END
START 1728 1092 12620 -13769 -4756 1230 END
START 1288 1408 13484 -14871 -2472 2267 END
START 536 1496 13944 -15301 -1058 3009 END
START -592 1912 14108 -15248 -593 3520 END
START -1580 1496 13696 -15218 -1199 3933 END
START -2068 636 14160 -15622 -2956 4931 END
START -1472 -60 15884 -16166 -4317 7053 END
START -404 120 17500 -16573 -4004 9531 END
START 668 512 18944 -16891 -1634 11431 END
START 916 824 19612 -17041 1224 12368 END
START 512 1008 20112 -16653 3146 12217 END
START 28 712 20180 -15989 4024 11686 END
START -88 -624 20820 -15485 3641 11694 END
START -116 -1540 21964 -14636 2580 12842 END
START 672 -1864 23280 -13699 2873 14522 END
START 1036 -1552 24332 -13125 4704 15784 END
START 564 -1324 25096 -12192 6889 16363 END
START 596 -1740 25716 -10618 8002 16523 END
START 1412 -2940 26644 -8675 8254 17092 END
START 2868 -3280 27564 -7291 8579 18096 END
START 4340 -3080 28372 -5886 10091 18618 END
START 4780 -2244 28340 -4513 12120 18596 END
START 4852 -1732 28700 -3242 13310 17961 END
START 4980 -1852 29188 -1412 13371 16977 END
START 5988 -2504 30180 963 12298 16259 END
START 7612 -2564 30524 3268 12215 15285 END
START 8868 -2372 30532 5099 13119 13929 END
START 9436 -2116 29852 6769 14482 12161 END
START 9016 -2016 28756 8113 14779 10403 END
START 8728 -2164 27972 9368 13867 8718 END
START 8644 -2416 27408 10884 12217 7203 END
START 9452 -2764 26404 12241 10921 5656 END
START 10508 -2668 25376 12818 10496 4051 END
START 10824 -2764 24556 12746 10704 2259 END
START 10896 -2828 23560 13151 11136 215 END
START 10492 -2988 22092 13626 10744 -2035 END
START 10112 -3104 20648 13397 9188 -4425 END
START 9696 -3356 19964 13055 7019 -6524 END
START 9528 -3524 19764 12755 5329 -8091 END
START 9492 -3492 19452 12352 4567 -9258 END
START 9340 -3632 19360 11965 4462 -10326 END
START 9012 -3440 18724 11370 4083 -11203 END
START 8676 -3316 18184 10551 3082 -11912 END
START 8184 -3272 18160 9981 2114 -12733 END
START 7328 -3148 17856 9564 1059 -13516 END
START 6316 -3040 17720 9166 44 -14389 END
START 5456 -2828 17676 8908 -1018 -15089 END
START 4920 -2528 17556 8682 -1869 -15871 END
START 4072 -1944 17836 7998 -2523 -16936 END
START 2780 -1464 18032 7668 -3141 -17939 END
START 1764 -1184 18324 7557 -4500 -18843 END
START 364 -892 19040 7486 -6270 -19574 END
START -784 -412 19788 7931 -7685 -19780 END
START -1460 -28 19512 7949 -8157 -19838 END
START -2568 384 20192 7444 -8361 -19578 END
START -3572 724 20964 7318 -8046 -19112 END
START -5000 860 21524 7757 -7974 -18572 END
START -6144 1004 21964 8493 -8355 -18029 END
START -7216 928 21744 8861 -8777 -17008 END
START -7664 328 22268 8860 -9101 -15565 END
START -7616 264 23228 8901 -7456 -13462 END
START -7492 20 23300 9065 -5222 -11577 END
START -7952 -128 22928 9847 -4216 -10169 END
START -8400 112 22348 10979 -4268 -9268 END
START -8664 4 21756 12042 -4826 -8629 END
START -8884 -236 21084 13578 -5343 -7959 END
START -8580 -264 19800 14714 -5586 -6766 END
START -8660 208 18872 15175 -5158 -5470 END
START -8460 416 17168 15289 -4224 -3878 END
START -8196 480 15448 14369 -3717 -2446 END
START -8064 656 14492 13796 -3750 -741 END
START -7200 1136 14020 13596 -4461 754 END
START -5712 1756 13632 13520 -4404 1391 END
START -5156 1964 13020 13937 -3724 1625 END
START -5256 1992 11852 14557 -3110 2115 END
START -5632 2052 10216 15002 -2942 3102 END
START -5144 2164 8688 13941 -3556 4578 END
START -4084 2320 7780 12172 -3297 6173 END
START -3216 2112 7184 9802 -2922 7555 END
START -2636 2392 7588 8169 -2881 8500 END
START -1924 2876 8124 7551 -3128 9223 END
START -1072 3200 7920 7572 -3163 9400 END
START -888 3060 7268 7725 -3244 9634 END
START -792 2836 6724 7929 -3549 10211 END
START -436 2664 5948 7609 -3782 11558 END
START 800 2680 4432 5824 -4113 13212 END
START 1980 2664 4768 3235 -4829 14241 END
START 3172 2984 5632 1716 -4747 15086 END
START 3992 3268 5840 1180 -4644 15520 END
START 5036 3444 5676 628 -4851 15462 END
START 5684 3368 5388 -26 -5387 15185 END
START 6424 3204 5036 -760 -6647 15220 END
START 7168 3228 5244 -1388 -8120 15668 END
START 8484 3392 5540 -2377 -8416 16005 END
START 9396 3248 5584 -3611 -7598 16076 END
START 9736 3376 5720 -4830 -6659 15643 END
START 9688 3112 5704 -5639 -5937 15135 END
START 9532 2616 5592 -6452 -6160 14910 END
START 9984 2320 5840 -7647 -7506 15017 END
START 10952 2272 6556 -8382 -8548 15022 END
START 11884 2112 6896 -9219 -8491 14955 END
START 12268 1908 7336 -10384 -7335 14471 END
START 12068 1504 8028 -11384 -5937 13947 END
START 12100 1040 8412 -12073 -5537 13812 END
START 12888 508 8696 -13036 -6192 14097 END
START 14024 260 9536 -14304 -6708 14194 END
START 15136 -120 10484 -15231 -6409 13605 END
START 16052 -280 11212 -15613 -5944 12776 END
START 16828 -304 11568 -16080 -5678 11487 END
START 17444 -800 12568 -16554 -5661 10301 END
START 18508 -1044 13360 -16687 -5614 9260 END
START 20056 -1460 14148 -17143 -5525 8143 END
START 21072 -1628 14944 -17309 -5118 6482 END
START 21812 -2280 15400 -17184 -4868 4403 END
START 22392 -2860 16004 -16794 -4914 2258 END
START 22952 -3164 16748 -16207 -5460 341 END
START 23880 -3500 17340 -15528 -6558 -1060 END
START 24972 -3480 18092 -14750 -7274 -2511 END
START 25112 -3068 18368 -14304 -6995 -4192 END
START 23888 -2432 18208 -14739 -5698 -5890 END
START 21708 -2048 18996 -15085 -3374 -7868 END
START 18840 -2092 19696 -14858 520 -10352 END
START 14656 -2456 20588 -14779 5591 -12256 END