START 1844 5092 7288 -9442 -2382 2292 END
START 3920 4524 9916 -9494 -2276 2318 END
START -1920 5736 12212 -10136 -2588 2220 END
START 2084 4204 5428 -11443 -4199 2199 END
START 1308 4308 7136 -12793 -5617 2464 END
START 1888 3828 7272 -14226 -6288 2526 END
START 2184 3928 8020 -15287 -6162 2622 END
START 1704 3672 8740 -16045 -5331 2478 END
START 1732 2972 8812 -16514 -4578 2274 END
START 1360 2236 9184 -17160 -4933 2358 END
START 1864 1432 10308 -18129 -6331 2636 END
START 2572 1008 11816 -18855 -7270 2823 END
START 3036 1036 13172 -19406 -7023 2787 END
START 2924 1124 13788 -19697 -5634 2672 END
START 2548 868 14312 -19752 -3858 2288 END
START 1956 260 14792 -20103 -3838 1999 END
START 2432 -664 15584 -20613 -5207 2042 END
START 3248 -764 17124 -21229 -6880 2149 END
START 4112 -764 19104 -21928 -7550 1570 END
START 4752 -616 20892 -21870 -7115 778 END
START 5092 -968 22884 -21066 -6463 -44 END
START 5520 -1440 24624 -19886 -6218 -587 END
START 5796 -1732 26000 -18232 -6254 -705 END
START 6676 -1604 27292 -16680 -5913 -973 END
START 7336 -1556 28392 -15764 -5232 -1864 END
START 7724 -2112 30084 -14895 -5046 -3257 END
START 7860 -1996 32208 -12744 -4902 -4688 END
START 7956 -2352 32767 -9503 -4401 -6368 END
START 7808 -2532 32767 -6093 -4053 -7878 END
START 7572 -2732 32767 -2746 -3110 -9117 END
START 7100 -2584 32767 506 -1316 -10163 END
START 6240 -2540 32767 3052 542 -11195 END
START 5012 -2744 32767 5303 1868 -12219 END
START 4204 -3144 32240 7864 2271 -13002 END
START 3156 -3368 31092 10838 2096 -13812 END
START 2416 -3308 29948 14023 1702 -14306 END
START 1572 -3052 28280 16796 1751 -14496 END
START 1292 -3012 26600 18994 2453 -14262 END
START 972 -2580 24848 20453 3836 -13526 END
START 588 -2460 23412 21129 5355 -12753 END
START 604 -2392 22436 21610 6380 -12053 END
START 636 -1884 21584 22714 6939 -11561 END
START 732 -1208 20808 24389 7361 -11346 END
START 536 -440 19204 25915 7583 -11343 END
START 512 24 17848 26754 7481 -11322 END
START 376 552 16308 27164 7443 -10965 END
START 368 864 15324 26988 7072 -10104 END
START 1128 1564 14436 26464 6875 -9259 END
START 1632 2560 14008 25862 7467 -9413 END
START 1780 3312 12652 25275 8855 -10444 END
START 1148 3508 11204 24283 10078 -11523 END
START 488 3964 10016 22730 9973 -11663 END
START 76 4172 9324 21425 8880 -11060 END
START -100 4548 8836 20490 7521 -10455 END
START 88 5440 8064 19902 6342 -10086 END
START -252 5796 7288 19468 5564 -10354 END
START -584 6216 6504 18859 4639 -10669 END
START -1324 6244 5360 17760 4158 -10819 END
START -1476 6400 4104 15765 4510 -10249 END
START -2112 6120 3540 13134 4792 -8922 END
START -2440 6364 3012 10363 4979 -7235 END
START -2884 6248 2628 7794 4893 -5790 END
START -3740 6188 1872 5287 4171 -4510 END
START -4056 6160 1164 2697 3415 -3513 END
START -4448 5812 1092 64 2751 -2642 END
START -5036 5416 696 -1863 1912 -1637 END
START -5524 5196 188 -3726 447 -182 END
START -5756 4804 -128 -6153 -1598 1351 END
START -5780 4392 -152 -9222 -3545 2821 END
START -5984 3824 300 -12474 -5126 4298 END
START -6136 3216 984 -15069 -6430 5837 END
START -6244 2452 1684 -16847 -7267 7288 END
START -6144 1308 2156 -18243 -7398 8803 END
START -6168 -32 2696 -19629 -7532 10478 END
START -6172 -1300 3168 -21466 -8355 12566 END
START -6120 -2280 3836 -24340 -9852 15456 END
START -5516 -3424 5160 -27613 -10892 18691 END
START -4348 -4176 6384 -30749 -10712 21988 END
START -3168 -5092 7956 -32768 -8619 24022 END
START -2112 -4972 9084 -32768 -5445 23817 END
START -2112 -5296 9720 -32768 -3949 22988 END
START -2024 -6224 10536 -32768 -6120 23255 END
START -172 -7420 12044 -32768 -7937 24780 END
START 1420 -8116 13928 -32768 -5673 27083 END
START 2368 -8072 15332 -32768 1347 29107 END
START 2888 -8836 17676 -32768 8197 29696 END
START 3244 -9936 21024 -32768 10877 28041 END
START 3992 -11524 25372 -32768 6670 25038 END
START 5352 -12176 29888 -32768 -91 21660 END
START 7712 -12224 32767 -29694 -3871 18875 END
START 11568 -12192 32767 -25410 -2649 16879 END
START 11732 -11804 32767 -21447 633 14923 END
START 12272 -10456 32767 -15677 4233 13298 END