START 504 2496 9616 -6146 7115 5112 END
START 2032 2860 13140 -5527 4164 5717 END
START -3532 4556 13008 -4964 1247 6104 END
START 1200 3900 6012 -3267 -4993 6045 END
START 2008 5064 5328 -4968 -6718 5417 END
START 2476 5020 5772 -7888 -4484 3978 END
START 1748 4396 6640 -10534 -2204 3581 END
START 1168 3328 7036 -11527 -903 4264 END
START 832 2528 7396 -11662 -932 5994 END
START 1644 2324 6892 -12094 -1176 6891 END
START 1732 1824 6532 -12903 -1599 7027 END
START 1256 3124 5060 -13813 -2313 6536 END
START 752 1092 6856 -14646 -3135 6348 END
START 960 860 7436 -15067 -4498 6792 END
START 1644 512 8604 -15572 -5883 7521 END
START 2984 612 9896 -16155 -6755 8080 END
START 4228 348 11080 -16605 -6749 8234 END
START 5244 644 11952 -16654 -6218 8028 END
START 5928 440 12984 -17014 -6163 7651 END
START 6820 304 14584 -17488 -6984 7230 END
START 8220 332 16232 -17779 -7543 6715 END
START 9008 196 17684 -17992 -6875 5827 END
START 9616 60 18924 -18126 -5814 5022 END
START 9796 224 20652 -18362 -5704 4389 END
START 10912 184 22444 -18486 -6209 3529 END
START 12084 -204 23912 -18489 -6598 2492 END
START 13080 -268 25700 -18462 -7031 1077 END
START 14048 -424 27712 -17402 -7238 -902 END
START 14752 -320 29712 -15760 -6673 -3543 END
START 14956 -652 31548 -13242 -5885 -6243 END
START 15180 -1444 32148 -10605 -4759 -8367 END
START 15100 -1800 32767 -8768 -4021 -10016 END
START 14388 -2076 32767 -6903 -3025 -11729 END
START 13216 -2460 32767 -4372 -1800 -13386 END
START 11816 -3036 32767 -1303 -1063 -15133 END
START 10016 -3688 32564 1661 -816 -16879 END
START 8844 -4188 31588 4054 -573 -18069 END
START 7596 -4440 30760 5951 -27 -18864 END
START 6664 -4600 30404 8112 715 -19434 END
START 5632 -4704 29488 10509 2156 -19773 END
START 4460 -4504 28628 13242 3156 -19690 END
START 3564 -3904 27532 16448 4358 -19055 END
START 3076 -3260 25732 18953 6072 -18141 END
START 2640 -2220 24300 20595 8807 -17141 END
START 2376 -1724 22908 22953 12142 -16051 END
START 2580 -1216 19432 23927 13415 -15268 END
START 2292 -248 17036 22771 11980 -15696 END
START 1292 252 16308 22292 8637 -16671 END
START 296 648 16324 23936 5798 -17069 END
START -208 1268 15308 26050 3948 -16967 END
START 32 1916 13748 26980 3838 -16262 END
START 152 2496 12316 26489 5988 -14976 END
START 80 2728 10676 24985 7876 -13087 END
START 244 3404 8680 22515 8124 -11201 END
START 100 3824 7216 18565 6455 -10264 END
START -268 4564 7444 15492 4365 -9504 END
START -688 4852 7676 14596 3175 -8757 END
START -352 5228 7552 14708 2673 -8085 END
START 100 5352 6984 14295 2208 -7495 END
START 996 5824 6304 13067 2439 -6907 END
START 872 5908 5548 11751 3117 -6248 END
START 604 5868 4288 10033 3066 -5177 END
START 24 6012 3572 7718 1984 -4182 END
START -572 5772 2896 5841 771 -2916 END
START -864 5652 2300 4048 -317 -1475 END
START -1008 5652 1528 1807 -1120 -354 END
START -1020 5900 1312 -541 -775 374 END
START -1448 5960 1216 -2396 104 830 END
START -2112 5832 1016 -3852 -89 1533 END
START -2392 5968 748 -5453 -1278 2330 END
START -2728 5872 936 -7377 -2932 3256 END
START -2592 6036 1464 -8776 -3828 4206 END
START -2460 5700 1680 -10164 -4159 5130 END
START -2440 5120 2156 -11562 -3717 6145 END
START -2624 4324 3368 -12779 -3034 6769 END
START -3404 3420 4404 -13400 -2809 7436 END
START -3972 2436 5500 -13637 -3486 8525 END
START -4504 1632 6140 -13839 -3949 10084 END
START -4740 948 6520 -14559 -4132 11919 END
START -5136 852 7468 -15744 -3754 13855 END
START -4720 172 8472 -17001 -3337 15806 END
START -3972 -600 9840 -18618 -2355 17879 END
START -3136 -1592 11156 -19696 -1364 19812 END
START -2188 -2276 11848 -20189 -546 21066 END
START -1892 -2356 12548 -20924 -244 21498 END
START -1460 -2688 13852 -21552 -129 21896 END
START -520 -3396 15248 -21827 64 22490 END
START 772 -4160 16412 -22473 522 23375 END
START 1984 -5024 17724 -22976 1690 24280 END
START 2664 -5504 18296 -23399 3275 24767 END
START 3176 -5912 19012 -23644 3784 24961 END
START 4284 -6244 20896 -23621 3530 25002 END
START 6108 -6336 23136 -23127 3434 24717 END
START 8192 -6676 25340 -22008 3946 23965 END
START 10372 -6732 27636 -20471 5186 22679 END
START 12352 -6976 30120 -18603 6521 21151 END
START 14328 -6664 32767 -16029 7685 19198 END
START 16044 -5920 32767 -12372 8627 16514 END
START 17120 -4880 32767 -8546 9233 12958 END