START 2316 2756 3240 -690 -2502 -751 END
START 7972 936 -6088 -1138 -3121 -504 END
START -136 2624 5280 -2224 -2587 -456 END
START -236 2384 4236 -3612 -2966 630 END
START 572 2076 3576 -4805 -3200 2591 END
START 1180 1792 2812 -6760 -3487 4297 END
START 1736 1972 3076 -9101 -3235 5563 END
START 1936 2044 3704 -10929 -2880 6490 END
START 1752 2332 4660 -12416 -2862 7320 END
START 2120 2412 5180 -13403 -3086 8200 END
START 2172 2608 5748 -14768 -4162 8844 END
START 3164 2356 6368 -16204 -5281 9395 END
START 3764 2108 7504 -17654 -5978 9869 END
START 4024 2116 8768 -18826 -6049 10275 END
START 4188 2320 9860 -19688 -5064 10905 END
START 4348 1992 11032 -19938 -4455 11183 END
START 4988 1768 11676 -20179 -5348 12026 END
START 6000 1484 13160 -20391 -6840 12323 END
START 7444 1288 13836 -20852 -7813 11987 END
START 8216 1140 15304 -21744 -8335 10974 END
START 8924 944 17248 -22636 -8724 10244 END
START 9908 728 19304 -22499 -8682 9695 END
START 10316 264 20872 -22087 -8535 9400 END
START 11108 276 22520 -21912 -8498 9514 END
START 12680 72 24048 -21189 -7935 9129 END
START 13924 252 25532 -20041 -7120 7335 END
START 14632 -88 27164 -18931 -7168 4679 END
START 14880 -332 28712 -16495 -7938 2234 END
START 15540 -792 29664 -13476 -9664 132 END
START 16672 -552 30380 -11324 -10407 -2456 END
START 17452 -592 31088 -9486 -9369 -5718 END
START 17052 -716 31992 -7878 -8058 -8426 END
START 17020 -968 32767 -4735 -6337 -10958 END
START 17056 -780 32767 -429 -3216 -13826 END
START 16276 -1588 32767 3322 -56 -16552 END
START 14792 -1924 32228 5988 1681 -18260 END
START 13284 -2596 31472 8760 3053 -19447 END
START 12376 -2532 31152 12508 4721 -20153 END
START 11724 -2660 30016 16490 7880 -20646 END
START 10752 -2460 27264 19150 10899 -21028 END
START 9928 -2372 24760 20782 12231 -21964 END
START 9160 -2076 22380 21811 11088 -23120 END
START 8104 -1768 21288 23019 8615 -24022 END
START 7828 -1016 19976 24759 7780 -24277 END
START 7100 -524 17828 25624 7959 -24543 END
START 6000 444 16360 25359 8165 -24879 END
START 4812 1320 14764 25681 9164 -25004 END
START 3492 1172 12336 25556 8338 -24391 END
START 2544 1884 10208 24357 5513 -22923 END
START 1744 2656 9264 22369 2581 -21789 END
START 1304 3468 9368 20979 2414 -20821 END
START 1336 4296 8608 19520 4854 -20005 END
START 764 4500 8036 17671 7414 -19142 END
START -124 4932 7600 15899 10051 -18082 END
START -1548 4860 6204 14422 10726 -16462 END
START -2884 5280 5388 12973 8199 -14237 END
START -3076 5860 4816 11727 5003 -12198 END
START -2636 6752 4620 10367 3072 -10722 END
START -2628 7300 4520 9054 1713 -9542 END
START -2280 7668 4724 8093 1278 -8659 END
START -1952 7812 3968 6858 1308 -7911 END
START -2716 7672 3436 5475 816 -7142 END
START -3220 7512 3116 4273 218 -5610 END
START -3532 7212 2412 2645 43 -3636 END
START -3528 7016 2500 587 237 -1751 END
START -3536 6844 2420 -1490 1209 -146 END
START -3800 6196 2492 -3105 1612 1302 END
START -4032 5968 2512 -4622 1453 2626 END
START -4168 5748 3020 -5838 1006 3703 END
START -4456 5532 3352 -6689 -175 4832 END
START -4488 5152 3732 -7418 -1175 6051 END
START -4704 4956 4244 -8341 -1516 7275 END
START -4972 4360 4384 -9309 -1571 8187 END
START -5864 3564 4500 -10175 -2438 9369 END
START -6416 2680 4884 -11178 -3843 11166 END
START -6236 1704 5368 -12230 -5769 13317 END
START -5588 592 6728 -12636 -6699 15255 END
START -4816 -692 7708 -12484 -7237 16593 END
START -4500 -928 8464 -12580 -8923 17835 END
START -3052 -492 9380 -13477 -10696 19483 END
START -1616 -128 10500 -14720 -10239 21209 END
START -580 -52 10760 -16514 -8140 23171 END
START -20 -816 10980 -18397 -5917 24702 END
START 1220 -1496 12208 -20180 -5449 26297 END
START 4004 -2216 15100 -21009 -5168 27771 END
START 6068 -2600 17432 -21098 -4475 28384 END
START 7476 -2692 18568 -20995 -2943 28255 END
START 7688 -2848 18732 -20833 -1051 27418 END
START 7312 -3552 18188 -21185 1464 26271 END
START 7896 -3880 20204 -22457 2790 27208 END
START 10328 -4336 23124 -23411 4881 29520 END
START 13256 -4152 25452 -24518 8946 30655 END
START 14120 -3852 26616 -25178 12736 29731 END
START 13640 -4076 28600 -24910 13303 28197 END