START 5908 5428 -132 4611 -10791 -1108 END
START -48 7332 12196 4284 -11893 -148 END
START 7820 5416 -6580 3312 -10903 1063 END
START 5188 7164 -3388 1438 -10550 3917 END
START 4328 7264 -1680 -1061 -7526 6029 END
START 5100 6804 -1884 -4052 -3780 7393 END
START 5300 5748 -1220 -6694 654 8652 END
START 4616 5396 -288 -7989 3672 10399 END
START 4540 4948 276 -8414 5210 12764 END
START 4660 4436 636 -8457 5284 14817 END
START 5104 4812 888 -8494 4016 16724 END
START 5948 4552 1316 -8681 2443 18191 END
START 6772 4644 2084 -8846 1488 19663 END
START 7688 4432 3132 -9016 1400 20631 END
START 8456 4304 4036 -9185 2003 20913 END
START 9040 3784 4848 -9428 3509 21309 END
START 9440 3168 5572 -9602 4420 21707 END
START 9720 3020 6136 -9410 4392 22518 END
START 10708 3344 6264 -9428 3703 23382 END
START 11772 3856 6980 -9326 3429 23649 END
START 13264 4120 8212 -9312 5166 22698 END
START 13712 3752 8492 -9429 8023 20639 END
START 13940 3440 7968 -10445 9298 19186 END
START 13868 3308 8232 -12127 8176 18596 END
START 14644 3920 9380 -12819 6146 18728 END
START 15688 4192 10544 -13291 5335 18580 END
START 17416 4084 12072 -14034 5462 18542 END
START 19432 4020 13640 -14424 6080 18534 END
START 21504 3644 15228 -14382 6822 17822 END
START 23364 3336 16592 -14082 7757 16362 END
START 24584 3500 17592 -13663 7831 14328 END
START 25476 4180 18784 -12971 6186 11879 END
START 26356 4584 19816 -11642 3914 8672 END
START 27212 4476 20640 -10206 1822 5162 END
START 27684 4600 21352 -8911 648 1564 END
START 27424 4356 21860 -7623 91 -1689 END
START 27012 4352 22044 -6163 46 -4594 END
START 26364 4280 22236 -4692 768 -7419 END
START 25376 3860 22180 -3138 1621 -10270 END
START 24336 3560 22336 -1399 2364 -13179 END
START 23108 3152 22552 537 3479 -16197 END
START 21640 2232 22364 2529 4739 -18781 END
START 19836 1784 21732 4220 5922 -20714 END
START 17964 1932 21212 5632 7460 -22183 END
START 16584 1820 21068 7329 9644 -23770 END
START 15400 2020 20672 9687 12473 -25663 END
START 13900 1492 19124 12068 14698 -27455 END
START 12224 1632 17040 13718 15653 -28266 END
START 10400 1644 15236 13886 14352 -28259 END
START 9432 1956 14296 13682 11963 -28543 END
START 9024 3068 14124 14586 10488 -29470 END
START 8516 3924 13520 15764 9709 -30991 END
START 7956 4176 12336 16413 9528 -32248 END
START 6960 4952 10844 16461 9611 -32240 END
START 4384 3656 9464 16166 9628 -30805 END
START 3012 4576 7868 15539 9178 -28082 END
START 1832 5504 7196 14228 9024 -25277 END
START 1780 6240 6064 11917 8946 -23139 END
START 996 6864 6000 9686 9435 -21716 END
START 248 7048 6296 8618 9341 -20642 END
START -672 6416 6204 8369 8548 -19346 END
START -2132 6572 5584 8519 6287 -17194 END
START -2540 6872 5140 8350 4131 -14226 END
START -2552 7140 4412 6802 3217 -11677 END
START -3188 7084 3448 4177 3012 -9228 END
START -3820 6664 3136 1543 3066 -6127 END
START -4080 6620 3372 -870 3739 -3009 END
START -4408 5972 3444 -3090 4917 -785 END
START -5004 5340 3280 -4681 5215 1120 END
START -5644 4824 3592 -5935 4658 3085 END
START -6224 3836 3784 -7046 3297 5370 END
START -7112 3556 3800 -7941 766 8240 END
START -7144 2892 4124 -8710 -1940 11214 END
START -7416 2532 4400 -9820 -4482 14664 END
START -7284 1640 4760 -11142 -6115 18850 END
START -6916 1020 5632 -12722 -6513 23642 END
START -5144 304 6368 -14391 -4771 27799 END
START -3536 -216 7180 -16382 -2073 31082 END
START -2420 -680 7932 -18268 -268 32767 END
START -1436 -1480 8456 -19176 -46 32767 END
START -772 -2100 8944 -19709 -601 32767 END
START -744 -3124 9048 -20369 -1683 32767 END
START -748 -4320 9596 -20886 -3369 32767 END
START 492 -5276 10708 -21095 -4589 32767 END
START 2548 -6536 11556 -21440 -4035 32767 END
START 5908 -7196 12892 -22561 -1519 32767 END
START 9820 -7148 15696 -23623 3112 32767 END
START 13540 -6092 18188 -23490 8798 32767 END
START 16632 -6424 20988 -22363 12565 32767 END