START 3044 3536 1900 -9214 -1198 282 END
START 3416 3660 7864 -9222 -1657 544 END
START -1580 4868 7056 -9514 -2019 667 END
START 1356 3504 2228 -10111 -4120 1670 END
START 2264 2952 2556 -11261 -6620 3232 END
START 2652 3288 3604 -12411 -7564 4751 END
START 3148 3016 4972 -13710 -6428 5767 END
START 3032 2904 5996 -14681 -4741 6315 END
START 2768 2620 6732 -15106 -3594 6623 END
START 3200 2420 7564 -15824 -3675 6570 END
START 3672 2276 8088 -17035 -4413 6569 END
START 4464 2060 9580 -18689 -5586 6410 END
START 4444 1860 11308 -19675 -6043 6345 END
START 4932 1444 12876 -19755 -5580 6021 END
START 4976 1124 14268 -19743 -4649 5909 END
START 5224 720 15552 -19881 -3971 6261 END
START 5748 628 17000 -19957 -3185 6609 END
START 6264 192 18308 -19825 -2469 6767 END
START 6824 112 19800 -19569 -2064 6575 END
START 7112 28 21288 -19038 -2319 5974 END
START 7856 -100 23228 -18322 -3319 5231 END
START 8844 172 25452 -17247 -4879 4238 END
START 10324 108 28304 -15700 -6510 3205 END
START 12060 -404 31436 -13447 -7758 1924 END
START 13676 -152 32767 -9859 -7998 -158 END
START 14048 700 32767 -6108 -6516 -2851 END
START 13624 1444 32767 -3201 -4862 -5233 END
START 12768 2068 32767 -1088 -2775 -7016 END
START 11876 1672 32276 -245 436 -8046 END
START 10744 1556 31968 188 3558 -8267 END
START 9320 1680 31788 957 5756 -8312 END
START 8336 1388 31632 2487 6476 -8694 END
START 7560 1436 31256 4558 6514 -9559 END
START 6808 1224 31132 7052 6194 -11027 END
START 5708 916 30616 9789 5484 -12852 END
START 4640 436 30036 12334 4219 -14242 END
START 3780 -36 29256 14491 2610 -14869 END
START 3424 -160 28412 16244 1466 -14982 END
START 3368 -12 27708 17921 2239 -15149 END
START 2900 -60 26644 19935 4290 -15523 END
START 2524 -96 24932 21864 6335 -15790 END
START 2216 176 22920 23093 7448 -15592 END
START 1928 372 21224 23667 8237 -15126 END
START 1568 692 19708 23937 8487 -14353 END
START 1180 1196 18128 24109 8498 -13584 END
START 1084 1516 16972 24507 8217 -12982 END
START 864 2304 15168 24783 8505 -12428 END
START 348 2380 13772 24641 8648 -11604 END
START 216 3432 12184 23691 8714 -9989 END
START 564 4448 10388 22080 9124 -8968 END
START 1028 5340 8976 20081 8889 -9174 END
START 1016 6116 8208 18556 8359 -10529 END
START 448 5920 7380 17776 7549 -12125 END
START -32 6472 6560 17683 6258 -13176 END
START -996 6304 5860 17387 4933 -13179 END
START -1376 6476 5056 16450 3887 -12196 END
START -1724 6856 3944 14849 3823 -11272 END
START -2164 6940 3400 12951 3275 -10633 END
START -2380 6968 3008 11318 1945 -10104 END
START -2432 7144 2764 9469 1140 -9131 END
START -2316 7140 2604 7425 1588 -8449 END
START -2600 7276 2536 5455 2386 -7737 END
START -3124 7192 2420 3793 2945 -7029 END
START -4024 6776 2072 2360 2746 -6099 END
START -4756 6448 1588 951 1496 -4833 END
START -5396 6356 1480 -556 -2 -3545 END
START -5860 6128 1308 -1872 -1352 -1934 END
START -5976 5824 1316 -3632 -2519 -53 END
START -6160 5896 1620 -5468 -3031 1456 END
START -6408 5468 2428 -7251 -3522 3119 END
START -6324 5156 3072 -8723 -4085 4801 END
START -6072 4800 3372 -10092 -4743 6176 END
START -5728 4292 3736 -11635 -5670 7175 END
START -5676 3956 4596 -13128 -6976 8090 END
START -5296 3608 5792 -13933 -7976 9127 END
START -5236 3076 7128 -14653 -8152 10357 END
START -4912 2652 8024 -15189 -7960 11701 END
START -4600 1996 8084 -15553 -8313 13102 END
START -4480 2128 8216 -16026 -9223 14549 END
START -4024 2096 8580 -16426 -10453 15644 END
START -2640 1820 9256 -17354 -12962 16943 END
START -600 1372 11020 -19067 -15929 18582 END
START 1836 628 13468 -19906 -15641 19637 END
START 2964 -412 15356 -19579 -11773 19737 END
START 2148 -728 15504 -18727 -8405 19483 END
START 1048 -1032 15172 -17958 -7458 19355 END
START 248 -1240 15404 -17666 -9433 20286 END
START 1916 -1824 16736 -17706 -12504 22866 END
START 4968 -2736 18468 -18361 -12768 25323 END
START 7456 -3136 19672 -19469 -8755 26223 END
START 8032 -4224 21012 -20316 -3843 25921 END
START 7936 -4416 21820 -20422 -875 25690 END
START 8656 -4672 23944 -20155 -1093 26204 END
START 10336 -4240 25816 -19280 -949 27458 END
START 12488 -3560 27224 -17996 1354 27825 END
START 14212 -2936 28256 -16671 4360 26642 END
START 16092 -2440 29576 -15551 6206 24186 END
START 17820 -1868 31376 -14369 6999 21669 END
START 18880 -1308 32767 -11987 7997 18996 END
START 19552 -796 32767 -9019 8188 15903 END