START 2984 2604 476 -493 -5237 -15 END
START 5624 1736 1468 -672 -6579 516 END
START 2844 2348 -1612 -1592 -6770 988 END
START 2036 1896 -372 -3484 -8536 2926 END
START 2164 1792 44 -5629 -8826 5574 END
START 2620 1208 1116 -7957 -8071 8079 END
START 2932 1116 2136 -10572 -6347 10526 END
START 2960 528 3524 -13245 -3794 12671 END
START 3036 -168 4564 -14998 -2050 14352 END
START 2828 80 5432 -15799 -1864 15860 END
START 2776 -96 5976 -16187 -2960 16583 END
START 3464 -284 6868 -16772 -5115 17104 END
START 4488 120 7792 -17594 -6620 17629 END
START 5468 164 9148 -18122 -6967 17958 END
START 6220 -72 10168 -18600 -6247 18084 END
START 7552 -300 10984 -19289 -5645 18212 END
START 8776 -48 12368 -20081 -5162 18308 END
START 9772 184 13936 -20606 -4631 18082 END
START 10680 176 15144 -20820 -3811 17317 END
START 11204 92 16864 -20932 -2890 16077 END
START 12176 184 18680 -20964 -2711 15023 END
START 13252 352 20576 -20604 -2931 13770 END
START 14320 252 22468 -20017 -3543 12319 END
START 15344 492 23860 -19226 -4169 10711 END
START 16300 576 25652 -18389 -4459 8499 END
START 16916 328 27312 -16761 -4347 5844 END
START 17292 36 28320 -14504 -4316 3544 END
START 17612 -120 29136 -12319 -4404 1417 END
START 17980 -84 29564 -10307 -3740 -827 END
START 17440 148 29928 -8561 -3246 -2813 END
START 17060 688 30580 -7082 -3126 -4607 END
START 16904 840 30952 -5096 -2040 -6820 END
START 16264 1212 30772 -2454 -935 -9437 END
START 15288 980 29968 103 -38 -11904 END
START 14096 720 29260 1971 467 -13656 END
START 12772 20 28652 3626 1328 -14684 END
START 11464 -336 28076 5118 2254 -14862 END
START 10428 -1064 27724 6868 3482 -14835 END
START 9436 -1380 27324 8774 4753 -14983 END
START 8320 -1556 26540 10708 5502 -15335 END
START 7716 -1656 25528 12476 5685 -15617 END
START 7456 -1508 25148 14090 5979 -15967 END
START 7808 -1244 24476 15379 6657 -16459 END
START 7680 -872 23968 16666 7384 -17295 END
START 7728 -720 23084 18296 7847 -18164 END
START 7656 -496 22012 20498 8540 -19200 END
START 7064 272 20468 22612 9043 -20295 END
START 6616 512 19032 24173 8875 -21144 END
START 6380 1196 17236 25144 8888 -21627 END
START 6148 1600 15656 25493 10134 -22211 END
START 5764 2360 14504 25082 12459 -23132 END
START 6092 3228 13060 24537 14932 -23900 END
START 3852 2540 12064 24410 16142 -24801 END
START 2476 2160 10256 24463 14554 -24555 END
START 556 3132 8644 24766 10459 -22318 END
START 304 4504 7752 24801 7969 -19855 END
START 188 5092 7200 24090 7171 -19238 END
START 264 6276 6396 22814 7356 -19580 END
START -396 6848 5616 21325 7514 -20072 END
START -1448 6676 4632 19269 6930 -19984 END
START -2128 6796 3708 17555 5856 -18289 END
START -3212 7240 2724 15350 4717 -15051 END
START -3100 7356 2400 12246 3601 -12218 END
START -2716 7260 2136 8717 3768 -10836 END
START -3100 7052 2016 5431 4492 -9806 END
START -3732 6480 1848 2862 4876 -8176 END
START -4724 6200 1808 712 3811 -6011 END
START -5488 5608 1780 -714 1799 -3415 END
START -6040 5580 1464 -2033 -840 -387 END
START -5964 5508 1136 -3813 -3321 2604 END
START -5588 5584 1544 -6076 -4635 5067 END
START -4536 5112 1888 -7786 -4968 6871 END
START -4184 5116 2544 -9297 -5025 7871 END
START -3984 4880 3112 -10697 -4712 8729 END
START -3852 4704 3764 -12025 -5647 10003 END
START -3424 4872 4536 -13103 -7004 11472 END
START -3036 4736 5524 -13933 -7191 12828 END
START -2740 3988 6060 -15164 -6797 14406 END
START -2640 3220 6228 -16867 -6002 15864 END
START -1996 2188 7164 -19011 -5327 17008 END
START -1512 1796 8716 -21007 -4365 17722 END
START -1432 1436 10344 -22436 -4737 18689 END
START -1028 1140 11512 -22115 -5580 19997 END
START -228 184 11796 -20928 -5542 20897 END
START 40 -492 11228 -20578 -4667 21192 END
START -344 -824 11732 -21498 -5239 21703 END
START 708 -1388 13360 -22790 -6899 23120 END
START 2148 -2188 14948 -23080 -8286 24395 END
START 3036 -3144 15544 -22237 -10220 25400 END
START 3392 -3200 14896 -20179 -11863 26628 END
START 4712 -3788 14732 -19738 -11106 26820 END
START 6084 -3800 16360 -22237 -9130 27896 END
START 7492 -4704 18548 -23985 -6580 29260 END
START 8472 -5588 19744 -24299 -4644 30077 END
START 9348 -6164 20504 -23020 -3779 29610 END
START 10292 -6500 21592 -21575 -3258 28630 END
START 11452 -7052 24260 -20914 -3413 28180 END
START 14484 -6916 27672 -19779 -2684 28289 END
START 18032 -6612 30532 -18365 -800 27397 END
START 20428 -5576 32732 -16258 1827 24707 END
START 21576 -4336 32767 -13289 3962 21003 END
START 22364 -2364 32767 -9678 5729 16850 END
START 21752 -2236 32767 -6685 6149 12278 END