START 2516 2796 7928 3736 -1113 -2311 END
START 5080 2280 8544 3731 -2542 -1790 END
START 4508 2500 3148 3425 -1760 -1700 END
START 2368 2736 5108 2818 -3311 -1177 END
START 1724 2380 4868 1820 -3968 -637 END
START 1188 2572 4616 525 -4800 75 END
START 1000 2404 4140 -720 -5155 894 END
START 748 2428 3772 -1991 -4946 1779 END
START 788 2448 3404 -3479 -4851 2713 END
START 848 2604 3472 -5123 -4615 3456 END
START 596 2368 3980 -6696 -3775 4128 END
START 812 2640 3900 -8563 -2846 4544 END
START 784 2532 4424 -10087 -2548 4913 END
START 912 2168 4680 -11327 -2855 5243 END
START 732 1732 5012 -12362 -3686 5809 END
START 620 1572 5836 -13373 -5299 6499 END
START 612 1600 6948 -14400 -6447 7275 END
START 1408 1384 7876 -15007 -7460 8025 END
START 2336 1500 8980 -15721 -7839 8604 END
START 2968 1272 10416 -16601 -7461 8932 END
START 3680 1408 11928 -17270 -6432 9045 END
START 3796 1376 13512 -17439 -5741 9117 END
START 4068 1532 14308 -17459 -5467 9323 END
START 4632 2048 15068 -17791 -5193 9398 END
START 5276 1864 16012 -18572 -5414 9237 END
START 6356 1504 17648 -19314 -6329 8963 END
START 7708 1276 19284 -19365 -7160 8537 END
START 9260 1236 20864 -18891 -6782 7654 END
START 9792 1436 21924 -18550 -5374 6330 END
START 10012 1464 22896 -18281 -4407 4922 END
START 10388 864 24468 -18032 -4764 3599 END
START 11368 64 26376 -16954 -5061 2303 END
START 12168 -732 28108 -15646 -4747 885 END
START 12860 -1096 29972 -14063 -4539 -506 END
START 13512 -1408 31752 -12290 -4176 -2129 END
START 13692 -1664 32767 -9845 -3584 -3817 END
START 14040 -2032 32767 -7088 -2543 -5654 END
START 13900 -2268 32767 -4123 -1277 -7734 END
START 13148 -2324 32767 -860 114 -9811 END
START 12320 -2748 32767 1905 1631 -11558 END
START 11176 -3064 32767 4820 2916 -13316 END
START 9868 -3060 32767 7965 3372 -15203 END
START 8180 -3384 32024 11149 3349 -16697 END
START 6860 -3308 29880 13739 3141 -17486 END
START 5864 -2912 27920 15512 2904 -18198 END
START 4912 -2532 26288 17262 2264 -18808 END
START 4652 -2056 24820 19468 1427 -19592 END
START 4236 -1328 22760 21287 1457 -20324 END
START 3848 -756 20804 22041 1773 -20570 END
START 3524 120 19504 22239 2977 -20537 END
START 3480 720 17796 22296 4998 -20128 END
START 3116 1032 16336 22091 7295 -19828 END
START 2852 1340 15020 22232 8373 -19170 END
START 2356 1760 13668 22289 8059 -18600 END
START 2508 2760 12220 21871 6195 -18588 END
START 2616 3280 11628 21600 3809 -19395 END
START 2176 3996 11256 21971 1826 -20715 END
START 2044 4020 10636 22012 981 -21660 END
START 1296 4308 9788 21370 509 -21296 END
START 1008 4868 8684 20274 352 -19823 END
START 948 5196 7760 18600 1213 -18467 END
START 244 5604 6844 16525 2682 -17546 END
START -688 5480 5540 14303 2877 -16534 END
START -1756 5540 4764 12312 1879 -15193 END
START -2496 5564 4412 10914 749 -13505 END
START -3028 5440 3528 9061 1030 -11371 END
START -3988 5028 2808 6351 1422 -8885 END
START -4724 4508 2304 3215 1828 -6128 END
START -5460 3972 1984 96 2275 -3078 END
START -6108 3752 1988 -2449 2624 -286 END
START -6368 2940 2024 -4600 1617 2150 END
START -6280 2668 2392 -6183 403 4123 END
START -6020 2344 3072 -7317 -661 5678 END
START -5940 1840 3492 -7990 -1759 7149 END
START -5764 1328 3780 -8623 -3228 8891 END
START -5632 388 4036 -9320 -4666 10870 END
START -5472 -276 4116 -10437 -6050 13119 END
START -5320 -880 4752 -12180 -6998 15669 END
START -5008 -1600 5608 -14215 -6924 18234 END
START -4192 -2000 6864 -15849 -6488 20751 END
START -3264 -2576 7752 -16884 -6171 23259 END
START -2096 -3028 8404 -17800 -5920 25280 END
START -1044 -3612 8928 -19068 -5190 26854 END
START -692 -4076 9452 -20746 -4532 28260 END
START 152 -4760 10564 -22478 -5244 29885 END
START 1588 -5112 11996 -23744 -5674 31388 END
START 2912 -5696 13408 -24540 -4828 32551 END
START 3608 -6252 14220 -24995 -3745 32767 END
START 4008 -7000 15200 -26038 -3352 32767 END
START 5064 -7592 16804 -27253 -3118 32767 END
START 6028 -8036 18532 -28273 -2871 32767 END
START 7932 -8852 19804 -29389 -2429 32767 END
START 12492 -9536 24044 -30686 -740 32767 END
START 17352 -9316 28788 -30020 4337 32767 END
START 20116 -8756 32644 -27147 8121 32767 END
START 20960 -8012 32767 -22522 8285 27374 END