START 1792 3736 4348 -4539 -1278 3320 END
START 1332 4116 10484 -4688 -2622 3508 END
START 4556 2720 -908 -5401 -2187 3010 END
START 1740 2928 2364 -6852 -4389 3268 END
START 664 2780 3948 -8555 -6926 4078 END
START 1492 2816 4404 -9910 -8647 4888 END
START 2068 2976 5284 -11012 -9322 5156 END
START 2652 2928 5656 -12112 -8986 5117 END
START 2904 2916 6404 -13334 -7946 5092 END
START 3256 2444 6940 -14452 -6728 5221 END
START 2972 2308 7488 -15483 -6045 5681 END
START 3020 2272 8284 -16123 -6127 6568 END
START 3328 2380 9052 -16538 -6940 7304 END
START 3592 2652 9544 -16601 -8046 7567 END
START 3964 3096 10188 -16540 -8542 7124 END
START 3964 3256 10484 -16287 -8336 5795 END
START 3444 2780 10504 -16230 -8463 4202 END
START 3780 1024 11300 -17138 -9966 4043 END
START 4608 900 12976 -18801 -11658 5745 END
START 6696 660 15728 -20630 -12045 7136 END
START 8372 700 18292 -21555 -10203 7805 END
START 9660 608 20492 -21602 -7558 7710 END
START 10396 716 22288 -20929 -5241 7284 END
START 10760 612 23748 -19761 -3795 6346 END
START 11188 512 25044 -18117 -3744 5392 END
START 11928 688 26368 -16488 -4915 4694 END
START 13260 524 27720 -15059 -6096 3617 END
START 14660 1336 29372 -13586 -6214 1788 END
START 15236 1188 30880 -11414 -5275 -678 END
START 15436 1172 31780 -8608 -3537 -3141 END
START 15168 1072 32132 -5823 -1698 -4966 END
START 14448 620 32036 -3198 -437 -6226 END
START 14216 836 31848 -890 478 -7156 END
START 13916 924 31384 1314 1655 -8582 END
START 12984 544 30672 3500 2918 -10500 END
START 11660 112 29868 5842 3804 -12547 END
START 10292 -112 29244 8417 4232 -14025 END
START 9116 -444 28520 10823 4653 -14789 END
START 8248 -600 27516 12780 5383 -15026 END
START 7440 -752 26648 14497 6285 -15068 END
START 6868 -604 25816 16485 7641 -15296 END
START 5904 -444 24608 18470 8732 -15722 END
START 5516 -284 22960 20386 9379 -16013 END
START 4672 -16 21344 21635 9455 -16272 END
START 4428 284 19516 22238 8964 -16531 END
START 3924 860 18144 22684 8453 -16653 END
START 3768 1200 16828 23028 8036 -16652 END
START 3484 1900 15696 23102 8240 -16578 END
START 3236 2400 14284 22752 8698 -16778 END
START 2448 2832 12824 22371 9513 -16993 END
START 1236 2776 11028 21894 9722 -16440 END
START 500 3300 9800 21459 8865 -15749 END
START -136 3776 8616 20747 7783 -14481 END
START -600 3568 7892 19768 6487 -13126 END
START -772 4380 7260 18942 5262 -11480 END
START -828 4460 6656 17786 5152 -10069 END
START -988 5892 6144 15897 5808 -8889 END
START -612 6448 5300 13328 6770 -7916 END
START -640 6716 4404 10371 7899 -7010 END
START -1144 6280 3412 7429 8607 -6354 END
START -1784 5924 2932 4904 8143 -5663 END
START -2528 5372 2604 2944 6462 -4866 END
START -2868 5160 2692 1351 4459 -3959 END
START -3176 5056 2712 8 2865 -2842 END
START -3396 4704 2928 -1200 1824 -1540 END
START -3688 4880 2740 -2748 1243 12 END
START -4144 4908 3116 -4277 637 1521 END
START -4392 4944 3332 -5658 -289 2973 END
START -4304 4788 3592 -6931 -1402 4388 END
START -3888 4824 4084 -8166 -2335 5434 END
START -3572 4616 4496 -9505 -2262 6031 END
START -3400 4308 4580 -10936 -2120 6643 END
START -3984 3856 5080 -12626 -2394 7296 END
START -4324 3080 5212 -14341 -3072 8383 END
START -4668 2648 5876 -16077 -3811 9745 END
START -4812 1972 6500 -17679 -4181 11414 END
START -4744 972 7368 -19030 -3974 13370 END
START -4512 56 7668 -20227 -3048 15055 END
START -4416 -584 7976 -21391 -1326 16138 END
START -5484 -1048 8564 -23046 196 17400 END
START -5984 -1836 9120 -24324 231 19291 END
START -6152 -2732 9668 -25549 -1477 21924 END
START -5504 -3856 9920 -26700 -3657 25069 END
START -4432 -4956 11016 -28212 -4091 28280 END
START -1748 -6228 13192 -30399 -3310 31499 END
START 1268 -5848 17284 -32044 -774 32767 END
START 4216 -5620 20748 -32134 2179 32032 END
START 6096 -5648 23356 -30556 3787 30240 END
START 7604 -5996 25632 -28382 3205 28415 END
START 9248 -6560 27960 -26076 1797 26524 END
START 10904 -6964 31460 -23868 -142 24986 END
START 12264 -6824 32767 -21430 583 24973 END
START 15764 -7024 32767 -15961 6059 21340 END