START 3664 3384 -304 -656 -7023 2913 END
START 10304 3244 -12092 -1062 -5572 2685 END
START 5704 3772 1228 -1999 -5298 3336 END
START 4252 3456 1388 -3587 -4356 4810 END
START 3540 3712 1948 -4165 -4779 7059 END
START 3716 4252 2268 -4353 -5447 9574 END
START 4472 4864 2544 -4905 -4915 11814 END
START 5644 5100 2852 -6207 -3359 13203 END
START 6760 5516 3376 -7469 -1372 14005 END
START 7812 5124 4392 -8526 476 14454 END
START 8660 4956 4744 -9089 1084 14737 END
START 8980 4940 5564 -9570 706 14848 END
START 9444 4944 5932 -10218 -618 14854 END
START 9696 5424 6952 -10855 -2192 14809 END
START 10408 5468 8292 -11373 -2653 15414 END
START 11732 5620 9400 -11600 -1430 16299 END
START 12772 5808 9920 -12208 526 16797 END
START 13524 6376 10232 -13232 2682 17043 END
START 13824 6396 11160 -14470 3766 17186 END
START 14376 6280 12656 -14871 4014 17580 END
START 15480 6252 14244 -15061 4521 17965 END
START 16576 6020 15376 -15837 5256 17672 END
START 17672 6000 16684 -16204 4944 16979 END
START 19276 6068 18600 -15539 4964 15773 END
START 20676 6340 20080 -14511 6215 13796 END
START 21244 6312 21572 -14022 7984 11640 END
START 21756 6084 23116 -13008 9505 9297 END
START 21680 5936 24056 -11438 10164 6737 END
START 21684 5604 25380 -9372 9730 3742 END
START 21472 5180 26352 -7073 9006 529 END
START 20812 5028 27028 -4629 8364 -2309 END
START 19628 4688 27772 -2259 7915 -4941 END
START 18204 4544 27984 -147 7484 -7508 END
START 16644 4176 28032 2189 8035 -9851 END
START 14340 3748 27636 4995 8500 -11766 END
START 12316 3184 26520 7920 8221 -13026 END
START 11088 3328 25320 9985 7912 -13859 END
START 10364 3288 24536 11567 7830 -14733 END
START 9884 3524 24044 13385 8640 -15834 END
START 9208 3892 23108 15465 10569 -17530 END
START 8224 3728 21736 17665 12901 -19264 END
START 7028 3360 19792 19244 14264 -20909 END
START 4972 2184 17492 20562 12786 -21335 END
START 3616 2364 16044 21653 8763 -20056 END
START 4388 3088 15548 22127 5981 -19544 END
START 5096 4228 14948 22348 5745 -20240 END
START 4688 4840 13760 22576 6154 -21445 END
START 4428 5484 11796 22333 6253 -22710 END
START 4528 5532 9760 21211 6176 -23709 END
START 3728 5460 8864 19991 5770 -23817 END
START 2768 5536 7268 18824 4878 -23576 END
START 1792 5768 5992 17245 3239 -22288 END
START 1032 6228 5408 15368 1898 -21503 END
START 452 6324 4964 13784 985 -20820 END
START -472 5972 4452 12342 -67 -19791 END
START -1204 5488 3932 11280 -1443 -18293 END
START -1728 4632 2888 9912 -2499 -16356 END
START -3020 4800 2252 8076 -3159 -14019 END
START -4620 4380 1268 5849 -4999 -11238 END
START -6020 4124 732 3169 -7500 -7457 END
START -6140 4176 1120 381 -8132 -3512 END
START -5468 4244 1516 -2790 -4986 -206 END
START -5092 3988 1836 -6045 -295 2309 END
START -5876 3304 1684 -8887 2448 4363 END
START -6812 2792 1548 -10762 938 6566 END
START -7820 2452 1976 -12079 -3985 9008 END
START -7492 2220 2396 -12013 -9361 11621 END
START -6804 2124 3344 -12152 -12875 14333 END
START -5504 2156 4480 -12914 -13343 16349 END
START -4664 1836 5700 -13699 -11056 18346 END
START -4080 1572 6544 -14480 -9127 21235 END
START -3456 1192 7504 -15696 -8725 24262 END
START -2116 548 8936 -16298 -8218 27082 END
START -1428 -224 9816 -16805 -6801 29054 END
START -1044 -1652 11004 -17223 -5424 30951 END
START 232 -2920 12412 -17682 -4796 32767 END
START 1632 -4512 14104 -18697 -2605 32767 END
START 2628 -5920 15360 -20273 1442 32767 END
START 2432 -7152 16352 -21034 4410 32767 END
START 2452 -8096 17560 -20797 5562 32767 END
START 4132 -9336 18480 -20684 4942 32767 END
START 7000 -10736 19888 -21482 5202 32767 END
START 11172 -11144 21448 -22189 8903 32767 END
START 13356 -11192 22452 -23368 14240 32767 END
START 16744 -10792 24560 -24350 16946 32767 END
START 18468 -12740 28328 -25427 20927 32767 END
START 21556 -10792 31356 -23971 19063 32767 END
START 24240 -11780 32767 -19390 13221 32767 END
START 26152 -11296 32767 -13661 6113 32477 END