START 3812 3656 6004 -5067 -5755 5465 END
START 4056 4560 612 -5167 -5745 5723 END
START 6928 2872 -44 -5859 -6140 5883 END
START 5268 3572 3916 -7433 -6510 5965 END
START 4692 4176 6088 -8904 -6289 5946 END
START 5264 3684 7268 -9879 -5090 5353 END
START 4808 4116 7772 -10165 -4053 5218 END
START 4392 4256 7908 -10268 -4057 5609 END
START 4100 4168 7940 -10706 -4224 6052 END
START 3628 4104 7864 -11293 -4012 6616 END
START 3364 3548 7944 -12183 -4058 7081 END
START 3064 3440 8688 -13281 -4286 8009 END
START 3796 2996 9268 -14426 -4140 8913 END
START 4460 3232 10348 -15566 -3215 9349 END
START 4540 3220 11200 -16202 -2599 9253 END
START 4776 2912 11572 -16356 -2476 8998 END
START 4640 2308 11976 -16454 -2857 8188 END
START 4896 1108 13196 -16625 -4900 7708 END
START 5244 1208 14972 -16237 -8168 7826 END
START 6616 1396 16956 -15586 -9621 7917 END
START 7936 1996 18616 -15152 -8744 7598 END
START 8604 2628 19676 -15047 -5951 6645 END
START 8692 2800 20528 -15358 -3333 5881 END
START 8756 2560 21296 -15289 -2132 5283 END
START 8908 2612 21848 -14895 -2400 4886 END
START 9244 2900 22760 -14516 -3822 4536 END
START 10160 3192 24120 -13969 -5331 3907 END
START 10956 3224 25416 -13416 -6242 2853 END
START 11796 2860 26812 -12615 -6385 1747 END
START 12252 3016 28080 -11390 -5930 720 END
START 12868 2508 28844 -9823 -5417 -350 END
START 13540 2528 29676 -8377 -4727 -1172 END
START 14124 2168 30288 -6957 -3740 -2356 END
START 14376 2204 30568 -5253 -2744 -3833 END
START 14276 2048 31156 -3203 -1543 -5880 END
START 13616 1880 30964 -519 -424 -8062 END
START 12792 1648 30236 1958 310 -9810 END
START 12228 1404 29676 3860 1138 -11148 END
START 11452 1164 28792 5767 2327 -12438 END
START 10448 832 28080 7744 3580 -13609 END
START 9548 648 27288 9763 4108 -14545 END
START 9060 552 26292 11906 4608 -15312 END
START 8328 484 25424 13763 5093 -16037 END
START 7740 648 24720 14947 5301 -16357 END
START 7352 1020 24084 16286 5361 -16569 END
START 7228 1140 24152 17731 5085 -16871 END
START 7456 1104 24176 19948 3752 -17823 END
START 7288 1024 23572 22365 2038 -19113 END
START 7216 1388 22228 24215 1932 -19977 END
START 6128 1376 20132 24895 3186 -20158 END
START 5520 2000 18304 24461 3839 -19211 END
START 5432 2532 16576 23762 5403 -18327 END
START 5384 3204 14808 22581 6992 -17905 END
START 4824 3736 13124 21957 8250 -18461 END
START 3744 3880 11524 21685 8229 -19577 END
START 1740 3944 9600 21750 6918 -19923 END
START 480 4296 7936 21153 5546 -18974 END
START 20 4740 6732 19590 5339 -17360 END
START -112 5344 5408 17510 5711 -15956 END
START -728 5492 4208 15204 5792 -14702 END
START -1400 5688 3256 13338 4639 -13614 END
START -2184 5852 2856 11778 3056 -12652 END
START -2604 5684 2100 10334 2331 -11307 END
START -2980 5716 1484 8310 1726 -9633 END
START -3112 5604 940 5982 2229 -7743 END
START -3032 5464 832 3507 3288 -5816 END
START -3084 5392 660 1176 4389 -4389 END
START -3940 5256 812 -685 4310 -3692 END
START -4836 5000 1044 -1477 2876 -2883 END
START -5536 4700 1176 -1671 455 -1692 END
START -5696 4436 884 -2036 -1852 -247 END
START -5468 4368 812 -3254 -2989 1244 END
START -5412 4176 1060 -5019 -3326 2757 END
START -5652 4428 1648 -6668 -3632 4260 END
START -5568 4484 2084 -8101 -4140 5567 END
START -5844 4636 2728 -9294 -5018 7081 END
START -5344 4832 3280 -10485 -6097 8756 END
START -4424 4848 4144 -11960 -6677 10321 END
START -3296 4652 5108 -13645 -6313 11376 END
START -3076 4664 5976 -15184 -6195 12132 END
START -2772 4624 7288 -15943 -6760 12745 END
START -1960 4180 8192 -16505 -7915 13443 END
START -120 3828 9644 -17669 -8748 14158 END
START 928 3632 11612 -18844 -8551 14536 END
START 1432 3656 13360 -18852 -7517 15264 END
START 2180 3672 14244 -18561 -7472 15883 END
START 2648 2764 15476 -18316 -7587 15928 END
START 3744 2408 16016 -17750 -7314 15733 END
START 3756 1228 16832 -17392 -6704 15576 END
START 4424 284 18188 -17657 -6283 16387 END
START 5260 -280 19828 -17773 -4619 17288 END
START 5112 -708 20524 -17325 -2919 17839 END
START 4848 -1196 20552 -16451 -1717 18377 END
START 4700 -2020 19840 -15689 -1081 18447 END
START 4064 -3148 19456 -15530 -970 18299 END
START 3816 -4216 19932 -15606 -1000 18772 END
START 4032 -5028 20860 -15443 -1006 20267 END
START 4792 -5796 21876 -15276 -178 21754 END
START 5196 -5768 22428 -14869 1377 23069 END
START 5608 -5828 22980 -14270 2870 23963 END
START 6928 -5564 23812 -13767 3745 25181 END
START 9336 -5404 24848 -13620 4851 26130 END
START 12152 -4880 25972 -14572 5562 26168 END
START 14580 -4020 28324 -15045 6425 25463 END
START 16644 -3180 30904 -13868 7648 23936 END