START 3124 3980 1508 -3184 -1585 1983 END
START 2036 4652 8104 -3873 -2614 2102 END
START 5736 3132 -3208 -5316 -1979 1603 END
START 3248 3464 516 -6970 -2618 2402 END
START 2236 3436 2048 -8443 -2876 4185 END
START 2404 3232 2732 -10275 -3306 6454 END
START 3316 3016 3464 -12571 -2897 8299 END
START 3760 3040 4696 -14953 -1841 9109 END
START 3952 3236 5532 -16216 -572 8936 END
START 3512 2856 6484 -16414 -31 8269 END
START 3388 2468 7300 -16035 -578 7903 END
START 3360 1848 7848 -15747 -2138 8024 END
START 3792 1824 8524 -16009 -3936 8758 END
START 4652 1988 9248 -17145 -5131 9631 END
START 5392 2208 10060 -18739 -5286 9838 END
START 5784 2528 10964 -20060 -4372 9723 END
START 6068 2304 12404 -21008 -3133 9210 END
START 6696 1888 13648 -21578 -2656 8699 END
START 7372 780 14668 -21771 -2248 8080 END
START 7772 732 15692 -21838 -2287 7722 END
START 8100 1004 16808 -22197 -2592 7388 END
START 8320 1160 18360 -22410 -2668 6969 END
START 8848 748 19832 -22007 -2750 6437 END
START 9632 452 21184 -21449 -2888 5579 END
START 10148 -60 22492 -20454 -2875 4219 END
START 10864 -672 23492 -19349 -3533 3041 END
START 10688 -604 24784 -17824 -4602 2415 END
START 10952 484 26592 -16694 -6121 2561 END
START 12060 1180 27944 -15588 -6611 1934 END
START 12940 1304 29204 -14017 -5554 244 END
START 13720 940 29956 -12427 -4217 -1624 END
START 14108 288 30480 -10773 -2837 -3301 END
START 14104 -260 30776 -9352 -1480 -4896 END
START 13740 -1108 31204 -7806 -266 -6235 END
START 13348 -484 31404 -6070 472 -7600 END
START 12376 -1552 32408 -3186 1049 -9170 END
START 12032 -2104 31960 -179 2048 -11141 END
START 10984 -2424 31360 2886 2234 -12954 END
START 10316 -2916 30756 5486 2091 -14247 END
START 9776 -3324 30272 8022 2004 -15009 END
START 9560 -3300 29704 10700 2316 -15795 END
START 9208 -3160 28908 13280 3301 -16589 END
START 9160 -3132 28124 15629 5333 -17373 END
START 9008 -3060 27148 17865 8169 -18663 END
START 7592 -3216 25600 20160 10246 -19912 END
START 5840 -3228 23772 22453 11115 -20438 END
START 4520 -3004 22148 24279 11695 -20222 END
START 3412 -2716 20296 25421 11621 -19412 END
START 3216 -2240 18796 25809 11516 -18581 END
START 3144 -1216 17668 25740 11733 -18471 END
START 2588 312 16036 25940 11985 -18979 END
START 1576 1124 14212 26072 12102 -19410 END
START 196 2024 11872 25751 11260 -18981 END
START -224 2128 10544 24873 9403 -17783 END
START 104 3272 9560 23943 7542 -16565 END
START 180 3812 8464 23383 6281 -16315 END
START -68 4544 7316 22497 5201 -16156 END
START -776 5036 6376 21084 5347 -15733 END
START -1704 5132 5476 18994 5968 -14590 END
START -2472 5568 4868 16217 6128 -12741 END
START -2588 5528 4548 13699 6178 -10804 END
START -2656 5600 4172 11289 5984 -9031 END
START -2636 6032 3836 9066 5175 -7852 END
START -3100 6184 3964 7725 3928 -7227 END
START -3380 6024 3492 6893 2491 -6494 END
START -3916 5944 3188 6133 606 -5231 END
START -4320 5596 2736 5048 -724 -3625 END
START -4272 5492 1928 3303 -1382 -1617 END
START -4264 5788 1500 645 -1420 352 END
START -4056 5472 1496 -1834 -1077 1762 END
START -4460 5632 1932 -4009 -862 2624 END
START -4708 5396 2312 -5084 -1342 2889 END
START -4900 5200 2468 -5322 -2623 3615 END
START -5248 4948 2448 -5937 -4895 4978 END
START -5068 5020 2540 -7459 -6277 6677 END
START -4744 4372 2920 -9438 -6210 8157 END
START -4660 3748 3580 -11475 -6166 9575 END
START -4440 3472 4764 -13170 -6319 10651 END
START -3804 2988 6252 -14201 -6547 12057 END
START -3128 2492 7540 -14619 -6926 13372 END
START -2572 1560 8296 -14890 -6778 14229 END
START -2292 1064 8576 -14996 -6475 15206 END
START -2700 988 8880 -15483 -6445 16053 END
START -2656 816 9160 -16274 -6735 17205 END
START -2040 452 10244 -17121 -7846 18871 END
START 156 -120 11484 -18640 -8417 20831 END
START 2164 -436 12928 -20288 -6467 21658 END
START 3056 -1144 13680 -21362 -3203 21097 END
START 2032 -1696 14116 -21414 -796 19703 END
START 416 -2580 14140 -21006 -1600 19235 END
START 340 -3316 15352 -20741 -4808 20875 END
START 2456 -3876 17304 -20779 -7166 23735 END
START 4664 -4636 18992 -21318 -6508 25965 END
START 6888 -4656 19308 -21638 -2870 26286 END
START 7008 -5200 19264 -21907 1445 24641 END
START 6700 -5632 19952 -22945 3687 23801 END
START 7860 -6416 21800 -24008 4370 24872 END
START 9696 -6948 24108 -24751 5856 26151 END
START 11548 -6800 26076 -25353 8862 26092 END
START 12408 -6548 28288 -25209 12405 24631 END