START 4684 4256 872 -1531 -3878 2127 END
START -3836 7264 14308 -2371 -5596 2641 END
START 4448 4048 164 -4405 -4424 2576 END
START 3240 3680 2136 -6626 -4128 3078 END
START 4400 3292 2012 -7935 -3061 3939 END
START 3932 3232 3116 -8757 -1617 4655 END
START 4116 2784 2996 -9760 -480 5417 END
START 4072 2220 3208 -11065 -675 6285 END
START 3852 1928 3884 -12390 -1697 7531 END
START 3788 1944 4604 -13591 -2798 8888 END
START 3808 2948 5684 -14347 -3275 10025 END
START 4008 2108 6744 -15159 -2701 10826 END
START 4388 2132 7560 -15951 -2671 11199 END
START 4856 2020 8240 -16330 -2801 11396 END
START 4876 1768 8812 -16446 -3466 11520 END
START 5300 1484 9300 -16777 -4640 11835 END
START 5712 1140 10456 -17807 -6206 12423 END
START 6452 712 11884 -18846 -7047 12965 END
START 7700 1184 13488 -19234 -6712 12974 END
START 8468 804 14836 -19334 -5332 12691 END
START 9240 508 15488 -19508 -4188 12220 END
START 9716 696 16448 -19933 -4134 11883 END
START 10296 864 17708 -20400 -4683 11618 END
START 11248 788 18940 -20483 -5516 11188 END
START 12524 876 20524 -20013 -5809 10524 END
START 13516 928 21952 -19474 -5390 9079 END
START 14652 652 23436 -18828 -4982 7245 END
START 14928 428 24440 -17878 -5077 5523 END
START 15356 56 25612 -16620 -5418 4136 END
START 15912 -184 26596 -15401 -6200 2869 END
START 16616 -192 28016 -14254 -6762 1326 END
START 17068 -436 29492 -12271 -6292 -353 END
START 17420 -632 30600 -9793 -5705 -1814 END
START 17968 -764 31064 -7496 -4724 -3531 END
START 18124 -660 31568 -5026 -3220 -5962 END
START 17748 -760 31560 -2109 -2048 -8751 END
START 16840 -1048 31072 967 -1407 -11448 END
START 15924 -1076 29868 3441 -1019 -13796 END
START 14888 -1492 29452 5727 -217 -15907 END
START 13760 -1544 28392 8481 571 -17160 END
START 12556 -1504 27056 10932 931 -17921 END
START 11968 -1308 25668 12849 1546 -18712 END
START 11568 -1152 24496 14628 2487 -19681 END
START 10980 -908 23080 16225 3952 -20891 END
START 10000 -448 21612 17586 5865 -22360 END
START 8792 -112 20404 18783 7199 -23657 END
START 8052 4 18724 20080 7705 -24550 END
START 7184 -316 17100 21470 7274 -25145 END
START 5856 588 15556 23217 5316 -25176 END
START 5312 1184 13988 24372 2820 -25293 END
START 5316 2108 12488 24369 856 -25633 END
START 5032 2944 11528 23510 323 -26055 END
START 4500 3592 10420 22343 1148 -26098 END
START 3528 4048 9312 21176 2770 -25548 END
START 2464 4028 7644 19760 4620 -23921 END
START 1280 4456 6488 17840 4735 -21953 END
START 864 5304 5396 15938 3902 -19668 END
START 288 5648 5008 14326 2498 -18013 END
START 140 6192 4912 13391 959 -16919 END
START -8 6612 4764 12510 -27 -16230 END
START -392 6740 4240 11265 536 -15360 END
START -648 6196 3532 9293 1784 -13899 END
START -1384 5580 2864 6928 2672 -11518 END
START -2192 5364 2248 4441 2967 -8443 END
START -2888 5132 1920 1765 2463 -5000 END
START -3180 5156 1612 -860 1790 -2079 END
START -2880 4764 1948 -3269 1412 -189 END
START -3092 4772 2384 -5072 1468 735 END
START -3796 4464 2584 -6026 575 1455 END
START -4156 3900 3032 -6223 -861 2875 END
START -4324 3456 3292 -6337 -2352 4867 END
START -4264 3052 3200 -6903 -3457 7121 END
START -4256 2196 3228 -8407 -4240 9261 END
START -4976 1808 3552 -10427 -5065 11307 END
START -5164 800 4552 -12110 -5730 13894 END
START -5348 -304 5752 -13485 -4660 16834 END
START -5348 -1416 6344 -14833 -3174 20135 END
START -5180 -2976 6776 -15848 -2216 23359 END
START -5120 -4312 7264 -16821 -1565 26042 END
START -4928 -5024 8156 -17744 -2578 29075 END
START -3784 -6460 8728 -18368 -4360 32670 END
START -2372 -6368 9284 -19572 -5347 32767 END
START -476 -6884 9880 -21531 -4737 32767 END
START 1500 -7564 10924 -24108 -3639 32767 END
START 5348 -8296 12904 -27299 -2171 32767 END
START 11312 -8416 16960 -29569 1521 32767 END
START 16156 -7644 20376 -30200 7437 32767 END