START 6264 5072 1116 -89 -10521 8239 END
START -2024 8088 14620 -523 -10529 8982 END
START 7664 5912 -3412 -1684 -10664 10601 END
START 5316 7344 924 -3547 -7389 12485 END
START 6984 7444 96 -5378 -4302 14080 END
START 6624 7500 1016 -7337 -1156 15394 END
START 6924 7436 1744 -9125 1286 17339 END
START 7468 6628 2496 -10062 2685 19821 END
START 8084 6916 3352 -10651 3471 22663 END
START 9680 6460 4492 -11514 4631 24593 END
START 11472 6636 5248 -12058 6134 25446 END
START 12864 6316 6144 -12118 7293 25698 END
START 15020 6820 6688 -12272 7909 24777 END
START 15996 6380 7048 -12272 7971 23269 END
START 16372 6636 7296 -12072 6232 21924 END
START 17316 6528 7636 -11891 3155 20864 END
START 18992 7360 8172 -12157 208 20076 END
START 20832 7504 9272 -12475 -1257 19008 END
START 22532 7464 10280 -12533 -1181 17752 END
START 23560 7288 11288 -12442 363 15924 END
START 24056 7208 12024 -12579 1501 14258 END
START 24308 7128 13340 -12281 2169 12897 END
START 25424 6736 14900 -11488 2628 11441 END
START 26160 6392 16196 -10166 3435 9598 END
START 26468 5668 16940 -8620 3761 7691 END
START 27024 5544 17780 -7507 4179 5350 END
START 27172 5812 18680 -6329 5617 2211 END
START 26692 5764 19220 -4949 7620 -1797 END
START 25724 5752 19800 -3345 9347 -5998 END
START 24292 5160 19376 -1891 10434 -10120 END
START 22072 4496 19192 -343 9786 -13579 END
START 20376 4352 18820 1895 7943 -16073 END
START 19284 4348 18556 3819 6263 -18527 END
START 18148 4760 18248 5314 5738 -21117 END
START 16820 5188 17632 6639 6641 -23796 END
START 15608 5668 17096 7807 8990 -26432 END
START 14604 4676 15712 8595 11824 -28405 END
START 12216 5256 14480 9481 13670 -29008 END
START 10656 4620 13204 9736 15170 -28775 END
START 9184 4896 11484 9787 15842 -27931 END
START 7948 5576 11088 9499 16351 -27433 END
START 6948 6228 10828 9418 16962 -27246 END
START 6344 7080 10332 9115 18662 -27171 END
START 5640 6296 9148 8675 21695 -27373 END
START 3664 7544 7912 8432 24493 -26460 END
START 3324 6416 6868 7628 25993 -25000 END
START 728 7064 5768 6940 25459 -23474 END
START -752 6788 3668 5484 21011 -21375 END
START -1964 6812 3444 3546 14259 -18753 END
START -1976 7440 4464 2140 10870 -16412 END
START -2072 7764 5400 1503 12045 -15632 END
START -2884 7292 4968 1151 13571 -15221 END
START -4344 6288 3988 978 13075 -13822 END
START -5436 6764 3172 1307 10375 -10982 END
START -6524 6512 2548 1035 6707 -8129 END
START -6160 7048 1904 -311 3767 -5381 END
START -6340 6928 2036 -2152 2250 -2597 END
START -6868 6908 2156 -4555 1508 729 END
START -6468 6468 2208 -7165 1101 4416 END
START -5872 6244 2772 -9930 1532 7639 END
START -5272 5788 3644 -12400 2564 9921 END
START -5568 5168 4704 -14171 2613 11445 END
START -5832 3792 5528 -15333 1382 12900 END
START -6784 2812 6520 -15786 -1436 14835 END
START -6684 1756 7512 -15633 -4524 17447 END
START -5692 860 8616 -15889 -5996 20403 END
START -4260 148 9820 -17271 -4796 23109 END
START -3132 -524 11212 -18740 -3267 25281 END
START -2096 -1652 12312 -19323 -2406 26938 END
START -1692 -2668 12508 -19940 -2979 28846 END
START -2072 -3748 12712 -20569 -4633 30851 END
START -2560 -4784 12876 -20577 -6829 32767 END
START -1528 -6800 13492 -20752 -10132 32767 END
START 884 -7536 14720 -21189 -11394 32767 END
START 3812 -8592 15788 -21570 -9122 32767 END
START 5448 -9744 16236 -21742 -6766 32767 END
START 7372 -10268 16664 -22046 -6566 32767 END
START 9112 -10736 17832 -21819 -8526 32767 END
START 12152 -10980 19600 -20407 -11087 32767 END
START 15928 -11228 21268 -18639 -11716 32767 END
START 20232 -11900 23268 -17590 -10292 32767 END
START 26448 -11220 26540 -15935 -7959 32767 END
START 32160 -8976 29092 -14246 -1027 32767 END
START 32767 -7992 32724 -9927 5356 30053 END
START 32767 -5704 32767 -4240 8260 18586 END
START 32476 -6684 31324 1072 7030 9537 END