START 1828 4096 3800 -3398 -4545 3805 END
START -5328 6744 19760 -3764 -5705 4428 END
START 4036 3944 300 -5100 -5417 4519 END
START 3452 4104 2488 -6940 -6196 4961 END
START 3192 4368 4472 -8030 -6740 5384 END
START 3564 3976 5628 -8618 -6546 5664 END
START 3756 3596 6276 -8912 -6082 6081 END
START 3880 4024 6340 -9205 -5738 6657 END
START 3980 4004 6496 -9779 -5013 7010 END
START 4116 3744 6516 -10821 -4439 6838 END
START 3868 3624 7064 -11802 -4095 6368 END
START 3896 3116 7796 -12540 -3934 6119 END
START 3812 2732 8680 -13463 -4409 6448 END
START 3952 2976 9468 -14566 -5175 7198 END
START 4556 3056 10544 -15480 -5653 7869 END
START 5076 3172 11800 -16243 -5489 8352 END
START 6272 3112 13188 -16799 -5016 8329 END
START 6892 2948 14428 -17194 -4556 7550 END
START 7592 2592 15368 -17364 -4573 6461 END
START 7896 2540 16480 -17577 -4953 5337 END
START 8268 1908 17540 -17837 -6006 4475 END
START 8904 1748 19060 -18058 -7660 4218 END
START 9756 1516 20800 -17863 -8788 3895 END
START 10460 1748 22132 -17245 -8475 3295 END
START 11252 844 22636 -16599 -7153 2213 END
START 10536 -1144 24572 -16452 -7582 1345 END
START 12204 -860 25488 -15322 -10445 1279 END
START 13052 -556 27880 -13918 -13382 783 END
START 14700 92 29300 -12093 -15630 -588 END
START 16088 0 30664 -9608 -17504 -3436 END
START 17280 128 31716 -6818 -19585 -7239 END
START 17988 224 32620 -3854 -20195 -11442 END
START 17980 376 32767 -1771 -15922 -14094 END
START 16612 408 32400 -535 -8377 -15007 END
START 14772 204 31684 824 -1498 -14627 END
START 12996 -144 30712 2477 3310 -14092 END
START 11368 -320 29872 4463 5637 -14065 END
START 10076 -432 28976 6660 6119 -14618 END
START 9112 -116 27972 8839 5986 -15793 END
START 8284 216 26812 10759 5907 -17098 END
START 7620 208 25804 12747 6225 -18288 END
START 7068 536 24796 14839 7013 -19226 END
START 6664 -380 23696 16912 7700 -19650 END
START 5312 664 21980 18908 8767 -18707 END
START 4780 1088 20408 20084 10351 -17797 END
START 4760 1796 19112 20877 12483 -17573 END
START 4952 2312 17968 21390 14328 -17889 END
START 5428 2304 16768 21763 15987 -18652 END
START 4548 2132 15004 22112 16833 -19861 END
START 2732 2704 13160 22402 15756 -19660 END
START 1644 3408 11660 22229 14124 -18100 END
START 1768 4168 10704 21404 13958 -16568 END
START 2232 5268 9656 19854 15399 -16397 END
START 1952 5992 8556 18256 17178 -16798 END
START 1216 5672 7220 16972 17302 -17261 END
START -244 5908 6092 16165 14520 -16806 END
START -1148 5788 5296 15618 10777 -15277 END
START -1444 6384 4504 14687 7702 -13517 END
START -1732 6580 3924 12867 5681 -11907 END
START -1700 6800 3840 10698 5815 -10698 END
START -2020 7064 3660 8562 7741 -9870 END
START -2732 6764 3228 6703 9102 -9027 END
START -3708 6492 2596 5105 8089 -7674 END
START -4364 6380 2204 3480 5391 -5841 END
START -4880 6612 1904 1550 2906 -3918 END
START -5284 6244 1628 -649 1150 -1753 END
START -5312 5936 1616 -3016 -507 327 END
START -5464 5928 2244 -4640 -1126 2028 END
START -5448 6044 2748 -5675 -1320 3400 END
START -5484 5892 2924 -6510 -1472 4270 END
START -5432 5696 2944 -7365 -2490 4940 END
START -5380 5440 3300 -8225 -4299 5697 END
START -5384 5244 3420 -8915 -5988 6559 END
START -5296 5020 4068 -9898 -7870 7677 END
START -4796 4792 4832 -11047 -9248 8875 END
START -3984 4436 5852 -12183 -9154 10075 END
START -3236 4072 6932 -13443 -8006 11022 END
START -2500 3716 7708 -14369 -7183 11718 END
START -2072 3572 8336 -15188 -7585 12269 END
START -1948 3624 8940 -15752 -8575 12725 END
START -1884 3540 9496 -15722 -9549 13286 END
START -780 3048 9984 -15931 -10543 13879 END
START 1332 2804 11260 -16689 -11199 14648 END
START 3284 2444 13020 -17510 -9892 14726 END
START 4156 2496 14368 -17952 -7113 14467 END
START 3780 2364 14920 -18352 -4198 14381 END
START 2484 1688 14880 -19164 -989 14546 END
START 772 712 15388 -19613 734 14978 END
START 496 -680 16480 -20116 -400 16826 END
START 1560 -1328 18028 -20355 -1755 18763 END
START 2504 -2064 19404 -19994 -2039 19886 END
START 3176 -2200 19924 -19240 -2120 20210 END
START 3128 -2220 19632 -18398 -1569 19178 END
START 2204 -2680 19528 -17368 -1660 18064 END
START 2312 -3556 20200 -16421 -3001 18384 END
START 3664 -3980 21960 -15768 -3753 19992 END
START 5336 -4348 23488 -15396 -2617 21924 END
START 6648 -4172 23828 -15380 250 23431 END
START 8064 -4420 24948 -15431 2955 24161 END
START 9984 -3708 26344 -15759 4908 24177 END
START 12036 -3276 27828 -15594 5692 22529 END
START 14064 -2744 29464 -14761 4873 19436 END