START 2256 2860 2136 -3742 -2262 914 END
START 7820 1268 -3444 -4233 -3125 1380 END
START 1680 3200 1948 -5421 -2788 1547 END
START 748 3004 3916 -7174 -3447 2701 END
START 1304 2784 3676 -8829 -3547 3971 END
START 1680 2828 3960 -10220 -2864 5200 END
START 2504 2456 4464 -11369 -2301 6061 END
START 1980 3088 5296 -12249 -2439 6575 END
START 2328 3000 5816 -13135 -3704 6889 END
START 2800 3212 6644 -13910 -5311 7026 END
START 3148 3376 7696 -14578 -6336 6982 END
START 3436 3240 8492 -15039 -6956 6764 END
START 3636 2952 9304 -16019 -7350 6706 END
START 4160 2564 10184 -16885 -7220 6905 END
START 4500 2340 11280 -17271 -7049 6691 END
START 4972 2288 12136 -17603 -8526 6494 END
START 5652 1832 13364 -17824 -11508 6296 END
START 6472 1872 14932 -16998 -13531 6543 END
START 7316 1976 16120 -16235 -13460 7572 END
START 8624 1896 17160 -16792 -11598 9033 END
START 9976 1912 18492 -18018 -9376 10288 END
START 11208 1856 20144 -18914 -7189 11099 END
START 12644 1720 21932 -18779 -5208 10819 END
START 13984 1656 24272 -17930 -4216 9654 END
START 14980 1728 26156 -15931 -4318 7996 END
START 15584 2080 27392 -13098 -4690 5723 END
START 16100 2440 28600 -10081 -5296 3246 END
START 16848 2536 29312 -7204 -5608 1123 END
START 17652 2724 29568 -5161 -4790 -649 END
START 18208 3060 29932 -4142 -3602 -2287 END
START 18248 3216 30356 -3263 -1565 -4290 END
START 17920 3280 30952 -1627 1137 -6545 END
START 16808 2748 30588 781 3176 -9072 END
START 15552 2384 29764 2948 3574 -11168 END
START 13780 1828 28900 5147 3100 -12903 END
START 12796 1508 28040 7237 3556 -14005 END
START 11544 1160 26996 8982 4865 -14949 END
START 10148 796 25620 10370 5945 -15487 END
START 9020 684 24752 11719 6253 -15862 END
START 7716 708 23460 13290 6310 -16313 END
START 7172 668 22656 15120 6435 -16849 END
START 6632 888 21696 16825 6138 -17714 END
START 6380 1256 20772 18493 6079 -18878 END
START 6056 1440 19592 20100 6504 -20080 END
START 5664 1544 17404 21333 6502 -20725 END
START 4756 1936 15408 21489 5397 -20827 END
START 3996 2828 13700 21357 4455 -20836 END
START 3592 3672 12412 21440 4572 -21061 END
START 2936 4044 11020 21237 5176 -21210 END
START 2596 5104 9908 20238 6340 -20609 END
START 1468 4796 9304 19121 7726 -19742 END
START 728 4592 8432 18326 9019 -18645 END
START -456 4688 7388 18050 8970 -16643 END
START -996 4652 5260 17025 6283 -14346 END
START -1444 5224 4304 14679 2278 -12945 END
START -1312 5984 4372 12519 -386 -12196 END
START -1444 6216 4720 11286 -986 -11355 END
START -1432 6144 4432 10448 -1347 -10429 END
START -1688 5728 3760 9483 -2123 -9518 END
START -2200 5500 3136 8630 -3237 -8574 END
START -3184 5460 2680 8244 -4980 -7456 END
START -3728 5456 2252 7513 -5585 -5795 END
START -3864 5288 1056 5162 -4358 -3711 END
START -4560 5232 324 489 -2653 -1296 END
START -5000 4968 584 -4202 -733 1264 END
START -5412 4524 1396 -7347 427 4110 END
START -5052 4344 2000 -9283 215 6637 END
START -4600 3984 2900 -10789 -216 8268 END
START -4084 3996 4200 -11925 -622 9312 END
START -3844 3652 5332 -12344 -1704 10131 END
START -3224 3412 6092 -12659 -3231 11274 END
START -2720 2900 6856 -13432 -4174 12425 END
START -2596 2420 7644 -14338 -4420 13389 END
START -2588 1684 8256 -15134 -4290 14205 END
START -2700 788 9128 -15476 -4889 15347 END
START -2108 496 9776 -14937 -7533 16833 END
START -524 732 10140 -14458 -10045 18262 END
START 1052 632 10308 -15246 -10475 19082 END
START 2476 516 11524 -15931 -7358 18908 END
START 1556 -488 12908 -15655 -4804 17795 END
START 1120 -1800 13784 -14335 -5910 17824 END
START 2196 -2576 15088 -13467 -9307 20172 END
START 4760 -3400 16564 -13978 -9034 23740 END
START 7136 -3988 17440 -16880 -4484 25773 END
START 7380 -4148 18952 -20949 1716 27102 END
START 7764 -4136 21292 -23986 6737 29002 END
START 8956 -3904 23996 -25301 9535 30903 END
START 10884 -3500 26180 -24683 11662 31495 END
START 12100 -3648 27412 -23131 13105 30821 END
START 13544 -3328 28688 -21998 13591 30072 END
START 15444 -2612 30904 -20604 14490 28307 END
START 16972 -2156 32767 -18881 15331 25314 END