START 4060 4356 -1016 2022 -2890 -99 END
START 9480 2688 -10868 1545 -4229 703 END
START 1380 4828 2292 386 -4905 1639 END
START 3240 3872 764 -294 -6341 3624 END
START 5388 3444 -1092 -421 -5550 5414 END
START 4984 4620 -412 -1506 -3575 7022 END
START 6028 3880 -856 -3961 -369 8460 END
START 5944 3644 -580 -6173 1991 9220 END
START 6084 3100 -96 -7257 3092 9603 END
START 5548 3704 976 -7200 2753 10087 END
START 5604 3408 1068 -6751 1863 10924 END
START 5944 3736 1336 -6346 1065 12617 END
START 6360 3572 1796 -6201 847 14460 END
START 6832 4456 1820 -6535 850 16188 END
START 7524 5088 2424 -7155 1232 17420 END
START 8504 5340 2748 -7580 2032 18382 END
START 9096 4892 3180 -8498 3070 18612 END
START 10244 5412 3792 -9865 3825 18691 END
START 10704 4936 4676 -10693 4063 18605 END
START 11216 4880 5572 -11333 3802 18758 END
START 11908 4492 6716 -11693 3466 19160 END
START 13100 5008 7424 -12023 2783 19242 END
START 14616 5032 8112 -12341 2211 18859 END
START 15552 5452 9092 -12225 1567 18292 END
START 16576 5532 10044 -11945 1820 17800 END
START 17336 5168 10548 -12007 2365 17309 END
START 18052 5484 11040 -11955 2102 17016 END
START 19460 5764 11904 -11930 1541 16695 END
START 21540 6316 13020 -11900 2162 16026 END
START 23164 6444 13900 -11940 3403 14867 END
START 24392 6600 14968 -11392 4050 13031 END
START 25476 7256 15848 -10603 3992 10478 END
START 26620 7648 16844 -9885 3550 7236 END
START 27456 8032 17960 -8607 3108 3539 END
START 27780 8360 19100 -6805 2507 -430 END
START 28068 8308 19684 -4868 2387 -4645 END
START 27748 7892 20232 -3141 2992 -8523 END
START 26500 7388 20036 -1316 3509 -11852 END
START 25156 6936 19840 215 3444 -14481 END
START 24020 6904 19580 1170 4023 -16476 END
START 22092 6528 19124 1828 5429 -18610 END
START 19800 6144 18432 2467 6747 -20767 END
START 18072 6156 18144 2851 8011 -22791 END
START 16652 6716 17844 3306 9729 -25149 END
START 15372 5108 17280 4586 11064 -28154 END
START 13268 5340 16300 6777 10921 -30406 END
START 11408 5200 15052 8628 10166 -31568 END
START 10000 5248 13368 8903 9451 -31905 END
START 8828 5660 12620 8118 9004 -31590 END
START 8400 5764 12744 7633 9301 -31080 END
START 8632 6140 12284 7452 11105 -30880 END
START 7104 4224 10812 7513 12342 -29293 END
START 4816 6216 10680 7327 12190 -27071 END
START 3868 6584 9896 6500 12819 -25581 END
START 2572 6896 9520 5327 13336 -24871 END
START 1732 7032 8892 4607 12972 -23497 END
START 780 6592 8440 4391 11656 -21738 END
START -88 7084 8172 4475 10398 -19777 END
START -1268 7072 7916 4508 9276 -17866 END
START -2436 7312 7428 4518 8537 -15658 END
START -3544 7552 6928 4149 7963 -13534 END
START -4836 7484 6356 3300 7174 -11337 END
START -7160 7356 6120 2309 5282 -9034 END
START -8740 5052 6400 1725 2694 -6386 END
START -8896 4996 5340 1346 -1296 -2508 END
START -8528 4556 5192 210 -4547 1846 END
START -6520 3696 5232 -1342 -4473 4853 END
START -5544 2764 5180 -3505 -2720 7049 END
START -4888 2096 4916 -6401 -1337 8483 END
START -5048 1612 5428 -7842 -874 10337 END
START -5152 1008 5896 -8047 -1455 13436 END
START -5024 1292 6060 -8209 -2673 17073 END
START -5320 1376 6128 -9173 -4213 20451 END
START -4984 628 5836 -10946 -6378 24808 END
START -4000 -620 6788 -12674 -7759 30100 END
START -1700 -1056 8268 -13940 -6081 32767 END
START -1368 -2920 9256 -14903 -3219 32767 END
START -428 -3004 8620 -16246 -2430 32767 END
START -392 -4524 9152 -17486 -4060 32767 END
START 600 -5964 10136 -18238 -6203 32767 END
START 2972 -7208 10660 -18950 -7210 32767 END
START 4980 -8328 11480 -19549 -6432 32767 END
START 8148 -9004 12904 -20725 -3722 32767 END
START 15004 -8008 16564 -21330 1992 32767 END
START 17432 -6020 19812 -19331 8790 32767 END
START 19140 -5792 21460 -16158 13134 32767 END
START 19672 -5940 22336 -13086 12777 32767 END
START 21592 -9236 23908 -10166 8538 32767 END