START 3256 2116 4680 -1597 -2812 1637 END
START -4552 4824 18908 -1966 -4288 2388 END
START 4592 2192 -728 -3151 -3983 2975 END
START 3736 2544 1620 -4889 -3696 4116 END
START 3160 2916 2996 -6417 -2464 4655 END
START 2440 3124 4516 -7638 -1362 4739 END
START 2336 2940 4428 -8592 -989 4938 END
START 2284 2696 4752 -9769 -2217 5365 END
START 2540 2840 5264 -10967 -3770 6361 END
START 2936 2796 5784 -12429 -5007 7321 END
START 3548 3036 6324 -13941 -5898 7947 END
START 3848 2824 7072 -15365 -5635 8023 END
START 3956 3104 7732 -16196 -5044 7708 END
START 3972 2928 8448 -16560 -4855 7288 END
START 4576 1968 9536 -16991 -5772 7225 END
START 5320 1396 10908 -17813 -6345 7726 END
START 6184 1300 12128 -18519 -5860 8387 END
START 6440 1748 13276 -19215 -4812 8586 END
START 6752 1752 14636 -19826 -3939 8474 END
START 7700 1624 16488 -20337 -3947 8491 END
START 8936 1112 17968 -20467 -4132 8005 END
START 9800 636 19500 -20504 -4356 6940 END
START 10452 380 20928 -20172 -4856 5711 END
START 10864 240 22640 -19512 -5529 4785 END
START 11636 -132 24080 -18725 -5924 3997 END
START 12140 -296 25496 -17840 -6065 3172 END
START 12848 -772 27100 -16721 -5940 1976 END
START 13284 -1388 28336 -14866 -6760 566 END
START 13928 -2308 29460 -11955 -9048 -1021 END
START 15080 -2644 30036 -9024 -11456 -3219 END
START 15752 -1752 30896 -6326 -12267 -6145 END
START 15492 -1008 31676 -3228 -11310 -9676 END
START 14284 -604 31436 -678 -7651 -12037 END
START 13320 -748 30820 868 -3183 -12880 END
START 11960 -1452 30036 1977 847 -12550 END
START 10532 -1568 29344 3018 3479 -11641 END
START 9424 -1216 28568 4213 4794 -11413 END
START 8548 -888 28192 5849 4441 -12423 END
START 8048 -780 27648 7841 3612 -14194 END
START 7776 -876 27216 10044 2930 -15722 END
START 7476 -1304 26684 12212 2815 -16807 END
START 6908 -1072 26084 14526 2612 -17015 END
START 6720 -992 24952 16896 2867 -16622 END
START 6828 -320 23880 18757 3785 -16015 END
START 7172 572 22500 20104 5703 -16000 END
START 7732 1212 21244 21079 7587 -16788 END
START 7420 1732 19648 21850 9040 -17988 END
START 6888 1828 18376 22152 9575 -18853 END
START 5960 2448 16884 22310 10017 -19142 END
START 5572 2984 15560 22328 10858 -18991 END
START 4504 3572 14176 22282 12364 -18945 END
START 3764 4276 12380 22217 13478 -18871 END
START 2976 4408 10760 22067 14237 -18875 END
START 1888 4712 9356 21577 13696 -18492 END
START 1052 4552 8436 21028 11778 -17893 END
START 412 5056 7756 20419 9485 -16470 END
START 300 5732 7036 19215 8214 -15582 END
START -88 6176 6232 17498 7696 -15502 END
START -732 6256 5560 15667 7440 -15658 END
START -1568 6080 5160 14143 6909 -15566 END
START -2656 6004 4508 13047 5877 -14507 END
START -3204 5876 4144 11878 4811 -12506 END
START -3420 5980 3596 10225 3980 -10270 END
START -3532 5892 3100 8021 4000 -8491 END
START -3600 5816 2784 5759 4239 -6896 END
START -4220 5512 2292 3693 3656 -5293 END
START -4836 5424 1988 1855 2600 -3574 END
START -5548 5080 1900 132 1607 -1905 END
START -6276 4972 1544 -1456 619 -164 END
START -6640 4984 1332 -2976 -749 1820 END
START -6776 4800 996 -4751 -2716 3918 END
START -6456 4816 1208 -6754 -4774 5686 END
START -6112 4640 1756 -8468 -6045 7225 END
START -5604 4188 2940 -9694 -6269 8361 END
START -5460 3912 3400 -10939 -6238 9505 END
START -5080 3720 3820 -12329 -6878 10897 END
START -4576 3384 4700 -14161 -7122 12644 END
START -3940 3048 5528 -15750 -6817 14251 END
START -3156 2748 6112 -16935 -6583 15452 END
START -2512 2312 6524 -17402 -7873 16395 END
START -936 2044 7240 -17720 -10271 17102 END
START 488 1700 8268 -18160 -11325 17174 END
START 1344 1780 9040 -18590 -10629 17035 END
START 1528 1488 9636 -19229 -9712 16616 END
START 1524 520 10528 -19670 -9006 16311 END
START 1348 -536 11336 -20153 -8772 16859 END
START 1736 -1628 12292 -20723 -8775 18313 END
START 2992 -2784 13352 -21731 -8762 20274 END
START 3388 -3236 15160 -22546 -7049 21574 END
START 3216 -4096 16700 -22654 -4403 22395 END
START 2580 -5008 17596 -22011 -2172 22856 END
START 2700 -6328 19124 -21495 -2026 23930 END
START 4216 -6836 20512 -21199 -2201 25755 END
START 6176 -7372 22728 -20995 -470 27487 END
START 7644 -7680 24392 -20534 3771 28754 END
START 8860 -7292 25652 -20141 9236 28897 END
START 9740 -6528 27204 -19656 13173 28279 END
START 11020 -6100 29492 -18801 13789 27578 END