START 4104 4332 3200 -4946 -1571 2761 END
START 9012 2996 -1196 -5032 -2923 3063 END
START 3992 4644 2044 -5582 -2565 2710 END
START 2700 4288 3836 -6375 -4346 2724 END
START 3432 3988 3112 -7390 -5620 3382 END
START 3224 3876 3356 -8437 -6363 4379 END
START 3040 4256 3992 -9684 -6667 5514 END
START 3524 3984 4440 -11114 -5874 6249 END
START 3664 3536 4964 -12886 -4548 6523 END
START 3936 2976 5520 -14431 -3707 6480 END
START 3824 2600 6504 -15640 -3422 6232 END
START 3260 2584 7396 -16547 -3859 6048 END
START 2684 2316 8412 -17170 -4839 6283 END
START 2768 1924 9188 -17866 -5946 7050 END
START 3536 1540 10212 -18796 -6996 7958 END
START 4776 1744 11464 -19667 -7290 8630 END
START 5764 1924 12596 -20353 -6447 8532 END
START 6288 2244 13956 -20995 -5550 7988 END
START 7004 1836 15268 -21603 -5164 7340 END
START 7972 1272 16712 -22130 -5019 6702 END
START 8964 740 18504 -22480 -5066 6122 END
START 9916 200 20608 -22397 -5088 5585 END
START 10396 360 22840 -21615 -5323 5148 END
START 11600 496 24544 -20284 -5537 4492 END
START 12924 88 26576 -19213 -5663 3432 END
START 14332 -472 28576 -18406 -6004 2284 END
START 15752 -1012 30836 -16964 -6073 805 END
START 16552 -764 32508 -14496 -5008 -1032 END
START 16344 -324 32767 -11635 -2557 -3189 END
START 15356 -112 32767 -9231 32 -5457 END
START 14028 -184 32767 -7194 1294 -7310 END
START 12992 -184 32767 -4875 1666 -9163 END
START 11880 -112 32767 -2467 2373 -11061 END
START 10440 -388 32564 60 3123 -13086 END
START 9156 -620 32168 2322 3023 -14570 END
START 8104 -1104 31784 4869 2739 -15735 END
START 7420 -1280 31316 7392 2672 -16291 END
START 6764 -1660 30448 9703 2983 -16572 END
START 6124 -1552 29816 11793 3040 -16478 END
START 6320 -1516 29420 13919 3277 -16348 END
START 7200 -1304 28888 15584 4460 -16170 END
START 7836 -728 28004 17355 7202 -16275 END
START 7600 8 25868 19468 11291 -17040 END
START 6556 784 22740 21503 14861 -18204 END
START 3924 976 19416 22896 15819 -18969 END
START 2432 420 16416 23382 14057 -18677 END
START 1460 -36 14680 22920 11735 -17420 END
START 524 216 14168 21898 11515 -16259 END
START -648 468 13616 21039 12323 -15273 END
START -2232 680 12488 21158 12622 -14283 END
START -3480 1000 11536 21592 11534 -13182 END
START -4128 1436 10708 21841 9221 -12119 END
START -3564 1820 10612 22118 6417 -11221 END
START -2720 2424 10444 22111 4286 -10784 END
START -2412 3340 9296 21410 3391 -10188 END
START -2572 3692 8128 20175 3812 -9402 END
START -2612 4236 6620 18404 4881 -8592 END
START -2748 4192 5064 16069 5624 -7849 END
START -2884 4320 4140 13401 5846 -7207 END
START -2876 4572 3236 10922 5578 -6534 END
START -3140 4544 2668 8400 4704 -5840 END
START -3500 4836 2376 6223 3353 -5145 END
START -3912 4760 2044 4799 1575 -4253 END
START -4276 4732 1576 3863 -427 -2988 END
START -4648 5032 1192 3111 -2266 -1567 END
START -4744 5436 616 1935 -3641 -184 END
START -4252 5724 368 -31 -4693 1077 END
START -4160 6168 400 -2386 -5242 2331 END
START -3892 6096 920 -4979 -5343 3734 END
START -3364 6176 1388 -6975 -5136 4988 END
START -2984 6136 1976 -8667 -4796 5273 END
START -3316 5716 2140 -10055 -5105 5224 END
START -3952 5196 2652 -11342 -6247 5472 END
START -4292 4704 3616 -12562 -7195 6542 END
START -4456 4284 4572 -13560 -7597 8125 END
START -4040 3712 5416 -14725 -7750 9946 END
START -3412 3188 6060 -16105 -7840 11139 END
START -3292 2536 7212 -17695 -7548 11877 END
START -3284 1408 7932 -19066 -7170 13023 END
START -2824 664 8292 -20770 -7544 14998 END
START -1896 -156 9012 -23943 -8037 17126 END
START -808 -1028 11244 -26689 -5863 19672 END
START -48 -1336 14080 -27825 -1304 22350 END
START -116 -1492 14920 -27228 2673 23024 END
START -536 -2252 14836 -26507 2875 22123 END
START -520 -3568 15724 -25967 -1072 21217 END
START 480 -5108 17700 -25276 -5597 21111 END
START 2188 -5964 19604 -24784 -7546 22190 END
START 3684 -6284 21404 -24603 -6030 23800 END
START 4580 -6320 21988 -24292 -1488 24582 END
START 4936 -6808 22460 -23882 2376 24635 END
START 5688 -7376 24272 -23352 3493 24924 END
START 7448 -7968 26480 -21962 3565 25527 END
START 9340 -8120 28284 -20487 3547 25679 END