START 892 2240 2972 -1273 -7674 66 END
START 5412 820 476 -1907 -8270 229 END
START 408 2556 1140 -3110 -7851 -86 END
START -344 2904 4752 -5006 -9077 -342 END
START 484 2664 4788 -6063 -8827 -381 END
START 588 2008 5308 -6992 -8496 -364 END
START 1384 2572 4980 -8005 -8411 -421 END
START 1112 2148 5688 -8856 -8548 -221 END
START 1012 2168 6176 -9600 -9309 335 END
START 956 1976 6388 -10326 -10300 1145 END
START 1068 2248 6928 -11222 -11053 1956 END
START 1540 2440 7472 -12481 -11087 2717 END
START 2088 2468 8896 -14106 -10134 2941 END
START 2332 2200 10164 -15349 -8658 2976 END
START 2264 2040 11304 -15896 -8239 3186 END
START 2064 2324 12516 -16071 -8758 3386 END
START 2416 2196 12984 -16128 -10280 3275 END
START 3012 1856 14244 -16953 -12279 2973 END
START 4032 2236 16016 -17707 -12575 2738 END
START 4536 1964 17692 -18127 -11530 2458 END
START 4268 1892 18464 -17956 -10428 2409 END
START 4672 1568 19268 -17743 -10307 2343 END
START 4860 840 20464 -17877 -11093 2453 END
START 5320 924 21992 -17414 -11724 2677 END
START 5984 1156 23728 -16770 -12084 2295 END
START 6880 460 24320 -15808 -11834 1519 END
START 7572 688 25712 -15169 -12545 780 END
START 8648 44 26996 -14043 -11634 298 END
START 9416 168 28464 -13412 -10820 42 END
START 10220 88 29996 -12253 -9153 -224 END
START 10664 268 31340 -10411 -7095 -832 END
START 10800 776 32296 -7957 -5496 -2437 END
START 10964 808 32724 -4915 -4678 -4745 END
START 10904 532 32448 -1791 -4281 -7077 END
START 10344 120 31572 741 -4397 -9250 END
START 9924 120 31096 2996 -4632 -10865 END
START 9056 188 30516 5462 -3765 -12119 END
START 8580 -16 29740 7896 -2130 -13152 END
START 7756 -308 28772 10268 -332 -14081 END
START 7328 -540 27732 12638 1525 -14863 END
START 6700 -908 27096 14961 2956 -15508 END
START 6192 -692 26240 17825 4577 -15658 END
START 5732 -312 25112 20250 6481 -15610 END
START 5920 156 22924 21856 8519 -16029 END
START 5480 340 20316 22085 9053 -16628 END
START 5156 824 18524 21084 7434 -17364 END
START 5204 1660 18188 20866 6561 -18380 END
START 4740 2192 17472 22060 7019 -19713 END
START 3520 2248 15668 23524 7494 -20549 END
START 2472 2552 13816 24273 7229 -20505 END
START 1800 3100 12240 24278 7329 -19764 END
START 1308 3116 10596 23345 8211 -18393 END
START 700 3372 9548 22007 8799 -16436 END
START 468 3556 8980 20560 9282 -14408 END
START 648 3784 8300 19009 10270 -13063 END
START 176 3976 8320 17478 11519 -12192 END
START -460 4296 8048 16348 12358 -11225 END
START -884 4312 7428 15179 11672 -10138 END
START -1416 4256 6596 13166 9354 -9206 END
START -2288 4884 6436 10949 6949 -8478 END
START -2800 5396 6348 9277 5835 -7835 END
START -3660 5688 6392 7971 5617 -7150 END
START -3796 6016 6236 6683 5359 -5811 END
START -3692 6188 5752 5165 5447 -4624 END
START -3776 6452 5244 3444 5490 -3774 END
START -4080 6708 4612 1916 4852 -2972 END
START -4756 7344 4244 676 3201 -2221 END
START -5024 7544 3924 -413 1533 -1469 END
START -5460 7800 3396 -1978 -293 -638 END
START -5704 7344 3048 -3743 -1930 607 END
START -5848 7084 3096 -5530 -2898 2409 END
START -5840 6632 3468 -7458 -3109 4196 END
START -5652 6188 3720 -9178 -2835 5615 END
START -5716 5172 4032 -10750 -2254 6735 END
START -6708 4296 4368 -12081 -2292 8137 END
START -6984 3480 4768 -13118 -3624 9930 END
START -7152 2268 5044 -14094 -5257 11755 END
START -6996 1464 5740 -15518 -6082 13696 END
START -6780 212 6756 -17029 -6034 15367 END
START -6688 -744 7592 -18185 -6044 17114 END
START -5932 -1752 8676 -19094 -6449 19361 END
START -4684 -2404 9296 -20365 -6104 21595 END
START -4008 -2968 10108 -21977 -5123 23397 END
START -3688 -3520 11060 -23511 -4651 25148 END
START -2644 -4196 12304 -24747 -5440 26968 END
START -1144 -4980 13568 -25588 -6461 28741 END
START 620 -5760 14984 -25956 -6317 29891 END
START 1376 -6068 16004 -26515 -5342 31062 END
START 2668 -6780 17456 -26900 -3788 32405 END
START 4024 -7004 19716 -27719 -1754 32767 END
START 5844 -7264 21740 -28292 -500 32767 END
START 7556 -7876 23868 -28790 -1396 32767 END
START 11380 -6612 28600 -28503 -2738 32767 END
START 15876 -9700 31736 -28387 -2847 32767 END
START 19480 -7432 32767 -24060 -577 32767 END
START 22144 -5592 32767 -17988 1736 24974 END
START 22600 -4528 32767 -11550 4120 16485 END