START 1376 3456 3692 -5673 287 53 END
START 5576 2268 1232 -5403 231 559 END
START 148 4276 1848 -5229 199 1125 END
START 2080 3184 1472 -5246 -1655 2694 END
START 504 3524 3700 -6433 -3203 3773 END
START 1968 3264 3780 -7410 -4776 4768 END
START 2872 3056 4312 -8564 -5372 5210 END
START 3704 2900 5028 -9829 -5386 5154 END
START 4088 3136 6008 -10956 -5355 5037 END
START 4136 2968 6972 -11507 -5217 5004 END
START 3932 2716 7972 -11767 -5300 5106 END
START 3896 2492 8336 -12119 -5768 5584 END
START 4180 2244 9180 -12707 -6142 6158 END
START 4964 1920 10064 -13455 -5844 6823 END
START 5696 1652 11152 -14233 -5029 7188 END
START 6064 1672 11924 -14841 -3841 7028 END
START 5896 1788 12608 -15516 -2897 6312 END
START 5620 1728 13472 -16000 -2964 5696 END
START 5752 912 14608 -16469 -3954 5442 END
START 6744 316 15480 -17081 -4739 5587 END
START 7672 304 16624 -17965 -4483 5645 END
START 8312 492 18092 -19057 -4274 5137 END
START 8648 432 19620 -19373 -4536 4132 END
START 9444 -172 20720 -19207 -5159 2870 END
START 9704 -1124 21720 -18665 -7131 1817 END
START 10684 -1552 22696 -18773 -8949 1098 END
START 12060 -2224 24964 -19294 -9269 320 END
START 13520 -2048 27384 -19099 -8138 -682 END
START 14200 -3256 30496 -17797 -5514 -2448 END
START 14832 -2588 32732 -14926 -3152 -4629 END
START 15284 -2572 32767 -11647 -1140 -6963 END
START 14820 -3304 32767 -7931 368 -9415 END
START 14272 -3796 32767 -4548 1396 -11084 END
START 13056 -4152 32767 -1224 2594 -12559 END
START 11236 -4396 32767 2118 3608 -13685 END
START 9796 -4476 32767 4553 4843 -14352 END
START 8240 -4708 32624 6374 5434 -14907 END
START 7004 -4848 31992 8654 5139 -15286 END
START 6288 -4504 30708 11273 4522 -15596 END
START 5812 -3732 29296 13536 4373 -16414 END
START 5460 -3432 28160 15516 4489 -17579 END
START 4860 -3140 26552 17655 5221 -18362 END
START 4436 -2936 24996 19140 7023 -18546 END
START 3784 -3236 23164 20145 8996 -18143 END
START 2516 -2648 21320 21114 9463 -16931 END
START 2096 -2180 19844 22036 9403 -16077 END
START 1852 -1280 18484 22836 9046 -15908 END
START 1648 -492 17356 23783 8972 -16574 END
START 1364 104 16104 25026 9167 -17617 END
START 956 216 14492 26000 9378 -18485 END
START 104 676 12864 26438 9115 -18668 END
START 216 1468 12256 26876 8730 -18620 END
START 332 2724 11820 28425 10392 -19761 END
START -892 2624 9668 29779 10873 -20477 END
START -1896 2700 7360 29356 7497 -19535 END
START -1364 3944 5500 25992 2738 -17461 END
START -696 5152 5588 21679 287 -15496 END
START 240 6188 6572 19080 2257 -14562 END
START -224 6604 6476 17913 6149 -14581 END
START -1752 6312 5304 17109 7624 -13900 END
START -2844 6096 3428 15651 6409 -11728 END
START -3268 6352 2108 13195 3159 -8958 END
START -2964 6676 1824 10102 574 -6826 END
START -3008 6284 1420 7183 -612 -5345 END
START -3316 6112 1212 4346 -959 -3674 END
START -3284 5928 1148 1957 174 -2023 END
START -4096 5832 824 -316 1240 -667 END
START -5004 5576 408 -2192 650 980 END
START -5784 5276 12 -3800 -1587 2825 END
START -6024 5240 -172 -5532 -4621 5057 END
START -5628 5348 32 -7691 -7172 7015 END
START -4676 5428 972 -9480 -7338 8134 END
START -4144 5316 1624 -10542 -5414 8641 END
START -4220 4652 2048 -11596 -4697 9340 END
START -4000 4392 2968 -12772 -5723 10443 END
START -3516 3760 4344 -13886 -6510 11399 END
START -3100 3116 5524 -14809 -6995 12437 END
START -2740 2656 6700 -15279 -6868 13388 END
START -2636 2180 7304 -15509 -5983 14034 END
START -2952 2056 7952 -16139 -5736 14705 END
START -2888 1592 8516 -16896 -5741 15839 END
START -2420 1332 8844 -17555 -5239 16934 END
START -1740 696 9096 -18790 -4736 17605 END
START -1512 156 9548 -20173 -3524 18300 END
START -1552 -156 10944 -21332 -2687 19421 END
START -472 -800 12280 -22256 -2859 20786 END
START 676 -1304 13700 -22953 -3516 21655 END
START 2136 -1792 15028 -22776 -3232 21670 END
START 2524 -2600 15016 -22359 -1137 20592 END
START 1556 -3344 15004 -22574 597 19622 END
START 360 -4228 15968 -23439 468 20289 END
START 916 -5348 18108 -23812 -934 22199 END
START 2716 -6200 20128 -23621 -1077 24202 END
START 4560 -6764 20724 -23047 827 24932 END
START 5184 -7428 21112 -22549 3103 24285 END
START 6072 -8660 22688 -22575 3237 23340 END
START 7664 -8980 26160 -22673 1862 24044 END
START 10208 -8736 29656 -21562 1712 25268 END
START 13104 -8148 31944 -19468 3777 25198 END
START 15172 -7636 32767 -16629 6525 22870 END
START 16260 -6624 32767 -13341 8005 19868 END
START 18480 -5708 32767 -10465 8622 15761 END