START 3148 2528 3072 -1498 -1696 -198 END
START 9164 964 -2936 -1813 -2429 -15 END
START 2684 2136 2748 -2610 -2343 -188 END
START 1440 2008 3176 -3704 -3877 372 END
START 1620 2296 2708 -4769 -5456 1753 END
START 2392 2112 2520 -6012 -6017 3043 END
START 3232 1836 2128 -7395 -5769 3632 END
START 3856 1564 2120 -9353 -5944 3692 END
START 4248 1436 3096 -11552 -5834 3289 END
START 4268 1388 4696 -12331 -4906 3192 END
START 3960 1600 5156 -12185 -4602 3602 END
START 3736 1848 5024 -12258 -5677 4188 END
START 3880 2008 4640 -12910 -7084 4453 END
START 3704 1972 4460 -14070 -7894 4326 END
START 3632 1472 5024 -14824 -7987 4038 END
START 3704 928 5548 -15192 -7994 3523 END
START 4020 456 6348 -16212 -8715 3472 END
START 4668 -204 8036 -17267 -8761 4130 END
START 5032 -248 8976 -18251 -7730 4960 END
START 5136 -408 9992 -19166 -5775 5317 END
START 5068 -420 11088 -20068 -4776 5618 END
START 5296 -984 12856 -20842 -5390 5992 END
START 6548 -1320 15132 -21567 -6899 6811 END
START 8156 -1600 17548 -21972 -6912 7294 END
START 9116 -1568 19644 -22817 -6059 7543 END
START 10544 -1496 22488 -23399 -5466 7499 END
START 12148 -1332 26344 -22995 -4538 6630 END
START 13132 -1188 29280 -21549 -3644 4717 END
START 14164 -1200 32300 -19449 -3809 2688 END
START 15072 -1220 32767 -16773 -4012 549 END
START 15620 -1100 32767 -13592 -3452 -1458 END
START 16284 -1312 32767 -10286 -2934 -3556 END
START 16732 -1432 32767 -6978 -2110 -5724 END
START 16492 -1324 32767 -3719 -767 -8042 END
START 15268 -1428 32767 -470 853 -10168 END
START 13796 -1812 32767 2722 2096 -11927 END
START 11712 -2120 32767 6324 2923 -13393 END
START 10128 -2140 32767 9693 3548 -14537 END
START 8640 -2492 32767 12275 3608 -15513 END
START 7540 -2656 32767 14719 3413 -16139 END
START 6840 -3104 31840 17115 3548 -16574 END
START 6040 -3076 30232 19249 4656 -16785 END
START 5560 -2964 28644 20940 6273 -16899 END
START 5452 -2792 27528 22341 8109 -16996 END
START 6484 -2608 26404 23092 11200 -17611 END
START 6468 -2728 24564 24459 15399 -18925 END
START 5344 -3420 19636 25922 16241 -19450 END
START 3292 -2776 16688 26475 14951 -19285 END
START 1644 -1836 13808 26729 13318 -19216 END
START 944 420 12532 27543 9734 -18488 END
START 692 136 11060 26657 7901 -18167 END
START 1256 504 10448 26216 8180 -17677 END
START 1644 1244 9312 25165 11054 -16904 END
START 564 2188 7924 23349 14082 -16109 END
START -360 2388 5948 21615 14721 -14628 END
START -1292 2964 4432 19456 12797 -12737 END
START -1480 3664 3584 17441 11280 -11109 END
START -1684 4344 3120 15556 10053 -10045 END
START -1924 5144 2696 13571 8389 -8938 END
START -1992 5568 2576 11934 7673 -8004 END
START -2068 5600 2172 10234 7970 -7469 END
START -3444 5720 1444 8450 7712 -6681 END
START -4204 5360 1336 7107 5900 -5204 END
START -4436 5420 864 5723 4179 -3310 END
START -4108 5396 492 4021 3247 -1853 END
START -4080 5496 348 2295 2786 -939 END
START -4464 5440 184 712 1864 -482 END
START -4676 5376 88 -384 482 -20 END
START -5240 5228 52 -1318 -1389 459 END
START -5440 5360 4 -2268 -3568 1253 END
START -5640 5500 196 -3339 -5377 2358 END
START -5420 5576 504 -4668 -6443 3614 END
START -5240 5556 972 -6269 -6749 4957 END
START -5160 5192 1412 -7920 -7131 6329 END
START -4852 4896 2196 -9707 -7973 7459 END
START -4676 4260 3364 -11188 -8077 8263 END
START -4424 3936 4480 -12506 -7950 9310 END
START -4304 3080 5152 -13667 -8129 10555 END
START -3952 2584 6108 -14834 -7985 11990 END
START -3772 1676 7308 -16227 -6456 13189 END
START -4328 852 8184 -17468 -5449 14818 END
START -4196 520 8588 -18260 -5979 16813 END
START -3292 272 9448 -19123 -7308 18514 END
START -2236 -472 10024 -20445 -7320 19881 END
START -992 -488 11088 -22833 -5868 21301 END
START -496 -316 12524 -24628 -2942 21763 END
START -784 -728 12840 -25313 -1985 21663 END
START -584 -2096 13924 -25523 -3476 21344 END
START 684 -3536 16468 -25421 -5297 22036 END
START 1768 -4660 18016 -24683 -5066 22824 END
START 2204 -5380 19004 -24336 -4590 23422 END
START 2436 -5792 19444 -23883 -3603 23734 END
START 2428 -6220 19540 -23445 -2643 24016 END
START 3288 -7128 20524 -23431 -2108 25087 END
START 5328 -7556 22520 -24106 -1428 27244 END
START 8056 -7952 24828 -24719 865 29382 END
START 10580 -7916 26492 -25644 3822 30127 END
START 12780 -7784 29184 -26163 6321 28568 END
START 14020 -7440 32044 -24557 7703 25290 END