START 2692 3660 2608 -407 -3068 1023 END
START -7008 6644 18736 -827 -5191 1599 END
START 1276 3804 2936 -1963 -3804 1449 END
START 792 3432 3476 -3452 -4470 2276 END
START 1396 3028 3136 -4606 -3757 3003 END
START 2272 2608 1796 -5701 -3013 3194 END
START 2408 2636 1756 -6732 -2936 3234 END
START 2576 1880 1728 -8121 -3691 3259 END
START 2672 952 2200 -9596 -4312 3860 END
START 2080 1232 3116 -10935 -5197 5405 END
START 2380 1724 3848 -11643 -6676 7301 END
START 2928 1968 4424 -12311 -7508 9041 END
START 3588 2572 4656 -13711 -7319 10270 END
START 4540 2236 5428 -15682 -6613 11244 END
START 5456 1636 6668 -17659 -5481 12128 END
START 5868 908 8120 -19296 -4288 12782 END
START 6260 -160 9668 -20835 -3437 13190 END
START 6716 -656 10952 -21826 -3564 13210 END
START 7316 -652 12744 -21741 -4390 12755 END
START 7832 -488 14324 -21427 -5946 11845 END
START 8528 -840 15580 -20941 -6822 10826 END
START 9364 -952 17236 -20385 -6368 10031 END
START 10028 -1344 18744 -20263 -5594 9530 END
START 10644 -1148 20200 -20290 -4909 9244 END
START 11448 -768 21676 -20264 -4684 8990 END
START 12408 -1216 23476 -19757 -4699 8499 END
START 13548 -1144 25260 -18712 -4828 7611 END
START 14804 -1588 27292 -17191 -4590 6089 END
START 15628 -1368 28988 -15356 -4722 4413 END
START 16384 -3048 31160 -13096 -5866 3069 END
START 17976 -1976 32767 -10380 -5523 1427 END
START 18504 -1936 32767 -7222 -3470 -1311 END
START 18172 -1256 32767 -3714 -1110 -4338 END
START 17604 -856 32767 -68 991 -7684 END
START 16324 -404 32767 2663 2637 -10871 END
START 14376 -448 32468 4796 4221 -13561 END
START 12156 -796 31028 6816 5476 -15160 END
START 9964 -956 29816 8631 6065 -15766 END
START 8492 -892 28592 10061 5785 -15810 END
START 7544 -892 27860 11703 5202 -15719 END
START 6956 -524 26552 13570 4576 -16027 END
START 6628 -448 25552 15478 3792 -16801 END
START 6052 -32 24288 16960 2964 -17638 END
START 5752 -136 23184 18070 2504 -18192 END
START 5240 -392 21976 19309 2061 -18085 END
START 4420 152 20776 20314 1527 -17235 END
START 4692 1036 19644 20852 1589 -16246 END
START 5292 2168 18984 21139 3320 -15934 END
START 5324 2644 17676 21180 5455 -16203 END
START 5260 3428 16284 20908 6988 -16370 END
START 4212 3704 14680 20642 7470 -16878 END
START 4088 3156 12984 20685 7070 -17150 END
START 3036 3708 11748 20783 5462 -16697 END
START 3256 4360 11012 20632 4483 -16342 END
START 3528 4936 10212 20295 6432 -17135 END
START 2072 5084 9428 19600 9802 -17936 END
START 1816 4692 7724 18917 11455 -18615 END
START 552 5456 6584 17739 10998 -19100 END
START -1036 5372 5828 15914 7434 -18023 END
START -1776 5808 5516 14246 3928 -15605 END
START -2108 6092 5648 12484 2171 -12952 END
START -2040 6384 5680 10638 1443 -10566 END
START -1052 6488 5792 8780 1790 -8608 END
START -360 6564 5728 7094 2625 -8038 END
START -664 6112 5492 5672 2183 -8020 END
START -1036 5916 5120 4387 614 -7236 END
START -1672 5576 5000 3045 -664 -5691 END
START -2180 5544 4608 1301 -1739 -3767 END
START -2724 5088 4324 -766 -2753 -1268 END
START -2672 4740 4368 -2653 -3091 1969 END
START -1592 4608 4584 -4293 -2215 4082 END
START -820 4588 4720 -5735 -804 4304 END
START -1156 4552 4556 -7057 -969 4189 END
START -1412 4464 4928 -8014 -2688 4609 END
START -1516 4668 5780 -8514 -4324 5623 END
START -1316 4780 6076 -8876 -4885 6618 END
START -732 4752 6192 -9448 -4528 7186 END
START -976 4816 6216 -10348 -3632 7381 END
START -1300 4648 6272 -11530 -3104 7829 END
START -1548 3968 6644 -12669 -3116 8695 END
START -1860 3476 7088 -13500 -3561 9914 END
START -2256 2712 7608 -14288 -4231 11050 END
START -2444 2360 8532 -14952 -5102 12390 END
START -2308 2236 9160 -15058 -5365 14218 END
START -1740 2312 9056 -15237 -5210 15719 END
START -876 1600 9024 -15929 -5293 16689 END
START -412 1088 9408 -16619 -5210 17421 END
START 244 -668 10688 -17729 -5457 18511 END
START 480 -3176 12844 -19127 -5353 19736 END
START 212 -5444 15168 -20373 -5053 21863 END
START -132 -6592 17040 -20769 -4526 24862 END
START 1672 -5652 18732 -19873 -2303 26702 END
START 2816 -4992 19184 -18842 256 26506 END
START 3664 -4980 19356 -18171 1552 26585 END
START 4832 -5648 20280 -18424 2604 27379 END
START 5852 -6508 21360 -19467 4352 28316 END
START 6560 -7688 24176 -21841 5259 29521 END
START 7096 -7240 27080 -23240 5082 31937 END
START 9684 -7656 29832 -22712 4383 32767 END
START 13700 -5880 32160 -20497 5854 32767 END
START 16760 -4584 32767 -17354 8856 30716 END