START 1244 444 10828 -2152 -7158 -771 END
START -6696 3884 20844 -2386 -7303 -689 END
START -1096 1680 8912 -3127 -7869 -543 END
START 488 1500 7552 -4252 -7253 -369 END
START 664 1672 7960 -4902 -7267 -40 END
START 708 1928 8028 -5443 -7565 261 END
START 1132 1488 7488 -6228 -8340 234 END
START 1176 1528 7404 -6877 -8986 372 END
START 944 1752 7660 -7538 -9680 778 END
START 1224 1784 7764 -8047 -10002 1294 END
START 1800 1708 7772 -8672 -9762 2008 END
START 2232 1552 7988 -9655 -9088 2568 END
START 2952 1020 8452 -10713 -8246 2969 END
START 3500 496 9412 -11385 -7716 3172 END
START 3592 952 10380 -11788 -6984 3415 END
START 3592 808 10896 -12127 -6091 3545 END
START 3308 620 11384 -12721 -5179 3738 END
START 3080 184 12292 -13665 -4632 3957 END
START 3136 24 13688 -14749 -4875 4112 END
START 3560 -428 15124 -15468 -5460 4124 END
START 4172 -940 17064 -15732 -6151 4066 END
START 4644 -872 18776 -15968 -6208 4180 END
START 4852 -416 20848 -16190 -6090 4227 END
START 5332 -364 23548 -15700 -5909 4414 END
START 6364 -124 25760 -14689 -5918 4293 END
START 7688 384 28120 -13498 -6287 3324 END
START 8640 476 30352 -11874 -6097 1836 END
START 9688 520 32172 -9980 -6020 183 END
START 10108 488 32767 -8112 -5662 -1147 END
START 10300 408 32767 -5945 -4937 -2504 END
START 10148 376 32767 -3659 -4436 -3804 END
START 10076 296 32767 -1349 -4065 -5095 END
START 9820 108 32767 755 -3585 -6411 END
START 9140 68 32767 2728 -3141 -7661 END
START 8576 -32 32444 4594 -2455 -9056 END
START 7776 -284 31064 6541 -1333 -10371 END
START 6720 -872 29808 8748 -428 -11341 END
START 5444 -1136 28132 10806 -243 -11783 END
START 4752 -1432 26672 12422 -586 -11912 END
START 4696 -1432 25780 13706 -953 -12187 END
START 4608 -1164 25148 15604 -630 -12602 END
START 4468 -1128 23980 17746 -99 -13087 END
START 4112 -1012 23148 19333 603 -13538 END
START 3940 -1100 21992 20158 1523 -13589 END
START 3956 -916 21464 20792 2393 -13348 END
START 3896 -484 21364 21443 3381 -13066 END
START 4048 -52 20708 22156 4257 -12903 END
START 3564 520 19456 23419 5145 -13200 END
START 2744 828 17740 25105 4948 -13599 END
START 1768 1196 15760 26358 4027 -13642 END
START 1448 2252 14032 26801 2704 -13362 END
START 1692 2724 12528 26413 1540 -13501 END
START 1952 3388 11000 25556 1846 -14415 END
START 1064 4072 9244 24372 2566 -15005 END
START -36 4576 7024 22795 2107 -14655 END
START -480 5192 5136 20938 1282 -13581 END
START -132 5524 3780 18810 1067 -12426 END
START 68 5916 2984 16348 2494 -11806 END
START 244 5892 2224 13908 4401 -11411 END
START -268 5648 2044 11579 5524 -11057 END
START -852 5120 1356 9734 4962 -10250 END
START -1556 5004 516 8097 3904 -8959 END
START -1788 4764 -148 6415 2945 -7592 END
START -2204 4380 -1200 4079 2459 -6170 END
START -3040 4116 -1760 958 2181 -4705 END
START -3956 3800 -1768 -2018 2578 -2957 END
START -4988 3148 -1672 -4745 3364 -476 END
START -5900 2940 -1284 -7407 3046 2166 END
START -6548 2720 -888 -9894 2345 4926 END
START -6812 2276 -384 -11964 1241 7440 END
START -7092 2044 80 -13660 41 9762 END
START -7300 1480 668 -15098 -1329 11805 END
START -7220 768 1300 -16916 -2099 14102 END
START -7184 268 2396 -19127 -2282 16176 END
START -6824 -104 3220 -21028 -2265 18338 END
START -6184 -560 4384 -22681 -2576 20163 END
START -5256 -1000 5236 -24114 -3324 21572 END
START -4468 -1560 5832 -25934 -4292 22606 END
START -3732 -2732 7040 -26994 -4804 23541 END
START -3212 -3484 8524 -27992 -5216 24566 END
START -2196 -4520 10148 -28598 -6296 25788 END
START -276 -5900 12600 -28853 -7509 27098 END
START 1984 -6900 15196 -27959 -7171 27410 END
START 3180 -8728 16220 -26294 -4479 27420 END
START 3012 -10320 17032 -25472 -2519 26272 END
START 3364 -10552 20180 -24726 -3561 27179 END
START 5860 -9588 24916 -22845 -2755 29816 END
START 9984 -8764 29132 -21358 1580 31971 END
START 13736 -7808 30804 -21290 6319 31853 END
START 15516 -6380 32767 -22493 9399 28088 END
START 16140 -5616 32767 -19823 11633 22167 END
START 15120 -5312 32767 -14099 11289 17345 END
START 14592 -4724 32767 -9163 9080 14493 END
START 14332 -4552 32767 -5763 8041 12881 END
START 15416 -3728 32767 -2323 7511 11711 END
START 16296 -3012 32767 353 7495 9814 END