START 5892 3492 3064 -3562 -2514 2445 END
START 4328 4328 11188 -3909 -2781 2345 END
START 8432 2820 -2580 -4971 -1858 1582 END
START 6108 2784 1172 -6589 -3004 1073 END
START 5020 2952 2328 -7947 -4122 1131 END
START 4384 2676 2896 -9188 -5462 1791 END
START 4356 2396 3464 -10281 -6803 3234 END
START 4848 2476 3744 -11631 -7397 4986 END
START 5284 2668 3732 -13705 -6892 5944 END
START 5220 2864 3696 -15817 -5960 5730 END
START 4908 2464 3940 -17749 -5517 4748 END
START 4692 1720 5620 -19553 -6355 4369 END
START 5156 772 7988 -20320 -7314 5193 END
START 5548 572 10308 -20545 -7819 6697 END
START 6520 700 11608 -19990 -6777 7563 END
START 6852 760 12012 -19595 -4919 7584 END
START 7088 356 12584 -20207 -4027 7322 END
START 7868 -292 13772 -21242 -4656 7416 END
START 8952 -636 15772 -21748 -5768 7802 END
START 10324 -440 17880 -21687 -6101 8048 END
START 11808 -204 19644 -21327 -5167 7805 END
START 13020 -476 21780 -21130 -3994 6875 END
START 13836 -456 23804 -20280 -2698 5547 END
START 14276 -796 25644 -19290 -2022 3837 END
START 14680 -1000 27548 -17396 -1824 1993 END
START 15264 -1196 29248 -14848 -2669 273 END
START 15704 -1092 30736 -12756 -3094 -1476 END
START 15968 -1160 32160 -10665 -2403 -3415 END
START 16364 -1220 32767 -7937 -822 -5456 END
START 16228 -1324 32767 -4856 1066 -7517 END
START 15460 -1656 32767 -1831 2639 -9553 END
START 14420 -1556 32767 1253 3794 -11295 END
START 13228 -1508 32767 4401 5500 -13077 END
START 11460 -1724 32767 7495 6925 -14659 END
START 9820 -1932 31676 10035 7554 -15800 END
START 8500 -1688 30720 12532 7631 -16557 END
START 7732 -1336 29740 15360 8041 -17064 END
START 7652 -1016 28292 17932 9442 -18221 END
START 7380 -620 25960 19347 11876 -20145 END
START 6556 -660 23908 19719 13324 -21800 END
START 4864 -668 22112 19945 13512 -22159 END
START 3464 -848 20488 21022 12461 -21093 END
START 2452 -588 19228 22267 11285 -19288 END
START 2648 -220 17600 23063 11214 -17807 END
START 2532 716 16520 23713 10781 -16845 END
START 2168 1448 15048 24796 11370 -16609 END
START 1024 2212 13108 25614 11168 -16661 END
START 344 2404 11472 25992 8820 -16155 END
START 732 3232 10212 25065 5827 -15582 END
START 1272 3872 9376 23085 5103 -15631 END
START 664 4556 8472 21437 6048 -15499 END
START -420 4908 7536 19879 6992 -15164 END
START -1208 5216 6600 18689 8091 -15258 END
START -2296 4860 5972 17854 8215 -14932 END
START -2764 4664 5192 16939 6733 -13526 END
START -2664 5136 4428 15275 4326 -11610 END
START -2188 5364 4144 13212 2443 -10335 END
START -2452 5096 3864 11139 2115 -9567 END
START -3308 5424 3508 9024 3234 -8555 END
START -4176 5004 2928 6915 4504 -7100 END
START -5164 4744 2224 4876 4275 -5079 END
START -5444 4676 1752 3131 2760 -2888 END
START -5368 5048 1824 1482 1239 -1213 END
START -5496 4916 1616 75 -5 171 END
START -5916 5116 1672 -1077 -1498 1385 END
START -6192 5328 1896 -2280 -3520 2967 END
START -5952 5496 2020 -3453 -5066 4441 END
START -5820 5996 2344 -4918 -5891 6161 END
START -4880 6116 2728 -6777 -6134 7618 END
START -3984 6064 3232 -8608 -5983 8270 END
START -3900 5620 4000 -10182 -6364 8698 END
START -3732 5196 5228 -11292 -7059 9249 END
START -3780 4640 6128 -11899 -7499 10005 END
START -3516 4120 6584 -12387 -8060 10863 END
START -3396 3808 6980 -12696 -8146 11760 END
START -2968 3288 7088 -13487 -8396 12793 END
START -2016 3008 7556 -15281 -9062 14001 END
START -1088 2804 8940 -17157 -9120 15109 END
START -236 2428 10056 -18330 -8146 15938 END
START 500 1928 10760 -19048 -6703 16259 END
START 376 1360 11312 -19509 -5485 16078 END
START 252 504 12212 -20238 -5893 16533 END
START 1048 -12 13564 -20715 -6792 17692 END
START 1848 -612 14764 -20538 -6517 18669 END
START 2344 -1528 14944 -20037 -5560 19128 END
START 2076 -2176 15124 -19833 -4863 18934 END
START 1988 -3136 15984 -20585 -4385 19173 END
START 2504 -4092 17476 -21314 -3627 20693 END
START 3372 -4800 18628 -21805 -2157 22519 END
START 4460 -4992 19432 -22109 -400 23816 END
START 5076 -5192 20312 -22166 1686 24225 END
START 5756 -5476 21532 -22062 3455 24576 END
START 6868 -6032 24228 -22159 4163 25754 END
START 8864 -5972 26692 -22651 4172 28113 END