START 1568 4148 728 -2107 -3185 5232 END
START 1856 4124 6248 -2732 -3813 5620 END
START -2440 5380 5864 -4308 -3038 5727 END
START 2144 3828 -1024 -6980 -1280 5512 END
START 1248 4008 284 -8822 -139 5283 END
START 420 3144 576 -10140 78 5460 END
START 388 2688 756 -11347 -1147 6334 END
START 164 2568 1348 -12904 -3252 7622 END
START 868 2500 1756 -14988 -5378 8804 END
START 1556 2616 3008 -16894 -6684 9782 END
START 2012 2752 4544 -17951 -6355 10160 END
START 1924 2680 5720 -18232 -5228 10219 END
START 2040 2620 6756 -18301 -5875 10438 END
START 2580 2712 7296 -18801 -7944 10975 END
START 3764 2928 8216 -19726 -10023 11313 END
START 4284 3252 9480 -20567 -11439 11096 END
START 5324 3988 10296 -21062 -11639 10577 END
START 5436 3788 11308 -21718 -11593 10000 END
START 6388 3488 13080 -22917 -11344 10179 END
START 7660 2988 14180 -24031 -10484 10836 END
START 8536 3216 15716 -25459 -9527 10992 END
START 9076 3352 16648 -26700 -8682 10339 END
START 9068 2724 17568 -27686 -8863 9282 END
START 9676 1736 18412 -27681 -10439 8203 END
START 9720 552 19268 -27978 -13585 6866 END
START 11132 -244 20868 -28127 -16464 5650 END
START 12012 -508 22768 -27500 -17837 4399 END
START 13284 -896 25756 -25332 -16674 3179 END
START 15720 -1728 28508 -22287 -13233 2169 END
START 18104 -1460 30768 -19880 -8367 -705 END
START 19092 -2260 32767 -16544 -4868 -4638 END
START 18372 -3836 32767 -11785 -4590 -7741 END
START 18120 -4344 32767 -7663 -5970 -9252 END
START 18232 -4536 32767 -4142 -5871 -10307 END
START 18324 -4116 32767 -50 -3088 -11656 END
START 17464 -3956 32767 3852 732 -13653 END
START 15936 -3788 32696 7030 2730 -15921 END
START 14352 -3748 31140 9936 3019 -18109 END
START 12444 -3556 29640 12775 2014 -20030 END
START 11480 -3492 28504 15652 694 -21477 END
START 11424 -3132 27412 18303 1411 -22362 END
START 11720 -2808 26480 19812 4656 -22428 END
START 11540 -2316 25596 20875 9894 -22020 END
START 10352 -1888 23752 21700 15005 -21441 END
START 8828 -1852 22160 23165 18188 -21149 END
START 7740 -1656 20584 25416 18299 -20313 END
START 7008 -836 19128 26644 17877 -20378 END
START 6308 -216 17892 27513 18977 -20787 END
START 5416 -124 16344 28153 21320 -20649 END
START 4108 768 14052 28194 24619 -20284 END
START 2928 740 11672 27360 26909 -20160 END
START 1680 492 9204 25754 25899 -19482 END
START 164 1160 7724 23991 21940 -18540 END
START -1316 1656 7536 22894 18314 -17822 END
START -2532 3348 7184 22777 15331 -17128 END
START -3608 3496 6324 23169 11751 -16349 END
START -3916 4364 5264 22920 8553 -15447 END
START -3844 5244 4708 21699 7017 -14123 END
START -4064 6048 3692 19732 7216 -12478 END
START -4528 6408 2476 16685 6420 -10756 END
START -4660 6724 2012 13795 5184 -8822 END
START -4784 6864 1724 11360 4803 -6759 END
START -5276 6936 1152 8935 3836 -4563 END
START -5084 6816 844 6875 2212 -2276 END
START -4116 7216 868 5079 1340 -715 END
START -3772 6992 676 3574 1351 -384 END
START -3948 7168 -124 2172 565 -211 END
START -4804 7248 -204 666 -1014 242 END
START -5300 7256 -796 -447 -2632 1201 END
START -5740 7328 -856 -1724 -4744 2507 END
START -5844 7356 -940 -3075 -7096 3920 END
START -5092 7208 -816 -4248 -8888 5160 END
START -4512 7064 -520 -5752 -9694 5945 END
START -4100 6932 216 -7475 -8856 6684 END
START -4208 6612 524 -9171 -7779 7449 END
START -4596 6288 1092 -10960 -7959 8358 END
START -4532 5760 2144 -12495 -9291 9913 END
START -3856 5348 3200 -13599 -10245 11587 END
START -2564 4764 4668 -14827 -9438 12669 END
START -2388 4296 5748 -16153 -8014 13209 END
START -2780 3688 6720 -17110 -6711 13454 END
START -3664 2952 7592 -17402 -6134 14044 END
START -4048 2100 8268 -17391 -6513 15439 END
START -3696 1412 8964 -17985 -7283 17062 END
START -2608 864 9832 -19527 -7683 18665 END
START -1752 212 11020 -20748 -6412 20014 END
START -1208 -448 12132 -21687 -4482 20859 END
START -1428 -952 12764 -22672 -3063 21628 END
START -1572 -1584 13784 -23523 -2163 22570 END
START -1092 -2616 14748 -24060 -2837 24020 END
START 300 -3700 16288 -24532 -4632 25404 END
START 2308 -4852 18260 -24934 -4939 26752 END
START 3616 -5756 19728 -24917 -2996 27163 END
START 3816 -6500 20932 -24784 -546 27312 END
START 3940 -6996 22384 -24575 447 28405 END
START 5968 -7592 24172 -24561 445 30853 END
START 8892 -7580 26152 -24755 1022 32767 END
START 11740 -8000 27472 -25336 2673 32767 END
START 14752 -8464 29332 -25941 4921 32767 END
START 17476 -8460 32660 -25511 7867 32767 END
START 18528 -7956 32767 -23383 9150 28970 END