START 3464 1052 6904 -4422 -8481 2339 END
START -1144 3768 7484 -4968 -7128 1710 END
START -384 2944 7632 -6303 -8590 1302 END
START 2992 2228 4692 -8084 -7173 -644 END
START 3076 1544 4200 -8187 -6440 -1913 END
START 1844 940 4456 -7539 -7341 -1884 END
START 1668 832 3964 -7257 -8386 -488 END
START 1748 896 3396 -8320 -7956 987 END
START 2024 940 3284 -10302 -7036 2242 END
START 1864 1288 4336 -12012 -6020 3217 END
START 1828 1452 5316 -13060 -5523 4057 END
START 2324 1076 6052 -13758 -5133 4451 END
START 2368 360 6876 -14314 -4735 4464 END
START 2004 -68 7656 -14470 -4480 4444 END
START 1604 -476 8532 -14728 -4757 4612 END
START 1692 -588 9400 -15045 -5527 5292 END
START 2252 -780 10356 -15871 -6330 6139 END
START 3096 -872 11636 -17063 -6502 6847 END
START 3744 -676 12552 -18273 -5977 6783 END
START 4164 -424 13948 -19175 -5611 6367 END
START 4876 -336 15120 -19405 -5504 5545 END
START 5668 -644 16804 -19610 -6253 4805 END
START 6500 -1108 18880 -19725 -7368 4192 END
START 7204 -1424 20980 -19806 -7719 3677 END
START 8280 -1544 23252 -19660 -7229 3412 END
START 9148 -2136 25552 -19198 -6180 2823 END
START 10344 -2536 28160 -18473 -5787 2180 END
START 11560 -2532 31068 -17233 -5328 1113 END
START 12564 -2444 32767 -15268 -4204 -608 END
START 12924 -3024 32767 -12667 -3589 -2698 END
START 12916 -3216 32767 -9730 -4753 -4948 END
START 12980 -3152 32767 -6679 -5492 -7175 END
START 12800 -3200 32767 -3489 -4424 -9210 END
START 11632 -3448 32767 -340 -2979 -10956 END
START 10032 -3688 32767 2639 -1664 -12258 END
START 8548 -3924 32767 5983 -51 -13396 END
START 7148 -4392 32767 9457 1170 -13997 END
START 6300 -4668 32767 12377 1725 -14227 END
START 5220 -5008 32767 14927 2294 -14429 END
START 4720 -5064 31612 17200 2631 -14590 END
START 4208 -4596 30344 18989 2271 -15119 END
START 3824 -4036 28972 21542 2364 -15673 END
START 3472 -3840 26904 24225 2727 -16141 END
START 3356 -3108 25080 26199 3313 -16351 END
START 3560 -2608 23432 27771 4634 -16215 END
START 3616 -1912 21104 29263 6463 -15673 END
START 3148 -1180 18096 29612 7800 -15527 END
START 2580 -676 15244 28792 7476 -15782 END
START 2068 -380 13424 27683 6345 -16103 END
START 1220 660 11884 26659 5232 -16296 END
START 884 956 11140 26020 4939 -16243 END
START 732 1516 10016 25384 5071 -15687 END
START 716 2084 9028 24615 5770 -14719 END
START 500 2936 7668 23681 7129 -13800 END
START -68 3580 6152 22294 7862 -12915 END
START -396 3812 4508 20669 7414 -12054 END
START -568 4204 3204 18432 6151 -11247 END
START -816 4544 2680 15929 4758 -10307 END
START -780 4824 2304 13361 3591 -9175 END
START -1040 5000 2040 11298 3164 -8115 END
START -1568 5204 1704 9571 3248 -6805 END
START -1792 5384 1184 7785 3532 -5761 END
START -2268 5184 512 5893 3247 -4869 END
START -2548 4720 -88 4108 2733 -3862 END
START -3188 4448 -368 2527 1810 -2771 END
START -3592 4088 -580 1105 737 -1698 END
START -4220 4100 -648 -374 -181 -512 END
START -4692 3936 -636 -1906 -1108 842 END
START -5152 3604 -408 -3507 -2250 2524 END
START -5112 3548 172 -5051 -3193 4501 END
START -5028 3612 604 -6615 -3731 6274 END
START -4780 3288 1032 -8415 -3592 7876 END
START -4636 2844 1348 -10674 -3471 9258 END
START -4544 2980 2672 -12644 -3950 10333 END
START -4256 2676 4240 -13638 -4566 11552 END
START -3648 2436 5280 -14163 -4718 12691 END
START -3408 2360 5776 -14888 -4847 13583 END
START -3076 1584 6500 -16002 -4893 14240 END
START -3056 728 7592 -16998 -4447 14987 END
START -2864 128 9096 -17880 -4556 16119 END
START -2268 -80 10880 -18340 -4588 17393 END
START -1140 -464 12132 -18531 -4912 18894 END
START 540 -968 13076 -18511 -4640 19517 END
START 1688 -1588 13976 -17545 -2015 17787 END
START 1028 -3200 14420 -15734 -847 15123 END
START 568 -4132 14816 -15280 -4165 14455 END
START 996 -4000 16140 -16325 -8556 15893 END
START 2484 -3628 18024 -16767 -8271 18879 END
START 4072 -3128 17024 -18553 -3938 21286 END
START 4576 -3788 16568 -22280 1691 22229 END
START 3988 -4776 19284 -25158 5169 23243 END
START 5132 -5368 23412 -25555 5802 26137 END
START 8612 -5136 26592 -24721 6812 28133 END
START 11740 -4676 28820 -24381 8440 28073 END
START 14272 -4060 31268 -23940 10493 26083 END
START 16264 -3240 32767 -22580 13134 23039 END
START 17540 -2292 32767 -19883 15604 19353 END
START 17924 -2372 32767 -16315 16615 15447 END