START 3704 1612 5620 -7595 -4625 1193 END
START -3624 5004 12528 -8161 -5781 1229 END
START 556 2936 5176 -9396 -6921 1088 END
START 2120 2612 4428 -10770 -7149 1007 END
START 2384 2840 4908 -11563 -6849 1270 END
START 2296 2860 5580 -11996 -6322 1712 END
START 2284 2980 5848 -12433 -6122 2184 END
START 2108 3024 6224 -13422 -6788 2667 END
START 2448 3088 6824 -14702 -7940 3198 END
START 3172 3288 8028 -16017 -8509 3807 END
START 3812 3200 9348 -17328 -7135 4193 END
START 3632 3028 10524 -18554 -4560 4051 END
START 2736 2724 10976 -18878 -2320 3864 END
START 1804 2296 11132 -18616 -1659 3839 END
START 1352 2236 11788 -18590 -3105 4068 END
START 1440 2388 12728 -19016 -5190 4518 END
START 1344 3092 13572 -19135 -6672 4408 END
START 1480 2672 14672 -19393 -7980 3936 END
START 2988 1828 16260 -20167 -9558 4020 END
START 5036 796 18488 -20882 -9843 4342 END
START 6360 96 20780 -21468 -8904 4346 END
START 7092 148 22600 -21566 -7280 4148 END
START 7216 440 24348 -21056 -6064 3517 END
START 7228 588 25644 -19602 -5681 2886 END
START 7640 436 27076 -17646 -5919 2149 END
START 8276 128 27672 -15534 -6464 1420 END
START 8980 408 28348 -14176 -7069 671 END
START 9592 516 29336 -13430 -7309 -227 END
START 9984 404 30608 -12359 -6557 -1182 END
START 10300 432 31744 -10403 -5516 -2068 END
START 10488 404 32604 -7903 -4293 -2976 END
START 10752 420 32767 -5511 -3514 -4238 END
START 10888 436 32767 -2558 -2581 -5778 END
START 10332 400 32767 750 -1490 -7749 END
START 9604 208 32767 3688 -506 -9756 END
START 8420 8 31744 5993 147 -11522 END
START 7248 -220 30760 8052 399 -12805 END
START 6252 -512 29916 10657 1000 -13857 END
START 5040 -880 28588 13333 1536 -14402 END
START 4212 -776 27260 15854 1646 -14480 END
START 3812 -488 25720 18087 1590 -14463 END
START 3796 -132 24440 19809 2425 -14633 END
START 3932 20 23016 21227 3965 -14926 END
START 3636 328 21884 22336 5371 -15210 END
START 3612 812 20524 23243 6388 -15273 END
START 3240 1060 18896 23925 7076 -15737 END
START 2792 1612 17480 24685 6958 -16179 END
START 2368 2296 16460 25440 6469 -16530 END
START 2324 2460 15304 25859 5568 -16569 END
START 2312 3048 14624 26125 5178 -16415 END
START 2216 3252 13660 26161 5454 -16232 END
START 1892 3120 12504 26160 6196 -16492 END
START 1120 3688 11116 25609 7127 -15980 END
START 500 4072 10420 24731 7409 -14645 END
START -156 4844 9340 23996 8209 -13055 END
START -324 5400 8440 22921 8716 -11730 END
START 44 6224 7284 21233 8833 -10851 END
START 52 6704 6060 19234 7987 -10690 END
START -300 6876 5168 16931 6496 -10933 END
START -632 7156 4176 14451 5266 -10846 END
START -1836 6564 4032 12650 4035 -10983 END
START -1804 6860 3396 10567 3517 -9866 END
START -2864 6616 3452 8500 3280 -8239 END
START -2792 6580 2732 5976 3208 -6266 END
START -3032 6488 2264 3253 3301 -4388 END
START -3360 6184 2212 106 3024 -2869 END
START -3212 5892 1396 -2584 2232 -1405 END
START -3820 5752 1400 -5715 100 -263 END
START -4100 5628 1776 -8167 -1252 655 END
START -4664 5296 2368 -9623 -1936 1998 END
START -4740 4996 3116 -10337 -2063 3762 END
START -4844 4508 3356 -10801 -2104 5557 END
START -5040 3988 3336 -11668 -3126 7326 END
START -5104 3756 3068 -13044 -4903 9321 END
START -4724 3964 3436 -15630 -7565 11189 END
START -3708 3708 5304 -18581 -8923 12550 END
START -2808 3200 7200 -20546 -7244 13165 END
START -2796 2308 8836 -21592 -4356 13729 END
START -3548 1616 9100 -21947 -1496 14872 END
START -4356 644 9300 -22491 -65 16399 END
START -5324 -192 9348 -23118 -510 18171 END
START -4952 -284 10084 -24125 -2785 20219 END
START -3340 -976 11072 -24983 -5996 22283 END
START -1056 -912 12556 -25515 -7224 22714 END
START 224 -1236 13708 -25231 -5612 21811 END
START -8 -1648 14280 -24949 -3380 21244 END
START 48 -2248 15276 -25328 -1928 21868 END
START 388 -3136 17180 -25755 -1548 23393 END
START 1812 -3560 19084 -25218 -1156 24840 END
START 3584 -3192 20048 -24011 224 24766 END
START 4444 -3436 20652 -23154 2151 23301 END
START 4896 -3692 22104 -23249 3453 22470 END
START 5916 -4424 24704 -22892 4209 22573 END
START 7072 -4900 26924 -21727 5471 23068 END
START 7728 -5168 28316 -20415 7381 23003 END
START 7856 -5380 28876 -19067 8964 22576 END
START 7528 -5720 29760 -17397 9148 21814 END
START 8264 -5620 31068 -14967 7570 20361 END
START 9192 -5404 32080 -11734 5900 17695 END