START 5072 2608 -1360 -4784 -650 8139 END
START -4448 5556 12180 -5543 -1368 9169 END
START 4624 2916 -5072 -7276 468 10659 END
START 3688 1604 -3176 -8988 407 14544 END
START 3520 2112 -1180 -8915 -964 19240 END
START 4828 2740 572 -8686 -861 22663 END
START 7192 3172 1360 -9384 1219 23716 END
START 8624 4168 1492 -10719 4922 23392 END
START 8968 3688 1540 -11803 6720 22771 END
START 8768 3540 1784 -11791 6025 22945 END
START 9760 4388 2384 -11310 4540 23947 END
START 10544 3744 3172 -10957 3956 25425 END
START 11320 3684 3984 -10591 4053 26982 END
START 13436 3636 5240 -10333 5671 28277 END
START 15316 4072 6120 -10323 9318 28469 END
START 16852 4064 6432 -11642 12683 27958 END
START 17636 3836 6504 -13272 13707 27069 END
START 18696 3056 7040 -14276 11799 25780 END
START 19692 2692 7728 -14806 8596 24206 END
START 21132 2988 9480 -15070 5687 22605 END
START 23236 3056 11116 -14848 4365 20103 END
START 25312 3128 12588 -13983 4621 16743 END
START 26844 2884 13568 -13231 5662 12844 END
START 27760 3264 14260 -12652 6228 8879 END
START 28328 3164 14968 -12174 6321 5043 END
START 28384 2928 15656 -11500 5784 1551 END
START 28152 2864 16356 -10683 4709 -1517 END
START 28140 3464 17656 -9665 3862 -4783 END
START 28240 4384 19068 -8246 4272 -8110 END
START 28176 4304 19964 -6481 6061 -11250 END
START 26872 3912 20460 -4626 9133 -14155 END
START 25024 3248 20512 -2721 11758 -16428 END
START 22984 2052 20444 -607 12851 -18117 END
START 20252 2280 20200 1374 13252 -19030 END
START 18468 2508 20244 2819 13520 -20275 END
START 16968 3204 20456 4275 14589 -22009 END
START 15328 3772 20140 6039 16457 -24184 END
START 13828 4144 19308 7685 18914 -26610 END
START 12544 4232 17968 8999 21170 -29035 END
START 11568 2728 16652 10337 22189 -31410 END
START 9912 2716 14908 12168 21290 -32688 END
START 8140 3560 13384 13204 18818 -32291 END
START 7124 4280 12124 13709 15903 -31713 END
START 6984 5216 11420 13659 14006 -32011 END
START 6152 6288 11036 13548 14610 -32768 END
START 5412 5696 9940 13280 16524 -32768 END
START 3260 5196 8588 13427 16947 -32768 END
START 1232 5788 7372 13123 14916 -31271 END
START 40 5992 5972 12197 11865 -27422 END
START -1236 6288 5456 10456 8528 -23858 END
START -1548 6908 5276 8390 7163 -21020 END
START -1448 7148 5780 6502 8157 -19867 END
START -1720 7068 5640 4824 10715 -19239 END
START -3080 6704 5080 3017 12290 -18233 END
START -4588 5628 4692 1248 11374 -16221 END
START -6516 4420 4688 306 9235 -12925 END
START -7992 4732 4332 -601 6602 -9051 END
START -9296 4264 3884 -1605 3613 -4535 END
START -9924 4096 3788 -3192 1044 629 END
START -8896 3616 3944 -5261 77 4580 END
START -8368 3364 4664 -7545 1281 6660 END
START -8116 3084 5148 -9680 2757 8010 END
START -8684 2536 5692 -10960 2808 9270 END
START -9224 1464 5840 -11132 195 11359 END
START -9788 1024 5936 -10765 -4223 14459 END
START -9792 584 6424 -10621 -8418 18461 END
START -9396 -8 6760 -11501 -10596 23208 END
START -8648 -776 7292 -13667 -11281 28687 END
START -6044 -1732 8932 -16121 -8950 32767 END
START -4164 -2016 10128 -18165 -4663 32767 END
START -4088 -3424 11004 -18929 -2631 32767 END
START -4060 -4136 11008 -17769 -3500 32767 END
START -4144 -4956 11000 -16091 -6308 32767 END
START -3568 -6372 10368 -14907 -9666 32767 END
START -1544 -7552 10656 -14582 -12273 32767 END
START 2336 -8080 12188 -14167 -11722 32767 END
START 6584 -8312 14280 -12941 -7084 32767 END
START 10156 -8032 15008 -12062 -722 32767 END
START 11772 -7940 15804 -12173 2775 32767 END
START 13964 -7572 15664 -12953 3035 32767 END
START 16496 -8312 17036 -15273 1308 32767 END
START 19836 -8580 19932 -16404 -1722 32767 END
START 23576 -8796 23112 -14666 -4549 32767 END
START 29156 -8948 24168 -10304 -5330 32767 END
START 32767 -4284 27060 -6734 -3002 31556 END