START 2428 2740 4904 -6538 -7092 3104 END
START -4400 5160 16908 -6815 -8146 3430 END
START 3172 3136 1576 -7671 -7747 3298 END
START 3012 2956 3160 -8754 -7847 3208 END
START 2688 3072 4516 -9806 -7529 2761 END
START 2604 4188 5704 -10879 -7789 2645 END
START 2164 2764 6176 -12408 -7166 2420 END
START 1844 2152 7048 -13426 -7105 2563 END
START 1636 804 7744 -14940 -6911 3411 END
START 1300 656 8744 -16522 -7224 4894 END
START 1412 840 9924 -17682 -7464 6668 END
START 1924 836 11212 -18632 -7250 7669 END
START 2944 552 12400 -19481 -8374 8267 END
START 4388 340 13924 -19820 -9634 8532 END
START 5584 556 15176 -19583 -9696 8076 END
START 5920 900 15968 -19202 -9180 6928 END
START 6096 916 16412 -19048 -9118 5461 END
START 6436 320 17872 -19259 -10148 4426 END
START 7524 -912 19960 -19283 -10776 4124 END
START 8532 -1248 21512 -18830 -9317 3899 END
START 8936 -1308 22440 -18407 -7365 3553 END
START 8956 -1336 23600 -18113 -6876 2885 END
START 8856 -1384 24788 -16975 -7136 2229 END
START 9048 -1200 25980 -15302 -7301 1363 END
START 9316 -1620 27016 -13968 -7599 493 END
START 10392 -2144 28524 -12711 -7784 -378 END
START 10952 -2360 30456 -10915 -7007 -1461 END
START 11196 -2264 32484 -8569 -6371 -2560 END
START 11104 -2120 32767 -5828 -5877 -3767 END
START 11408 -1988 32767 -2299 -5407 -5372 END
START 11496 -1912 32767 2026 -4251 -7965 END
START 11312 -1864 32767 6100 -3721 -10919 END
START 11252 -1984 32767 10391 -3393 -13683 END
START 10208 -1572 32767 14388 -2653 -15792 END
START 8956 -1632 32767 17969 -1842 -17182 END
START 8544 -1548 32388 21716 -756 -18158 END
START 8184 -1752 31060 24823 700 -18880 END
START 7484 -1600 28648 27384 2280 -19610 END
START 6932 -1720 25740 28983 2980 -20125 END
START 6088 -1004 23064 28975 2897 -20094 END
START 5300 -180 20720 27284 3720 -20131 END
START 5068 348 19208 25229 5034 -19638 END
START 5108 844 18428 23786 6634 -18846 END
START 5228 1292 17496 23520 9056 -18490 END
START 4784 1676 15784 23524 11250 -18731 END
START 3568 2360 13200 23043 11753 -18768 END
START 2148 2528 11180 21928 9919 -18291 END
START 1704 3000 9832 20961 7397 -17112 END
START 1452 3320 9056 19826 5770 -15741 END
START 1564 4608 8444 17987 4899 -14353 END
START 1752 5160 7900 15724 5980 -13414 END
START 1264 5296 6932 13426 7749 -12680 END
START 104 5332 6328 11806 8469 -11550 END
START -916 5408 5520 10519 7550 -9997 END
START -1436 5552 4912 9158 6055 -8215 END
START -1604 5832 4496 7822 4759 -6725 END
START -1336 5804 4052 6158 4030 -5823 END
START -1280 6116 3920 4526 3817 -5559 END
START -1604 6184 3896 3295 3956 -5816 END
START -2608 6004 3792 2429 3868 -5628 END
START -3500 5824 3428 1757 2819 -4587 END
START -3900 5428 2888 1220 1049 -2931 END
START -3856 5612 2628 114 -614 -1195 END
START -3596 5416 2652 -1449 -1701 7 END
START -3516 5324 2564 -3088 -1859 638 END
START -3956 5200 3140 -4538 -1672 901 END
START -4864 5280 3420 -5259 -2048 1686 END
START -5576 5240 3580 -5596 -3099 3367 END
START -5672 5036 3872 -5903 -4599 5445 END
START -5120 4680 3940 -6443 -5462 7241 END
START -4512 4196 3492 -7249 -5596 8372 END
START -4248 3112 3316 -8741 -6323 9017 END
START -3588 1956 3824 -10414 -6323 9354 END
START -4528 1216 4648 -11480 -6099 9881 END
START -5564 -256 5320 -11591 -7539 10952 END
START -6448 -1400 6312 -10723 -11439 12446 END
START -5884 -1644 6840 -10645 -14629 15205 END
START -3700 -1820 8040 -11076 -14496 18215 END
START -1252 -2116 9240 -12508 -10529 20641 END
START 580 -2436 10128 -14753 -5907 22461 END
START 1368 -2360 11500 -17752 -3089 24021 END
START 2528 -2308 13432 -20667 -2596 25685 END
START 3708 -2632 15872 -22073 -2785 26398 END
START 5168 -2816 17960 -22437 -1819 26287 END
START 6536 -3404 20252 -22231 -225 26155 END
START 8924 -3024 23508 -22410 2786 26796 END
START 11448 -2536 26660 -23197 8002 27710 END
START 13248 -1592 29592 -24163 13936 28157 END
START 13328 -816 30984 -23763 18569 27096 END