START 3288 3400 3772 -5736 -845 2757 END
START 9212 1708 -6100 -5767 -2102 3151 END
START 632 4132 6704 -6536 -3001 3195 END
START 1896 3816 5680 -8046 -5788 3976 END
START 3664 4344 5680 -9659 -6627 4874 END
START 5080 4600 5440 -10973 -5781 5486 END
START 5416 4460 6152 -11937 -4507 5786 END
START 5136 4328 6372 -12553 -2889 5508 END
START 4212 4276 6588 -12896 -1921 5181 END
START 3528 3156 6868 -13114 -2329 5100 END
START 3296 2584 7268 -13327 -4160 5578 END
START 3528 2340 7916 -13825 -5745 6388 END
START 3912 2292 8688 -14780 -5797 7137 END
START 4248 2192 9304 -16091 -4394 7691 END
START 4416 1892 10288 -17403 -2529 7718 END
START 4488 1164 11592 -18356 -1635 7833 END
START 4920 76 12564 -18727 -1959 8234 END
START 5664 -692 13268 -18923 -2608 8570 END
START 6284 -124 14328 -19508 -3079 8555 END
START 6748 228 15724 -20517 -3215 8069 END
START 7360 -64 17236 -21025 -3453 7693 END
START 8248 -584 18540 -21337 -3867 7611 END
START 9228 -992 19564 -21185 -3956 7323 END
START 10284 -1392 20792 -20761 -3669 6604 END
START 11120 -952 22652 -20250 -3051 5318 END
START 11664 -780 24468 -19535 -2410 3690 END
START 12036 -1212 25640 -18568 -2419 2073 END
START 12364 -1504 27348 -17311 -3187 728 END
START 13388 -1956 29336 -15628 -4202 -504 END
START 14508 -2140 31488 -13617 -4491 -2047 END
START 15580 -2320 32767 -11223 -3309 -3918 END
START 15948 -2224 32767 -8397 -1379 -5965 END
START 15760 -2364 32767 -5282 544 -8011 END
START 15028 -2488 32767 -1901 1908 -9956 END
START 14048 -2632 32767 1422 2604 -11706 END
START 12840 -2668 32767 4641 3673 -13509 END
START 11420 -2768 32767 7462 4903 -15225 END
START 9640 -2972 32008 9809 5746 -16409 END
START 8068 -2980 30492 11905 6011 -17070 END
START 6840 -2872 29116 13949 6198 -17499 END
START 5984 -2736 28044 16231 6448 -17926 END
START 5288 -2332 26620 18581 6545 -18443 END
START 4960 -2080 24964 20773 6812 -19086 END
START 4232 -1656 23400 22433 6895 -19707 END
START 3704 -1212 21900 23517 6274 -19901 END
START 3576 -588 20508 24326 5732 -19587 END
START 3320 280 19308 24982 6091 -19687 END
START 3100 572 17872 25506 6755 -20014 END
START 2424 1004 16312 25672 7185 -19899 END
START 2312 1324 15176 25176 7175 -19385 END
START 1876 2040 14364 24487 7207 -18798 END
START 1684 2400 13168 24124 7297 -18732 END
START 1064 2532 11828 23940 7643 -18921 END
START -340 2884 10104 23581 8052 -18840 END
START -1348 2856 8340 22783 8223 -18302 END
START -2548 2664 7092 22155 7573 -17109 END
START -2796 3424 6296 21301 6036 -15653 END
START -2172 4100 6456 20223 4969 -14233 END
START -1424 5056 5996 19045 5027 -13208 END
START -1360 5400 5256 17663 5101 -13127 END
START -1640 5236 4076 15608 3963 -13118 END
START -2508 5184 3272 13445 1498 -12577 END
START -3204 5228 2324 11520 77 -11250 END
START -3780 4860 1908 9126 102 -9531 END
START -4564 4680 1352 6418 862 -7368 END
START -4992 4364 872 3383 1237 -4935 END
START -5312 4116 808 718 1515 -2706 END
START -5500 3904 1044 -1352 1489 -1163 END
START -5912 3768 1124 -2881 517 396 END
START -6072 3524 1172 -3963 -1311 2196 END
START -6280 3548 1440 -5448 -3429 4370 END
START -6020 3528 1744 -7050 -4987 6653 END
START -5748 3516 2204 -8789 -6097 8755 END
START -5092 3496 3112 -10170 -6679 10505 END
START -4288 3396 3856 -11379 -6604 11748 END
START -3552 2736 4288 -12675 -5792 12245 END
START -3724 2416 5036 -14293 -5595 12756 END
START -3732 2100 5824 -16022 -7146 13764 END
START -3248 1564 7308 -17247 -8702 15476 END
START -2840 960 8584 -17955 -8782 17199 END
START -1800 208 8780 -18383 -7527 18545 END
START -1380 -316 8820 -19173 -5727 19064 END
START -1244 -1068 9124 -20617 -4542 19588 END
START -904 -1528 10592 -22169 -4906 20901 END
START 296 -2160 12352 -23672 -5577 22762 END
START 1380 -2540 13564 -24540 -5121 23683 END
START 1876 -2964 13872 -24434 -3533 23761 END
START 1888 -4012 14744 -24657 -1970 23209 END
START 1716 -4904 16532 -25569 -2112 23595 END
START 2420 -5796 18572 -25826 -3036 25071 END
START 3720 -6352 20164 -24977 -3258 26587 END
START 4824 -6588 20744 -23727 -1899 27267 END
START 5784 -7016 21004 -23523 -65 27329 END
START 6676 -7104 23440 -24322 1620 27563 END
START 8572 -7252 26456 -24603 3321 28137 END
START 10652 -7176 29364 -23701 5514 28518 END
START 12484 -6692 31032 -22251 8458 28058 END
START 13332 -5916 31676 -20201 11439 26207 END
START 13348 -5628 31528 -17411 13593 22496 END
START 13432 -5732 32536 -14778 12946 18172 END
START 13908 -5516 32767 -11876 9686 14984 END