START 3092 3716 1172 185 -4734 2311 END
START 8616 2088 -7604 -116 -5758 2832 END
START 1160 4632 2964 -1121 -6045 3314 END
START 2244 4560 1476 -3303 -7374 3808 END
START 3388 4932 964 -5600 -8220 4007 END
START 4120 4700 620 -7599 -8643 3867 END
START 4076 4940 720 -9463 -8562 3799 END
START 4512 4508 820 -11293 -9235 4148 END
START 4220 4840 1560 -13702 -10081 4731 END
START 4292 5152 3424 -14988 -9545 5968 END
START 4560 5784 4504 -14834 -7529 7614 END
START 5056 5884 4056 -14761 -5983 8500 END
START 5232 5596 3992 -17051 -6741 8191 END
START 5384 5384 5468 -19015 -7728 7363 END
START 5224 4428 7668 -18759 -8487 7034 END
START 5404 3396 9184 -17568 -8909 7702 END
START 6252 2660 9748 -17239 -9048 8931 END
START 7044 2240 11004 -18458 -9168 10314 END
START 8528 2844 12820 -19316 -8410 11453 END
START 9572 2704 14408 -18996 -7264 12268 END
START 10516 2724 15356 -18721 -6354 12512 END
START 11336 2892 15848 -18757 -5938 12057 END
START 11592 3396 16716 -18806 -6184 11070 END
START 12276 3336 17856 -18220 -5883 9893 END
START 12880 2916 18184 -18031 -6212 8773 END
START 13220 3412 19336 -18351 -7206 7735 END
START 14036 2756 20836 -18018 -8269 6722 END
START 15228 2708 22208 -17111 -8418 5441 END
START 15860 2108 23412 -15857 -8288 3735 END
START 16948 1388 24648 -14466 -8796 2383 END
START 18748 696 26500 -12740 -9272 1441 END
START 20568 348 27972 -10768 -8843 268 END
START 20852 792 28892 -8794 -8151 -1549 END
START 21160 1264 29492 -6378 -6959 -4042 END
START 20880 1680 30036 -3418 -5341 -7379 END
START 20004 1572 29468 -298 -3357 -10869 END
START 18984 1004 28380 1593 -1746 -13706 END
START 17520 252 27772 2741 -823 -15539 END
START 16432 -48 27560 4582 484 -16456 END
START 15256 -484 27444 6333 2887 -17032 END
START 14344 -260 26644 8536 5293 -17550 END
START 13532 -320 26040 10751 7479 -18384 END
START 12692 -248 25268 13869 9353 -19192 END
START 12060 -408 23476 16925 11300 -20131 END
START 11544 -500 20916 18337 11835 -21051 END
START 11252 160 19864 18269 11248 -22765 END
START 10652 540 19612 19346 11819 -24026 END
START 9556 528 17640 21053 12517 -24747 END
START 8308 928 15672 21943 12583 -25420 END
START 7596 1808 14084 22181 12919 -25834 END
START 6948 2568 12816 21725 14200 -26052 END
START 5940 3456 11704 21032 15586 -26278 END
START 4424 3792 10072 21082 16690 -26355 END
START 2896 4104 7784 20625 16232 -25778 END
START 1440 3148 6388 18973 13049 -25158 END
START -252 4512 5540 17733 9117 -22995 END
START -540 5204 5668 16676 7218 -20547 END
START -384 6036 5864 15481 8054 -19087 END
START -1492 6336 5752 14181 9803 -18637 END
START -2400 6580 4928 12833 10595 -17407 END
START -3884 6456 4400 11449 10607 -15635 END
START -4500 5876 3460 10015 9123 -12915 END
START -5452 6308 2568 7692 5334 -9406 END
START -5888 6764 2160 5148 2473 -6150 END
START -5616 7012 2472 2897 1642 -2622 END
START -4824 7012 2512 596 2474 -93 END
START -4632 7052 2520 -1256 3912 538 END
START -5572 6656 2288 -2566 3599 598 END
START -6288 6456 1776 -3164 1335 1146 END
START -6960 6128 1444 -3625 -2023 2701 END
START -7132 6004 1428 -4708 -5251 5091 END
START -7088 5616 1824 -6053 -6639 7710 END
START -6388 5424 2104 -7529 -6066 10504 END
START -5804 4580 2696 -9408 -5146 12777 END
START -5224 3836 3580 -10768 -4732 13950 END
START -5192 2988 4012 -11510 -4945 15093 END
START -4924 2012 4580 -11902 -5641 16431 END
START -4772 1028 4876 -12595 -6297 18227 END
START -4316 -36 5096 -13741 -7716 20115 END
START -3516 -372 5516 -14841 -8471 21531 END
START -2660 -824 6444 -15535 -7610 22793 END
START -2436 -1528 6944 -16450 -6229 24518 END
START -2216 -2448 7736 -17531 -4982 26563 END
START -2068 -3284 8372 -18327 -4232 28959 END
START -1852 -4136 9784 -18892 -3456 31446 END
START -744 -4568 10244 -19484 -2693 32767 END
START 556 -5304 11416 -20620 -2441 32767 END
START 2500 -6048 13516 -22348 -2126 32767 END
START 4624 -6488 15468 -23862 -648 32767 END
START 7988 -6964 18144 -25283 2428 32767 END
START 12216 -6688 21576 -25928 7269 32767 END
START 15772 -6200 24492 -25429 13320 32767 END
START 18504 -5748 27220 -24654 16499 32767 END
START 19868 -5332 29644 -22778 16289 32538 END