START 13984 776 17604 -697 -3457 -2425 END
START 11520 2412 25760 -449 -4373 -2680 END
START 16976 1192 12728 -401 -4375 -3881 END
START 12880 2492 18692 -2 -4119 -5555 END
START 13680 2744 18404 613 -3476 -7001 END
START 14096 2808 17824 1234 -2266 -8435 END
START 13704 2636 17412 1492 -877 -9927 END
START 13180 2584 16576 1325 -1 -11377 END
START 11924 2556 16248 1150 -21 -12669 END
START 10700 3236 16200 1090 -391 -14068 END
START 9700 3172 16696 1111 -917 -15411 END
START 9040 3296 17000 1368 -1678 -16406 END
START 8468 3212 17200 1601 -1829 -17173 END
START 7484 3188 17300 1790 -1092 -18210 END
START 6220 2844 17376 1979 -326 -19262 END
START 4916 2256 17448 2121 228 -20022 END
START 3656 2024 17528 2350 676 -20441 END
START 2436 1568 17584 2378 756 -20714 END
START 520 1536 17612 2544 832 -20992 END
START -1220 1100 17312 2899 261 -21004 END
START -3120 1084 17176 3415 -1421 -20903 END
START -4368 1092 17120 4201 -3527 -20570 END
START -5404 1520 16904 4675 -3448 -19714 END
START -6876 1192 16320 4097 -1618 -17921 END
START -8188 1480 16188 3233 198 -15726 END
START -9084 1616 15636 2758 1317 -13600 END
START -10060 1716 14852 2659 1077 -11953 END
START -10832 2072 14200 2767 -167 -10760 END
START -11676 2440 13984 2960 -1963 -9856 END
START -12124 2820 13648 2874 -3476 -8656 END
START -12216 3112 13492 2658 -4062 -6987 END
START -12284 3280 13136 2042 -3909 -4720 END
START -12096 3452 12680 1068 -3591 -2141 END
START -11512 3672 12356 -219 -2787 466 END
START -10828 3832 12400 -1313 -2037 2713 END
START -9836 4068 12800 -2225 -1869 4652 END
START -8668 3940 13092 -2500 -1959 5701 END
START -7872 3536 13464 -2216 -2055 6320 END
START -7532 2764 13344 -1951 -1825 6963 END
START -7424 2084 12920 -2003 -1470 7918 END
START -7724 1060 12444 -2625 -1076 9264 END
START -7988 400 12464 -3194 -742 11019 END
START -7832 272 12192 -3661 -803 13019 END
START -8044 24 11896 -4254 -1561 14766 END
START -7384 276 12080 -4748 -3080 16525 END
START -6088 256 12184 -4659 -4351 18074 END
START -4592 332 12140 -4855 -4800 19369 END
START -3224 -184 12088 -5481 -4359 20389 END
START -2232 -288 12592 -6277 -2862 21221 END
START -1568 -700 12872 -6963 -1460 22162 END
START -840 -792 12916 -7550 -735 22943 END
START 20 -644 13480 -8361 -1318 23619 END
START 1128 -272 14200 -8552 -2246 23988 END
START 2720 -520 14956 -8684 -2290 24003 END
START 3336 -368 15596 -9127 -1426 23748 END
START 4132 -488 16296 -9618 -821 23224 END
START 5088 -832 17280 -9747 -1037 22741 END
START 6516 -1492 18212 -9668 -1554 22469 END
START 7828 -1764 19084 -9565 -1410 21916 END
START 9112 -2032 20304 -9493 -919 21114 END
START 10524 -1512 21544 -9124 -344 19745 END
START 11740 -1624 22716 -8177 -299 18110 END
START 12876 -1444 23264 -6952 -340 16323 END
START 13788 -1556 23392 -6103 -100 14209 END
START 14368 -1712 23220 -5370 -351 11962 END
START 14872 -1632 23288 -4475 -578 9691 END
START 15304 -1752 23588 -3624 -192 7788 END
START 15080 -1304 23488 -2788 858 5896 END
START 14308 -1324 23004 -1967 2213 3813 END
START 13076 -1672 22000 -1184 2942 1767 END
START 12160 -2452 21028 -401 2223 541 END
START 12384 -3116 20224 -67 932 32 END
START 12696 -3416 19920 51 617 -335 END
START 13124 -3804 19532 -39 1330 -838 END
START 13368 -3804 19064 -322 2613 -1218 END
START 13624 -3884 18836 -395 3497 -1881 END
START 13692 -3720 18360 -204 3925 -3199 END
START 13848 -3712 17768 -96 4226 -4877 END
START 13808 -4196 17440 257 3940 -6906 END
START 13560 -4472 16872 703 3517 -8829 END
START 13324 -5040 16552 969 3323 -10497 END
START 13088 -5500 16176 968 3865 -12009 END
START 12552 -5800 15904 830 4728 -13159 END
START 12112 -5944 15668 616 5405 -13793 END
START 11592 -5792 15492 342 5597 -14419 END
START 11100 -5564 15288 31 5958 -15333 END
START 10876 -4872 15672 -1 6530 -16732 END
START 9956 -4488 15696 219 7108 -18649 END
START 8916 -4176 15436 45 7167 -20534 END
START 7672 -3784 15476 -668 7044 -22285 END
START 5824 -3564 15884 -1411 7067 -24262 END
START 3628 -3528 16516 -2276 6914 -26401 END
START 604 -3596 18228 -1680 6380 -28493 END
START -2532 -4408 18924 649 5736 -30191 END
START -5712 -5648 18708 1503 5087 -31280 END
START -9748 -6720 19528 2530 4055 -30914 END
START -12860 -7284 19564 3941 2528 -28584 END