START 12664 960 11612 -1237 -3493 1638 END
START 4084 4124 23072 -1341 -4424 1374 END
START 7500 3140 19036 -1526 -5078 837 END
START 9876 2252 17984 -1786 -5094 -425 END
START 12152 1480 17672 -1685 -5880 -2369 END
START 12984 768 18124 -1308 -7093 -4545 END
START 13856 0 18740 -723 -7986 -6232 END
START 15024 32 19836 -6 -7907 -7058 END
START 15848 292 20368 620 -5706 -8189 END
START 16184 656 21016 635 -2567 -9658 END
START 14312 2108 19980 2301 -2462 -10647 END
START 14368 -108 19096 1729 131 -12471 END
START 12928 -4 19212 1875 1640 -14123 END
START 11884 268 18924 2846 2079 -15642 END
START 10612 124 18440 3528 2304 -16824 END
START 9592 280 18240 3868 2307 -17605 END
START 8400 580 17956 4112 2750 -18365 END
START 6720 460 17584 4144 3476 -19177 END
START 4716 448 17224 4181 3552 -19621 END
START 2680 316 17148 4319 3058 -19783 END
START 1052 68 16844 4584 2468 -19576 END
START -804 148 16336 4401 2411 -18948 END
START -2792 404 15700 3786 2582 -18065 END
START -5264 540 15596 3425 2558 -16919 END
START -6860 932 15396 3568 2488 -15900 END
START -8364 984 15032 3786 2226 -15175 END
START -9732 1256 14768 4050 1216 -14287 END
START -10624 1280 14412 4239 354 -13319 END
START -11528 1248 13996 3807 -218 -12247 END
START -12100 1424 14188 3083 -197 -10569 END
START -12216 1820 14472 2385 560 -8438 END
START -12168 2072 14608 2251 1276 -6271 END
START -11788 2152 14432 2249 970 -4163 END
START -10724 2396 14520 2162 233 -2544 END
START -9640 2980 14900 2400 -220 -1605 END
START -8496 3140 14680 2843 -866 -865 END
START -7580 3364 14456 2911 -1687 -384 END
START -6788 3796 14356 2888 -2173 -9 END
START -6132 4064 14168 2958 -1979 460 END
START -5768 4100 13568 2650 -1268 1137 END
START -5584 4092 13320 2001 -337 2021 END
START -5376 3784 12840 1441 331 2891 END
START -5320 3572 12576 960 695 3643 END
START -5284 2932 12112 599 813 4235 END
START -5648 2344 11412 246 774 4812 END
START -6428 1408 10752 61 198 5174 END
START -7244 1248 10040 -134 -1048 5483 END
START -7624 1636 9904 -456 -2701 6092 END
START -7980 504 10028 -627 -3613 6917 END
START -8024 36 9904 -572 -4852 8589 END
START -7368 -136 10016 -1205 -5225 10262 END
START -6112 -556 10476 -2176 -4209 12106 END
START -5152 -628 10704 -2829 -2962 13561 END
START -4444 -504 10208 -3670 -2613 14593 END
START -3988 -104 10780 -4468 -3016 15155 END
START -3308 396 11272 -4695 -3226 15437 END
START -2512 392 11072 -5109 -3497 15840 END
START -1096 268 11588 -5736 -3275 16234 END
START 320 224 12216 -6910 -1430 16644 END
START 332 616 13352 -7988 557 16661 END
START 152 640 14320 -8458 704 16911 END
START 480 1148 15028 -8599 -444 17500 END
START 2300 928 16084 -8832 -1455 17978 END
START 4900 832 17832 -9409 -741 18247 END
START 6956 624 19924 -9841 1438 18071 END
START 8620 636 21332 -9875 3424 17347 END
START 9016 800 22720 -9584 4395 16133 END
START 9312 944 23908 -8888 4272 14832 END
START 10000 948 25024 -8119 3483 13986 END
START 11544 908 26352 -7436 3354 13826 END
START 12964 1200 27244 -6962 4714 12994 END
START 13088 1224 27148 -6537 5739 11532 END
START 12192 1084 27164 -5525 5565 9656 END
START 11520 652 26828 -4088 4733 7698 END
START 10728 380 26132 -2775 3353 6086 END
START 10064 156 25704 -1569 1786 4969 END
START 9632 -200 24752 -452 431 4403 END
START 9816 -512 23796 -218 -99 4016 END
START 9704 -692 23060 -313 420 3522 END
START 9720 -1068 22556 -217 877 3249 END
START 10144 -1316 22032 40 1013 2727 END
START 10348 -1724 21192 453 583 1885 END
START 11088 -1932 20716 965 -272 988 END
START 11776 -2384 19940 1387 -1024 164 END
START 12528 -2480 19396 1666 -1489 -742 END
START 13556 -2672 18676 1719 -1502 -1873 END
START 14188 -2496 18344 1919 -1181 -3262 END
START 14572 -2344 17512 2092 -1017 -4809 END
START 15160 -2272 16828 2127 -1121 -6274 END
START 15348 -2232 16372 2036 -1084 -7837 END
START 15208 -2144 15964 1927 -1210 -9296 END
START 15672 -1956 15692 1698 -701 -10855 END
START 15304 -1752 15376 1121 245 -12753 END
START 14840 -1844 15484 723 1142 -14609 END
START 14256 -2032 15504 404 2351 -16513 END
START 13200 -2328 15516 -116 3852 -18346 END
START 10748 -2560 15280 -518 5155 -19979 END
START 7656 -2668 14604 -1066 6084 -20913 END
START 4372 -2784 14636 -1818 6916 -20922 END
START 1272 -2912 14340 -2880 8049 -20506 END
START -2140 -3652 14060 -4027 9026 -19950 END
START -6348 -3928 14604 -4575 8831 -19386 END
START -10404 -4288 15484 -3963 7314 -18783 END
START -13116 -4668 16024 -2802 5543 -18125 END
START -15084 -4968 16504 -1812 3661 -16919 END
START -16124 -4900 16868 -1350 1978 -14692 END