START 10500 2280 20956 7743 -6042 -15035 END
START 10932 2152 23584 7791 -6508 -15095 END
START 6652 3332 22952 7439 -5760 -16054 END
START 8888 2584 18536 6799 -4707 -16865 END
START 6908 2652 18984 6203 -3560 -17470 END
START 5464 2520 18556 6100 -3017 -18091 END
START 3972 2272 17796 6456 -3122 -18983 END
START 2460 2380 16980 6738 -4322 -19968 END
START 888 2216 16540 6995 -5299 -20732 END
START -896 1900 15948 6958 -5606 -20834 END
START -2480 2180 15288 6394 -5528 -19912 END
START -3812 2140 14888 5448 -4809 -18574 END
START -4952 2336 14860 4472 -3141 -17028 END
START -5988 2648 14600 3723 -1756 -15599 END
START -6764 2780 14472 3690 -1262 -14441 END
START -7360 3300 14020 4082 -1964 -13914 END
START -7588 3888 13860 4447 -3184 -13835 END
START -8088 4296 13492 4714 -4325 -14064 END
START -8628 4340 13536 4774 -5141 -13864 END
START -9136 4608 13784 4546 -4734 -13088 END
START -10040 4700 13524 4008 -3682 -11878 END
START -10676 4636 12872 3318 -2934 -10297 END
START -11240 4960 12452 2535 -2552 -8380 END
START -11268 4848 12148 1913 -2190 -6543 END
START -11492 4976 11936 1282 -1621 -5079 END
START -11692 4880 11636 647 -1226 -3897 END
START -11948 4736 11664 424 -1729 -2631 END
START -11788 4704 11648 351 -2706 -1249 END
START -11284 4624 11560 97 -3342 153 END
START -10864 4584 11672 -483 -3488 1481 END
START -10404 4532 11684 -1176 -3260 3026 END
START -9664 4672 11880 -1851 -2310 4314 END
START -9264 4712 12008 -2486 -795 5439 END
START -9136 4564 11956 -2935 -28 6300 END
START -9208 4328 11484 -3090 -214 6994 END
START -9028 3960 11148 -3100 -1302 7707 END
START -9076 3416 10728 -3367 -2971 8692 END
START -8892 3008 10900 -3873 -4110 9968 END
START -8332 2552 11212 -4454 -4139 11233 END
START -7716 2060 11648 -5054 -3127 12583 END
START -6908 1816 11916 -5718 -2029 14008 END
START -5852 1252 12712 -6363 -1724 15445 END
START -4740 1112 13292 -6796 -1307 16789 END
START -3576 1056 12944 -7270 -971 17557 END
START -3096 960 12920 -7821 -787 17434 END
START -2532 672 13944 -8103 -887 16978 END
START -1912 648 15024 -8067 -1277 17073 END
START -1016 596 16112 -7709 -1689 17767 END
START 144 912 16660 -7423 -1445 18536 END
START 1300 1320 17020 -7610 -593 18957 END
START 1992 1296 17188 -8175 201 19010 END
START 3200 1124 18176 -8647 680 19043 END
START 4476 1172 19664 -8894 797 19308 END
START 5796 1052 20584 -8847 866 19323 END
START 6884 1336 21252 -8623 1459 18671 END
START 7160 1168 21400 -8285 2690 17209 END
START 6500 796 21196 -7687 2812 15357 END
START 6300 276 21260 -6856 1513 14154 END
START 6872 -144 21732 -6067 -145 13528 END
START 8156 -220 22024 -5489 -545 13464 END
START 9740 -112 22256 -5348 214 12979 END
START 10468 108 22136 -5315 1370 11908 END
START 10428 92 21848 -4889 2274 10289 END
START 9920 28 21188 -4228 2184 8592 END
START 9720 180 20736 -3856 1013 7509 END
START 10452 -992 21296 -3382 305 6745 END
START 11824 -436 21080 -2893 -87 6281 END
START 12732 -676 20848 -2853 152 5228 END
START 13344 -472 20660 -2772 768 3685 END
START 13356 -820 20684 -2462 832 1933 END
START 13812 -1168 20688 -1888 465 329 END
START 14344 -1396 20632 -1380 484 -1074 END
START 14568 -1764 20212 -1035 875 -2773 END
START 14800 -1932 19916 -434 1008 -4788 END
START 14296 -2020 19568 153 519 -6795 END
START 13836 -2272 19016 544 308 -8278 END
START 13560 -2492 18440 742 110 -9506 END
START 13196 -2816 18168 711 580 -10706 END
START 12660 -2700 17900 421 2028 -12097 END
START 11872 -2904 17688 322 3225 -13333 END
START 11108 -3280 17128 368 3667 -14456 END
START 9988 -3488 16804 561 3679 -15649 END
START 8892 -3476 16404 616 3612 -16969 END
START 7936 -3780 16320 562 3860 -18315 END
START 6932 -4004 16652 509 4261 -19336 END
START 6080 -3932 17196 550 5155 -20208 END
START 4852 -3784 17368 620 6378 -21241 END
START 2772 -3664 17032 1045 6332 -22497 END
START 328 -4052 16876 2122 4260 -23905 END
START -2276 -4340 17180 3899 951 -25260 END