START 17392 -1044 17436 447 -2742 -714 END
START 13004 496 27368 699 -3688 -797 END
START 12244 564 21832 900 -2934 -2001 END
START 17552 -492 14520 1367 -4802 -3033 END
START 16504 176 17540 2146 -6872 -4676 END
START 17420 1696 17628 4226 -6835 -8117 END
START 17556 1720 17132 6168 -6840 -11565 END
START 17120 1964 16428 6713 -7319 -13669 END
START 16852 2272 16188 5905 -6343 -14320 END
START 16480 2576 16432 4728 -3276 -14122 END
START 15956 2552 16488 3502 270 -14152 END
START 14900 2916 16728 2810 2425 -15047 END
START 13468 3308 17164 3051 2906 -16537 END
START 11684 3556 16936 4018 2827 -18460 END
START 9972 3372 16272 4701 1376 -20347 END
START 8184 3172 15452 4618 -719 -21685 END
START 6340 3348 15592 4614 -2579 -22435 END
START 4940 3404 15704 4543 -3565 -22703 END
START 3564 3292 15352 3939 -3762 -22704 END
START 2020 3336 15332 3245 -3207 -23119 END
START 72 2848 14948 2646 -2887 -23380 END
START -1648 2632 14788 2017 -2989 -22907 END
START -3512 2480 14632 1158 -2563 -21338 END
START -4800 2432 14612 -138 -1440 -19185 END
START -6132 2572 14804 -1585 110 -17105 END
START -7100 2464 15240 -2283 984 -15577 END
START -8032 2692 15584 -1965 1082 -14511 END
START -8888 3128 15668 -929 349 -13759 END
START -9972 3720 15308 144 -1245 -13112 END
START -10712 4148 14728 743 -2443 -12327 END
START -11180 4516 14132 919 -3291 -11166 END
START -11320 4900 13908 400 -3315 -9925 END
START -11816 5196 13864 -340 -2338 -8357 END
START -12520 5072 13664 -1009 -1282 -6294 END
START -12560 5052 13500 -1601 -492 -3932 END
START -12600 4868 13368 -2112 -227 -1900 END
START -12684 4712 13712 -2349 -333 48 END
START -12460 4488 13780 -2456 -102 1915 END
START -12012 4252 13892 -2748 605 3803 END
START -11692 4012 13712 -2989 1995 5415 END
START -11664 3880 13708 -3251 3054 7050 END
START -11636 3536 13412 -3438 3241 8939 END
START -11020 3252 13284 -3512 2668 10815 END
START -10352 3024 12580 -3750 1860 12490 END
START -9592 2832 12400 -4403 622 13467 END
START -9216 2432 12724 -4643 204 14400 END
START -8576 1972 12964 -4704 481 15868 END
START -7516 1368 12900 -4826 603 17267 END
START -6452 1100 12960 -5268 438 18614 END
START -5428 536 12788 -5857 282 19926 END
START -4728 280 12816 -6650 577 20863 END
START -4496 28 13264 -6984 835 21516 END
START -3896 64 13328 -6974 520 22193 END
START -2496 -248 13640 -7139 -237 22911 END
START -1096 -216 14092 -7515 -1072 23707 END
START 920 -300 14896 -7657 -956 24167 END
START 2596 -304 15316 -7853 -172 23891 END
START 3808 -136 16200 -8171 -45 23131 END
START 5148 148 17300 -7777 -292 21938 END
START 6268 248 18136 -6979 -575 20511 END
START 7340 384 18636 -6632 -713 19277 END
START 8512 196 19308 -6670 -244 18336 END
START 9448 -32 20200 -6704 518 17741 END
START 10304 -132 21168 -6795 1207 17406 END
START 11164 -8 21976 -6550 2125 16986 END
START 11268 -32 22176 -6253 3157 15909 END
START 11100 -24 21800 -5723 3675 14209 END
START 10884 -252 21488 -5080 3194 12365 END
START 11020 -560 21784 -4510 1802 10870 END
START 11688 -672 22280 -3727 654 9759 END
START 13140 -504 22064 -3527 781 9074 END
START 13380 -116 22472 -3135 1517 7519 END
START 13548 -716 22236 -3016 2611 5824 END
START 13508 -804 22180 -2568 3279 4119 END
START 13460 -1104 21828 -1654 3178 2461 END
START 13696 -1560 21344 -1202 2029 890 END
START 13912 -1916 20908 -976 1162 -690 END
START 14060 -2248 20472 -906 684 -2142 END
START 14088 -2468 20384 -570 438 -3438 END
START 14296 -2840 19896 -128 761 -4890 END
START 14472 -3104 19196 8 1188 -6770 END
START 14100 -3328 18584 197 922 -8425 END
START 13836 -3820 17980 247 468 -9782 END
START 13544 -4292 17560 535 69 -10929 END
START 13436 -4468 17088 719 1 -12114 END
START 13156 -4640 16240 478 244 -13517 END
START 12552 -5004 15708 -5 573 -15170 END
START 11884 -5264 15820 -110 1005 -16453 END
START 11244 -5444 15220 -285 1903 -17603 END
START 10272 -5660 14584 -809 2873 -18815 END
START 9000 -5564 14316 -1246 3436 -20157 END
START 7556 -5584 14040 -1298 3627 -21294 END
START 6156 -5284 13724 -1527 3966 -22454 END
START 4276 -5032 13960 -1818 5247 -23491 END
START 2436 -4784 14204 -1846 7023 -24155 END
START 592 -5088 14008 -1581 8559 -24640 END
START -1432 -5396 13928 -1288 9267 -24933 END
START -3792 -6144 14088 -1108 8810 -25255 END