START 11172 2604 15712 -2087 -6878 8396 END
START 14668 3424 6196 -2649 -4760 7826 END
START 10864 3676 16440 -3733 -2440 7035 END
START 14008 2760 14420 -4739 -1187 5864 END
START 14476 2800 16100 -4139 -2032 4341 END
START 15348 3700 17004 -2275 -4077 2494 END
START 16256 4224 17944 -709 -6316 -184 END
START 16932 5048 18688 511 -7272 -3536 END
START 16944 5360 19488 1935 -6538 -6602 END
START 16876 5136 19912 3034 -5449 -8598 END
START 17056 5436 20060 3896 -4455 -9346 END
START 17532 5704 20248 4433 -3484 -10154 END
START 17524 5700 20492 5401 -3812 -11854 END
START 17084 5468 20624 7039 -4828 -14848 END
START 15356 5412 20236 9335 -6355 -18883 END
START 12156 5148 18576 11095 -6747 -22438 END
START 8516 4696 16228 11054 -6231 -24315 END
START 5060 4520 14080 9142 -5083 -24506 END
START 1748 4908 12684 6884 -3554 -23438 END
START -1000 5032 11912 4738 -2995 -21826 END
START -2808 5148 11428 3073 -3515 -20242 END
START -4276 5568 11188 1936 -3467 -19293 END
START -5828 5992 11240 1307 -3209 -18798 END
START -7640 5900 11120 962 -3228 -18628 END
START -9200 6056 11288 896 -4214 -17764 END
START -9844 6176 11464 751 -5385 -16073 END
START -9684 6048 11644 -228 -5316 -14067 END
START -9712 6112 12040 -1931 -3534 -11982 END
START -9660 6120 13048 -3451 -620 -10352 END
START -9980 6140 13896 -3697 1174 -9226 END
START -10256 6148 14272 -3021 1491 -8693 END
START -10840 6032 14076 -2154 1078 -8595 END
START -11624 5708 13988 -1198 63 -8480 END
START -12236 5700 13992 -239 -1420 -7597 END
START -12312 5708 13752 327 -1902 -6286 END
START -12336 5940 13408 214 -977 -4732 END
START -12300 6160 13284 -363 305 -2968 END
START -12364 6224 12860 -692 1407 -1228 END
START -12188 6300 12392 -891 1892 255 END
START -12256 6216 12116 -1217 2002 1603 END
START -11976 6348 11404 -1664 2075 3137 END
START -11920 6000 10612 -2687 2233 4631 END
START -12044 5084 10020 -3805 2038 6124 END
START -11856 4644 9692 -4864 1837 7738 END
START -11576 3796 8992 -5967 1520 9174 END
START -11284 2900 8444 -7451 801 10657 END
START -11216 1940 8912 -8723 456 12488 END
START -10868 1036 9248 -9489 517 14568 END
START -10692 504 9464 -10689 664 16650 END
START -10164 -200 10220 -11552 1453 18632 END
START -9468 -636 10956 -11858 1929 20809 END
START -8180 -616 11820 -12159 1838 22930 END
START -6060 -516 12660 -12252 2591 24740 END
START -4600 -384 13460 -12797 3834 25637 END
START -3968 176 14184 -13205 4531 25661 END
START -3504 76 14884 -12634 3423 25203 END
START -2540 444 15864 -11640 1133 25098 END
START -252 696 16968 -10622 148 25306 END
START 1760 1076 17720 -10419 1106 25735 END
START 3848 1352 18388 -11355 3235 25633 END
START 4556 2088 19748 -12235 5098 24758 END
START 5248 2124 21084 -11822 5455 23362 END
START 6284 1752 22216 -10569 4091 21905 END
START 8264 1556 23084 -9343 2323 20642 END
START 11020 1528 24488 -8603 1523 19551 END
START 13476 1828 25224 -7755 2383 17951 END
START 14416 1656 25308 -7297 3406 15303 END
START 14612 1824 25484 -6413 4067 12490 END
START 14660 1416 25476 -4654 3813 9899 END
START 15476 872 25268 -3548 2864 8216 END
START 16900 804 25292 -2651 2496 6618 END
START 18176 516 25596 -1896 2672 4579 END
START 19292 -96 25636 -984 3357 1806 END
START 19808 -752 25492 283 3448 -1412 END
START 19932 -1600 24756 1716 2981 -4800 END
START 19584 -2540 23804 3035 2027 -8355 END
START 18924 -3612 22228 4202 1297 -11756 END
START 18008 -4572 21040 5072 1336 -14730 END
START 17036 -5096 19908 5493 2201 -17162 END
START 15696 -5056 18700 5650 3002 -19254 END
START 14040 -5108 17628 5661 3669 -21233 END
START 11780 -5112 16472 5657 3278 -23227 END
START 9400 -4796 15560 5681 1404 -25102 END
START 6472 -4104 15356 5888 -1306 -26870 END
START 3856 -3028 14892 6491 -4141 -28056 END
START 1312 -2084 14588 6204 -5249 -28790 END
START -1768 -940 15120 4627 -4312 -29358 END
START -5472 -612 15908 3107 -1836 -29289 END
START -9224 -928 16728 2514 251 -28381 END