START 14100 2480 15440 -4158 -5129 2644 END
START 19256 576 11276 -3963 -5780 2566 END
START 15720 1980 14400 -4077 -5273 1593 END
START 16052 2140 16500 -3902 -4877 222 END
START 17300 2200 17156 -3736 -4311 -1526 END
START 17888 1988 17976 -3480 -3563 -3628 END
START 18708 1176 18396 -2999 -2886 -5494 END
START 18308 1580 19060 -2628 -2345 -7208 END
START 18480 2068 19948 -2022 -1492 -9231 END
START 17824 2668 20324 -482 -292 -12178 END
START 16592 2768 19840 1224 -33 -15557 END
START 14920 3088 18916 2356 -756 -18538 END
START 12952 2456 18368 3152 -1921 -20996 END
START 11080 2136 17852 3943 -3171 -22666 END
START 9180 1988 17656 4104 -2920 -23541 END
START 7040 1636 17292 3722 -1347 -23597 END
START 4428 1356 17140 3030 136 -23201 END
START 2560 972 16760 2707 853 -22855 END
START 280 872 16464 2952 572 -22599 END
START -1684 1160 15888 3000 -796 -22265 END
START -3764 1544 15732 2619 -2425 -21860 END
START -5520 2060 16140 3069 -3472 -21358 END
START -7036 2420 16104 3680 -3151 -20916 END
START -8768 2352 15680 3681 -1875 -20451 END
START -11168 1996 15008 3508 -992 -19509 END
START -13368 1464 14488 3410 -1329 -17964 END
START -14576 1660 14344 3534 -2686 -15951 END
START -15060 1964 14336 3569 -3259 -13335 END
START -15020 2040 14120 3130 -2899 -10488 END
START -14476 2844 14140 2886 -2234 -7557 END
START -13804 3636 13620 2767 -1275 -5246 END
START -12852 4532 12572 1796 -1317 -3119 END
START -11564 5500 12212 875 -1428 -1554 END
START -10336 5920 12272 412 -1400 -458 END
START -9264 5888 12148 41 -958 287 END
START -8436 5384 11976 -553 -149 981 END
START -7964 4508 11600 -1409 607 2200 END
START -7880 4300 12000 -2301 976 3789 END
START -7652 4168 12600 -2607 1522 5018 END
START -7548 3848 12564 -2699 1767 6047 END
START -7436 3264 12380 -3006 1582 6893 END
START -7692 2640 12128 -3063 1569 7644 END
START -8208 1956 11740 -2832 1361 8590 END
START -8616 1280 11288 -2919 671 9805 END
START -8356 1284 11220 -3405 357 11323 END
START -8564 424 11156 -4017 190 13178 END
START -8020 12 11272 -4521 -7 14855 END
START -7320 -292 10824 -4987 -207 15999 END
START -6484 -384 10748 -5582 -937 16991 END
START -5412 -324 10836 -6014 -1536 17783 END
START -4448 -332 11136 -6488 -1365 18209 END
START -3784 -28 10952 -6995 -1163 18824 END
START -2616 564 11000 -7657 -1585 19361 END
START -1276 748 11464 -8464 -1765 19401 END
START 224 892 12736 -9207 -1483 19225 END
START 1332 644 13784 -9346 -1198 18871 END
START 2432 768 14676 -9491 -1340 18388 END
START 2912 388 15628 -9610 -1135 17508 END
START 3464 -172 16636 -9762 -1040 16854 END
START 4156 -440 17808 -9656 -1205 16910 END
START 5692 -352 19100 -9938 -1726 17451 END
START 7768 432 21184 -10240 -1114 17408 END
START 9372 704 22632 -9815 295 16734 END
START 9704 708 22952 -9481 1260 15915 END
START 9668 652 23384 -9209 2061 14581 END
START 9396 296 24316 -8668 2431 13167 END
START 10280 368 25412 -7800 1888 12342 END
START 11748 288 26360 -6956 2142 11456 END
START 12460 384 26740 -6077 3543 10007 END
START 12000 100 25784 -5316 4653 8166 END
START 10696 36 25000 -4406 4382 6123 END
START 9312 -408 24128 -3067 2634 4487 END
START 9448 -508 23616 -1930 100 3814 END
START 10720 -276 23268 -1250 -635 3310 END
START 11860 -336 22896 -1127 -110 2784 END
START 13488 -1388 22800 -1635 1387 2437 END
START 14548 -1300 22516 -1378 2378 1526 END
START 15164 -1424 22260 -576 1397 -441 END
START 15884 -1956 21820 375 48 -2818 END
START 15996 -2480 21400 1059 -585 -4925 END
START 15696 -3560 20580 1493 -994 -6442 END
START 15716 -4048 19832 1753 -853 -7407 END
START 15700 -4228 19124 1598 -198 -8340 END
START 15936 -4364 18512 1596 527 -9630 END
START 15980 -4092 17876 1677 725 -11179 END
START 15712 -3912 17540 1851 1037 -13272 END
START 15368 -3940 17472 1889 997 -15519 END
START 14916 -3692 17392 2100 1503 -17615 END
START 13568 -3600 17152 2219 2877 -19892 END
START 11832 -3616 16716 2125 3954 -22012 END
START 9480 -3612 16100 2176 4531 -23843 END
START 7156 -3664 15704 2332 4858 -25006 END
START 4788 -3416 14892 2038 4956 -25860 END
START 2268 -3596 14476 1544 4875 -26476 END
START -568 -3856 14080 1228 4261 -26652 END
START -3748 -4208 13936 923 3208 -26087 END
START -7384 -4428 13616 475 2039 -24655 END
START -11288 -4568 13588 -231 715 -22451 END
START -14092 -4376 13928 -757 -511 -19592 END
START -16884 -4220 14724 -379 -2450 -16210 END
START -17464 -4068 15832 760 -5381 -13175 END