START 14620 1732 19368 4578 -8899 -3267 END
START 21000 936 6968 3890 -10423 -3657 END
START 16616 1552 18780 2599 -10968 -4626 END
START 16208 1964 20028 2434 -10511 -5328 END
START 15780 1668 19960 3751 -9365 -5331 END
START 15620 1924 18724 4269 -7296 -5161 END
START 15380 1980 17456 3481 -4996 -5729 END
START 14600 2160 16856 2354 -3526 -6750 END
START 13436 2084 16536 1962 -3372 -7822 END
START 12668 2308 16012 2288 -3875 -8886 END
START 12016 2240 15632 2325 -3951 -10091 END
START 11296 2664 15248 1838 -3938 -11461 END
START 10444 2676 15612 1703 -3394 -12842 END
START 9412 3048 15716 2157 -2989 -14218 END
START 8580 3036 15688 2707 -3189 -15529 END
START 7892 2844 15468 3334 -3347 -16791 END
START 6736 2504 14912 3314 -3429 -18176 END
START 5332 2496 14720 2938 -3647 -19369 END
START 3484 2568 15056 2883 -3594 -20222 END
START 1868 2440 15208 3104 -3110 -20417 END
START 124 2396 14968 3179 -2347 -20320 END
START -1392 2168 14592 2733 -1087 -19899 END
START -3320 2852 14304 1989 1107 -19063 END
START -5888 3184 14292 1526 2240 -18164 END
START -7928 3396 13828 704 2968 -17318 END
START -10408 3524 13320 296 2945 -16691 END
START -12752 3348 13424 186 1359 -15767 END
START -14292 3584 13708 451 -835 -13896 END
START -14468 3580 13976 731 -2609 -11707 END
START -14204 4120 13876 738 -2584 -9755 END
START -14312 4248 13736 343 -1786 -8115 END
START -14076 4408 13948 -107 -1188 -6329 END
START -13792 4516 14080 -304 -520 -4421 END
START -13596 4616 13948 -229 -210 -2388 END
START -13164 4460 13400 -465 -227 -286 END
START -12220 4648 13212 -890 -252 1656 END
START -11428 4720 13496 -1278 275 3277 END
START -10348 4488 13492 -1578 991 4683 END
START -9784 4228 13304 -1771 1308 5926 END
START -9132 3836 13004 -1861 1099 6988 END
START -8916 3248 12544 -1949 523 7822 END
START -9032 2588 12152 -2177 -184 8645 END
START -9108 2196 12316 -2535 -1058 9688 END
START -8732 1688 12756 -2569 -1724 11190 END
START -7928 896 13104 -2906 -1640 13127 END
START -6868 388 13308 -3521 -715 15166 END
START -6104 -76 13356 -4209 4 17038 END
START -5304 -156 13584 -4928 165 18377 END
START -4736 196 14224 -5532 435 19440 END
START -3844 132 15284 -5461 605 20314 END
START -2176 -64 16108 -5192 822 21314 END
START -588 156 16776 -4992 1607 22279 END
START 516 972 16572 -5311 2936 22685 END
START 1096 1856 17260 -5975 3524 22547 END
START 1888 2436 18056 -5866 2921 22425 END
START 4000 3132 19352 -5030 1923 21946 END
START 6216 3408 19920 -3886 1612 20717 END
START 8120 3944 20184 -3449 2101 18626 END
START 8624 4424 19732 -3403 2500 16436 END
START 8408 4408 19404 -3427 1979 14527 END
START 8696 4156 19704 -3278 602 13402 END
START 9648 4136 20348 -3309 397 12808 END
START 10504 4040 20532 -3335 1625 12317 END
START 10884 3556 20088 -3771 3711 11465 END
START 10860 3048 19692 -4472 5088 10324 END
START 10204 2700 19776 -4756 4966 8881 END
START 10044 2476 19852 -4130 3434 7430 END
START 10236 1992 19928 -3336 1029 6226 END
START 11192 1812 19924 -2904 -1084 5206 END
START 12832 1540 20492 -2856 -1299 4083 END
START 13948 1328 20968 -2651 -79 2679 END
START 14768 964 21196 -2423 1089 1381 END
START 15140 500 20916 -2094 1432 -96 END
START 15320 72 20616 -1819 800 -1817 END
START 15424 -108 20568 -1484 -89 -3753 END
START 15176 -340 20536 -821 -428 -5626 END
START 14820 -804 19936 -157 -341 -7463 END
START 14300 -1344 19344 129 -315 -8995 END
START 13544 -1812 18544 149 -337 -10331 END
START 13004 -1732 17868 153 21 -11504 END
START 12236 -2188 17312 55 410 -12538 END
START 11624 -2144 16592 -326 309 -13587 END
START 10888 -2052 16176 -793 319 -14854 END
START 10144 -2148 16104 -1090 735 -16067 END
START 9308 -1972 16216 -1199 1645 -17452 END
START 8176 -1852 16048 -1401 2392 -18945 END
START 6688 -1832 15824 -1533 2698 -20170 END
START 5128 -1668 15748 -1451 2829 -21257 END
START 3624 -1500 15684 -1590 3047 -22312 END
START 1856 -1124 16072 -1633 3695 -23307 END
START -552 -924 16120 -1531 4777 -24162 END
START -3180 -1080 16288 -1365 5858 -24658 END
START -5816 -1296 16752 -1420 6840 -24535 END