START 14976 2024 20904 -558 -4436 -8165 END
START 12592 3348 28016 -420 -5204 -8224 END
START 16844 1816 16812 -483 -6315 -8988 END
START 13016 3008 21412 -580 -5817 -10601 END
START 13592 2704 19816 -907 -4241 -12583 END
START 12196 2588 20116 -665 -2313 -14307 END
START 10516 1928 19836 402 -1220 -15257 END
START 9060 1964 19244 1611 -1726 -15346 END
START 8264 1620 18736 2641 -2546 -15643 END
START 7760 1384 18320 3135 -2601 -16235 END
START 6692 1592 17952 3234 -1732 -16970 END
START 5320 1716 17836 3692 -844 -17641 END
START 3900 2016 17152 4273 -859 -18287 END
START 2516 2092 16688 4848 -1259 -18448 END
START 1580 2136 15396 4915 -1707 -18272 END
START 512 2096 14912 4619 -2322 -18149 END
START -748 2420 14556 4564 -2460 -17869 END
START -2396 3116 13932 4522 -1861 -17801 END
START -4872 3912 12744 4179 -1078 -17696 END
START -7116 4296 11968 3610 -1659 -16887 END
START -8520 4532 11340 3300 -2375 -15461 END
START -8844 4692 10652 2740 -3407 -14120 END
START -8864 5640 10684 1389 -3833 -13413 END
START -9332 6268 11184 -272 -3227 -13502 END
START -10300 6032 12276 -1288 -1578 -13771 END
START -11492 4692 13132 -1532 -767 -13134 END
START -12196 3460 13872 -1396 -1488 -11108 END
START -11752 3080 14712 -1273 -1577 -8507 END
START -11048 2748 15932 -1090 -686 -5923 END
START -9820 2696 16700 -1124 -135 -3604 END
START -8780 2904 17332 -1242 194 -2220 END
START -8432 3336 17836 -889 604 -1470 END
START -8460 3624 17996 -97 1134 -653 END
START -8800 3588 17552 532 1631 311 END
START -8960 3580 16696 900 1886 1475 END
START -9100 3752 15880 803 2024 2540 END
START -9220 3672 15320 778 2187 3550 END
START -9456 3536 14612 602 2034 4343 END
START -9596 3428 14012 477 1704 4988 END
START -9624 3340 13596 508 1532 5829 END
START -9760 2768 13000 245 1342 6897 END
START -9948 2296 12356 -327 1043 8189 END
START -9548 1912 12376 -848 986 9815 END
START -9104 1604 12576 -1299 1117 11342 END
START -8268 1104 12956 -1546 1113 12713 END
START -7372 1140 13168 -1720 1240 13825 END
START -6668 800 12824 -2019 1547 14589 END
START -6440 556 12028 -2411 1265 15027 END
START -6476 448 11476 -2777 398 15388 END
START -6340 600 11660 -3249 -995 16297 END
START -5356 436 12196 -3833 -2132 17889 END
START -3944 684 12268 -4381 -1945 19259 END
START -2740 1108 12236 -5111 -1517 19673 END
START -1432 1024 12028 -5381 -1103 19191 END
START -224 1232 12984 -5945 -1068 18407 END
START 1160 1480 14216 -6426 -1678 18301 END
START 3216 1672 16240 -6486 -1681 18681 END
START 5144 1704 17104 -6301 -224 18580 END
START 5928 1872 17212 -6661 1033 17933 END
START 7072 1912 17960 -6928 1692 16974 END
START 7228 1988 18964 -6877 1852 16116 END
START 7812 2084 19968 -6612 1107 15730 END
START 8984 1824 20852 -6239 622 15657 END
START 10264 1872 21224 -6047 1306 15117 END
START 10864 1796 20956 -6163 2626 13735 END
START 10980 1768 21032 -6306 3136 12025 END
START 11060 1588 21940 -5979 2460 10619 END
START 11612 1312 22276 -5324 999 9729 END
START 12644 1020 22140 -5131 -343 8833 END
START 13744 732 22680 -4992 -592 7719 END
START 14664 568 22980 -4577 350 6054 END
START 15196 76 23056 -3981 527 4368 END
START 15600 -84 23184 -3134 105 2845 END
START 16336 -500 23232 -2384 -110 1395 END
START 16924 -680 22876 -1900 9 -251 END
START 16972 -840 22384 -1435 407 -1710 END
START 16756 -996 21748 -940 728 -3380 END
START 16168 -1312 20944 -210 1136 -5244 END
START 15460 -1272 19520 749 1191 -7164 END
START 14592 -1444 18328 1384 993 -8886 END
START 13692 -1392 17224 1835 759 -10257 END
START 13376 -1576 15900 1429 368 -11529 END
START 12860 -1288 15552 513 528 -12840 END
START 12232 -1280 15740 129 1394 -13975 END
START 11440 -1012 15676 -190 2044 -15230 END
START 10052 -652 15664 -687 1536 -16760 END
START 9328 -700 15704 -999 781 -18474 END
START 8068 -600 15836 -892 703 -20108 END
START 6440 -880 15616 -970 635 -21424 END
START 4464 -1236 15488 -1524 38 -22203 END
START 2676 -1492 15592 -2197 -204 -22383 END
START 520 -1752 15936 -2805 560 -22189 END
START -1944 -2364 16424 -3460 1780 -21732 END