START 13152 2668 19904 -1319 -1624 -3480 END
START 18376 608 12648 -944 -2070 -3629 END
START 12540 2704 19796 -644 -2046 -4831 END
START 12608 2408 19024 96 -2406 -6762 END
START 12052 2436 18952 699 -3541 -8597 END
START 11388 2776 18864 1379 -4015 -10248 END
START 10916 2376 18540 2011 -4599 -11740 END
START 10876 2428 18624 2314 -4621 -13086 END
START 10952 2336 19024 2487 -2979 -14343 END
START 10192 2112 19196 2881 -429 -15104 END
START 8844 1616 18396 3087 1650 -15331 END
START 6856 1192 17880 3277 2435 -15476 END
START 5104 1356 16548 3522 2143 -15943 END
START 3196 1276 16108 3615 1425 -16763 END
START 1064 1368 15536 4043 95 -17306 END
START -656 1652 15456 4511 -1227 -17449 END
START -2012 1932 14948 4461 -2078 -17062 END
START -3232 2580 14616 3880 -2087 -16305 END
START -4660 2924 14276 3131 -2151 -15542 END
START -6148 3156 14744 2404 -3008 -14623 END
START -7012 3824 15016 2131 -2853 -13807 END
START -7484 3804 15256 2054 -2079 -13156 END
START -8316 3728 15536 2141 -1365 -12060 END
START -9112 3968 15328 1949 -721 -10600 END
START -9536 3976 15212 928 -33 -8773 END
START -10060 4004 15688 686 363 -7244 END
START -10020 3916 15256 1196 140 -5614 END
START -9740 3936 14708 1121 -556 -4162 END
START -9376 4152 14792 1127 -1034 -2976 END
START -9096 4404 14364 1178 -1350 -1836 END
START -8652 4496 14036 876 -1708 -724 END
START -8112 4500 13644 686 -1707 314 END
START -7496 4420 13224 293 -1857 1424 END
START -6616 4296 12832 -175 -1843 2345 END
START -5636 4140 12784 -604 -1722 3238 END
START -4800 3932 12264 -961 -1940 3996 END
START -4164 3740 12152 -1379 -1752 4612 END
START -4104 3588 11944 -1777 -753 5025 END
START -4532 2868 11188 -2005 20 5343 END
START -5148 2532 10616 -2128 91 5524 END
START -5632 1872 10068 -2082 -471 5763 END
START -5700 1156 9212 -2066 -1013 6041 END
START -6744 504 8716 -2407 -2305 6639 END
START -6800 524 8804 -2633 -3519 7695 END
START -6804 604 8888 -2816 -4020 8645 END
START -6528 524 8960 -3329 -4286 9756 END
START -5704 572 8848 -3921 -3747 10582 END
START -5188 232 9112 -4600 -3414 11313 END
START -4560 -284 9448 -5277 -3643 12188 END
START -3984 -808 10440 -6512 -4814 13439 END
START -2628 -1048 11824 -7699 -4796 14951 END
START -624 -1360 13480 -9050 -3789 16355 END
START 1112 -1492 14672 -10020 -2544 17590 END
START 2732 -1440 16108 -11195 -1374 18138 END
START 4024 -1388 17920 -11929 -1047 18620 END
START 6012 -804 19944 -11951 -695 18962 END
START 7808 -452 21476 -11929 113 18826 END
START 9232 -588 22728 -11873 1063 18044 END
START 10040 -736 23668 -11262 2028 16757 END
START 10672 -1240 24684 -10522 1698 15657 END
START 12316 -980 25840 -9720 1637 14861 END
START 13160 -552 26548 -8908 2564 13669 END
START 13356 -308 26300 -8164 3998 12041 END
START 12536 -412 25676 -7137 4228 10220 END
START 11860 -544 25124 -5927 3188 8486 END
START 12272 -616 25036 -4716 2338 6795 END
START 12852 -872 25024 -3673 1996 5415 END
START 13696 -844 24452 -3032 1922 4388 END
START 14508 -1000 24008 -2593 2384 3297 END
START 15540 -1220 23688 -2195 3092 1992 END
START 16324 -1588 23524 -1548 3605 269 END
START 16944 -1980 22960 -528 3828 -1974 END
START 16876 -2528 22208 471 3096 -4287 END
START 16852 -2828 21616 1346 1967 -6038 END
START 17412 -3372 20768 1912 1458 -7480 END
START 18116 -3712 20032 2137 2343 -9130 END
START 17788 -4252 19080 2297 3381 -11176 END
START 17068 -4464 17852 2581 4310 -13837 END
START 15760 -4400 16740 2794 4314 -16405 END
START 14256 -4308 15744 2854 3966 -18514 END
START 12512 -3788 15200 2551 3928 -20185 END
START 10456 -3168 14704 1752 4686 -21685 END
START 7776 -3088 14620 571 6155 -22859 END
START 4548 -3176 14468 -688 7734 -23444 END
START 1120 -3840 14392 -1748 8545 -23363 END
START -3048 -4896 14684 -2428 8056 -22637 END
START -6620 -5876 15588 -2749 6713 -21498 END
START -9844 -6736 16536 -2305 5063 -20043 END