START 14636 -416 18560 -8444 7182 5240 END
START 7604 2500 29400 -8442 5654 4994 END
START 14052 72 16372 -8285 3314 3725 END
START 13984 396 17584 -6509 -1289 1088 END
START 13764 844 18760 -3926 -4794 -2348 END
START 13488 1132 19296 -1982 -5394 -5789 END
START 13136 1184 18912 -1197 -4265 -8633 END
START 12588 832 18612 -1064 -2580 -10515 END
START 11832 252 18384 -1440 -591 -11423 END
START 10404 0 18196 -1670 415 -11710 END
START 9412 -100 18092 -1377 -85 -11889 END
START 8928 108 18524 -630 -708 -12557 END
START 8484 24 19028 376 -1155 -13642 END
START 8280 116 19232 1541 -1374 -14799 END
START 8112 -348 18896 2340 -1236 -16001 END
START 7192 -288 18436 2540 -824 -17028 END
START 5864 -92 18324 2740 -716 -17808 END
START 4796 -364 18344 2990 -509 -17955 END
START 4032 -352 18292 3192 39 -17926 END
START 3388 -60 18468 3276 1438 -17991 END
START 2356 144 18556 3561 3035 -18293 END
START 664 208 18272 4273 3343 -18655 END
START -788 372 17892 5256 2787 -19089 END
START -2280 252 17224 6228 2149 -19424 END
START -3968 516 16084 6397 1232 -19403 END
START -5576 796 15616 6080 646 -19030 END
START -7436 1048 15160 5768 338 -18203 END
START -8936 1556 14588 5671 1038 -16985 END
START -10540 1952 13936 5404 2222 -15380 END
START -11820 2408 13036 4940 3761 -13405 END
START -12548 2808 12592 4657 4521 -11636 END
START -12996 2992 11224 3617 3566 -10337 END
START -13620 3136 11512 1852 683 -9794 END
START -14092 3276 12320 1998 -1615 -8723 END
START -14044 3348 12524 2498 -3457 -6956 END
START -13256 3936 12480 2449 -3942 -5076 END
START -12356 4372 12316 1696 -3097 -3342 END
START -11884 4476 12020 670 -2234 -1284 END
START -11120 4312 11856 -474 -1400 852 END
START -10428 4520 12120 -1486 -1105 2724 END
START -9784 4464 12084 -2127 -993 4522 END
START -9404 4352 11948 -2622 -1476 6047 END
START -8856 4440 11904 -2798 -1894 7154 END
START -8396 4364 11244 -2849 -1880 7807 END
START -8492 3716 10424 -3269 -2389 8441 END
START -8344 3148 9716 -3956 -3662 9487 END
START -7900 2284 9640 -4872 -4353 10855 END
START -7216 1588 9928 -5878 -4340 12488 END
START -6296 928 10560 -6800 -4452 14146 END
START -5356 892 11556 -7343 -4170 15334 END
START -4760 784 12184 -7677 -3504 16317 END
START -4412 108 12596 -8048 -2893 17288 END
START -3836 -268 13056 -8536 -2792 18453 END
START -2940 -656 14124 -9225 -3697 19713 END
START -1608 -596 15808 -9295 -4617 20950 END
START 76 -640 16596 -9000 -4574 21378 END
START 1288 -624 16964 -8982 -3749 20565 END
START 1744 -544 17904 -8729 -3027 19216 END
START 2456 -924 19484 -8063 -3158 18709 END
START 3972 -1452 20848 -7125 -3034 19018 END
START 5740 -1780 21564 -6464 -2150 19241 END
START 7084 -1784 21240 -6228 -740 18521 END
START 7396 -1840 20876 -5674 227 16975 END
START 7560 -1872 20716 -5631 -628 15522 END
START 8488 -1816 21960 -5130 -1995 14645 END
START 9972 -1832 22648 -3888 -2341 14086 END
START 11000 -1772 22548 -3102 -1624 13477 END
START 11516 -1588 22084 -2784 277 12140 END
START 12076 -1780 18724 -2442 2208 10540 END
START 11392 -1616 21456 -3364 4676 9984 END
START 10664 -2416 21484 -3810 5845 9952 END
START 11568 -2524 21268 -3644 5585 9279 END
START 11592 -2652 21068 -3124 5104 7955 END
START 11720 -2824 20884 -2467 4538 6126 END
START 11620 -3136 20724 -1706 4277 4009 END
START 11116 -3264 20940 -938 3454 1994 END
START 11336 -3456 20864 115 2479 411 END
START 11676 -3524 20588 625 2053 -847 END
START 11600 -3724 20472 837 1591 -1949 END
START 11836 -3648 20292 1353 1181 -2908 END
START 12224 -3708 20244 1932 1031 -4242 END
START 12364 -3512 19736 2473 992 -6185 END
START 11848 -3464 19464 3067 637 -8288 END
START 10864 -3616 19060 3935 -131 -9815 END
START 10120 -3880 18188 4094 -399 -10986 END
START 10392 -3968 16804 3495 -359 -11556 END
START 9824 -4152 16856 2192 1167 -11278 END
START 9516 -3768 16460 1608 3016 -11441 END
START 9020 -3400 15996 1174 2973 -12460 END
START 8668 -3124 16264 1344 1768 -13902 END
START 8684 -2832 16128 1680 1072 -15279 END
START 8708 -2900 16004 1323 1304 -16376 END
START 8352 -2936 16024 635 2371 -17336 END
START 7244 -2652 15968 123 3757 -18187 END
START 5932 -2276 15672 249 4479 -19086 END
START 4720 -1868 15264 389 4410 -20007 END
START 3424 -1600 14808 128 4363 -21127 END
START 1876 -1864 14372 -246 4405 -22198 END
START -168 -1908 14596 -478 4373 -22938 END
START -2080 -2360 14728 -551 4355 -23267 END
START -4576 -2564 14972 -935 3903 -23258 END
START -7172 -2932 15716 -1134 2728 -22823 END