START 12768 2640 16828 -960 -3504 -1503 END
START 7316 4372 29572 -847 -4095 -1703 END
START 14432 2596 15220 -925 -3427 -3028 END
START 12772 2976 18120 -716 -2169 -4432 END
START 13184 3396 18024 -541 -1037 -5484 END
START 13176 3048 18148 -210 324 -6581 END
START 13192 2992 18480 -22 599 -7673 END
START 13152 2880 18808 188 462 -8569 END
START 12864 3236 19548 685 716 -9435 END
START 12364 3236 19676 1378 1879 -10397 END
START 11172 3252 19428 2102 2859 -11771 END
START 9960 3220 18608 2738 2844 -13315 END
START 8288 3300 18192 3660 2224 -14786 END
START 6420 3072 17184 4701 1233 -16083 END
START 5144 3400 16640 5142 257 -16977 END
START 3376 3532 15992 4920 -337 -17643 END
START 1956 3368 15616 4621 -496 -17925 END
START 780 2876 15084 3799 -432 -17688 END
START -236 2556 15396 2886 244 -16933 END
START -1552 2684 15488 2159 961 -15905 END
START -2592 2716 15532 1798 1291 -14869 END
START -3480 2848 15636 1746 1355 -14192 END
START -4124 2632 15320 1890 1146 -13935 END
START -4876 2820 15184 2079 304 -14167 END
START -5720 2812 15340 2586 -785 -14441 END
START -6772 2916 15396 3259 -1853 -14119 END
START -7392 2952 15280 3552 -2097 -12948 END
START -8168 3212 14788 3260 -1921 -11439 END
START -8644 3384 14660 2606 -1623 -9767 END
START -9044 3652 14440 2066 -1216 -8270 END
START -9264 3832 14400 1860 -1136 -6819 END
START -9752 4076 14056 1766 -1281 -5443 END
START -10172 4544 13816 1713 -1590 -4101 END
START -10744 5312 13252 1520 -2122 -2981 END
START -11140 5512 12668 1335 -2748 -2002 END
START -11024 4940 11940 1005 -4028 -712 END
START -10376 4480 11668 0 -5608 678 END
START -9148 4176 12164 -672 -6230 2236 END
START -7464 3364 12564 -1213 -6272 4051 END
START -5792 3128 13320 -1836 -5943 5964 END
START -4512 3112 14056 -2316 -4514 7312 END
START -3852 2968 14308 -2616 -1998 8117 END
START -4016 2916 13856 -3001 114 8528 END
START -4724 2580 13176 -3153 1000 8740 END
START -5640 2272 12356 -3038 1 8888 END
START -6236 1880 11592 -2599 -2194 9261 END
START -6324 1336 11040 -2563 -4799 10203 END
START -5424 736 10960 -2978 -6439 11811 END
START -4396 340 11648 -3936 -5964 13779 END
START -2860 328 12308 -5191 -3875 15859 END
START -1936 192 12500 -6388 -1572 17390 END
START -1332 296 12896 -7519 -421 18518 END
START -780 688 13848 -8273 -225 19166 END
START 208 892 14708 -8277 -357 19715 END
START 1444 1008 15616 -8009 -324 19796 END
START 2668 800 15872 -7813 33 19510 END
START 3604 1028 15988 -7842 446 18811 END
START 4356 1096 16656 -7985 791 17632 END
START 4680 1080 17700 -7810 395 16852 END
START 5452 1064 18560 -6955 -429 16502 END
START 6472 688 18980 -6156 -617 16196 END
START 7768 140 19468 -5906 -227 15937 END
START 9468 -256 20652 -5984 498 16080 END
START 11012 -280 21588 -5856 1760 15838 END
START 11556 548 22484 -5488 3600 14449 END
START 11044 956 22288 -4550 4465 12209 END
START 10064 960 21488 -3190 2761 9892 END
START 9696 952 20860 -1839 -357 8022 END
START 10060 780 20776 -861 -2722 6698 END
START 11388 976 20764 -614 -3272 5729 END
START 11120 -608 21120 -2078 -16 5827 END
START 13148 1404 22008 -3030 3784 5882 END
START 13332 1376 22180 -2714 6071 4781 END
START 13096 1312 21608 -2144 5847 3025 END
START 13020 1268 21408 -1487 4341 745 END
START 12996 1164 20932 -959 3080 -1350 END
START 12620 804 20832 -727 2322 -3167 END
START 12452 24 20296 -329 1920 -4655 END
START 12036 -320 20172 183 1546 -5954 END
START 11660 -724 19736 641 1386 -7076 END
START 11480 -868 19084 705 1622 -7869 END
START 10880 -1572 18452 213 2325 -8502 END
START 10276 -1884 17988 -37 2350 -8919 END
START 10072 -2152 17860 90 1811 -9382 END
START 10164 -2420 17588 282 1730 -10019 END
START 10212 -2428 17412 413 2324 -11088 END
START 10040 -2564 17176 520 2923 -12260 END
START 9428 -2788 17316 618 3457 -13081 END
START 8928 -3280 17164 655 3786 -13472 END
START 8300 -3412 17340 416 3905 -13455 END
START 8228 -4120 17808 -11 4171 -13376 END
START 8272 -3708 18624 182 5792 -14239 END
START 7516 -3672 18552 941 7899 -16142 END
START 5492 -3496 17792 1872 8690 -18556 END
START 3340 -3372 16808 3200 7146 -20665 END
START 1640 -2908 15716 4283 3990 -22427 END
START 668 -2700 15196 4122 782 -23766 END
START -668 -2488 15108 3680 -1015 -24412 END
START -2664 -2120 14648 2799 -1349 -24406 END
START -4952 -1700 14592 1609 -776 -23288 END
START -7260 -1368 14492 591 -201 -21255 END
START -8968 -948 14836 -327 269 -18908 END
START -10304 -540 15148 -1363 859 -16659 END
START -11336 -468 16060 -2034 1173 -14345 END