START 16372 2508 19140 -3355 -30 -1123 END
START 20968 612 15908 -3036 -506 -1619 END
START 17408 1668 17124 -2747 -302 -3466 END
START 15576 2176 19688 -1851 -2168 -5608 END
START 15820 2168 19856 -573 -3284 -7699 END
START 15528 2588 20220 451 -2683 -10417 END
START 14904 2116 19660 996 -1707 -13256 END
START 13304 2320 19708 1475 -1210 -15539 END
START 12248 2496 19768 2450 -624 -17463 END
START 11176 2368 19212 3173 601 -19071 END
START 9752 1888 18716 3352 2353 -20434 END
START 7652 1340 17872 3575 3390 -21155 END
START 5684 1140 17364 3806 3253 -21323 END
START 3628 1036 17040 3956 2808 -21475 END
START 1392 652 16644 4271 2207 -21568 END
START -384 580 16664 4787 750 -21508 END
START -1928 652 16468 5515 -1087 -21795 END
START -3452 884 16252 6160 -2246 -22268 END
START -6008 828 15320 6344 -2421 -22317 END
START -8436 976 14472 6352 -2644 -21354 END
START -10640 1132 13668 6249 -3664 -19942 END
START -12312 1608 13244 6117 -4129 -17929 END
START -12756 2076 13140 5353 -3427 -15880 END
START -13352 2560 13012 3824 -1053 -13661 END
START -14020 3008 12984 2516 967 -11256 END
START -13940 3000 12512 1910 1664 -8719 END
START -13456 3144 12544 1362 929 -6728 END
START -12640 3300 12920 1476 -131 -5398 END
START -11928 3852 12968 2033 -1015 -4420 END
START -11476 4224 12344 2170 -1620 -3509 END
START -11336 4344 12408 1969 -1672 -2146 END
START -11008 4604 11948 1605 -1561 -257 END
START -10148 4992 11824 872 -1042 1522 END
START -9292 5052 11640 41 -177 3121 END
START -8484 5104 11332 -717 245 4250 END
START -7604 4612 11456 -1107 250 5094 END
START -7116 4336 11508 -1307 -184 5694 END
START -6680 3948 12116 -1522 -615 6016 END
START -6508 3132 12244 -1222 -925 6547 END
START -6132 2420 12524 -1147 -904 7742 END
START -6024 2144 12520 -1243 24 8947 END
START -6460 2116 12028 -1010 446 9624 END
START -7580 2832 10760 -1085 -550 10018 END
START -8292 2744 10076 -1302 -4008 10294 END
START -7664 2568 10836 -1491 -6608 11655 END
START -5964 2280 11396 -2251 -5623 13910 END
START -4348 1840 11948 -3620 -2837 16146 END
START -3384 1592 12288 -4392 -1038 17634 END
START -2976 2428 12296 -4457 -1160 18069 END
START -2588 2804 12376 -4244 -3224 17472 END
START -1620 2652 13160 -4467 -6522 17222 END
START 820 2564 14824 -4594 -8548 17441 END
START 3200 2296 15940 -4746 -7183 17749 END
START 4144 2068 15528 -6138 -3406 17481 END
START 4032 2068 15924 -7721 -309 16994 END
START 3396 2360 17168 -8028 806 17140 END
START 3960 2704 17460 -7600 1047 17166 END
START 4864 2552 18056 -7619 740 16885 END
START 6276 2604 18768 -7766 815 16409 END
START 7412 2640 19460 -7677 2052 15681 END
START 7868 2432 19708 -7405 3853 14555 END
START 7176 2764 19444 -7542 4655 13479 END
START 6768 2892 20092 -7680 3869 12802 END
START 6892 3104 20920 -7244 2785 12113 END
START 7924 2792 21416 -6840 2088 11417 END
START 8932 2484 22000 -6538 2251 10261 END
START 9492 1824 22292 -6069 2396 9256 END
START 10040 1620 22680 -5413 2797 8292 END
START 9936 1448 22232 -4924 3706 7115 END
START 9128 1272 21676 -4584 4341 5847 END
START 8308 912 21272 -4080 4553 4832 END
START 8108 428 20856 -3875 3703 4313 END
START 8732 -948 20424 -4575 3938 4443 END
START 9380 -64 21108 -4139 3561 4548 END
START 10768 -500 21600 -3678 3723 3461 END
START 11504 -924 21376 -3005 3451 1392 END
START 11992 -1508 21464 -2327 2466 -722 END
START 12368 -1928 21276 -1465 1560 -2585 END
START 12696 -2332 20924 -652 783 -3921 END
START 13080 -2580 20400 -354 -129 -4742 END
START 14060 -2648 20000 -390 -54 -5636 END
START 14480 -2796 19912 -338 1074 -6927 END
START 14740 -3108 19296 -54 1670 -8972 END
START 14484 -3260 18964 427 1480 -11015 END
START 14316 -3396 18960 1010 849 -12911 END
START 14900 -3644 19140 1308 -36 -14261 END
START 15024 -3820 19004 1464 333 -15654 END
START 14500 -4300 18184 1460 909 -17069 END
START 13324 -4476 17476 1348 1524 -18694 END
START 11380 -4660 16384 1313 2330 -20442 END
START 8732 -4936 15504 1211 2740 -21772 END
START 5736 -4548 14656 791 2733 -22231 END
START 2348 -3824 13520 43 2547 -22065 END
START -1064 -3584 13216 -1041 2225 -21541 END
START -5212 -4172 13340 -1950 1561 -21113 END
START -9276 -5352 14536 -1756 838 -20665 END
START -12456 -6116 15620 -847 1073 -20046 END
START -14644 -6540 16380 310 2589 -19206 END
START -16652 -6864 16512 1816 3712 -18077 END