START 14988 3252 17828 -2190 -1571 120 END
START 9000 5936 27932 -2006 -2524 193 END
START 12236 4800 19108 -2058 -2272 -614 END
START 15292 4176 15684 -1744 -2678 -2131 END
START 14936 4472 17168 -1521 -1914 -4024 END
START 15012 4640 17348 -1201 -182 -6589 END
START 14400 4432 17292 -943 984 -9080 END
START 13284 4092 17120 -551 904 -10989 END
START 12256 4024 16816 25 135 -12174 END
START 11756 3844 16548 -56 -102 -13120 END
START 11256 3480 16832 -132 484 -14306 END
START 10600 3260 16892 12 1485 -15393 END
START 9508 2848 17088 138 2063 -16249 END
START 8580 2844 17224 517 2280 -16766 END
START 7828 2844 16904 791 2502 -17313 END
START 6464 2776 16860 818 2223 -17834 END
START 5104 2692 16580 1125 1554 -18377 END
START 4104 2444 16432 1628 671 -18832 END
START 3012 2080 16600 1989 65 -19223 END
START 1952 1644 16336 2066 218 -19578 END
START 20 1856 16372 2223 299 -19968 END
START -1764 2068 16348 2365 484 -19745 END
START -3376 2588 16080 2056 1430 -18753 END
START -5004 2884 16196 1437 2857 -17251 END
START -6628 2512 15724 1054 3558 -15307 END
START -7916 2172 15172 880 2568 -13095 END
START -8604 2324 14812 984 957 -11350 END
START -8744 2352 14668 1007 -823 -10166 END
START -8884 2800 14940 1049 -2471 -9288 END
START -8768 3536 15328 1411 -3398 -8667 END
START -8828 3912 14956 1835 -3984 -8099 END
START -9052 4336 14616 1833 -4169 -7414 END
START -9564 4288 14128 1355 -3998 -6373 END
START -9920 4152 13944 497 -3869 -4826 END
START -9592 4108 13964 -269 -3546 -2979 END
START -9352 4104 14528 -990 -2409 -1025 END
START -8884 4112 14912 -1547 -997 751 END
START -8520 4184 15248 -1656 -401 2167 END
START -8108 3948 15512 -1520 142 3361 END
START -7972 3584 15292 -1378 370 4432 END
START -8032 3220 14968 -1227 595 5426 END
START -8208 2860 14296 -1332 1710 6378 END
START -8612 2360 13272 -1900 4017 8011 END
START -9200 1852 11836 -3163 6450 9982 END
START -9740 1344 10768 -4436 6656 11624 END
START -10348 940 9768 -4878 4107 12767 END
START -10060 788 9420 -4436 161 13112 END
START -9564 792 9208 -3613 -3176 13050 END
START -8968 896 8908 -3799 -4763 13603 END
START -7740 240 8864 -4919 -5164 15385 END
START -6216 -216 9760 -6505 -4765 17943 END
START -4300 -388 10312 -8227 -4274 20565 END
START -2668 -616 11176 -10089 -3668 22622 END
START -1204 -384 12200 -11217 -2848 23364 END
START 60 -296 13560 -10979 -2127 22733 END
START 1456 -996 14708 -10506 -2344 22185 END
START 2944 -1244 16116 -10285 -2626 22510 END
START 4400 -1568 17148 -10295 -2573 23135 END
START 5388 -1500 17588 -10221 -2411 23238 END
START 6636 -1596 18540 -10321 -2139 22381 END
START 7772 -1672 19824 -10111 -2351 21136 END
START 9680 -2000 21532 -9607 -2989 20154 END
START 11800 -1160 23208 -8533 -2772 18867 END
START 13116 -804 23756 -7109 -1628 16749 END
START 13680 -552 23664 -6077 -379 14056 END
START 11832 -2396 23808 -6616 2106 13059 END
START 14448 -724 24456 -6430 4570 12434 END
START 15080 -1524 24572 -5782 5608 12102 END
START 15468 -1552 24560 -5413 6557 10926 END
START 15664 -1580 24072 -4932 7765 8522 END
START 15144 -1900 23392 -3699 7709 5511 END
START 14580 -2740 22836 -2456 6189 2601 END
START 14180 -3184 22520 -1141 4050 105 END
START 13740 -3596 21992 117 2638 -1734 END
START 13832 -3604 21472 974 2294 -3268 END
START 13776 -3776 20776 1542 2458 -4819 END
START 13628 -3684 20396 1836 2916 -6334 END
START 13392 -3320 20256 2143 3192 -8086 END
START 13020 -3240 19856 2463 3079 -9911 END
START 12244 -3148 19972 3278 2236 -11650 END
START 12384 -3180 18664 3682 1288 -13522 END
START 11820 -3040 18328 3743 557 -14885 END
START 10824 -3480 17812 3554 1341 -15669 END
START 10208 -3184 17092 3063 3036 -16378 END
START 9712 -3140 16472 2458 4521 -17128 END
START 8948 -2888 16008 1972 5373 -17947 END
START 7936 -2684 15544 1774 5460 -18841 END
START 7000 -2340 14816 1458 5048 -19603 END
START 5844 -2044 14180 858 4417 -20606 END
START 4564 -1792 14152 374 3754 -21852 END
START 3176 -1676 13868 -56 3616 -23267 END
START 1500 -1932 13960 -328 3941 -24572 END
START -380 -2484 13836 -417 4291 -25328 END
START -2588 -3044 13812 -804 4273 -25642 END
START -5112 -3576 14500 -1403 3676 -25421 END