START 15468 -328 22696 -5157 7230 3573 END
START 10648 1376 32767 -4914 5820 3402 END
START 16976 -1268 19004 -4083 4146 1827 END
START 11872 604 23412 -2059 318 -638 END
START 11296 928 21952 28 -3895 -2644 END
START 11092 1216 20528 1192 -5543 -4334 END
START 10968 1020 19908 1315 -6025 -5992 END
START 10796 1372 20192 1402 -5133 -7723 END
START 10228 1468 20128 1847 -4054 -9040 END
START 9772 1252 19972 2503 -3591 -9979 END
START 9280 1192 19772 3210 -3543 -11020 END
START 8860 1224 19464 4143 -3274 -12569 END
START 8088 1072 18880 5108 -2994 -14336 END
START 7036 860 18340 5731 -2760 -15920 END
START 5472 936 17856 6211 -2283 -17231 END
START 3848 648 17120 6642 -1986 -18045 END
START 2112 500 16280 6726 -2078 -18390 END
START 476 652 15468 6402 -2062 -18504 END
START -1092 816 14928 6251 -2049 -18379 END
START -2432 1036 14836 6195 -2837 -18177 END
START -3396 1496 14612 6290 -3599 -18014 END
START -4176 1872 14564 6322 -3566 -17842 END
START -5364 2572 14700 5748 -2057 -17050 END
START -6544 2644 14584 4852 -128 -15570 END
START -7404 2812 14504 4112 632 -13683 END
START -7752 3508 14936 3636 667 -12066 END
START -7508 4296 15780 3812 1428 -11215 END
START -8008 5020 15824 4026 3092 -10892 END
START -9064 5096 15364 4077 4248 -10802 END
START -10476 4856 14516 4020 3790 -10571 END
START -11680 4776 13908 3847 1471 -9934 END
START -12072 4736 14016 4069 -650 -8609 END
START -11648 4860 13852 4071 -1480 -6993 END
START -11248 4696 13388 3660 -1250 -5390 END
START -10920 4608 13152 2929 -1009 -3867 END
START -10536 4712 12876 2289 -890 -2264 END
START -9924 4696 12820 1684 -806 -772 END
START -9208 4464 12532 1367 -939 482 END
START -8736 4584 12624 965 -1248 1324 END
START -7940 4584 12424 605 -1498 1983 END
START -7380 4460 12620 211 -1932 2643 END
START -6736 4488 13156 -20 -1847 3437 END
START -6204 4488 13216 -291 -782 4048 END
START -6296 4212 12852 -694 488 4546 END
START -7048 3864 12356 -961 904 5021 END
START -7864 3300 11940 -1239 631 5704 END
START -8332 2756 11976 -1570 -70 6909 END
START -8528 2376 12020 -1940 -729 8312 END
START -8612 2320 12056 -2262 -1181 9544 END
START -8796 2388 11352 -2328 -1608 10382 END
START -8836 2124 10928 -2697 -2630 11222 END
START -7908 1832 11524 -3505 -3882 12882 END
START -6276 1408 12812 -4489 -3612 14965 END
START -4600 1252 13740 -5280 -2523 16812 END
START -3292 1200 14032 -5675 -732 17855 END
START -3180 1544 13684 -6010 1053 17588 END
START -3624 1448 12948 -6110 1293 16910 END
START -3844 1160 12980 -6091 -378 16873 END
START -3380 952 13372 -6213 -1940 17531 END
START -2372 624 14060 -6770 -1750 18443 END
START -904 236 14860 -7759 -971 19959 END
START 404 676 15712 -8667 -82 21105 END
START 1372 1080 16132 -9426 983 21503 END
START 1864 1112 16860 -9736 2266 21048 END
START 2220 860 17156 -9951 2412 20189 END
START 2972 628 17836 -9871 949 19486 END
START 4404 40 18900 -9555 -438 19111 END
START 5932 -76 19900 -9276 -1016 18741 END
START 7120 -68 20812 -9097 -629 17956 END
START 7912 124 21592 -8682 599 16595 END
START 8120 268 22048 -7946 1172 14890 END
START 8708 -160 22304 -7259 952 13685 END
START 9624 -644 22716 -6756 509 12861 END
START 10848 -784 23060 -6233 470 12186 END
START 11628 -788 23212 -5785 1143 11015 END
START 11880 -764 23084 -5350 1740 9368 END
START 12000 -592 22996 -4737 1743 7509 END
START 11740 -1828 23400 -4376 2024 5956 END
START 12196 -1408 22436 -3386 996 4653 END
START 12692 -1976 21948 -3257 174 3293 END
START 13084 -2280 22044 -2948 -49 2191 END
START 13520 -2824 22048 -2555 -258 1176 END
START 14384 -3080 22036 -2061 33 -150 END
START 14672 -3628 21748 -1221 376 -1842 END
START 14588 -3976 21296 -333 -40 -3855 END
START 14624 -4076 20736 577 -626 -5803 END
START 14284 -4396 20048 1167 -794 -7373 END
START 14008 -4312 19208 1759 -836 -8871 END
START 14012 -4376 18712 2058 -801 -10411 END
START 14000 -4424 18220 2252 -357 -12159 END
START 14432 -4652 17856 2338 241 -13582 END
START 14712 -5084 17488 1797 837 -14946 END
START 14688 -4708 17292 1436 2216 -16957 END
START 13576 -4396 16796 1705 3910 -19460 END
START 11244 -4196 16152 2493 4897 -22087 END
START 9108 -4356 15332 2476 5168 -24216 END
START 7016 -3972 15360 2073 5875 -25933 END
START 4728 -4016 15104 2037 7033 -27216 END