START 14820 1524 19752 -1050 -4745 -1536 END
START 19084 184 17508 -600 -5138 -1950 END
START 12888 3392 22380 -33 -4661 -3674 END
START 14820 3088 20056 947 -3742 -6056 END
START 14564 2852 19664 1435 -3298 -7710 END
START 13508 3300 19644 2159 -2877 -9189 END
START 13024 3548 19372 2675 -1823 -10854 END
START 12032 3560 19136 3175 -508 -12517 END
START 10672 2720 19048 3613 341 -14032 END
START 10292 3208 18528 4129 842 -15405 END
START 8960 2928 17620 4951 793 -16988 END
START 7188 2488 16576 5785 -502 -18627 END
START 5244 2340 15752 6845 -2990 -20065 END
START 3680 2528 14996 8089 -6252 -21417 END
START 2516 2808 14588 8759 -9093 -22347 END
START 1816 3416 14232 8328 -9788 -22402 END
START 1264 3752 14064 6788 -8061 -21471 END
START 436 3888 14140 4654 -4245 -19864 END
START -848 3816 14000 2429 -221 -17770 END
START -2560 3620 13508 440 2279 -15905 END
START -4344 3576 13728 -648 1990 -14770 END
START -5868 3476 14284 -604 104 -13998 END
START -6716 3688 14812 -293 -1345 -13517 END
START -7536 3848 15368 -293 -1121 -13187 END
START -8760 3876 15416 -440 -189 -12845 END
START -10016 3360 15636 -343 684 -12265 END
START -11672 2948 15380 -110 842 -11272 END
START -12980 2704 15180 282 245 -9634 END
START -13260 2596 14884 533 -941 -7418 END
START -12724 2964 14908 557 -1706 -5019 END
START -12212 3352 15052 341 -1119 -2973 END
START -12080 3868 15024 -75 605 -1427 END
START -12204 3928 14836 -259 1916 17 END
START -12364 3804 14816 221 2374 1508 END
START -12260 3884 14388 1015 2235 3233 END
START -11892 3808 14096 1752 1760 5152 END
START -11268 4148 13868 2138 1110 7213 END
START -10200 3956 13012 1871 902 8826 END
START -9484 3948 12640 745 932 10013 END
START -8720 3688 12300 -787 1019 10783 END
START -8024 3496 12696 -2422 1232 11227 END
START -7028 3716 13184 -3970 1314 11598 END
START -6700 3308 13892 -4211 1128 11948 END
START -6024 3236 13680 -3843 815 12448 END
START -5912 2700 13596 -3751 540 12746 END
START -5840 2324 12960 -4091 474 12929 END
START -6112 2148 12672 -4691 437 13327 END
START -5992 1668 12464 -5316 -40 14226 END
START -5404 1100 12416 -6293 -551 15352 END
START -4360 988 13140 -7446 -719 16523 END
START -3624 1164 13684 -7908 -18 17285 END
START -3336 1224 14064 -7946 823 17770 END
START -3152 1232 13696 -8171 1148 18224 END
START -2600 1192 13616 -8528 184 18637 END
START -1572 908 14096 -9175 -1878 19227 END
START 348 656 14772 -9723 -3720 20097 END
START 2164 940 15908 -10057 -4034 20679 END
START 3920 1384 17072 -10121 -2108 20151 END
START 4444 1524 17760 -9870 42 18969 END
START 4880 1340 18240 -9293 123 18184 END
START 5932 908 18380 -8798 -1262 17826 END
START 7512 584 18848 -8687 -2710 17268 END
START 8932 380 19348 -8400 -3065 16345 END
START 9996 376 20244 -7985 -2365 14864 END
START 10720 520 21000 -7414 -1120 13233 END
START 11388 348 21640 -6584 22 11764 END
START 11800 428 22000 -6056 785 10824 END
START 12364 512 22168 -5483 1403 9828 END
START 13068 496 22160 -5114 1983 8455 END
START 14068 396 22560 -4893 2065 6789 END
START 14832 -548 22640 -4913 2549 5161 END
START 15632 472 23436 -3755 2343 2909 END
START 15864 -304 23780 -2757 2047 905 END
START 15776 -824 23572 -1887 2184 -849 END
START 15580 -1200 23004 -881 2325 -2551 END
START 15324 -1704 22344 201 2204 -4617 END
START 14988 -2020 21728 1135 1813 -6856 END
START 14492 -2504 20996 1852 1692 -8980 END
START 13648 -2732 20040 2288 1255 -10812 END
START 12732 -2760 19312 2499 948 -12146 END
START 12128 -2728 18648 2490 982 -13017 END
START 11256 -2788 18248 2147 1300 -13773 END
START 10848 -3008 17928 1997 2005 -14598 END
START 10452 -3076 18120 2134 2854 -15782 END
START 9988 -3200 18080 2795 3551 -17001 END
START 9072 -3128 17820 3489 3757 -18253 END
START 8224 -3124 17280 4066 3560 -19641 END
START 6980 -2932 16360 4281 2815 -21358 END
START 5448 -2696 15792 4040 1485 -22921 END
START 4068 -2220 15696 3675 656 -24098 END
START 2660 -1724 15440 3046 802 -25197 END
START 580 -1612 15308 2194 1253 -26339 END
START -1956 -1444 15752 1515 1706 -27295 END
START -5232 -1592 16372 1465 1717 -27824 END
START -8248 -2204 16924 2125 1597 -27358 END