START 13832 2652 17024 -1185 -3279 -1027 END
START 17024 1564 15740 -885 -4487 -1130 END
START 11572 3808 19416 -668 -4536 -2144 END
START 14728 3528 16328 -457 -3984 -3300 END
START 14064 4080 17524 -454 -2537 -4685 END
START 13964 4328 16988 -264 -1307 -6202 END
START 13304 4436 16880 -39 -814 -7756 END
START 13116 4424 16876 244 -529 -9256 END
START 12712 4428 17056 349 -550 -10529 END
START 12704 4316 17572 474 -883 -11584 END
START 12900 4104 18332 980 -1016 -12220 END
START 13000 4584 18728 1431 -199 -12745 END
START 12624 5052 18704 1752 1934 -14087 END
START 11040 4908 18180 2362 3991 -16163 END
START 8576 4704 16728 3255 3846 -18220 END
START 5912 5004 15700 4158 1819 -20214 END
START 3324 5004 14388 4887 -911 -22050 END
START 956 4652 13852 5136 -3905 -23424 END
START -1424 4036 13300 5144 -6238 -23932 END
START -3500 3648 13080 4439 -7426 -23390 END
START -5336 3472 13040 3189 -7151 -21650 END
START -6856 3160 13496 1530 -5541 -18935 END
START -7920 2884 13692 73 -3516 -15940 END
START -8368 2920 14180 -893 -1735 -13450 END
START -8820 3120 14716 -1003 -709 -11952 END
START -9236 3204 14876 -116 -913 -11321 END
START -9884 3192 15132 1334 -2091 -11013 END
START -10260 3292 14792 2774 -3190 -10364 END
START -10852 3788 14640 3625 -3745 -9096 END
START -10980 4148 14396 3734 -3533 -7249 END
START -10928 4172 14004 3483 -3347 -5308 END
START -10896 4128 13740 3029 -3641 -3433 END
START -10512 4036 13672 2370 -4107 -1625 END
START -10076 3736 13748 1260 -3661 73 END
START -9712 3804 13888 40 -2596 1709 END
START -9220 3980 14220 -891 -1608 3566 END
START -8508 3868 14364 -1485 -830 5422 END
START -7992 3784 14140 -2014 -360 7135 END
START -7132 3812 13864 -2666 358 8489 END
START -6676 4092 13912 -3359 1323 9296 END
START -6108 3944 13780 -3823 2416 9582 END
START -6340 3748 13760 -4250 3002 9944 END
START -6596 3156 13528 -4340 3042 10874 END
START -6804 2720 12940 -4046 2594 12271 END
START -6260 2024 12184 -4267 1537 13998 END
START -5312 2072 11996 -5701 553 15970 END
START -4256 1788 12476 -7385 891 17501 END
START -3060 1368 12616 -8745 2209 18750 END
START -2752 1612 12968 -9943 3666 19074 END
START -2860 1832 13444 -9991 4571 18901 END
START -2820 1432 13408 -9371 3364 19215 END
START -1996 868 13808 -8952 592 20355 END
START -760 616 14200 -9443 -1197 21713 END
START 560 748 15076 -9996 -1477 22708 END
START 1808 1232 15648 -10085 -174 22687 END
START 2284 1592 16016 -10076 1493 21395 END
START 2632 1300 16820 -10065 1047 20305 END
START 4264 880 18024 -9845 -864 20294 END
START 5848 548 19088 -9120 -2430 20089 END
START 7176 684 19644 -7996 -2591 19492 END
START 7608 1004 19544 -7234 -1824 18438 END
START 7964 1228 19756 -7218 -898 17283 END
START 9260 856 21072 -7589 -198 16996 END
START 10648 776 22252 -7579 964 16799 END
START 12196 896 23044 -7085 2562 15648 END
START 12808 956 23024 -6303 3939 13439 END
START 12392 824 22596 -5412 4210 10221 END
START 11776 504 22780 -4330 2248 7290 END
START 11428 -88 22784 -2950 -726 5462 END
START 12964 96 21984 -2247 -2504 4862 END
START 13200 -48 22516 -935 -2180 3147 END
START 13228 -276 22364 -882 186 2305 END
START 12684 -1072 21868 -1642 3556 1585 END
START 12284 -1144 21332 -1892 5470 789 END
START 11860 -1436 20964 -1271 4871 -169 END
START 12120 -1504 20532 -314 2852 -1902 END
START 12100 -1676 19888 444 427 -4213 END
START 12220 -1696 19728 928 -900 -6371 END
START 12140 -2064 19392 1489 -1604 -8368 END
START 11836 -2612 19132 1596 -709 -9389 END
START 11808 -2760 18736 1459 1179 -10230 END
START 11428 -3264 18060 1144 2980 -10998 END
START 10984 -3340 17164 864 3476 -12103 END
START 10384 -3352 16884 724 3363 -13606 END
START 9952 -3644 15972 553 2888 -15115 END
START 9512 -3680 15804 332 2447 -16460 END
START 8864 -3772 15824 452 2322 -17515 END
START 8288 -3720 15500 602 2683 -18299 END
START 7496 -3372 14860 129 3513 -19142 END
START 6900 -3188 13316 -1761 4251 -20202 END
START 5808 -2972 12780 -5612 4274 -21997 END
START 3816 -2700 14244 -6784 4456 -23473 END
START 1184 -2912 15304 -5953 3598 -24244 END
START -1028 -2504 16140 -3994 2409 -24533 END
START -3244 -2276 16256 -1938 1855 -24284 END