START 13808 -1036 17116 -1511 -1312 2068 END
START 14460 -1184 20772 -1428 -1628 1938 END
START 11044 0 20612 -1478 -453 898 END
START 13236 -120 18204 -1292 296 -136 END
START 13700 72 17880 -1045 1467 -1361 END
START 13916 160 17684 -498 2098 -2695 END
START 13704 672 17972 252 2601 -4217 END
START 13596 1172 17904 838 3309 -5989 END
START 12964 1584 17396 990 3965 -7851 END
START 11520 1636 17228 1103 3552 -9208 END
START 10624 1840 17396 1546 2570 -10079 END
START 10060 1840 17568 1888 2049 -10814 END
START 9584 1940 17572 1901 2346 -11744 END
START 8900 1800 18076 2057 2564 -12730 END
START 7952 1672 18136 2448 2415 -13777 END
START 7164 1500 18304 2945 2296 -14767 END
START 6268 1304 18084 3097 2168 -15660 END
START 4848 972 18164 3252 2300 -16384 END
START 3596 552 18264 3389 2296 -16761 END
START 2456 444 18276 3537 2523 -17062 END
START 1432 116 18648 3636 2980 -16981 END
START 592 -24 19140 3813 3429 -16618 END
START -164 72 18928 4105 3832 -16309 END
START -1188 636 18512 4651 3796 -16291 END
START -2416 840 17776 5405 3179 -16697 END
START -3500 848 17092 6103 1976 -17188 END
START -5012 952 16380 6564 1073 -17550 END
START -6328 804 16032 6593 458 -17238 END
START -7764 1264 16052 6440 527 -16296 END
START -8872 1244 15648 6313 1050 -15001 END
START -10324 1448 15192 5925 1502 -13404 END
START -11456 1524 14488 5316 1635 -11690 END
START -12300 1840 14136 4728 1614 -10090 END
START -12920 2064 13516 4341 1169 -8859 END
START -13764 2296 13280 4088 354 -7819 END
START -14616 2600 12504 4180 -1561 -6646 END
START -14928 2968 12160 4091 -4246 -5251 END
START -14860 3460 11964 3887 -6225 -3753 END
START -14316 3656 12040 3725 -7270 -2055 END
START -13508 3728 11800 3278 -7857 -215 END
START -12404 4072 11972 2538 -7727 1582 END
START -11184 4324 12576 1856 -6758 3245 END
START -10144 4200 12620 1413 -5342 5035 END
START -9332 3592 12632 405 -3532 6779 END
START -8576 2920 13128 -639 -1739 8391 END
START -8040 2160 14260 -768 -726 9764 END
START -7124 1896 14684 47 -1124 10749 END
START -6180 1812 14872 954 -2421 11052 END
START -5200 2044 14532 1627 -4236 10951 END
START -4536 2856 14520 2062 -5470 11050 END
START -3988 3456 14088 2223 -4974 11520 END
START -3428 4184 13076 1820 -3494 12110 END
START -3296 4372 11576 377 -1114 12857 END
START -3456 4332 10692 -1821 1507 14020 END
START -3544 4000 10208 -3687 3069 15490 END
START -3284 3748 9856 -5428 2344 16696 END
START -2652 3604 10616 -6599 868 17718 END
START -1836 3436 11196 -7285 -437 18416 END
START -928 3136 12004 -8004 -313 18702 END
START -444 2872 12048 -8639 1463 18443 END
START -436 2012 12140 -9428 2683 17782 END
START -488 1348 13116 -10446 2379 18194 END
START 256 968 14916 -10670 1569 19266 END
START 1360 668 15980 -10506 1264 20307 END
START 2936 1144 17052 -10382 1804 20606 END
START 3856 1296 17364 -10403 3136 19738 END
START 4416 828 17980 -10557 3751 18247 END
START 5164 52 19248 -10411 2485 17612 END
START 6704 -136 20556 -9959 1217 17587 END
START 8200 -268 21748 -9583 1395 17168 END
START 8816 -104 22168 -9356 2184 16044 END
START 6304 -1164 23260 -10464 5056 15646 END
START 8072 500 22604 -10288 7227 13441 END
START 7476 -904 22956 -9547 7160 12852 END
START 8380 -1728 22568 -9594 6819 12814 END
START 9452 -2040 24100 -8839 6975 12382 END
START 10260 -2032 24284 -7389 7798 10853 END
START 9684 -2172 23424 -6150 7804 8314 END
START 8368 -2224 22592 -4709 5681 5478 END
START 7428 -2488 22036 -3016 2271 2849 END
START 7264 -2616 21512 -1824 -261 1188 END
START 7472 -2912 21508 -1061 -1347 275 END
START 8052 -3336 21332 -835 -1014 -101 END
START 8680 -3496 21568 -849 -141 -306 END
START 9276 -3768 21800 -446 657 -1008 END
START 9908 -3480 21628 393 701 -2469 END
START 10384 -3512 21268 1350 380 -4577 END
START 10056 -3552 20424 2322 -921 -6902 END
START 10028 -3844 19572 3248 -2628 -8828 END
START 9568 -4016 18660 3860 -4276 -10069 END
START 9488 -4144 17916 4225 -5662 -11237 END
START 9544 -3660 17784 4683 -6528 -12721 END
START 10220 -3588 17508 4851 -5775 -14307 END
START 10536 -3664 17096 4365 -4182 -15945 END
START 9732 -4104 16824 3903 -3012 -17068 END
START 9824 -3916 16172 3715 -1797 -18055 END
START 9672 -3704 15864 3620 -1117 -18741 END
START 8352 -5152 16056 2166 910 -18077 END
START 8216 -4660 16496 2120 3339 -17534 END
START 8004 -4372 16316 2064 5658 -18148 END
START 7052 -4176 16292 1921 6713 -19648 END
START 5776 -4220 16292 2556 6587 -21377 END
START 4248 -4024 16060 3255 6867 -23086 END
START 1936 -3876 15628 3679 8026 -24556 END
START -896 -4312 15192 3953 8453 -25437 END
START -4120 -4692 15216 4604 6959 -25787 END
START -6804 -4964 15576 5621 3835 -26184 END