START 12044 1512 20052 1483 576 -6462 END
START 6924 3300 27740 1811 218 -6977 END
START 9104 2776 20588 2186 -537 -8141 END
START 10852 2708 17560 2821 -2102 -10134 END
START 9564 3016 18288 3230 -3288 -11963 END
START 8924 3344 17948 3365 -3760 -13324 END
START 8484 3216 17984 2829 -3448 -14273 END
START 7736 3272 18300 2191 -2568 -15194 END
START 6792 3100 18560 1990 -1082 -16015 END
START 5556 2772 18576 2101 -482 -16425 END
START 4548 2720 18612 2520 -442 -16495 END
START 3804 2504 18600 2911 -623 -16429 END
START 3116 2416 18272 3245 -720 -16709 END
START 2136 2408 18180 3843 -1097 -17225 END
START 1052 2324 17876 4701 -1918 -17777 END
START 124 2432 17300 5581 -3168 -18384 END
START -836 2264 16396 6292 -4568 -18712 END
START -1548 2144 15512 5938 -5857 -18831 END
START -2440 2456 15312 4704 -5927 -18566 END
START -3596 2380 15108 3647 -4266 -17457 END
START -5084 2424 14868 2636 -2019 -15847 END
START -6340 2436 14452 1769 -299 -14376 END
START -7492 2392 14504 1354 602 -13284 END
START -8428 2468 14036 1616 617 -12386 END
START -9352 2472 13772 2125 -143 -11717 END
START -10176 2712 12824 2364 -1549 -11280 END
START -11568 2736 12212 2043 -2863 -11105 END
START -12900 2676 12108 1674 -4211 -10460 END
START -13340 2448 12464 1296 -5228 -8815 END
START -13112 2308 13056 861 -5458 -6355 END
START -12480 2604 13452 419 -4726 -3343 END
START -11556 3080 13748 -203 -3067 -426 END
START -10592 3304 14040 -990 -1555 2212 END
START -9596 3640 14256 -1668 -706 4129 END
START -8572 3920 14368 -2189 639 5167 END
START -8228 3780 14192 -2675 1446 5679 END
START -8476 3576 14636 -2932 829 6242 END
START -8416 3204 14928 -2530 -142 7159 END
START -8452 2616 14628 -2231 -828 8401 END
START -8168 2280 14404 -2472 -879 9700 END
START -7988 1844 14120 -3035 -436 10896 END
START -7704 1276 14148 -3505 452 12052 END
START -7384 620 14100 -3807 877 13407 END
START -7280 224 14112 -4120 498 14755 END
START -6796 -444 13632 -4147 -522 16090 END
START -6396 -776 13312 -4557 -1742 17397 END
START -5548 -1224 13984 -5060 -2754 18802 END
START -3944 -1200 14912 -5273 -3257 20670 END
START -2180 -1324 15460 -5467 -1756 22070 END
START -1012 -1256 15332 -6154 773 22597 END
START -984 -1148 14912 -6619 2134 22733 END
START -1308 -1180 14600 -6987 1958 22735 END
START -516 -1164 14756 -7110 -479 23014 END
START 808 -940 15432 -7035 -3221 23271 END
START 2828 -360 16048 -6794 -4608 23047 END
START 4188 -248 16336 -6317 -4545 22020 END
START 5468 -76 16460 -6253 -3781 20447 END
START 6272 -24 17448 -6312 -3969 19187 END
START 7596 -160 18856 -5786 -4284 18446 END
START 9032 12 19632 -5178 -3662 17639 END
START 9868 -164 20096 -4969 -2478 16502 END
START 10356 -156 20280 -4885 -1001 15142 END
START 10408 -316 20840 -4729 -541 13830 END
START 11204 -400 21676 -4186 -1289 13306 END
START 12160 -488 22100 -3579 -1298 12668 END
START 13104 -408 22164 -3150 -823 11608 END
START 13588 1156 23524 -3071 -96 10118 END
START 13344 380 24328 -2268 1451 8151 END
START 13420 -944 22020 -1974 2158 6620 END
START 13668 -840 21684 -1341 1794 5138 END
START 14112 -1012 21324 -845 1379 3586 END
START 14480 -1116 20920 -703 1253 1911 END
START 14744 -1580 20976 -568 1643 278 END
START 15000 -2108 20736 -308 2187 -1111 END
START 14896 -2428 20396 398 1786 -2692 END
START 14884 -2332 19556 1268 891 -4631 END
START 14996 -2492 18932 1812 -106 -6839 END
START 14948 -2500 18532 1991 -203 -9384 END
START 14360 -3196 17924 1867 340 -11437 END
START 13804 -3492 17668 2017 1060 -12766 END
START 13284 -3984 17100 2120 2471 -13570 END
START 12992 -4408 16508 1741 4150 -14260 END
START 13060 -5180 16840 1530 4884 -14787 END
START 13508 -5652 17364 1848 4498 -15497 END
START 14044 -5840 17800 2452 4799 -17360 END
START 12880 -5676 17708 3691 5340 -20250 END
START 10576 -5156 16668 4951 4021 -23445 END
START 8436 -4616 15520 5926 1047 -26228 END
START 6812 -3664 14716 6010 -1360 -28147 END
START 4712 -2492 14084 5199 -2386 -29476 END
START 2368 -1596 13628 3493 -1471 -30149 END
START -620 -1240 13404 1047 1820 -29944 END