START 17640 708 19188 49 -1843 -3445 END
START 20804 -432 17324 318 -2277 -3772 END
START 18148 588 17324 623 -1302 -5246 END
START 16064 1012 17972 1204 -2039 -7131 END
START 15292 1248 18448 1717 -3226 -8912 END
START 14968 1804 18588 2469 -2997 -10883 END
START 14468 1744 18340 3148 -2165 -12709 END
START 13748 1772 18112 3083 -944 -14100 END
START 12524 1900 17944 2569 -456 -15205 END
START 11428 1960 18472 2438 -507 -16173 END
START 10548 1780 18508 3127 -275 -17203 END
START 9568 1468 17736 3731 140 -18287 END
START 8116 880 16788 3883 420 -19379 END
START 6344 660 15864 3949 611 -20286 END
START 4208 420 15304 4014 216 -20985 END
START 2176 200 14508 3925 -948 -21440 END
START 412 820 14564 3865 -2783 -21730 END
START -564 1700 15180 4013 -4435 -21602 END
START -948 2392 15996 4265 -4891 -21320 END
START -1628 2836 15836 4424 -4356 -21378 END
START -3128 2764 15300 4167 -4430 -21183 END
START -4404 2564 15116 4000 -4578 -20387 END
START -5376 2476 14888 3391 -3217 -19435 END
START -6744 1916 14788 2896 -1448 -18042 END
START -7732 1568 14964 2722 -419 -16357 END
START -8928 2068 14964 2462 97 -14793 END
START -9928 2112 15316 2424 806 -13552 END
START -10984 2272 15104 2520 1498 -12228 END
START -11800 2356 14632 2479 2052 -10662 END
START -12324 2432 14484 2410 2371 -8962 END
START -12728 2748 14668 2180 2641 -7028 END
START -13128 3580 14540 1840 3179 -4769 END
START -13312 3988 14228 1408 3419 -2898 END
START -13404 4256 13500 982 2888 -1636 END
START -13520 4332 13220 480 1658 -551 END
START -13584 4612 13472 513 467 898 END
START -13044 4528 13244 478 -172 2516 END
START -12412 4440 12676 -264 -510 4230 END
START -11700 4356 12884 -1149 -848 5940 END
START -10748 4036 13076 -1477 -1114 7727 END
START -9304 3936 13160 -2011 -823 9502 END
START -8428 3296 12856 -2963 -351 11118 END
START -7376 3132 13252 -3739 597 12731 END
START -6292 2828 13660 -4157 2065 14281 END
START -5676 2624 13552 -4833 4122 16071 END
START -5184 2496 12360 -5415 4473 16998 END
START -5204 2724 11780 -5491 1225 16140 END
START -4636 2540 12692 -4612 -3393 14935 END
START -3280 2432 13660 -3777 -3756 15234 END
START -2220 2272 13396 -4953 367 17192 END
START -1872 2124 12768 -6631 4197 19102 END
START -1900 2340 12252 -8127 5353 20362 END
START -2032 2808 11436 -8862 3643 20001 END
START -1932 2952 12164 -8717 -722 18448 END
START -884 2804 13000 -7926 -4491 17650 END
START 864 2424 14200 -8110 -4780 18308 END
START 2564 2148 15228 -8544 -2408 19263 END
START 3520 1480 15840 -8628 1037 19615 END
START 2996 1236 15404 -8995 3980 19135 END
START 1496 904 15740 -9350 4773 17672 END
START 612 208 16340 -8520 2501 16655 END
START 1432 -724 16124 -8730 -1516 16108 END
START 3068 -940 17960 -9289 -3968 15717 END
START 4448 -948 19540 -8640 -3802 15515 END
START 5200 -788 20188 -8114 -1670 14807 END
START 4880 -836 20004 -8059 655 13872 END
START 4540 -1352 20472 -7629 1218 13720 END
START 5392 -1696 21100 -6803 545 14207 END
START 7044 -1540 21784 -5998 333 14471 END
START 8600 -1664 21472 -5936 1232 13882 END
START 9248 -1604 21452 -6383 1901 12160 END
START 9632 -1440 22128 -6230 1167 10271 END
START 9952 -1596 22760 -5103 99 8295 END
START 10804 -1872 23168 -3874 -726 6608 END
START 11592 -2168 23068 -3036 -1264 5027 END
START 12284 -2432 23088 -2704 -692 3775 END
START 13008 -2328 23192 -2641 665 3026 END
START 13192 -2704 23408 -2049 2385 2113 END
START 13272 -3028 22972 -1582 3260 941 END
START 12940 -3236 22224 -954 2942 -510 END
START 12832 -3468 21876 -58 2025 -2104 END
START 12688 -3776 21248 700 1041 -3698 END
START 13160 -3636 21092 1240 865 -5408 END
START 12936 -3896 20640 1851 875 -7088 END
START 12656 -3892 20040 2506 336 -8474 END
START 12408 -3720 19260 2885 -267 -9649 END
START 12048 -3688 18744 2651 -401 -10748 END
START 11708 -3840 18344 2365 -88 -11651 END
START 11668 -4096 18340 2440 409 -12657 END
START 11400 -4256 18004 2546 1010 -14120 END
START 10828 -4264 17612 2837 1239 -15547 END
START 10332 -4268 17404 2990 1545 -16838 END
START 9704 -4232 17032 2825 1780 -17923 END
START 9180 -4372 16532 2583 1886 -19067 END
START 8544 -4908 16604 2491 1708 -19916 END
START 7720 -4628 16232 2253 1656 -20644 END
START 6608 -4088 16336 2016 2709 -21699 END
START 4848 -3824 15928 2323 4325 -22869 END
START 2544 -3612 15360 2718 4956 -24201 END
START 224 -3304 14476 3191 4540 -25613 END
START -2792 -2872 13816 3193 3903 -26874 END
START -6388 -2604 14060 2933 3364 -27307 END