START 15596 3608 14624 2235 -2844 2268 END
START 17984 3068 15276 2267 -3331 1877 END
START 17976 3944 12196 2050 -2697 286 END
START 15664 4856 15932 1937 -2455 -1687 END
START 16444 5140 15892 2259 -2503 -3466 END
START 17084 5228 16452 2775 -2688 -5332 END
START 17440 5136 16340 3323 -2407 -7305 END
START 17332 5552 16684 3542 -2261 -8873 END
START 16972 6240 17028 3848 -869 -10372 END
START 16272 6744 16824 3942 1214 -11966 END
START 15096 6628 16512 3636 2856 -13687 END
START 13776 6016 16248 3731 3386 -15577 END
START 12380 5188 16108 4466 2832 -17439 END
START 10988 4768 15964 5610 1903 -19455 END
START 8960 4588 15516 6692 609 -21400 END
START 7128 4396 14936 7254 -1012 -22937 END
START 5688 4744 14996 7653 -2892 -23783 END
START 4580 4832 15192 8106 -3582 -24124 END
START 3620 4528 14500 8240 -3842 -24430 END
START 2368 4680 14136 8016 -3618 -24865 END
START 652 4776 13928 7832 -3159 -25265 END
START -1328 4740 13484 7695 -2530 -25247 END
START -3200 4664 13012 7078 -2907 -24574 END
START -4568 4876 12960 6385 -3647 -23352 END
START -5732 4844 13076 5653 -3680 -22202 END
START -6976 4780 13112 5096 -3235 -21165 END
START -8264 4480 12596 4390 -3416 -20017 END
START -9492 4600 12416 3383 -3777 -18735 END
START -10932 4652 12520 2729 -3396 -17423 END
START -12224 4704 12420 2279 -3016 -15730 END
START -13472 4724 12148 1674 -2947 -13704 END
START -14152 4984 12232 975 -2945 -11387 END
START -14516 5228 12128 420 -2565 -9244 END
START -14776 5628 12032 -22 -2156 -7387 END
START -14872 6004 11736 -328 -1980 -6000 END
START -14876 6208 11692 -414 -1933 -4997 END
START -15232 6156 11480 -311 -2080 -4083 END
START -15208 5960 11004 -153 -2840 -2922 END
START -15076 5904 10712 -248 -3860 -1465 END
START -14940 5796 10644 -714 -4827 374 END
START -14244 5624 10924 -1253 -4874 2343 END
START -13672 5464 10924 -2236 -4087 4312 END
START -13184 5088 10888 -3427 -2883 6118 END
START -12804 4508 11040 -4525 -1667 7858 END
START -12692 3604 11020 -5495 -588 9588 END
START -12844 2676 11076 -6267 -673 11705 END
START -12856 2160 11304 -6682 -1820 14377 END
START -12580 1552 11308 -7099 -3224 17167 END
START -12136 872 11744 -7921 -4249 19959 END
START -11408 176 12132 -8888 -4349 22798 END
START -10824 -420 13260 -9710 -3367 25910 END
START -9364 -1272 13952 -10446 -1705 28598 END
START -8032 -1372 14820 -10907 101 30882 END
START -6260 -1616 15356 -10681 1196 32361 END
START -4024 -1540 15568 -10133 1802 32749 END
START -2104 -1236 15800 -9626 1797 31909 END
START 192 -764 16124 -9297 1074 30588 END
START 1992 -552 16708 -9336 421 29222 END
START 3500 -416 17740 -9291 66 28624 END
START 5144 -164 18456 -9454 33 29429 END
START 6776 -12 18900 -10075 893 30608 END
START 9288 172 19856 -11002 2673 31663 END
START 11672 640 21016 -11602 5919 30879 END
START 13584 1124 21808 -11670 9437 28354 END
START 13600 1440 21892 -11009 10909 24633 END
START 12636 1080 20992 -9367 9520 20744 END
START 11388 560 20236 -7649 6289 17401 END
START 10740 704 19568 -6390 2506 15483 END
START 10476 412 19952 -6226 534 15619 END
START 12912 1996 20044 -5737 -305 14973 END
START 14516 884 20492 -6002 1146 14414 END
START 15416 1352 20692 -6350 3393 12821 END
START 16220 1172 21072 -6142 4908 10622 END
START 17276 1016 21532 -5871 5408 8063 END
START 18520 804 21740 -5424 5200 5106 END
START 19020 -28 22264 -4763 3968 1924 END
START 19112 -832 22424 -3676 2402 -1073 END
START 19644 -1488 22420 -2319 1162 -4110 END
START 20140 -2080 22372 -842 1652 -7830 END
START 19968 -2816 21620 622 2999 -12134 END
START 19024 -4008 19924 1459 3200 -16018 END
START 18140 -4748 18876 1805 3108 -19470 END
START 17200 -6032 18212 2260 4019 -21969 END
START 16192 -6380 16936 2462 4714 -24060 END
START 14484 -6264 16044 2548 5389 -26429 END
START 12540 -6000 14720 2856 5382 -28766 END
START 10172 -5176 13388 2204 4187 -31530 END
START 7640 -4216 13084 1768 2448 -32768 END
START 5156 -3036 13188 2466 336 -32768 END
START 1948 -3516 13652 2885 -1020 -32768 END
START -1168 -4596 14816 2986 -1400 -32768 END