START 11416 3352 21292 -2148 -1766 485 END
START 14228 4572 13892 -1939 -1291 -120 END
START 11796 5312 21268 -1460 -1878 -1316 END
START 13420 5056 20116 -640 -1852 -3888 END
START 13104 5472 20948 635 -1612 -6601 END
START 12700 4992 20808 2063 -1626 -8846 END
START 12420 4320 20364 3548 -1928 -10583 END
START 11988 4268 19732 4569 -1804 -12179 END
START 11128 4280 19420 5037 -844 -13700 END
START 10152 4108 18700 5305 51 -14815 END
START 9036 3804 18576 5660 659 -15824 END
START 7888 3804 18388 6248 825 -16924 END
START 6552 3660 17960 6949 125 -17979 END
START 5724 3708 17624 7664 -720 -19078 END
START 4832 3760 17228 8279 -1048 -20421 END
START 3408 3376 16696 8642 -1337 -21655 END
START 1848 3028 16128 8747 -2020 -22422 END
START 100 2780 15536 8807 -2747 -22731 END
START -1536 2604 14924 8930 -3162 -22725 END
START -3088 2852 14216 8899 -3487 -22308 END
START -4596 3204 13660 8307 -3567 -21625 END
START -6136 3268 13204 7259 -2910 -20730 END
START -7416 3188 12800 5840 -2350 -19563 END
START -8808 3196 12668 4295 -2335 -18083 END
START -9892 3324 12788 3278 -2268 -16486 END
START -11060 3588 12684 2499 -1843 -14887 END
START -12224 3548 12380 1821 -1267 -13282 END
START -13384 3544 12256 1385 -1092 -11905 END
START -14416 3524 12456 1275 -1792 -10383 END
START -15288 4028 12440 1495 -3112 -8635 END
START -15360 4668 12472 1982 -4846 -6855 END
START -15096 5068 12180 2360 -6295 -5273 END
START -14732 5204 11860 2471 -7187 -3841 END
START -13968 4980 11792 2205 -7529 -2194 END
START -13032 4840 11856 1309 -7303 -378 END
START -11768 4752 12124 208 -6021 1406 END
START -10860 4592 12488 -1002 -4058 3155 END
START -10008 4812 12752 -2081 -1993 4974 END
START -9168 4896 12748 -3056 -486 6370 END
START -8864 4592 12920 -3595 282 7054 END
START -9024 4192 13052 -3823 28 7438 END
START -9220 3660 12760 -3789 -906 7949 END
START -9292 3176 12624 -3721 -1949 8588 END
START -9572 2392 12516 -3688 -2601 9660 END
START -9608 1768 12052 -4023 -3039 11189 END
START -9512 1316 12048 -4705 -3050 13031 END
START -9156 568 12136 -5830 -2233 14960 END
START -8784 -52 11940 -7084 -1734 16899 END
START -8152 -344 12228 -8242 -2181 18844 END
START -6760 -400 12980 -8923 -2526 20593 END
START -5276 -192 13936 -9140 -2232 22021 END
START -4044 132 14304 -9418 -1265 23086 END
START -3112 76 14520 -9772 -188 23483 END
START -2660 132 14772 -9928 485 23412 END
START -1716 -88 15160 -10188 -177 23703 END
START -68 -336 16076 -10576 -1686 24344 END
START 2012 -388 17424 -10401 -2172 24532 END
START 3792 -144 18080 -9889 -1264 24126 END
START 4484 200 18348 -9591 158 23048 END
START 4740 600 18604 -9596 1055 21874 END
START 5892 448 19684 -9427 599 21438 END
START 7808 540 21244 -8917 -85 21665 END
START 9716 572 22228 -8600 302 21441 END
START 11224 888 22880 -8361 1691 20366 END
START 11020 936 23108 -8024 2827 18455 END
START 12004 12 24232 -7656 4548 16499 END
START 12404 1332 23116 -6525 4168 14820 END
START 13048 544 22772 -5766 3223 13020 END
START 13760 472 23216 -5053 2512 11416 END
START 14408 420 22864 -4159 2294 9956 END
START 15020 -56 22748 -3660 2279 8356 END
START 15968 196 22816 -3279 2473 6326 END
START 16344 112 22608 -2613 2803 3858 END
START 16204 -224 22028 -1694 2570 1274 END
START 15808 -712 21556 -812 1661 -960 END
START 15428 -1384 21096 -161 684 -2794 END
START 15384 -1632 20656 665 -41 -4720 END
START 15180 -1884 20212 1480 -352 -6859 END
START 14932 -2116 19400 2032 -756 -9076 END
START 14404 -2176 18972 2234 -1271 -11351 END
START 14056 -2712 18400 2119 -549 -12775 END
START 13800 -2460 18176 1957 844 -14144 END
START 13312 -2816 17820 1727 2393 -15247 END
START 12816 -3336 17212 1129 3719 -16291 END
START 12540 -3892 16972 547 4384 -17230 END
START 11900 -3956 17096 699 4616 -18528 END
START 10720 -3676 16568 1023 4456 -20731 END
START 8668 -3012 16212 1166 4010 -24132 END
START 5920 -3016 16144 1505 3535 -27402 END
START 2612 -2964 16060 1766 3321 -29552 END
START -572 -3000 15800 1623 3344 -30277 END
START -3296 -3232 15440 856 3539 -30268 END
START -6484 -3272 15872 93 3328 -29632 END
START -9336 -3600 16368 -216 3022 -28077 END
START -12000 -4532 16900 -874 1810 -25424 END
START -14212 -4392 18880 -1869 291 -21808 END