START 14076 1212 17380 -1262 -2430 -643 END
START 11472 2464 25480 -1064 -2783 -761 END
START 16720 948 12644 -1076 -2453 -1846 END
START 12984 2308 17592 -884 -2002 -3557 END
START 13776 2164 16480 -675 -2781 -5032 END
START 13604 2756 16900 -428 -3467 -6234 END
START 13884 3156 17264 77 -3602 -7510 END
START 14380 3748 17280 332 -3161 -8761 END
START 14580 4060 17520 351 -1847 -10328 END
START 14224 4432 17596 274 252 -12178 END
START 13008 4480 17568 273 1560 -14104 END
START 11864 3820 17500 866 1072 -15829 END
START 11028 3400 17660 2267 -838 -17524 END
START 10400 3004 17708 3404 -2163 -19348 END
START 8636 3220 17400 3849 -2522 -21017 END
START 6360 3216 16928 3447 -1796 -21759 END
START 4292 2972 16516 2435 -105 -21579 END
START 2288 2548 16132 1423 1631 -20415 END
START 716 2040 15996 532 2356 -18835 END
START -444 2008 15968 119 2675 -17627 END
START -1488 2052 16036 339 2361 -17267 END
START -2692 2224 16052 1007 1767 -17521 END
START -4256 2284 15796 1605 1090 -17728 END
START -6020 2060 15192 1890 228 -17333 END
START -7388 2688 15204 1897 -821 -16144 END
START -8412 2968 15080 1961 -1627 -14680 END
START -8720 3372 14904 2061 -1898 -13215 END
START -9088 3868 14676 2041 -1645 -11956 END
START -9436 4308 14716 1677 -613 -10702 END
START -9532 4532 14776 1209 626 -9076 END
START -10024 4668 14896 1102 1364 -7618 END
START -10336 4840 14172 1196 1253 -6424 END
START -10704 5428 13816 1156 467 -5463 END
START -11004 5736 13556 1185 -537 -4568 END
START -10928 6044 13552 1288 -1002 -3503 END
START -10836 5816 13420 1010 -1002 -2231 END
START -10600 5540 13068 611 -694 -982 END
START -10372 4964 12564 189 -1042 152 END
START -10488 5056 12580 -279 -1696 1389 END
START -9920 4840 12676 -633 -1378 2957 END
START -9812 4460 12784 -990 -496 4455 END
START -9940 4180 12804 -1443 -186 6007 END
START -9784 4088 12456 -1860 -139 7519 END
START -9784 3864 12152 -2262 -214 8716 END
START -9532 3644 11924 -2605 -237 9873 END
START -9228 3180 11660 -2795 -671 11207 END
START -8532 2816 11264 -3209 -1636 12615 END
START -7452 2384 11336 -4084 -2048 14454 END
START -6316 1944 11572 -5571 -1872 16281 END
START -5212 1632 12092 -6906 -759 18071 END
START -4448 1524 12584 -7904 574 19468 END
START -4060 1792 12768 -8536 976 20352 END
START -3600 1632 12780 -8901 309 20669 END
START -3152 1072 12692 -8689 -1055 20635 END
START -2488 468 12592 -8608 -2544 20683 END
START -1164 -384 13012 -9064 -4154 21314 END
START 952 -792 14592 -9652 -4715 22474 END
START 2552 -884 15464 -10311 -3272 23265 END
START 3584 -456 16380 -11080 -981 23335 END
START 3864 -568 16724 -11116 352 23043 END
START 5020 -1208 17768 -10945 -173 22887 END
START 7552 -1368 18920 -10761 -1246 23155 END
START 9916 -964 20448 -10506 -763 22237 END
START 11180 -1028 21608 -9815 560 20366 END
START 11396 -696 21992 -8641 1104 18144 END
START 11556 -736 22320 -7319 695 15788 END
START 12200 -880 22876 -6088 -189 13783 END
START 11468 -2800 22612 -5654 1386 13004 END
START 14160 -880 22852 -4823 1837 11607 END
START 13972 -1180 23316 -3721 2511 9567 END
START 13512 -792 22252 -2898 3345 7191 END
START 12392 -2108 21152 -3876 5039 6142 END
START 11684 -1700 21392 -4076 6172 5262 END
START 11628 -2304 21348 -3183 5193 4574 END
START 12116 -2420 21152 -2641 4185 3387 END
START 12532 -2628 21228 -2116 3417 1470 END
START 12612 -2884 21324 -1257 2676 -670 END
START 12792 -3172 21148 -390 2251 -2911 END
START 12544 -3576 20788 559 2083 -4991 END
START 12280 -3676 20492 1628 1492 -6760 END
START 11960 -3820 19524 2230 296 -8353 END
START 11468 -3976 18592 2563 -573 -9570 END
START 11060 -4516 18328 2637 -1262 -10791 END
START 11272 -4136 18020 2949 -578 -11878 END
START 11352 -4704 16984 2135 713 -12204 END
START 11044 -4896 16992 1382 2842 -12297 END
START 10792 -4684 16800 1470 4214 -12530 END
START 10800 -4536 16156 1429 4352 -13642 END
START 10572 -4444 16100 1260 4073 -15248 END
START 10188 -4188 16056 1305 4643 -16811 END
START 9632 -4028 16200 1489 5650 -18578 END
START 8544 -3840 15844 1560 6606 -20270 END
START 7192 -3528 15728 1510 7191 -21668 END
START 5812 -3464 15760 1741 7926 -22854 END
START 4316 -3224 15304 1755 8574 -23885 END
START 2604 -2964 14892 1421 9172 -25188 END
START 204 -2932 14884 1612 9238 -26417 END
START -2300 -2880 14800 2079 8304 -27312 END