START 13700 2316 19216 -806 -3372 4802 END
START 11148 4012 15232 -708 -4239 4404 END
START 16724 1968 13432 -532 -4582 3236 END
START 16228 2156 14924 -580 -6049 1605 END
START 15836 2776 17128 -891 -7060 -485 END
START 16920 3128 17772 -576 -5950 -3035 END
START 16816 3368 18196 358 -5067 -5786 END
START 16296 3572 17904 1445 -4668 -7948 END
START 15992 3508 17736 1822 -4115 -9428 END
START 15800 3504 17776 1681 -2651 -10465 END
START 14980 3288 17780 1546 -706 -11292 END
START 14064 2976 17184 1425 339 -12186 END
START 13284 3168 17272 1573 788 -13577 END
START 11972 2900 17040 1962 745 -15471 END
START 10432 2776 16756 2389 -497 -17008 END
START 9120 2212 16428 2919 -2243 -18160 END
START 8468 2000 16292 3141 -2925 -19236 END
START 7592 1948 16348 3266 -2420 -20381 END
START 6348 1748 16388 3499 -1988 -21499 END
START 4652 1208 16028 3855 -2647 -22268 END
START 3316 944 16000 4136 -3574 -22485 END
START 1960 1100 15720 4083 -3737 -22474 END
START 336 1296 15740 4152 -3442 -22234 END
START -956 1692 15336 4179 -3297 -21801 END
START -2412 1968 15120 3983 -3396 -21196 END
START -3972 2240 14796 3516 -3520 -20508 END
START -5276 2316 14488 2799 -3067 -19182 END
START -6352 2376 14380 1650 -2632 -17496 END
START -7324 2800 14936 988 -2067 -15826 END
START -7792 3304 15132 897 -1557 -14450 END
START -8604 3596 14932 827 -1234 -13485 END
START -9632 3936 14616 829 -1508 -12579 END
START -10280 4064 14688 1053 -2341 -11738 END
START -10864 3968 14580 1343 -2708 -11062 END
START -11492 4080 14148 1417 -2846 -9909 END
START -12380 3892 13840 1203 -3382 -8262 END
START -12800 4056 13536 951 -3434 -6087 END
START -12796 4068 13352 126 -2730 -3551 END
START -12360 4016 13468 -844 -1676 -762 END
START -11592 4172 13412 -1311 -639 1793 END
START -10536 4204 12700 -1571 -576 3707 END
START -9512 4276 12224 -1871 -1283 4995 END
START -9136 4560 12308 -2233 -1770 5918 END
START -8908 4748 12220 -2315 -2012 6918 END
START -8740 4488 11924 -2476 -2330 7870 END
START -8152 4228 12088 -2743 -2698 8920 END
START -7632 3416 11776 -2820 -2596 9944 END
START -7452 2976 11544 -3466 -2291 11148 END
START -7608 2924 11928 -4100 -2220 12892 END
START -7404 2632 12444 -4315 -1935 14781 END
START -6892 2260 12788 -4661 -1465 16395 END
START -6344 1456 12712 -5078 -1048 17688 END
START -5592 980 12996 -5407 -935 19085 END
START -4292 312 13584 -5962 -1087 20439 END
START -2784 -248 14496 -6624 -940 21896 END
START -1568 -528 15560 -6998 -218 23105 END
START -660 -160 15620 -7430 342 23758 END
START -420 64 16172 -7768 1073 23745 END
START -872 -100 16248 -7810 1791 23494 END
START -296 -1016 16520 -7854 599 24216 END
START 1776 -1384 17716 -7908 -1299 25875 END
START 4884 -1124 18888 -7886 -1038 26664 END
START 6812 -696 19364 -7702 722 26115 END
START 7156 -424 18696 -7417 1906 24715 END
START 6616 -520 18248 -7477 2450 23004 END
START 6484 -1276 18260 -7585 1843 21621 END
START 8416 -2216 19252 -7424 -473 21782 END
START 11048 -2192 20488 -7364 -1510 22088 END
START 13428 -2240 21308 -7270 155 21097 END
START 13536 -1880 21752 -6868 2242 19047 END
START 12348 -1748 21448 -6261 3616 16549 END
START 11668 -3780 20816 -5906 4655 14599 END
START 12488 -2672 20600 -4844 2441 13905 END
START 14212 -2668 21044 -4764 807 12905 END
START 15404 -2712 21496 -5090 1308 11351 END
START 15880 -2656 22236 -4580 2665 9028 END
START 15804 -3248 22164 -3707 3367 6644 END
START 15976 -3776 22052 -2922 2896 4681 END
START 16584 -4064 22148 -2163 2310 2891 END
START 17220 -4312 22248 -1284 2392 938 END
START 17628 -4596 22128 -521 2670 -1094 END
START 17696 -4872 21824 138 2685 -3259 END
START 17536 -5160 21572 950 2634 -5540 END
START 16952 -5500 21076 1762 2792 -7834 END
START 15928 -5864 20428 2477 2846 -9867 END
START 15000 -5980 19496 2865 2641 -11418 END
START 14012 -6376 18480 3010 2291 -12235 END
START 13460 -6188 17996 3278 1959 -13043 END
START 13064 -6160 17008 3251 2146 -14326 END
START 12552 -6224 16468 2943 2160 -16059 END
START 11824 -6512 15880 2625 1816 -17796 END
START 11304 -6908 15740 2448 1462 -19243 END
START 10252 -7508 15740 2542 1268 -20620 END
START 9316 -7828 15516 2559 807 -21711 END
START 7676 -7020 15404 2509 253 -22313 END
START 6592 -6544 15152 2268 283 -22518 END
START 5352 -5796 15016 2097 1138 -22700 END
START 4536 -5168 14816 1837 1912 -22676 END
START 3596 -4312 14608 1490 2760 -22932 END
START 2292 -3372 14596 906 3769 -23672 END
START 524 -2820 14528 378 4553 -24819 END
START -1496 -2368 14620 -38 4599 -26317 END
START -4196 -2248 14696 211 4187 -27666 END
START -7340 -2128 15232 668 3454 -28047 END