START 16048 2780 19660 -1759 385 -4620 END
START 19280 1340 17356 -1638 257 -5187 END
START 16568 2208 17352 -1676 960 -7003 END
START 13276 2968 19060 -1369 997 -8901 END
START 12608 2948 18456 -367 927 -10061 END
START 11996 2784 17912 600 717 -10721 END
START 11792 2520 17660 603 616 -11438 END
START 11468 2144 17484 427 974 -12394 END
START 10828 2176 17852 558 1735 -13242 END
START 9928 2104 17928 1117 2538 -14308 END
START 8968 1984 18092 1864 3063 -15253 END
START 7832 1812 17820 2387 2767 -15874 END
START 7316 1336 17884 2619 1661 -16127 END
START 6704 1400 17624 2841 1077 -16470 END
START 5900 1440 17516 2721 946 -17412 END
START 4176 1180 17692 3282 986 -18496 END
START 2820 984 17432 4053 1616 -19339 END
START 1168 736 16688 4417 1938 -19713 END
START -440 596 16200 4562 1956 -19314 END
START -1796 704 15292 4545 2132 -18575 END
START -3232 1244 14520 3964 2184 -17730 END
START -4568 1484 14172 3346 2104 -17250 END
START -6440 1636 14100 3052 1383 -17187 END
START -7856 1688 14432 3430 390 -16894 END
START -9196 1772 14436 3883 -217 -16299 END
START -10344 2188 14572 3811 -59 -15202 END
START -11412 2368 14756 3561 789 -13610 END
START -12356 2724 14480 3401 1827 -11697 END
START -13128 2688 13948 2944 2493 -9536 END
START -13808 2840 12980 1723 1804 -7611 END
START -14124 2908 13428 712 326 -5792 END
START -14112 3208 14024 827 -289 -4024 END
START -13612 3376 13868 1126 -723 -2306 END
START -13300 3732 13372 1068 -1438 -1117 END
START -12780 3936 13348 1081 -2167 -120 END
START -12328 4060 13256 1191 -2831 1020 END
START -11692 4248 12920 873 -3551 2527 END
START -10900 4452 13212 286 -3581 4187 END
START -9960 4448 13404 -323 -2845 5774 END
START -9124 4556 13424 -1107 -1645 7089 END
START -8636 4304 13144 -1546 -354 7936 END
START -8484 3956 12768 -1507 -19 8427 END
START -8804 3460 11936 -1252 -1009 8677 END
START -9720 3152 11356 -651 -2939 9241 END
START -10324 2884 10820 265 -6050 10408 END
START -10048 2696 10780 1435 -8741 11819 END
START -8916 1968 11060 2713 -7817 12076 END
START -8236 1080 10284 2985 -4428 11684 END
START -8832 -120 8656 1788 -3026 12638 END
START -9064 -1328 7316 -1056 -4465 15252 END
START -7980 -1960 8264 -5034 -6717 19169 END
START -4988 -1960 11188 -8302 -7019 22865 END
START -1584 -1520 13760 -9315 -4197 24644 END
START 740 -1328 14232 -9408 -975 24082 END
START 1720 -1192 14884 -9642 -863 23356 END
START 3440 -952 16168 -9652 -2515 23360 END
START 5776 -776 18088 -9454 -2806 23563 END
START 7080 -752 18860 -9588 -1886 23827 END
START 8012 -852 19192 -9923 -804 23759 END
START 8464 -1040 19608 -10139 277 23191 END
START 9404 -1120 20524 -10031 783 22518 END
START 10764 -1320 21664 -9756 301 22288 END
START 12856 -1308 22616 -9400 -140 21834 END
START 14880 -1312 23272 -8719 349 20178 END
START 20464 2512 23216 -8528 2251 18355 END
START 16700 -1228 24812 -8192 5503 15302 END
START 17240 -1188 24240 -6670 5084 13226 END
START 18116 -1572 24048 -5317 3621 11048 END
START 18908 -1440 23948 -3845 2848 8505 END
START 19176 -1572 23240 -2331 2554 5475 END
START 19260 -1272 22552 -1055 1980 2454 END
START 19132 -1424 21708 -91 1333 -341 END
START 18920 -1388 21296 1126 627 -2993 END
START 18500 -1508 20552 2376 -582 -5688 END
START 18008 -1900 19640 3078 -1647 -7863 END
START 17348 -1976 18764 3639 -2136 -9961 END
START 16476 -1884 17364 3452 -1492 -11838 END
START 15372 -2372 16292 2525 -36 -13335 END
START 14316 -2500 15984 1438 1639 -14153 END
START 13396 -2660 15280 178 3294 -14560 END
START 12704 -2352 15212 -554 3698 -15045 END
START 12144 -2576 14924 -928 3183 -15682 END
START 11688 -2640 14976 -1485 2381 -16815 END
START 11216 -2216 15472 -1551 2103 -18261 END
START 10612 -1812 15644 -1191 2232 -20261 END
START 9156 -1296 15780 -521 2918 -22764 END
START 7152 -1172 15472 -358 3892 -24645 END
START 4748 -1628 14992 -1072 4812 -25692 END
START 1708 -2188 14956 -2534 5461 -25774 END