START 11388 3436 14208 784 -6342 -1113 END
START 9916 4252 23808 725 -6874 -1377 END
START 7484 5336 20484 -42 -7483 -2443 END
START 13920 4048 14204 -582 -7753 -3563 END
START 13184 4592 16508 -235 -6153 -4454 END
START 13420 4872 16756 39 -3867 -5598 END
START 13652 4792 16376 -650 -2706 -7011 END
START 13380 4824 16988 -1272 -2307 -8499 END
START 13152 4608 17856 -741 -1732 -9655 END
START 12996 4284 17980 -103 -1405 -10557 END
START 12412 4112 17636 125 -586 -11484 END
START 11592 3772 17324 30 64 -12592 END
START 10660 3572 17236 -14 223 -13821 END
START 9612 2976 17108 24 -358 -14912 END
START 8844 2672 17932 389 -783 -15630 END
START 8048 2720 18336 683 24 -16215 END
START 7148 2400 18384 794 1326 -16595 END
START 5840 2448 18192 851 2479 -16980 END
START 4256 2032 17500 1218 2712 -17398 END
START 2484 1928 16804 1637 1876 -17654 END
START 572 2228 16452 2055 780 -17690 END
START -1044 2216 15912 2526 -226 -17632 END
START -2192 1984 15796 3059 -1105 -17397 END
START -3160 2256 16044 3624 -957 -16886 END
START -4528 2344 15360 3728 -300 -16074 END
START -5664 2576 14848 2964 -22 -15151 END
START -7120 2572 14440 2153 87 -14286 END
START -8696 2228 14196 1784 190 -13232 END
START -10344 2028 14148 1604 41 -11937 END
START -11896 1756 14236 1673 276 -10252 END
START -13064 1892 14548 2022 1003 -7953 END
START -13268 2544 14720 2593 2478 -5171 END
START -12388 2900 13292 2373 2950 -2549 END
START -11128 3360 12256 -106 1037 -996 END
START -10120 3744 13448 -1817 -1078 -379 END
START -9480 4308 14836 -1082 -2277 251 END
START -8700 4280 15088 214 -3013 757 END
START -7888 4496 14796 602 -2755 1182 END
START -7300 4816 14452 348 -1657 2010 END
START -6944 4616 14064 -197 -787 3216 END
START -6752 4912 13724 -904 -429 4510 END
START -6356 4772 13336 -1400 -374 5800 END
START -6088 4700 12688 -2243 -214 6557 END
START -6096 4268 11816 -3433 -304 6738 END
START -6420 3956 11908 -3812 -515 6750 END
START -7076 3556 11968 -3278 -1364 7136 END
START -7232 2776 11348 -2783 -2582 8223 END
START -7388 2116 10520 -3233 -3252 9703 END
START -7204 1484 10484 -4054 -3532 11611 END
START -6540 572 10304 -5274 -3815 13696 END
START -5240 56 11272 -6856 -4135 15771 END
START -3892 124 12408 -7877 -3374 17569 END
START -2748 -132 13160 -8584 -2437 18769 END
START -1716 -68 13388 -8834 -2101 19297 END
START -976 344 13520 -8845 -2312 19106 END
START -368 16 14376 -8873 -2918 19002 END
START 684 -88 15800 -8726 -3016 19450 END
START 1896 -160 16888 -8383 -2086 20042 END
START 3152 -4 17132 -8251 -721 20398 END
START 3792 288 17224 -8767 -61 20001 END
START 4140 588 17792 -8579 -295 19121 END
START 4644 404 18340 -7878 -1327 18240 END
START 6136 -32 19308 -7493 -2855 17645 END
START 7764 -120 20276 -7249 -3015 17068 END
START 8876 -268 21004 -6975 -1912 16386 END
START 9540 -224 21368 -6676 -226 15372 END
START 9712 -176 21436 -6343 1175 13990 END
START 10196 -488 21868 -6030 1322 12959 END
START 11136 -580 22640 -5372 1178 11761 END
START 12308 -424 23132 -4519 1465 10389 END
START 13044 -568 23392 -3585 2192 8641 END
START 13664 28 21496 -3651 3368 7249 END
START 13192 -384 22808 -2094 3107 5194 END
START 13344 -1004 22620 -1673 3002 3762 END
START 12868 -1844 22432 -1473 4000 2462 END
START 12568 -2532 22080 -793 4184 1300 END
START 12572 -2788 21344 -243 3781 25 END
START 12568 -2992 21112 36 3148 -1389 END
START 12608 -3424 21072 508 2526 -3008 END
START 12308 -3816 20548 1184 1667 -4546 END
START 12036 -3956 19888 1995 603 -5982 END
START 12060 -3860 19176 2521 -531 -7662 END
START 12084 -3696 18408 2922 -1188 -9478 END
START 11948 -4096 17764 2633 -658 -10325 END
START 11448 -3940 17492 2006 499 -10733 END
START 11424 -3736 16856 1566 1274 -11045 END
START 11548 -3608 16472 1249 1922 -11777 END
START 11520 -3436 16532 879 2708 -13149 END
START 11284 -3204 16592 1065 3599 -14901 END
START 10624 -3204 16348 1455 4388 -16731 END
START 9616 -3292 15772 1585 4544 -18215 END
START 8260 -3300 15176 1356 4598 -19533 END
START 6816 -3204 14864 1060 4708 -20679 END
START 5248 -3176 14804 890 4685 -21513 END
START 3764 -3380 14636 680 4628 -22084 END
START 2344 -3288 15108 191 4538 -22446 END
START 652 -3068 15612 155 4647 -22698 END
START -828 -2900 15928 499 4762 -23060 END
START -2932 -2700 16016 993 4225 -23571 END
START -5368 -2628 16368 1399 3351 -24236 END
START -8292 -2536 17012 1860 2257 -24350 END
START -10904 -2720 17480 2602 815 -23314 END