START 19612 -412 19996 782 -3885 -2997 END
START 13376 1436 31068 1071 -3387 -3581 END
START 16004 632 20780 1308 -3424 -4905 END
START 16592 644 18508 1681 -3293 -6796 END
START 16844 436 16480 1941 -4219 -8556 END
START 15892 812 16412 2205 -4395 -10035 END
START 15220 968 16104 2617 -3029 -11054 END
START 14528 1308 15512 2251 -1599 -11871 END
START 13952 1512 15480 1553 -231 -12952 END
START 13336 1636 15792 1452 673 -14104 END
START 12404 2188 15776 1900 1182 -15278 END
START 11728 2312 15340 2201 819 -16923 END
START 10540 2944 15160 1996 -218 -19160 END
START 8908 3436 16224 2328 -1482 -21523 END
START 7392 2840 16772 3158 -1211 -23686 END
START 5668 1652 16660 3384 -174 -25011 END
START 3764 912 16480 2951 1097 -25321 END
START 1860 856 16268 2485 2162 -24920 END
START -620 940 15856 2847 2135 -24247 END
START -2328 896 15144 3712 -1 -24023 END
START -3448 1032 14664 4809 -3568 -24317 END
START -4788 1296 14708 5793 -6923 -25127 END
START -6460 1856 14428 6315 -8169 -25012 END
START -7908 2108 13708 5274 -7333 -23443 END
START -9328 2520 13812 3327 -5908 -20945 END
START -10368 3028 14684 2612 -4969 -18354 END
START -10432 3232 14520 3044 -6112 -16730 END
START -10400 3796 14844 4179 -9370 -16579 END
START -10648 4392 15148 5769 -11910 -17262 END
START -11520 4544 15284 6212 -10754 -17089 END
START -12868 4148 14788 5164 -7927 -14835 END
START -13500 3828 14220 3540 -4854 -11080 END
START -13724 4100 13912 1710 -2733 -6944 END
START -13472 4528 13848 224 -1203 -3661 END
START -12920 4700 13780 -783 -187 -1401 END
START -12456 4504 13944 -1697 381 239 END
START -11952 4528 14424 -2111 1295 1820 END
START -11804 4648 14592 -2332 2138 3672 END
START -11272 4832 14752 -2610 2913 5842 END
START -10680 4768 14844 -2964 4291 8019 END
START -10200 4584 14348 -3782 5813 10050 END
START -10096 4212 14056 -4897 6744 11783 END
START -10208 3544 13900 -5240 6583 13214 END
START -10128 3052 13908 -5303 5892 14241 END
START -10180 2392 14044 -4965 5447 15317 END
START -9952 1608 13460 -5225 5671 16621 END
START -9796 1448 13232 -5795 5779 18485 END
START -9432 792 13072 -6381 5135 20639 END
START -8260 768 13036 -6559 3313 22828 END
START -6540 472 13284 -6751 1487 24508 END
START -4220 628 13864 -6911 701 25281 END
START -2604 688 14032 -6804 1178 24958 END
START -2308 784 13620 -6862 1658 24140 END
START -2548 320 12900 -7028 1130 23590 END
START -2392 -288 12624 -7352 -723 23615 END
START -912 -944 13432 -8054 -3488 25184 END
START 1772 -1036 14932 -8693 -3994 26776 END
START 4196 -872 16064 -9576 -1793 27240 END
START 5624 -596 16628 -10407 1423 26293 END
START 5820 -636 17100 -10828 2903 24880 END
START 5980 -1116 18012 -10154 1259 23742 END
START 7544 -1724 18704 -8962 -1685 23034 END
START 9944 -2080 19832 -8548 -3547 22493 END
START 12132 -2144 20864 -8545 -3235 21662 END
START 13624 -1784 22028 -8566 -934 20351 END
START 14132 -1496 22772 -8029 1530 18350 END
START 14400 -984 23276 -7183 2167 16152 END
START 15100 -1884 23352 -6059 2582 13878 END
START 15256 -2212 23076 -5114 1639 12037 END
START 15992 -2104 23076 -4540 987 10140 END
START 16704 -2324 23396 -3729 1322 8186 END
START 17232 -2616 23188 -3004 2321 5952 END
START 16876 -2540 22848 -2454 2870 3715 END
START 16336 -2924 22740 -1693 2619 1751 END
START 15812 -3032 22244 -706 1754 138 END
START 15472 -3224 21564 -42 1116 -1438 END
START 15348 -3592 21284 505 1073 -3034 END
START 14896 -3896 20600 831 1135 -4650 END
START 14572 -4172 20180 1070 1278 -6109 END
START 14040 -4352 19660 1562 1625 -7510 END
START 13380 -4560 18836 1855 1771 -8813 END
START 12756 -4912 18028 1880 1853 -9989 END
START 12088 -5004 17628 2060 1781 -11073 END
START 11460 -5280 16804 2213 1408 -11985 END
START 11272 -5092 16152 2467 1237 -12852 END
START 10972 -5028 15636 2166 1657 -13735 END
START 10776 -4844 15144 1388 2384 -14646 END
START 10512 -4836 15120 1183 3349 -15902 END
START 10076 -4896 14516 915 3455 -17476 END
START 9332 -4976 14324 897 2967 -19006 END
START 8456 -4720 14024 866 2996 -20311 END
START 7620 -4652 13248 391 3338 -21328 END
START 6628 -4684 12248 -451 3657 -22194 END
START 6332 -4344 11484 -2225 4446 -23539 END
START 6216 -3796 11796 -3935 6004 -25933 END
START 5132 -4272 13292 -3867 8154 -27222 END
START 3588 -4616 12664 -2904 10687 -27331 END
START 1088 -4880 11168 -3584 12205 -27502 END
START -2104 -4964 11124 -4660 12091 -27831 END
START -5740 -4768 11908 -4022 10301 -27574 END
START -8452 -4420 12176 -3570 8048 -27017 END
START -11324 -4044 13564 -3881 5715 -26804 END
START -13552 -3792 16304 -3484 3794 -26066 END
START -15244 -3584 19068 -2312 3330 -24403 END
START -16396 -3368 20516 -1583 4485 -22031 END
START -17896 -2900 22164 -1029 5640 -19080 END