START 17104 1884 21988 2203 -10504 -1221 END
START 13504 4472 25012 2211 -9350 -2042 END
START 19300 2872 18596 2357 -8384 -3516 END
START 17232 4068 21220 3118 -5574 -5574 END
START 17748 4244 20476 4280 -3391 -7579 END
START 16776 3376 18996 4843 -2851 -9255 END
START 15880 3536 18208 5226 -3096 -10499 END
START 14816 3944 17584 5474 -1934 -11676 END
START 13368 3936 16816 5503 -241 -12655 END
START 12452 4280 16288 5318 622 -13478 END
START 11656 4276 16220 5344 660 -14618 END
START 11008 3960 16104 5887 163 -15963 END
START 10096 3672 15924 6673 -422 -17530 END
START 8880 3504 15496 7413 -1245 -19228 END
START 7412 3524 15440 7846 -2290 -20701 END
START 6384 3564 15072 7918 -3084 -21682 END
START 5000 3288 15000 7383 -3190 -22083 END
START 3696 3264 15012 6647 -2733 -22074 END
START 2116 3268 15020 6161 -1851 -22159 END
START -4 3432 14856 6153 -1310 -22547 END
START -1868 4236 14552 6355 -1663 -22644 END
START -3892 4208 14304 6623 -2385 -22296 END
START -5204 5864 14416 6472 -3572 -21335 END
START -6388 5288 14980 5871 -3813 -20042 END
START -6264 5860 14332 3889 -2023 -18211 END
START -7276 5864 14268 1633 -1136 -16985 END
START -9044 5176 14716 154 -1020 -15374 END
START -10560 4848 14528 -320 -959 -13218 END
START -11972 5092 14068 167 -2177 -11266 END
START -12716 4776 13412 -87 -3143 -9293 END
START -13028 4744 13236 -348 -2905 -7897 END
START -13156 4804 13536 -299 -2440 -6640 END
START -12960 4852 13280 -55 -2301 -5344 END
START -12764 5096 12900 66 -2318 -4183 END
START -12644 4984 12432 82 -2469 -2962 END
START -12372 4800 12020 -42 -2749 -1816 END
START -12096 4452 11476 -430 -3018 -497 END
START -11996 4180 11336 -1039 -2553 843 END
START -11868 3664 11164 -1769 -1574 2359 END
START -11764 2928 10836 -2919 -287 4194 END
START -11880 2348 10772 -4238 475 6118 END
START -12512 1892 10948 -5025 627 8246 END
START -12636 1576 10492 -5639 144 10501 END
START -12904 1140 10204 -6324 -963 12872 END
START -12860 532 10320 -6767 -1780 15336 END
START -12120 -32 10536 -7256 -2278 17784 END
START -11276 -216 11148 -7689 -2022 19804 END
START -10292 -228 11684 -8298 -1775 21777 END
START -9036 -284 12608 -9053 -1728 24061 END
START -6564 112 14036 -9560 -334 25500 END
START -4416 364 15240 -9503 2812 25073 END
START -3476 412 15376 -9363 4923 24295 END
START -3100 -116 15692 -9561 4548 24171 END
START -1996 -176 16732 -9527 2042 25071 END
START -576 -568 18252 -9212 -540 26174 END
START 1348 -288 19152 -8409 -2029 26961 END
START 3304 -204 19468 -7557 -1619 26699 END
START 4332 92 19068 -6856 173 25369 END
START 4464 -24 18212 -6629 1007 23676 END
START 5056 -120 18196 -6863 55 22689 END
START 6384 -92 19040 -7124 -1213 22949 END
START 7704 100 19928 -7062 -1253 23333 END
START 8844 452 19648 -6904 -251 23015 END
START 9772 852 19124 -6936 1233 21646 END
START 10128 1388 18972 -6929 2237 19473 END
START 10252 1208 19272 -6499 1621 17218 END
START 11636 956 19872 -5844 -473 16028 END
START 13196 1392 20648 -5575 -1889 15004 END
START 13224 -60 21688 -5560 -385 13542 END
START 14880 1468 20692 -5160 1273 11403 END
START 14580 1024 20380 -5036 2096 8597 END
START 13596 336 20544 -4530 1839 6452 END
START 13272 -228 20452 -3736 457 5153 END
START 13664 -552 20416 -3197 -961 4094 END
START 14376 -1056 20936 -2893 -1703 3133 END
START 15600 -1088 21452 -2572 -916 1622 END
START 16232 -1392 21744 -2219 439 -222 END
START 16684 -1780 21896 -1810 1266 -2232 END
START 16564 -2444 21836 -1017 1449 -4383 END
START 16308 -2788 21588 191 1302 -6559 END
START 16104 -3180 21068 1331 1248 -9031 END
START 15444 -3516 20248 2368 1228 -11629 END
START 14508 -4052 19144 3063 1213 -13686 END
START 13440 -4460 18144 3199 1258 -15164 END
START 12612 -4724 17472 3269 1769 -16163 END
START 11840 -5464 16808 3130 2130 -17023 END
START 11264 -6552 16232 2298 1533 -17641 END
START 10412 -6260 16312 936 933 -18807 END
START 8244 -5176 17352 1928 753 -19960 END
START 6284 -4056 16788 3622 266 -21216 END
START 4656 -2408 15484 4026 -228 -22497 END
START 2660 -1048 15392 2999 413 -23289 END
START 1272 -236 15916 1741 2514 -23310 END
START -856 36 16528 795 5383 -23079 END
START -3220 100 16948 417 7145 -22768 END
START -5980 108 17080 363 6916 -22313 END
START -8160 132 17204 596 5333 -21897 END