START 17476 6148 19944 -305 -930 -4845 END
START 11824 8268 28260 -3 -1719 -4999 END
START 16876 6684 17476 568 -1640 -6049 END
START 16276 6844 18124 1673 -2258 -7492 END
START 15200 7296 18392 2368 -1754 -9235 END
START 14388 7328 18408 2733 -969 -11451 END
START 13212 7264 18652 3161 -135 -13842 END
START 11972 6664 18528 3900 -356 -16120 END
START 10808 6140 18096 4984 -1669 -17878 END
START 9724 5760 18144 6468 -3106 -19494 END
START 8688 5488 17628 7705 -4185 -20840 END
START 7420 5172 16912 8355 -4629 -22048 END
START 6132 4736 16264 8217 -4090 -22876 END
START 4252 4424 15532 7661 -2892 -22907 END
START 2112 4360 14956 6819 -2098 -22365 END
START 400 4204 14424 5955 -1679 -21319 END
START -1316 3972 14092 5098 -1450 -20061 END
START -2604 3888 13608 4222 -1637 -18990 END
START -3876 3664 13424 3745 -2126 -18123 END
START -5012 3700 13232 3815 -3009 -17100 END
START -6080 4336 12932 3858 -3744 -16349 END
START -7388 4856 12356 3401 -4729 -15800 END
START -9300 5592 11988 2315 -6093 -15391 END
START -10312 5376 12068 1604 -6702 -14258 END
START -10428 5396 12648 1340 -5734 -12795 END
START -10476 5384 12788 790 -3852 -11542 END
START -10428 5532 13260 136 -2197 -10387 END
START -10996 5320 13280 23 -1155 -9225 END
START -11284 5344 13540 146 -1111 -7638 END
START -11412 5568 13796 35 -1103 -6136 END
START -11536 5704 13988 -161 -1295 -4675 END
START -11684 6156 14528 -98 -1559 -2920 END
START -11212 6276 15028 433 -1102 -1490 END
START -10884 6556 14640 889 -16 -578 END
START -10812 6548 14004 832 449 249 END
START -10704 6520 13336 280 356 1135 END
START -10648 6252 12928 -623 -349 2140 END
START -10476 6076 13256 -1399 -992 3386 END
START -10264 6044 13536 -1784 -807 4614 END
START -10044 5864 13420 -1817 31 5363 END
START -10032 5456 13132 -1762 1147 5590 END
START -10588 4640 12304 -1906 1563 6118 END
START -11224 3756 11564 -2294 608 7357 END
START -11392 2808 11352 -2743 -830 9240 END
START -11224 2612 11156 -3326 -1685 11434 END
START -10808 2288 11132 -4459 -1844 13659 END
START -10184 1676 11256 -5470 -1613 15902 END
START -9300 1132 11264 -6430 -970 18036 END
START -7848 1272 11460 -7347 511 19864 END
START -7024 308 11340 -8502 1003 21313 END
START -5808 228 11412 -9735 43 22863 END
START -4376 668 12144 -10342 -799 23949 END
START -3276 924 12588 -10391 -1107 24381 END
START -2848 988 12924 -10167 -369 24031 END
START -2444 728 13088 -9957 183 23707 END
START -2052 392 13556 -9977 258 24242 END
START -608 -164 14268 -10520 -328 25852 END
START 1688 -132 14780 -11652 -540 27862 END
START 3352 288 15652 -12999 503 29027 END
START 4340 132 16244 -14031 1884 28818 END
START 4760 404 16856 -14246 3124 27213 END
START 5388 180 18068 -13588 2382 25566 END
START 7100 -36 19264 -12564 -298 25328 END
START 9976 288 20704 -11594 -1963 25122 END
START 12188 388 21364 -10873 -922 23789 END
START 12916 288 21432 -10456 877 21106 END
START 12784 328 22092 -9774 1584 18000 END
START 12848 96 22940 -8271 1023 15878 END
START 15220 1932 22568 -7307 124 15255 END
START 15544 -124 23360 -6488 326 13709 END
START 16336 304 23264 -5702 1248 11699 END
START 16948 320 22916 -5166 2719 9101 END
START 16984 -140 22892 -4804 3854 6611 END
START 17052 -456 22880 -4104 3964 4198 END
START 17164 -808 22716 -3185 3752 1933 END
START 17192 -1304 22292 -2482 3739 -81 END
START 17012 -1812 21884 -1990 3844 -1972 END
START 16608 -2428 21376 -1156 3772 -4166 END
START 16476 -2684 21176 -125 3414 -6500 END
START 16168 -3156 20616 1100 3400 -8958 END
START 15808 -3772 19684 1868 3416 -11117 END
START 15568 -4308 18992 1953 3531 -12849 END
START 15252 -4636 18240 1696 4091 -14107 END
START 14860 -4844 18220 1358 5447 -15157 END
START 14824 -5164 18316 1631 7576 -16861 END
START 14528 -5420 18124 2639 9568 -19177 END
START 14232 -5904 17616 3521 10233 -21503 END
START 14004 -6108 16980 4579 10371 -23886 END
START 13788 -6756 16252 5818 10697 -26557 END
START 12388 -7784 15496 6664 10903 -30007 END
START 8924 -7288 15112 7626 9502 -32768 END
START 4928 -6464 14800 9169 6512 -32768 END
START 1096 -5548 14272 10135 3191 -32768 END
START -2868 -5048 14076 9520 1062 -32768 END
START -6604 -4884 14788 8142 892 -32768 END