START 13464 5416 18904 1721 -4865 -4255 END
START 10496 6920 26704 1722 -5582 -4536 END
START 10588 6820 21156 1585 -4763 -5846 END
START 12720 5824 19452 2137 -3257 -7551 END
START 13448 6136 18620 2992 -2182 -9147 END
START 12912 6080 18744 4031 -1166 -11300 END
START 12172 5840 18008 5282 -225 -13732 END
START 10692 5412 17088 6142 -856 -15867 END
START 9652 5232 16596 6768 -2013 -17341 END
START 9060 5360 16584 7576 -2453 -18334 END
START 8172 5260 16352 8295 -1963 -19527 END
START 6860 5136 15736 9126 -1862 -20934 END
START 5104 4948 14944 10103 -2455 -22546 END
START 3236 4684 14352 10946 -3560 -24074 END
START 1176 4296 13268 11337 -4651 -24893 END
START -804 4288 12632 10809 -5152 -24665 END
START -2940 4464 12036 9347 -4558 -23969 END
START -4752 4476 11756 7441 -3915 -22792 END
START -6620 4508 11664 5727 -2980 -21616 END
START -8412 4100 11608 4507 -3019 -20081 END
START -9656 4492 11908 3802 -3449 -18651 END
START -10668 4740 11788 3181 -4349 -17165 END
START -11564 5068 11948 2707 -5188 -15842 END
START -12136 4968 11940 2013 -5561 -14467 END
START -12692 4764 12408 1218 -5277 -13168 END
START -13696 4636 12480 700 -4708 -11772 END
START -14508 4428 12368 487 -4312 -10029 END
START -15064 4264 12048 214 -4005 -8341 END
START -15648 4204 11700 -464 -3937 -6536 END
START -15868 4132 11860 -1348 -3749 -4419 END
START -15792 3744 11860 -2205 -3398 -2128 END
START -15348 3484 12184 -3283 -2749 217 END
START -14956 3192 12868 -4038 -1873 2449 END
START -14380 3300 12892 -4415 -1036 4515 END
START -13644 3420 12828 -4740 -606 6455 END
START -12880 3352 12680 -5276 -256 8193 END
START -12552 3028 12768 -6066 -91 9937 END
START -12192 2504 12536 -7087 18 11743 END
START -12396 2040 12280 -7943 -162 13736 END
START -12740 1500 11860 -8921 -1004 16457 END
START -12840 740 11600 -10147 -2351 19847 END
START -12544 20 11028 -11409 -3647 23951 END
START -11364 -948 10864 -13636 -4344 27962 END
START -9084 -1380 11856 -16143 -3190 31815 END
START -6212 -1296 12832 -18075 68 32767 END
START -4484 -1168 13744 -19303 3177 32767 END
START -3548 -876 14116 -19642 3728 32767 END
START -2720 -832 14324 -19175 2200 32767 END
START -2072 -1032 14860 -18398 -286 32767 END
START -300 -1304 16148 -17447 -2104 32767 END
START 2408 -864 17452 -16484 -2147 31478 END
START 4188 -300 18860 -15695 -1141 29141 END
START 4872 -88 19320 -14220 -130 26612 END
START 5004 -196 19120 -12721 -340 24419 END
START 5316 -696 19804 -11702 -1191 23112 END
START 6936 -1608 21240 -10755 -2151 22751 END
START 9600 -1496 22936 -9886 -1799 22499 END
START 11808 -1368 23536 -9193 968 20938 END
START 12148 -1204 23308 -8546 3730 18192 END
START 11520 -1320 22916 -7683 4316 15306 END
START 11228 -1564 23040 -6127 2731 13124 END
START 11988 -1900 22860 -4490 493 11386 END
START 13432 -2036 22876 -3675 -379 9754 END
START 14660 -2156 22940 -3413 143 8035 END
START 16744 -1208 22812 -3494 1693 6433 END
START 16372 -2672 22972 -2880 3093 3963 END
START 16296 -3012 22652 -1928 3761 1289 END
START 15912 -3628 22036 -1086 3812 -1507 END
START 15248 -4232 21308 32 2740 -3701 END
START 14860 -4668 20960 910 1404 -5547 END
START 14832 -4876 19936 1645 571 -7776 END
START 14680 -5172 19388 1800 306 -10213 END
START 14424 -5308 18852 1939 1075 -12471 END
START 13820 -6008 18188 2025 2350 -14386 END
START 13236 -6628 17720 1729 3422 -16042 END
START 12332 -6896 16876 1456 4160 -17519 END
START 10816 -6816 16508 1429 4922 -18935 END
START 9580 -6560 15616 1550 5071 -20165 END
START 8640 -6156 15084 1605 4497 -21335 END
START 8048 -5812 14884 1666 3652 -22597 END
START 7564 -5392 14832 1539 3377 -24074 END
START 6512 -4632 14984 1208 3852 -25903 END
START 5000 -4212 15340 1181 4771 -27878 END
START 3080 -4044 15600 1416 5496 -29878 END
START 832 -4144 15752 1745 5966 -31381 END